113520	139821
117016	144730
122899	156293
114392	154476
112898	158302
117426	141329
116799	158825
137821	185260
116091	152928
123164	163581
113931	149323
120361	164289
122778	156422
137331	161514
123482	176591
131435	161412
122940	154925
121670	146251
121911	136836
112974	146689
119619	151870
130295	196306
123582	148423
129072	143060
125413	179109
121444	150477
120590	159473
137617	153490
119229	141788
120430	148590
120019	144215
132898	151049
122406	162395
136388	140357
127918	180129
118425	161416
118265	150573
121749	162281
133457	158222
123754	149188
125422	163930
116137	163140
133597	158124
132493	151705
108827	153330
136846	163534
115846	145717
124640	169814
135330	151149
138031	165241
108089	153049
152252	206596
123793	194063
118451	155776
122377	153792
127076	157008
119065	165448
124361	162858
122972	141310
120950	139907
129918	166331
121492	152405
124872	160490
122456	160500
110411	142389
121270	172722
106679	138959
114154	142022
132290	173070
120548	169757
129440	171937
118677	145221
111849	145736
113669	147252
116470	160155
119523	190815
122016	166415
131793	148582
125121	163173
131731	192439
136940	180507
135494	162011
131756	162208
111105	138589
129326	151988
126861	147816
117503	155288
107647	143372
120970	155716
111341	141585
127032	167653
118530	159793
127610	158473
114708	140011
114184	135240
130673	151122
116321	161289
115873	158246
108942	146883
131471	153206
141710	164091
121287	170114
121257	161743
125694	183572
116444	146305
128828	176179
126441	164452
128235	157159
125897	177401
128313	139061
107119	129066
124692	172068
128392	152925
132775	156773
126320	165928
126545	139240
125437	141003
132783	146981
134568	163554
132458	206510
125363	161299
132331	163904
118586	142375
126251	160037
151351	170736
113231	158579
130112	166186
123732	156632
124966	143524
112375	160290
146008	158199
130203	156912
132901	178350
126870	135681
136062	180822
116963	147182
134582	190901
115508	155445
112647	155522
153067	173565
128484	153024
123588	164342
117969	152708
123139	151734
125234	178048
130704	169616
139525	165731
116607	181606
130414	134794
114851	151755
119765	142304
117275	135696
135620	182103
127445	149880
126100	149461
124612	153391
121816	166154
135430	166246
134441	153733
108773	155985
125879	169800
132344	146598
124922	145974
133232	187266
118706	167468
130241	156035
118854	165032
116322	144292
121494	162659
118199	176531
120541	150773
119279	156382
128881	167283
149323	169797
127412	159935
118367	166190
121741	156868
126664	161026
114736	147861
123227	152475
117492	140804
129705	141874
114661	157219
125833	166630
121684	161909
111008	148574
111939	150299
115247	154676
135685	174417
147891	191284
123386	148707
133458	165362
129793	157802
127236	178420
125175	156216
143007	147050
105836	146573
122685	157661
119314	166410
117522	160519
120491	158140
114170	152010
125820	159857
137560	173215
111345	145286
139222	142681
114569	173869
129480	151588
118980	163267
123699	171941
118651	150635
110451	127154
124903	143288
110894	136005
117483	124470
114650	159447
116628	154307
129768	168222
131212	173471
115218	139616
113199	163946
125992	159343
117467	138024
112262	148280
116896	152214
133480	157865
135077	147791
127570	174169
112098	176374
127381	151314
118550	174400
120779	145696
127198	131380
130048	146991
118751	168051
125836	143041
118779	152031
139789	160645
136899	158052
128658	154080
123468	166024
121760	169027
130166	145810
116696	186766
131636	154001
123363	160450
130392	152909
132129	158417
113511	144473
111632	164409
126917	152716
119126	139623
129861	166067
138893	183549
128124	132741
129542	144374
117158	138578
122462	175052
117810	132810
147459	171186
120288	163450
137530	148030
125106	160989
110415	159914
119759	168144
124400	136117
119073	153659
139938	159275
112464	149566
122091	149103
122546	147283
126505	175791
115604	145026
137955	179980
139286	165776
125727	173257
127525	156816
122439	146210
126765	160973
112666	147680
129709	177124
113406	127349
118011	150609
124007	178545
128070	152212
158481	163136
129361	152608
126303	164380
135144	167886
133000	163278
126048	129158
121063	149701
112454	151593
115808	160959
115847	167609
114656	144763
132843	148607
119948	160527
121838	159896
132980	159037
129189	162849
129536	161458
124503	180483
134139	164374
111459	153744
125514	155500
117259	154987
134664	150605
133319	188017
129295	161283
117670	160349
120354	144290
128463	165419
134366	165638
122411	137688
113456	156885
117115	136187
110772	149697
127030	192349
125494	170217
103130	155841
124148	160737
126557	168369
112475	144606
121630	155837
119050	168076
114015	156800
118949	115255
123277	151781
113150	168172
120322	189803
112447	164553
110215	130988
127468	195654
123808	143249
115712	186469
130615	166422
124394	153045
114006	159151
114885	150465
123741	159891
127056	157345
123244	155790
128568	155718
112056	151813
115209	154620
107958	160019
116895	150290
132855	161396
124380	166088
123596	153682
112992	141271
123564	161396
123766	163244
125743	172899
139660	150163
128646	157621
128744	168455
133449	146607
118469	154227
127330	149349
123635	169032
116669	196499
128014	162478
125516	185536
119042	145169
131851	158519
139441	189294
124781	145913
114254	156554
130930	160997
121456	176985
143104	169015
128066	152251
129629	141541
135668	168231
120747	139927
129889	149002
118778	137326
122450	143072
123185	141107
126836	172159
112855	133902
113694	129315
127982	148502
128269	167270
119274	151362
121726	140791
121638	151586
120686	155849
116946	170242
111005	140556
117398	138725
140549	176856
125138	156552
112037	149543
132365	163743
128161	162178
136254	147786
120634	147430
129920	165507
138588	143863
110675	144674
104397	163216
127786	156463
110844	128986
122723	153158
127452	142968
123333	137610
117797	143812
121382	156465
107532	138621
111102	151477
135060	155442
124702	142526
127187	160101
137127	152975
133461	154086
137242	175807
115215	161587
111930	150961
111059	153997
146714	164767
131478	157999
133493	158747
129037	152564
121790	162753
120390	155685
124145	173945
120105	173135
121145	180342
117247	136070
122085	154755
132306	178231
114007	146920
137762	169760
118435	181690
130873	142731
109907	140297
120040	141938
140235	159607
132804	158460
131719	151146
120925	155744
128829	155691
131304	164720
112628	164723
120078	190583
126112	207185
124524	152214
118989	146557
117679	158496
124567	149092
113566	162731
123438	152042
140372	161361
137968	140914
116821	143170
124457	166700
123782	139928
112349	150836
112084	139120
137177	186591
135483	160477
124253	164007
131515	168389
111108	165439
139029	188375
126944	181314
123884	152972
116824	148944
125556	160361
118047	162641
113333	149792
114807	166257
131912	161188
126267	145280
143291	153678
138643	173908
118119	166483
125074	153791
122441	172383
131440	162465
122958	147176
113943	159621
114226	132885
117659	156505
130003	167380
125352	150953
117830	151429
122237	167641
126035	157104
110355	138782
128228	158846
115797	157865
119619	164229
133736	167485
113923	158676
129703	159686
122444	149687
