246403	303593
252557	310388
248390	312093
263031	315686
246667	340596
238491	311039
251041	321418
257034	345701
247428	307769
247323	322875
241680	327493
256935	309761
246101	312096
251071	321201
239308	313476
253298	298716
245518	330569
255275	315360
251918	323702
236026	298384
244391	306370
246981	315739
255916	304888
257363	308492
254313	340801
256177	315343
249945	330626
257806	323673
245993	315315
251630	316814
228471	299896
248293	316450
245379	334871
252789	304773
245022	306161
252198	319629
241714	312187
248926	325209
249098	296765
240076	312967
253538	320390
249710	318014
254046	337255
250127	330838
253408	326074
256182	329085
243969	320078
242831	328188
253973	312592
254686	322128
250708	324481
254282	316095
235330	332709
251141	312508
254902	321526
259985	322409
245432	314709
245136	306294
242696	318030
239322	308100
249923	333367
239693	327701
249958	324102
250116	322571
252714	325282
245609	328081
245638	314367
246348	308384
247423	326528
246619	312352
263430	344913
254837	318004
243348	313275
247106	299285
248694	326489
254386	328111
249922	317031
256728	336459
249044	322388
265391	308871
248513	327172
249075	318215
244994	319000
235948	317711
249932	333902
251031	315171
237805	319362
243170	311786
238613	295871
245317	314459
242920	312984
240233	318398
251238	298116
240416	324341
250317	310477
249352	321948
245328	294757
247010	322523
238118	319908
254067	326485
250585	316861
249238	336254
241550	306523
247051	322815
235106	301142
251279	338840
240366	317323
245894	323634
253807	318834
245212	311142
252328	306851
251841	328922
249524	325781
250286	329518
247880	338259
250228	334366
244720	320198
257511	317049
252545	330893
236978	354961
245407	328423
251287	323819
248174	301965
254631	328333
247025	301516
254591	316625
244906	323652
254696	313110
260987	311155
243895	326835
250748	295304
245576	328821
252502	324714
248086	322291
238563	299785
249215	321768
250025	318773
249249	327886
244608	325282
239665	321179
249012	306565
241557	314511
239202	314500
253553	322956
247401	329008
251361	309949
254456	335650
247017	350823
248713	312867
250647	317168
243176	304394
238392	304748
265301	330399
246933	305820
249449	317458
247566	303442
255178	329823
252176	301393
259005	319965
243742	312671
249306	306623
252416	327118
254296	327505
246496	326351
250950	324093
247829	325296
246812	311033
231779	320325
232213	340154
237341	309716
247262	325277
242494	306403
247338	304635
242051	314521
253644	319648
251700	306913
243448	326642
257414	332109
237861	315987
248180	315952
243281	297305
247431	291160
241299	308489
252265	322967
253674	310945
239466	307109
242290	317197
243863	316160
251278	299372
245728	331554
254275	319243
255561	314596
257833	316535
250429	343983
247750	315496
257002	301780
228628	318714
237389	308934
243356	315694
249783	314364
246461	325185
237400	314664
246088	335442
261261	332966
249771	313150
254420	325196
244357	325258
245138	311543
253049	339554
241338	336938
243573	314470
251790	305856
248873	324166
240577	329659
245554	299828
235803	327389
252412	298861
251603	316259
258427	304446
248485	317501
247210	332851
246336	314961
245326	308009
242018	319923
239411	300980
250530	290420
259677	309475
248805	333936
239587	326077
243512	310712
257994	323738
237377	314460
240539	317616
248588	319523
238546	318134
251928	315934
255356	309665
239882	311451
253526	316316
242571	308485
252825	333045
243799	308360
244256	316757
247228	342642
252949	304919
239919	314291
248636	297791
257944	317261
250269	289338
250267	320854
252976	317181
243454	305706
252689	308302
258909	316045
246927	288812
240239	303287
250267	322008
249757	296959
236932	315871
247190	308354
245105	328672
261717	312977
245604	314774
251883	326413
241396	335307
248192	314397
255163	314949
260581	354704
246345	305674
251783	318386
240984	322459
242111	281302
250500	296316
251068	329820
245153	328656
250790	320621
246146	301341
255107	304167
250731	344160
240363	313004
242114	330587
240401	299468
246626	305674
249833	333088
253214	322392
260710	327990
235370	301339
250828	318576
257240	339991
257655	326414
247498	316497
258393	316914
244969	324862
261226	330428
239541	338183
253862	334897
256444	319097
252721	335108
245351	302448
255064	333393
252443	310914
251441	331237
249396	336050
253224	325215
241587	321416
248506	325278
248968	312194
248556	300631
246534	331482
248144	305528
247226	325096
249050	301055
253198	323014
248141	316980
248054	287672
236282	309834
243319	325527
235388	304840
251165	320791
258579	313484
241812	321749
246361	322809
247783	319806
255997	316271
243137	314270
246610	312768
254636	296396
237873	308399
250758	337219
235085	318711
250791	316035
251789	325756
237804	317929
242294	329409
257074	325539
230768	339141
253565	315680
251332	312535
246736	323689
242263	324427
246421	327943
254006	317282
250474	305977
251865	308845
241890	322776
243771	309845
239867	335464
237459	316710
251421	302930
246683	307611
252116	310079
251247	320477
241770	319976
244520	330289
244870	316211
259196	332259
250946	332161
257456	306941
244143	312231
245408	314876
244916	342065
253137	332485
246277	324310
248573	317472
246156	362165
237866	329165
252061	313040
256603	336253
248032	308942
250886	314871
253501	323887
249088	334054
254437	323755
240161	317338
254112	301554
255018	321438
245045	321812
248530	311878
248629	316832
257926	314261
257350	317434
251583	324098
253731	296601
241326	302171
242099	291202
249374	313523
252280	335355
250514	297915
244068	316710
252054	304529
252952	315095
254974	334783
251303	317705
257355	323075
247569	317417
256541	292614
247067	317693
249748	322473
244740	308648
244700	330612
245471	325817
261088	306349
252344	313216
242923	355541
255335	312452
250794	291709
237386	312933
248241	303864
257733	303688
249188	302813
247856	301495
242765	321476
241011	323140
250339	317462
248414	311758
260128	289695
259059	301082
248809	323125
243070	334454
242913	306038
244855	306476
229921	303519
248018	314611
244868	329446
257034	318052
247313	303732
245551	318920
241449	314082
259044	318119
246811	331777
251867	322741
242295	319326
249345	323861
250366	339000
240325	302531
253546	320243
235590	322113
252695	303677
249242	309047
263741	314397
257324	305720
249840	303504
266234	316716
252885	326651
252446	311264
251321	318130
240207	308725
242421	318363
257105	324579
239745	313939
244204	308483
234640	311121
243124	328454
239466	314964
245246	301225
260657	331298
256410	314266
237246	314243
249069	316790
245440	320844
235312	317500
249105	304839
245138	320598
252680	309974
255230	321977
261470	308182
244367	320436
247869	332459
243662	328050
244045	319269
256662	326056
257750	344579
248268	324584
241809	301128
250457	303816
255225	293607
255892	321641
255790	339426
249390	328197
252039	340030
253248	327987
257999	319053
241497	334899
240115	302960
246389	311807
243287	296483
244703	312652
242891	323744
251680	321976
249101	299532
248639	329188
252605	320431
236523	314727
248020	307078
245461	303983
242320	337805
247268	303031
240898	338726
255664	311711
242781	312401
