142074	169434
141241	174560
136172	176676
142588	176890
136026	189529
134324	164936
153411	191222
159320	214594
146016	177492
153135	193097
148051	187811
143215	190339
148938	184468
153030	187671
140721	198350
153559	166532
149591	198730
146445	181287
142178	183742
134431	178200
140058	160816
151063	200662
150435	184001
150097	174211
151943	205334
143284	174215
146360	193916
158299	191355
148274	172368
145287	194406
138318	163330
144585	178318
143103	192503
151515	175629
152615	199501
150510	204466
131346	184880
145020	199669
150580	175980
148161	177063
148234	208545
143473	189336
154589	205786
160740	203605
142318	186248
154956	196316
138213	173818
146981	191807
157700	191592
155570	191172
135778	198515
177563	235124
144201	202127
146212	184874
149897	187582
150758	190680
140857	188827
142003	185387
144759	174683
140658	179931
148902	189551
141039	180720
151925	180557
147597	184228
136563	176915
148232	198878
142739	170966
145913	183777
154885	191843
146868	194736
151368	190136
146090	199946
141799	182007
143330	174082
138619	178312
150206	205143
150293	188538
157615	193854
145982	186639
154785	206509
153673	200998
152302	186159
151761	186710
133899	182589
146213	197049
153379	181095
140494	182729
129431	171855
144885	182964
143085	171196
155127	191833
140180	195142
149840	181095
136393	185954
138388	175940
147953	175975
145818	171531
141780	178022
136447	186340
158827	186281
160464	190309
144115	196755
152045	193454
148213	192641
132483	175290
158049	212378
148663	182487
146090	191195
158025	198347
144799	185481
147176	165293
149852	208547
147782	175159
155313	190883
143447	205921
148934	177384
141613	169484
153841	186647
155715	208455
151313	233669
148903	198831
153244	190511
142567	177878
144588	183784
164558	203538
137262	180756
151757	195437
148917	178015
161924	188360
139487	199334
166294	173675
151510	187253
147206	196809
144854	175703
149374	184935
145772	202421
155916	210278
143655	190904
138514	195316
162457	195597
151106	176597
150899	190995
142528	174004
150109	194829
149431	204984
154213	200732
162312	199873
143176	214752
153159	175799
151902	191533
143847	170684
141928	166942
161263	212705
148385	174823
152005	189584
153271	191109
143973	194628
155610	179057
161045	179628
132273	183476
152720	199508
152695	185492
147754	191233
154168	225047
147946	183410
155650	192367
141429	192997
133335	179818
134669	194058
146076	200226
146266	186495
144224	179471
152092	199783
152015	186822
146281	196572
147813	182848
144108	189561
154295	193786
139315	178033
145880	180809
139302	175539
149436	163780
139164	182402
150797	193890
147561	189919
140147	182643
138350	175345
140827	183178
159517	193127
161189	210451
150834	183249
149278	188879
151028	187819
150053	218617
158870	207729
157042	165777
131739	175552
141717	190976
149476	186205
143272	184503
148434	198477
132436	187017
143796	190333
160157	196101
139614	169514
153386	180279
142415	200343
149419	179367
148560	215872
142266	209060
141456	181397
139258	162621
145193	181224
132439	183295
144165	160687
138983	196055
140516	182982
147787	204856
150458	189767
150229	190388
145289	197227
156760	198268
142573	171820
134941	177537
140186	173103
153375	184549
162423	186027
151781	201135
136574	211016
151009	186243
146058	199420
142894	177780
142646	171222
159240	189136
138872	189072
145359	182294
152299	183897
151513	178551
162668	185453
152151	195563
148850	194791
142100	177576
151603	169606
141709	220207
155741	176428
145833	193231
148908	166162
158695	170973
146820	181290
140571	200532
148674	181653
145715	173828
152865	193678
156636	212847
150682	165296
149137	166445
142315	193652
148108	190080
132921	181298
159368	198824
151351	205636
163432	187352
147631	187757
143542	191072
148201	212420
148349	180218
152392	186866
161488	204669
133152	171350
145906	176768
138928	181928
148698	188518
144383	166563
158862	209840
154062	200671
151998	197001
149597	182292
149102	189619
143656	182396
139569	183348
148162	216996
136506	159285
146050	189394
149533	205507
159532	179522
164604	188407
144936	181051
151250	188441
156015	191942
159229	184743
152416	167410
153601	163763
139570	188515
143341	189715
137972	196692
148921	186193
159494	181966
146931	206584
145755	180603
157023	183438
157861	201710
157199	198816
144208	204322
157441	200019
139249	178964
148201	196507
140107	184638
149583	181511
144855	211104
149544	190856
142513	200242
147632	169894
151404	184274
153507	196578
146781	176108
137197	177198
142848	180190
128318	181754
149257	189928
150932	197235
134474	196329
146988	186764
156527	191798
149162	194396
141194	181077
145945	194887
139965	163211
137169	172001
151078	203040
139847	194393
149189	196419
139875	186573
136997	169612
147929	227309
153208	184154
138813	220930
145679	188313
145438	167975
143442	198979
138932	187182
154124	192064
155874	193758
144120	166025
150786	168198
137391	173997
136493	177905
130341	189007
137550	193938
153806	171181
147016	194308
145949	168293
145637	177131
152439	190293
145781	198781
146902	194458
173453	192918
150489	178994
144549	176896
152463	177187
140698	169684
155128	200369
149397	206691
143654	221064
146087	184012
141463	217365
141562	194086
155375	196373
158370	195115
156019	187028
141710	190902
159776	189361
144684	204645
166402	204312
142241	194433
154504	173550
160906	194231
146248	182910
150310	181531
146895	176941
154905	171423
144978	183498
148417	207106
142993	173327
144131	169188
142687	172346
149941	192754
145110	192423
150833	175846
139482	188494
143364	173870
152880	194090
148172	184788
143985	184562
159728	207986
151469	179046
145631	176347
163662	198344
151255	196418
153119	180228
147469	177235
146037	200779
159529	184688
141162	186332
131196	207091
154650	170683
141342	167490
138177	178314
142179	174606
151689	181015
143426	176675
146698	189999
137831	183985
141566	189057
156590	192077
150439	174822
148371	172647
157053	182273
155154	193766
152301	196790
144246	182629
145143	181360
135184	185432
159085	202298
143686	186399
159775	174610
150141	176262
140816	199791
141867	186418
156962	191108
142478	198943
143857	195296
142263	182994
145840	193336
158428	206552
143382	180515
156678	208562
136715	193690
153128	177302
143431	180330
151934	189666
167763	184977
151579	189140
157481	188310
153688	192990
145096	180351
151705	189945
140331	191267
151010	211729
150695	219249
144539	184427
144876	182640
137955	183570
142559	201027
138707	190457
142796	188478
164568	196535
158132	183422
136351	177229
148544	191369
148723	197083
136979	173091
134891	177976
159674	200004
153726	171967
155516	188867
155791	191510
139514	179257
152112	202055
149450	209418
142802	175432
142748	182796
158237	196813
147084	194678
135552	171213
143165	184217
156025	183097
151798	198817
165341	204098
154557	199256
143658	206752
155339	195230
148764	208100
141531	195494
146511	177722
139246	184129
137785	153964
141158	185100
151512	188259
154049	183613
149850	178254
145730	196085
155005	195417
129293	180400
151955	176263
143485	179656
140312	215139
155091	198848
136750	196481
155050	190612
139110	180177
