81175	101631
87392	105308
82671	107558
86127	108332
78835	115644
83270	103011
85050	112170
105225	144937
83719	107066
92361	123236
86498	110797
87047	104715
86593	116923
93848	104637
86344	119407
90599	105506
92726	122304
88130	104117
87932	102868
79527	99256
86402	106731
86707	109323
89906	102645
96564	107481
88070	125695
83415	106871
90000	118574
98454	106085
86217	100416
92506	105219
88249	108012
92190	113613
85590	118944
104862	99873
90059	130129
88468	121822
81277	103294
93440	110768
93203	105472
86749	108668
89807	116613
87131	122943
93430	114536
91096	101834
80500	116272
99016	118779
85952	104348
90445	119148
96983	105189
100672	117044
82351	111784
114051	154519
84908	133047
84216	110126
92940	110829
88443	107649
88297	120661
85804	111876
84810	101499
86384	106022
93707	122979
90452	105949
91552	107445
91259	117079
81782	107630
93082	128005
77268	99191
86525	105386
96102	115795
84779	121280
92973	118326
85558	112174
84832	98633
83604	111079
84861	110503
89121	136453
89293	110598
96932	107760
89906	112077
91341	123528
92011	120285
94530	111900
98049	120331
77654	107515
97182	113322
87998	103717
84875	112964
80277	105396
90791	108452
85776	100624
93518	120415
87311	110810
95404	112584
85730	107498
82247	94306
90993	108077
84819	101227
81065	113859
81963	107017
96625	117254
97825	120553
86302	126830
88042	112662
91731	128331
79998	102983
91649	117828
85527	107874
92604	112829
89817	123660
90493	104681
84229	97120
90913	119050
89178	109771
92353	117666
89097	123488
92081	96977
93087	110313
95492	104300
87959	110155
84267	147990
85628	111602
98099	122640
85648	105566
93207	120238
93437	119050
80974	117544
91232	114126
95599	110053
89896	100926
82699	124264
99306	108906
95850	109039
92523	125205
85951	98621
93076	112959
89851	116161
97654	123689
87776	120175
88077	110919
89147	113287
94470	118342
90256	114554
90654	109497
85674	111241
97151	132413
95029	124022
104536	123883
89340	128622
95054	105711
80682	112341
91154	106301
83651	100609
97732	120392
90769	113010
94112	115429
92342	110081
90200	122144
100962	121766
96401	104977
77523	104353
91905	115708
94439	111330
90011	109845
91939	139393
83435	113690
93585	116942
87143	126525
80656	106936
90550	126009
83168	133473
87161	107347
87695	109227
92299	129596
105943	121234
90774	113825
83336	115669
92583	111270
93915	119128
86193	114365
86230	110903
87811	104159
96804	103918
83252	117429
89880	124747
87782	118030
81990	97183
82699	113846
85165	111555
83604	109610
106577	146857
90138	107990
92789	120657
91300	115416
93460	135959
83171	110200
96645	98806
76444	102950
86859	110693
88965	117616
88567	121632
88022	121456
82670	111151
93496	121348
99069	123858
81669	107365
97377	107503
81373	118719
92204	110196
92649	127619
91099	127582
87150	108172
81949	92452
91759	103209
81451	95982
87408	88658
85999	118879
88665	114625
91019	112973
89455	120698
84827	110423
87197	121319
94462	124976
86110	96938
80866	108495
78238	107055
96343	111937
102862	105338
94010	126234
77349	133009
91603	103766
88241	119223
92308	106321
92323	96140
95396	110380
81549	119789
90576	104510
90975	108072
99850	119641
102380	116769
85398	102985
90708	120934
79850	120456
94510	106541
87105	135164
94996	112446
83577	113739
92787	103081
103720	111127
87741	107069
81147	114062
95307	108348
86932	101564
96011	117695
98342	132224
89941	95257
89884	97215
87652	102002
83872	119521
82982	103823
103187	118386
86308	113104
97484	106004
87546	111679
82656	119380
87052	128658
93462	102925
84696	111428
99871	117037
81670	101003
88329	110911
82706	97245
90437	123190
87426	106569
99345	128163
91114	114611
90666	115320
89534	102345
92298	107868
92757	110660
80920	109160
92995	137895
75139	90409
83592	109126
92009	132489
96598	105193
115675	118371
96816	116908
92990	122199
96547	122955
105679	126528
88272	98377
88474	105968
80585	109475
87089	117860
86769	129006
85887	114955
97854	107701
87395	129002
88211	113912
97305	107772
85628	109367
93921	115853
86921	132416
100087	121805
80256	102365
91983	122448
86203	115567
93142	105441
91910	126091
93556	113529
87735	123354
90574	100981
91621	113590
96600	122216
84156	94947
82606	104198
85904	107731
75960	104108
86054	126498
92782	121867
77862	117562
89681	111401
89185	120140
83134	110130
87284	111557
88934	118658
81098	101849
85951	88907
95822	123015
81260	120418
89351	128640
86774	121543
75888	96012
86601	136313
97087	108794
83541	136140
88868	110047
91273	114164
82295	118053
78246	117098
93265	119568
95330	111750
88465	108609
86053	102572
78278	115411
79705	113461
79447	122431
82444	109758
91357	101152
90227	118660
88755	109301
87594	106179
90931	111716
88856	130011
94598	129981
98797	110267
93119	102861
92894	112193
93268	99370
87253	99595
89942	115866
88366	119526
83168	143310
92152	114737
85217	138905
84054	109344
95191	112652
98400	124343
85029	100078
82954	108916
95548	121027
84782	128446
101487	104266
88461	116171
96250	106368
95591	117326
85639	111747
91983	107398
89433	107741
89363	100275
92490	109193
94200	129603
85705	97433
88665	105590
87707	102326
94748	122495
86523	113533
91167	97732
89286	120007
86415	109301
86841	125031
82889	113150
85925	110744
90806	111291
81128	113775
82300	107378
96718	110919
96161	112150
94690	101308
91992	102625
92124	126222
106319	115083
82705	106133
74621	132457
90235	100151
81961	87615
83924	102982
89642	105071
92969	100908
85280	106050
85897	114932
78775	105025
79807	112041
102057	120733
92346	103231
91956	117065
91595	107732
96187	111265
92711	131143
81788	112454
81419	109815
72872	100724
104082	126872
91536	107888
99697	106415
92613	103669
85730	119542
86371	109971
88754	120166
89799	131879
88341	127395
85245	106509
88216	114560
93369	134779
86693	106821
106974	125692
83397	122853
89073	98320
81749	105843
89292	107908
109277	111869
99031	112206
101895	120605
90707	115517
89970	108677
91340	115530
86278	126378
85141	129864
87035	128214
86509	109574
89810	102299
82642	114412
88597	108191
82095	120175
87187	113849
102699	116573
100494	105308
85341	110099
85327	120047
91389	106412
82452	106282
81914	107083
101930	134637
99820	111268
92479	119548
95122	122386
82529	109959
99261	128744
88291	128388
82676	101934
84631	112028
96845	130732
88297	122477
81294	111832
83107	112609
88786	102638
91898	110671
93562	109180
97145	132717
84162	117509
95885	116929
92007	131061
89244	120279
90979	105103
82090	108875
83057	100531
84798	119807
93572	126184
92504	104178
89996	110288
85966	108598
91981	111686
78472	99735
89890	110557
84155	113207
88801	124771
94570	116577
85083	113231
95614	117317
89181	110504
