134264	170444
143648	173949
142193	172657
144753	171387
142857	193962
136557	176163
145495	183830
143707	177027
132343	165154
131170	160670
133161	178411
141963	168376
133151	196260
129465	168993
131471	168003
144646	180356
135420	173752
143503	169611
134580	189109
134885	159176
134830	169375
137719	194176
128031	153137
129184	176691
140270	182424
151825	179865
137226	190434
146032	149793
136887	171643
134398	163998
132370	175593
140792	180253
140587	176361
134641	194734
133748	165183
146016	165999
138247	181867
133378	180062
141379	171125
122985	177024
140927	161479
139006	165021
142133	172668
134926	178163
137631	182162
139170	173852
131677	182020
146726	182025
138847	168300
138213	171550
151990	164981
138152	174418
124208	171659
132217	179083
147684	196694
147426	181644
151378	179396
135517	168035
135789	172890
137292	171363
148685	191605
137730	179181
132160	201322
139447	197379
140567	176336
135675	173334
132312	171781
138163	173015
132983	192776
139486	187397
142606	173705
142827	157139
128369	174492
132770	174225
144391	177465
140453	179847
131084	186087
148219	187342
136698	159453
152808	179342
140388	174581
139771	180957
138660	164386
138415	166840
140061	179610
140879	167822
138492	188301
144051	179407
137707	165386
134535	171227
129053	167011
138238	168408
140052	156363
139215	178369
141921	177981
140065	196061
143627	164257
136608	197620
135139	180388
145148	168358
132214	186057
142619	183164
139759	187699
141667	181073
131649	158858
142384	173105
140742	191334
139179	178341
129686	200106
137203	177899
134718	178778
144858	173732
138078	193001
135875	177980
131967	200399
132155	190305
142973	189793
149483	186728
146990	175411
151709	192670
135346	162970
135205	188341
139925	185002
135370	183873
141649	191734
145352	168021
146090	192223
134009	178438
132477	175936
132602	175072
135368	173858
128191	181158
144202	181143
144887	208113
131282	158975
137617	170162
135463	178387
140036	182618
139990	170452
147902	185303
130767	164947
137136	163054
128812	179992
132823	174224
137768	190857
137593	172822
139005	159314
146321	206553
136306	176329
135847	172997
131774	167397
139445	191334
147112	173811
138929	168361
137447	188980
137875	172464
145825	178465
144999	164724
143370	181805
139418	172816
132432	167576
146668	179920
143719	188539
137757	182908
137621	161193
141245	178872
144510	169125
127933	174596
136905	178387
132508	179512
124717	199874
138314	168764
138048	158044
143076	170954
144305	174311
137425	180328
140452	181103
142876	180496
127071	171434
138322	178288
140130	184943
144572	186156
139101	166506
129526	176011
140185	172046
137418	168297
130406	183326
135118	180340
147435	167388
133461	175713
137863	171842
140155	161549
150450	165254
140086	173167
142924	163247
139740	193633
130230	164558
138830	168030
132316	202703
139279	182806
136682	172126
134013	186991
142822	176110
149501	181674
150397	197410
147157	185695
141412	210436
134759	169766
132387	168144
145190	162179
140426	175288
141703	187077
137171	187055
139677	161269
131172	194647
135753	174864
149867	170395
140886	181229
143412	167980
138232	170327
130643	174817
142571	173392
136814	170352
130312	164632
133709	169748
142547	180788
136161	166897
144295	170962
145435	165233
125424	172598
142235	171084
129637	179897
136219	172081
128918	175358
139915	161724
144619	174978
140680	181739
136549	172151
134325	189621
133493	174874
132265	175402
139490	177697
133676	182877
141746	188038
136096	177869
139788	186069
139174	176818
135221	184300
138511	163686
143352	174332
141751	189452
129110	183460
138078	169297
146435	161603
133552	188981
133606	188385
144394	168650
140553	183922
138447	166204
144265	179851
137588	170718
138318	173721
140645	173924
141867	175440
131843	169962
133917	181865
141004	172189
138984	174641
144664	176033
142566	164032
137698	184433
132820	166800
142450	164414
138807	170100
137590	169535
127071	162281
145287	175572
145431	172954
144908	177438
136265	157025
143986	159164
137131	186661
135332	182275
128809	178819
142487	197163
146492	171209
140109	172525
140527	181685
141126	194009
136401	174686
135248	191197
140539	188650
134375	181509
151202	192681
130002	171429
126943	170412
135399	181104
143309	174046
138068	182935
136982	193006
144106	169286
142904	175705
138165	188838
138295	165744
141046	199833
152595	172785
138791	187099
132153	180687
141542	193123
142357	163562
140903	171302
127057	181720
133818	160166
141716	175768
136679	163001
141796	179775
142969	176678
139155	169465
136074	170604
142897	175790
132742	166728
140688	181271
129732	162043
138847	191004
136220	181943
141749	165997
141684	199084
138662	190912
136146	169488
138166	165833
138634	153493
134055	184366
134324	184205
142141	155550
132631	172791
136149	179577
149507	176098
139380	200792
143399	189181
136219	174152
141160	192528
139926	182924
142189	180429
142404	175669
147961	182792
137145	163999
137923	177921
134981	197734
133016	168512
129910	149123
140736	197627
146199	182564
140922	180113
134941	165182
142588	178774
136924	180122
129241	175432
140300	183064
135812	185206
141858	206959
128917	168282
141450	174486
143453	162302
136796	171421
146403	208749
141727	170402
150615	196857
133374	203344
137274	181127
136118	182956
135924	185682
142260	187727
139767	170031
133694	167038
145247	180591
135149	179373
129025	182337
131786	174121
127176	184974
135077	179659
135210	180995
140398	170075
141468	187774
136054	187183
136379	177812
133326	201358
147370	199810
128368	162022
134299	177304
141278	181331
136969	165182
128971	178570
136196	166657
141632	173872
138386	174249
133385	156931
142206	188748
132047	183104
132996	185303
132241	179267
136764	166350
144900	175681
143561	169390
137643	187346
139308	168960
137094	182464
146321	182571
134725	171869
133882	165144
127919	174407
143515	180350
140952	165767
137436	185237
128373	168876
135022	178499
138173	174380
137931	175042
135278	189841
139201	178839
137954	175027
134528	178963
139967	179813
131749	166881
136972	189662
146891	209389
144589	168151
143632	167562
139758	164426
138567	157106
146121	183313
145502	171759
129199	167860
145676	181411
127943	174242
135882	168391
137765	164005
131887	179024
136031	195199
131738	161300
148413	162419
132605	167512
133948	175925
148936	168694
131339	169048
145719	168486
144671	182029
139059	162219
123973	174337
146434	200704
137009	180704
130407	158092
144345	167261
144503	175679
134175	177497
141017	159633
139262	180006
137485	170370
136627	181157
138440	159590
141452	167775
144623	203883
141933	163104
136883	181405
145067	185116
134733	181047
136541	157798
131772	178577
140677	205332
131713	172050
130925	171151
141079	185411
132514	179940
131183	172412
132065	175354
135065	174374
142265	183056
133332	184742
138655	196280
143356	172844
136373	181786
128061	182214
140462	150999
137814	172598
134731	181750
155231	182399
141688	179912
143777	175380
146531	173835
139122	190084
140029	177892
144537	171111
137375	168241
135352	165319
139155	170602
138059	182043
132376	169410
135034	165387
126776	175939
141648	166703
146457	183933
