143619	195543
140887	184863
135939	174909
135476	184034
147510	181416
141000	196589
146035	173579
147934	175499
144723	183717
149446	198002
147686	179675
144173	180481
141384	176854
146630	192720
154145	181407
150010	215055
149909	179796
143796	173500
149888	189070
153099	183668
148189	170821
139555	184342
144194	194617
148258	190595
148295	180540
142719	178661
147327	201412
142152	187449
148141	183970
139721	202388
167239	188053
148755	190821
151670	165800
145804	184716
148131	188098
143613	181649
145458	189791
143038	181801
152962	188540
155269	185487
137249	174408
132945	185261
138719	164184
152028	176307
141493	180583
147129	196146
149516	177252
152703	185996
139717	184778
155203	201556
135666	184478
144107	179155
152043	170599
145372	185747
145428	174426
150054	184005
151568	196430
141417	195111
145718	187401
147112	201443
140762	187979
148329	179195
143298	167171
149020	195762
146055	162371
148177	189421
135474	187050
135442	191365
161669	190911
149628	215670
148941	171048
140120	212226
158473	189225
142426	179247
149650	185497
141687	188060
155882	187069
142205	167988
151033	186720
148787	198389
143459	179129
142263	192957
146109	183894
151017	191719
147206	173864
145016	189225
162885	180933
141973	194645
145414	205799
145750	170356
150438	210910
144525	200327
154502	193579
151572	181396
136870	195640
150282	168685
142678	190092
142237	201906
152390	169735
150508	188248
145082	189382
140755	189482
147001	194241
145327	177942
151303	205905
136159	180563
149697	191910
145342	188862
137505	176721
155686	201284
139156	201275
148556	180910
155937	172340
141683	176550
152605	178484
149085	176226
146559	177661
151969	180466
145849	168598
155950	181624
147751	196822
161133	204968
144927	198297
149315	197773
148777	185119
151544	197991
142323	195178
138158	176398
137719	190276
141757	182044
145420	193097
168383	194379
139329	183087
152669	165790
162316	212604
148038	201163
137643	192504
137191	175226
148487	163505
154067	193314
157165	217203
148218	194151
153800	178079
142931	173992
143759	187974
153636	195316
153079	187129
144055	189376
139983	179338
140063	204829
146211	200757
147215	200129
141103	191761
140132	193698
144193	194020
162600	204153
144970	193927
145383	178106
138357	183269
138755	187451
144269	196018
142181	182891
143968	176242
151211	182119
142924	201428
156800	178907
157187	197653
143288	189237
154901	193835
149827	181802
150116	169858
158107	182875
139784	201816
159049	179506
140786	161193
151482	191519
152166	187931
143524	185773
152015	185750
151976	182107
160390	201870
157044	198082
149501	220709
139968	209644
141776	219042
143704	172645
146478	190699
147837	195966
142083	197025
147567	191899
140693	178497
141987	187995
134913	195225
146194	185902
150882	213039
150076	196853
152707	178175
153406	184410
145232	198038
150411	198764
146503	166907
155469	174238
146922	164872
147061	190748
141255	153757
150456	187748
146829	181827
156198	181602
138425	181557
146431	173641
136640	189044
145327	181035
142505	189372
143407	154876
146856	186081
147329	170505
138124	193727
134540	175555
144017	196820
134267	185606
140667	185342
135904	213388
136933	189562
144949	187618
150942	206409
143921	195196
147331	186956
150487	189528
153827	188591
144260	181995
137885	187724
155879	190569
148744	180581
157658	187381
143000	206142
147039	198636
135388	185079
159246	182990
149915	201385
148899	195168
139080	171287
140567	171803
150468	176340
146995	194570
148417	212584
152224	177662
154528	176477
146867	176831
143950	187650
135410	174408
151468	189080
149326	191362
148993	180463
134385	210344
157241	182415
142952	182635
149855	183370
151516	200790
142541	184401
157395	178240
154701	188324
135672	190211
146459	174004
140108	181648
149259	187698
139970	180253
138028	194881
143865	169406
141692	176477
138958	176104
152717	171453
162203	233843
149331	205959
144195	188061
145589	175711
136828	197130
141055	183548
142694	175400
147854	163038
145198	198556
149604	199923
147995	192714
156536	174612
153381	197013
154769	178243
151966	176639
151624	194642
149482	183240
153011	167791
156289	200167
144157	199506
140268	170631
134158	164091
130193	169663
148934	173203
131467	172631
153338	202488
143113	204833
137773	215141
140186	171912
148847	201192
142479	197826
141509	185946
151609	193813
150128	188860
147136	183037
149279	200520
148944	196072
148490	175199
150413	185435
135787	189903
131200	180108
146301	183896
142095	201317
141894	211164
144404	205092
138008	190316
141931	184239
154213	202620
142789	183745
146910	201375
145251	186112
152021	186754
151179	195948
148075	168171
148854	180149
141142	190944
155006	203188
143649	168517
143995	184926
144963	176992
138820	182461
144049	178093
145488	206849
144806	170792
151367	199810
150648	199744
147993	182145
138640	178642
156971	174122
151125	195154
157525	171192
140546	169896
136959	186429
137931	173200
145757	186727
144279	164707
153238	179793
151940	189363
155566	215039
157096	201910
144089	182921
146936	184275
146347	180366
161401	207275
135506	177877
139387	166956
143145	166674
144078	178826
151655	167403
138779	168259
136883	202538
149829	198048
148572	187723
143464	189979
160002	191534
142765	181957
148863	192834
152428	190233
143388	180112
152863	210248
142831	168310
149156	173127
150553	189890
149211	194364
163728	180034
145166	179438
153000	192235
138659	176335
145114	183945
140210	194806
158274	185472
140059	193726
142348	176731
152968	193009
145670	196428
148830	184559
146774	195602
148726	195471
147241	173669
145294	178927
143070	178492
140724	185720
140694	180255
148965	184192
146037	203758
149366	195055
161869	166718
142445	187793
157051	172450
149221	203710
140159	187995
133911	167178
143520	162650
145153	182218
141430	173137
147920	193358
147802	191179
148718	185383
148222	200977
150693	190574
133550	199119
146634	176724
143958	191801
148068	167242
133812	176168
137115	201509
144084	192399
140024	176932
143338	185848
150347	192474
151623	197444
155194	198643
150660	162031
135685	191243
160721	211704
140044	179613
154288	194851
131982	175832
158358	177416
146880	190437
144569	184339
145187	171141
149306	177246
147967	211557
150330	200754
145410	190575
141561	170523
147382	205982
141698	188202
173301	201448
140328	195201
146478	193548
139780	197515
146681	187639
139402	195356
148384	197927
145757	198121
140437	185322
140464	190036
149980	179929
145940	188057
141811	191609
141608	177536
151564	204077
149904	196052
141829	184652
152697	191868
142890	201919
153093	187511
150500	190350
142924	192461
164802	197005
149621	192746
141841	180232
147720	180582
144304	179959
140979	191204
155695	182642
142303	198739
130519	170769
128060	164515
150208	195608
142773	194055
148281	189060
137197	200900
141233	166573
139890	169294
151841	183998
141578	182125
153407	193546
144295	196082
156077	172854
150557	195713
145002	180202
154128	211103
154323	190611
148859	189300
139546	169040
154963	198273
134130	171516
146000	205839
144913	177419
142643	198322
152882	205452
146004	178135
153589	192344
148830	170016
144823	192219
150745	194222
