385750	489252
384773	481522
389829	487553
390390	492130
372569	497945
378931	491994
380723	495170
380252	508367
378185	473980
384812	488275
377806	501911
389312	487002
383913	490796
389162	501310
373700	478812
378431	483427
377962	495489
378606	477941
379245	470146
377470	487489
372304	480110
383426	499932
382990	482392
388257	475764
382259	511659
388640	493372
379187	499083
395487	495196
379209	489071
386286	478574
360472	477565
387161	491641
371562	507351
385878	479174
376494	495185
376017	486672
385206	492306
387271	496085
383888	484418
374302	470614
392329	483451
389262	498298
388498	504168
375409	498101
381692	503426
388190	490722
368754	501604
376404	487388
395145	500898
383891	485594
381731	487123
390298	495007
374686	516082
388140	493695
384000	496235
383942	497710
379536	498554
386755	482724
383890	480279
380380	483353
384041	492670
380613	510706
388784	489712
379228	486883
383503	500747
379488	493312
387332	477509
377349	487014
376534	486763
375245	479340
392198	515315
380466	477171
362940	488766
381995	482005
388116	503932
391753	500965
379599	481846
392378	500665
385487	507083
382235	478741
379042	497180
388236	491401
384044	504002
381510	487728
388059	498711
386536	492221
366775	486729
378592	486163
376825	481975
379704	495429
379251	482217
375481	485963
382164	495376
371005	501987
387097	487576
382935	494916
373676	489363
387816	485819
376879	500738
380714	499194
379483	483276
381502	501533
380582	482000
380072	496625
373632	468745
387364	514255
374335	487065
391012	499872
380522	497493
376357	486614
379572	475974
388468	492572
377169	492287
385336	503642
384886	493405
384544	505081
378687	502479
384243	490085
383680	496134
378299	511858
380341	491923
378404	488533
385550	466813
389005	497051
383744	464522
380374	482450
391413	499340
389323	500046
392628	497098
385556	493811
391396	479988
377560	490970
386106	501814
382592	484438
383215	478431
386301	485977
391461	497966
378678	488534
379427	495420
372913	479230
385458	472645
383293	494381
370660	495300
391169	502152
380347	484968
384369	477594
383332	501259
380255	506257
379369	480249
384197	490348
379677	470667
380788	495220
400436	492359
384141	482386
382457	479695
376005	486720
380369	486074
382507	489848
390153	502094
376445	495448
383289	485790
383380	507178
384157	497003
372278	490963
394478	489138
387565	500536
366709	483344
378269	479808
370959	504681
377485	487718
376653	495974
377670	493901
382835	477845
377342	495719
391469	504944
384975	494450
377509	487854
383370	492344
368779	500963
386054	490818
369950	470934
380746	459869
374121	486062
384289	492897
389910	478034
379117	500366
379579	482720
383060	495861
380183	489109
386539	499019
387946	480475
388306	487810
392413	486424
384092	501963
380315	483093
383982	480692
367638	497666
375478	487222
380026	485464
383277	489505
381613	500086
368793	490707
377347	502459
386232	494605
381447	497823
400737	501901
386211	459744
379502	494235
383842	512829
381152	515638
382716	493304
379581	473923
389486	485852
379744	498108
383387	495317
377212	504763
385781	474827
393628	495360
391745	475293
390953	474579
377847	491335
390741	503039
382161	486445
378928	482019
378561	472247
391382	492252
388394	485782
390392	488680
381840	496788
380668	486789
391990	508363
373819	485994
379822	483251
384133	482874
376583	495309
385361	479785
375586	477590
377744	497912
378325	467505
376849	470842
387007	511314
387673	495017
387526	482409
376260	507935
383031	469152
375147	501358
381851	490361
392306	496222
379122	483578
385976	501711
383163	491304
376007	470701
387331	504860
392157	496632
379787	487030
386212	484647
379717	494195
385429	455340
375605	486120
381927	493251
369308	502880
397095	491977
385480	484670
390366	500883
370711	491418
379271	497830
391780	487336
383757	501026
381067	500426
386457	499978
383675	492377
372289	465165
384301	470438
386265	493212
386987	499598
389672	481695
382239	492529
381900	499053
382257	510175
372621	477353
384053	491707
380731	484515
374473	486117
382545	494994
373464	497384
392975	499402
371525	488612
370457	483626
383690	501504
388824	479505
378239	479225
390133	500645
384870	496054
396728	498814
374319	507525
383051	503553
385709	472488
380628	483147
384354	484588
389123	498768
390777	491783
380993	485156
381002	498693
379717	494933
378620	499078
374722	506145
378810	490352
387890	479455
387780	497618
384187	483422
388814	488567
390588	481223
387353	485117
380131	477181
385643	476671
374949	486081
377301	482255
380194	480088
384345	484309
381874	481901
380681	491763
386658	493256
377181	501790
383282	492839
375437	482373
373110	489241
393789	481300
374042	468222
378318	504285
372368	486089
381279	511080
380115	486287
378903	484198
377879	472485
388933	498842
375849	499209
383706	492566
382111	475447
382694	490419
377902	502931
369281	473057
376093	498594
387794	503077
383773	483952
376892	502292
380223	489305
370916	504216
375054	489769
384235	474350
375713	460770
383538	480912
375584	500757
376260	493709
381096	488821
369889	484095
394408	495996
381037	493323
390398	495644
386700	497494
377164	502191
386346	502627
392056	480583
377413	499904
390231	505166
383890	513676
375349	489362
383051	482099
384182	495932
381560	496118
384796	485780
387299	478261
391286	516608
387823	497104
386437	475372
384176	474911
383111	503076
384773	492463
381231	479844
382602	483035
378495	485255
394387	492782
376563	498021
389836	460627
375154	482805
379161	472355
387321	480378
382911	497680
381274	464040
382194	489879
383287	482151
380569	506563
388795	491245
389051	484743
383271	487667
385395	488368
384689	465193
375680	493714
375829	503308
381429	483381
370546	494654
377491	485430
393112	478609
381954	486194
382565	507557
386846	503399
383175	481535
383918	486903
381896	496760
378963	464312
375671	482773
389785	483868
388421	490828
378254	501506
389644	493987
387458	498126
397842	467772
388988	473903
384727	475097
388054	493745
377062	490736
385968	496767
380977	486925
381954	469257
381923	505304
383074	486500
383786	488046
380625	481368
377213	492394
393784	493650
383875	516236
383667	501797
385267	484461
381899	491665
379992	498771
375569	478424
378784	477929
378856	503724
391411	489453
387677	473243
380634	470673
379687	484474
390311	486023
389466	487581
379580	489238
387383	479822
391577	495033
375119	473200
376576	489102
393526	505637
375832	474831
388896	504196
377666	483830
380948	487804
377726	487128
374284	472209
388434	489938
398178	499207
373670	477641
384213	494168
375374	484012
377287	483115
387193	475249
379488	495458
389005	500499
379396	496829
398346	488523
382886	487820
383573	500104
371846	485847
385263	480715
392337	498847
391677	497608
383292	499239
383926	496900
378547	494427
379946	481388
388863	496358
397999	487533
386514	493879
387422	501858
384867	483281
388254	496120
376477	498994
377106	470165
388262	485632
380049	478869
374599	474969
385763	500976
387264	503069
385283	483390
389148	511505
384870	478093
384122	489559
379392	471059
380433	472851
378777	503898
382173	495770
383527	506553
386829	476377
376208	482559
