227794	309986
216547	289167
223824	281446
208245	295525
218557	276012
220076	291648
219759	283885
225538	278342
227851	288962
233792	296914
226159	288708
223716	296344
223550	270793
235830	301971
235137	291015
228639	329908
228899	277181
216518	282905
228862	278518
246019	318529
224804	285036
230415	313385
224339	308994
226571	288107
233166	285152
214765	293924
227122	302641
227100	301352
223134	293312
223901	293752
247712	296561
230288	292627
227792	267399
227926	284657
230559	301761
218467	287208
233038	293360
223854	285638
232563	307949
241528	282082
222981	270574
221240	292373
231934	261362
227062	272609
215197	294397
225957	291976
227769	293494
233990	284620
224924	293140
235093	302446
210984	277391
227994	294364
237873	288626
228898	286981
219276	280871
225152	277430
223787	292445
235044	313387
229699	288259
232848	305963
224892	289061
230602	291448
228183	273524
230914	293220
224204	279900
221533	283499
220791	287699
212011	301057
231070	294180
226668	311185
223558	280584
215899	300488
228602	300817
224705	294624
234061	294323
225148	309483
227796	290742
223358	267147
233956	312214
225277	300058
222912	299830
224333	295839
230641	290038
231669	289847
229373	271611
228959	297917
243948	289970
220198	295481
229334	312210
223321	279887
233808	307558
229404	302091
235726	309651
230648	286966
223418	302214
233737	275620
217437	312990
225032	303284
228553	277311
223956	285832
227262	288796
216870	277498
226855	296215
222878	294334
232915	307281
215191	286744
235597	297587
236923	289227
226362	278681
229688	287722
215039	297174
228170	287828
233982	272218
226980	277942
237549	270022
230000	278078
224639	281328
225095	286746
231558	280044
240661	285316
230085	296739
234938	304797
228547	290763
225237	299208
235146	282989
224708	296309
232023	292621
219173	285828
214989	285288
231792	282018
231137	313237
247541	283383
221760	293434
233114	261838
254678	330711
232229	295178
227536	304145
218050	275455
222293	273452
232067	281684
238999	307301
235474	311665
229737	294027
224746	282780
230176	296173
231583	306307
231425	291248
224204	282610
218895	286916
223760	314419
229800	299150
232333	304691
222207	297368
220295	300753
223198	280800
240599	308581
227895	294019
222678	300480
220481	299791
219443	296475
221748	299798
223546	292124
229325	266095
229512	272103
226914	309560
236250	277056
231580	303202
233476	288521
239144	296343
233194	291724
228025	273197
236760	298059
223564	302932
237760	288692
225380	276758
231435	307719
239548	295840
218252	277683
228201	295273
231663	280692
237285	305425
235065	294769
229385	319602
222545	312749
227220	315831
223137	281291
231947	287004
233213	297848
220747	307268
235352	293039
223333	280390
223254	295272
214747	305317
227437	276895
232153	310924
227827	302647
231976	292975
238223	297274
230808	304503
229831	305190
221834	272386
233766	268529
228927	267823
222902	298845
214692	263011
242135	289009
228620	284957
240730	300861
218110	279567
227629	287231
218554	298333
219252	282973
227093	282770
227911	269952
231185	289975
226555	271545
211731	294000
226085	280166
228493	307130
218972	283098
222058	270439
221112	325381
216915	289071
232623	291008
234304	309387
226644	307861
225971	295412
230829	284869
238267	301446
229409	294029
219981	300090
234285	289551
231513	280419
235608	281375
228568	306600
224806	296764
212098	295652
246558	296044
227284	297928
234476	305992
223975	273303
228700	292222
234749	278929
222930	279347
228573	303116
233189	286875
234374	299477
229651	289419
217213	303683
217412	282583
227623	294635
230416	288722
228438	293735
215730	316545
237986	291632
237904	294330
226703	287204
230643	300033
228293	281794
243461	291995
229870	298364
226408	300519
227405	277755
219426	296229
228849	277167
220011	288482
220933	295645
227959	271718
227463	295114
216248	291873
239170	268917
244617	342019
226238	315378
233281	291628
236143	284667
226322	300168
220467	302319
217164	286621
221759	268386
226975	304877
233428	301022
237289	293747
231556	284076
232622	298063
226424	281328
248081	286947
232664	301625
221936	288137
226982	266449
231816	285135
230209	288805
218996	278025
220016	266813
209679	275202
231335	274884
212422	276649
227640	296481
220908	294641
225096	321614
222184	276102
228192	305097
217020	283696
227319	294411
225889	289617
233823	289497
227421	281137
227029	299136
232580	298243
231415	276747
229665	293159
215320	278755
215660	288490
222477	293946
225539	294159
223568	317975
228010	297064
219475	279921
231855	292068
229502	303480
221520	286690
228824	300992
225294	287089
232515	305276
225501	298537
225333	279736
223183	293877
226111	292613
235158	287145
223428	275383
227186	290572
221157	309233
220007	279945
227933	275483
226809	285795
218185	275395
237561	303759
233844	309340
226307	278563
219951	275408
238688	277471
221878	282381
230282	280481
219368	293406
221155	292713
219974	289251
235292	301356
224553	274680
228295	271411
239763	308036
232225	321162
234453	310161
215759	282135
222176	284374
228716	277396
238041	307512
222256	267147
220409	270681
223954	279039
231842	287564
231732	286102
222616	261688
224154	302698
227057	298373
230290	296400
225847	284139
241514	283771
222694	282262
223269	286521
235854	294216
223669	285983
233028	295933
226728	280728
229556	286338
242202	285445
223706	295412
238731	289255
234308	287302
236081	288687
217573	273001
219807	295954
226760	291130
237591	290408
223517	293565
222895	279376
240735	302046
229518	296060
224244	277772
224076	296077
232052	284215
231619	294407
223806	294122
224924	272566
221774	280504
217323	281025
231034	290799
224266	310346
222635	302087
237518	269361
234782	293641
234101	275472
229600	307645
217934	295269
210952	269677
227424	243948
220257	314127
224013	287151
235673	295850
224109	301374
220789	281232
229592	302970
228838	289177
222421	298241
225286	278396
237417	303420
226968	290458
220089	288775
230045	304328
231303	284683
231791	282689
223639	301103
230969	300118
237784	293493
240613	293504
228245	262003
214587	288072
239488	313620
224345	280768
237801	299914
217533	287605
235248	281806
223429	300456
234355	279654
219719	265543
226761	271998
224443	311631
228210	297026
232582	296888
228512	280473
232258	303664
205401	283414
234021	304866
228734	310994
221537	300363
212575	291472
228603	294302
225272	303394
225495	287161
232319	318503
225056	304927
226153	286834
233019	302103
227492	292996
224500	288656
229053	284642
223815	303164
226291	298338
223696	289082
231932	282816
225908	317187
231901	283460
230369	287204
223063	294442
242748	292720
232507	307679
218283	285638
227434	298734
227213	285068
227647	299113
237010	282042
231475	307626
210998	271699
210893	254087
230696	291637
231394	305174
227971	300245
214626	316007
216690	266861
237817	267330
236967	290067
221769	283811
232731	285153
222946	297113
250776	275148
230994	289235
222035	283477
234989	309307
226210	286673
231209	290619
220781	274164
229288	301218
219833	282643
223905	294552
236572	289475
226225	296830
230418	302620
228445	266991
237865	308684
234919	275027
217410	296687
229370	293470
