359433	462543
348342	437307
357869	451413
353529	455091
350398	456083
353898	465678
350703	461923
354457	475712
357448	450070
366035	461969
345618	475944
362918	456060
357066	437395
365035	470844
346604	462908
354762	450544
355824	471497
353299	466791
362052	447832
354795	462044
347909	433741
363057	457197
362060	478021
369535	441669
351662	475582
351214	447534
359989	473361
359737	475730
357813	446715
352316	447861
351447	428194
356333	448944
345135	452165
360127	433982
355773	464931
347356	464429
361774	467369
366138	464008
362088	468693
365913	439545
361646	458220
357078	462307
365370	458615
355745	461722
357482	455474
365763	464933
352920	451002
346452	455691
364710	473256
366426	460915
344349	460864
360024	469200
360450	476245
362695	451156
346051	447848
355378	452844
341724	461879
362830	468224
356712	458233
353540	445545
355055	450789
348279	447479
369424	439977
357397	450971
363657	461831
348313	468613
361990	454636
345544	458567
345105	454679
351528	438258
363172	470020
354182	480815
354172	457006
361479	451183
361580	470158
357134	469070
342186	442553
356653	454097
360002	480711
346907	432825
347540	474669
360579	453715
357390	465696
352569	457383
365192	458102
356476	462511
355085	437920
351816	472656
353943	468486
351167	459888
366875	448701
345715	457839
358056	479627
343967	456615
352152	472498
357933	470054
343079	458549
369117	452543
357658	458604
349698	463793
368062	454688
341468	461510
356422	448579
349810	464952
357239	456055
356725	467795
354371	447316
363773	454457
363037	445899
361014	444492
357907	443493
353661	465949
354948	436441
354132	460067
366316	440738
359056	445641
355817	454442
354504	455685
360250	461281
349693	472599
355355	469447
360345	455187
357701	452075
364144	454918
370529	442523
351623	466730
358908	468395
365100	454651
361370	463152
363523	450430
366453	460441
365129	470264
357186	473496
353969	432472
359235	461527
359725	449433
365233	460885
343855	452648
355414	455326
345348	447285
365847	461242
360916	478112
353865	441407
362210	456401
356680	450086
356698	469245
366433	489681
354108	460327
352634	433912
353926	464498
357846	452869
356785	450498
360731	472827
349554	449250
357628	436440
352145	449016
356003	462617
356745	471599
358454	468132
349960	466851
355914	460143
352910	463258
356808	456235
357955	435775
358505	469813
359745	463415
346303	462870
361520	465192
357142	479488
352349	459855
361019	444121
355262	462314
359224	470649
353780	464170
356406	466124
362092	458209
356344	445437
349494	456932
351178	467836
356242	443638
356206	451165
354422	413937
354529	455355
357768	469164
359240	447232
353004	457811
366285	451315
358088	462297
348067	460261
371679	460643
363944	433633
351283	474667
355932	461451
358720	473434
350970	465213
361441	450204
350362	463808
357045	467045
357708	456475
359034	458074
355898	458437
347613	428372
354723	458924
358134	469434
348113	435316
359987	456011
347738	427050
366647	458739
360529	476430
347032	471977
354084	459164
345313	433369
364461	449759
352949	470290
364436	435221
346350	471449
345260	457361
360496	450138
352851	441818
358643	461175
356600	441246
354672	482209
356993	458621
358465	451221
351957	453503
355413	453794
362710	449935
349798	477157
355364	461782
356234	446299
361681	468004
353484	448019
354909	453236
367511	445011
352131	469545
351542	437948
349934	452532
350477	464889
356614	426905
355438	461855
368371	477172
357442	453763
366703	432405
346101	459814
362353	434854
355343	445327
356613	458140
372018	461115
350782	456260
353698	460142
350779	449503
356064	435610
367462	468005
360405	472305
361727	442321
359705	443608
351482	467786
360000	428018
352290	472729
353318	458758
357530	481780
369770	469340
357277	449539
357969	470843
354400	474805
356763	460921
360060	474378
362384	463222
347784	463715
354684	479740
360705	439321
359434	463166
357574	438242
360837	466140
356610	453891
357711	459677
350811	469720
352538	452053
351183	475104
351417	469300
349104	470117
358173	444925
352170	445356
361787	477593
350498	450061
359897	466265
353944	456031
351171	450853
357221	464561
369440	449850
357804	439723
356883	442995
356048	452046
353283	458847
351813	481712
364428	469646
365014	445399
352920	445894
353225	454071
366168	449671
358376	458847
358499	455702
354874	464621
353413	459703
358165	451295
346716	467833
349476	450031
364648	456162
364352	443999
359688	469888
353360	472084
368229	440857
358189	446382
352753	438288
359082	478132
346003	446843
344407	458399
349465	460960
362772	449548
350250	463322
353560	477431
344674	461973
358004	474635
357752	461663
352429	450742
345091	465319
356630	425279
355457	449223
361156	475850
351577	457090
360492	483811
361226	451927
356749	450445
347501	467536
353940	455416
354688	466705
352967	456607
361028	435522
353852	447325
355477	452340
350316	446041
363127	456163
350904	461738
354074	467969
342294	458671
360727	459004
346374	463151
344771	439399
357424	447690
352008	465675
356039	443184
345772	453720
353974	452670
361088	468061
352014	465497
369021	443602
355406	456064
362046	451954
360931	446467
351798	444022
361509	458766
352963	457201
343850	468933
358679	467368
359588	467987
351939	463921
348759	445183
357810	443360
362853	469383
354385	453035
360028	443578
365542	463284
359176	464496
362824	458909
349382	447023
361001	464418
365364	459061
359256	462277
359778	460331
352459	450190
368714	449972
357471	463435
348730	429243
349748	453083
355899	446459
366047	427638
350805	453193
362987	437516
365989	442090
355288	439933
356710	464869
368372	447544
361761	458348
349079	452363
350610	466532
355343	459938
355069	450803
365242	462185
362579	445469
354431	461412
358578	465444
357845	451635
344255	448828
358635	453503
359802	491265
356294	445883
353131	444067
355526	462747
357089	454554
358397	451933
355365	466214
368358	473017
356208	458534
370960	472656
370287	457334
360573	433732
362009	440566
352241	445157
358402	451368
351204	453974
359484	444702
351466	443768
363384	440245
350147	458336
347183	441932
365256	462624
346252	461127
368718	466764
359132	460572
349341	467388
350565	458012
368276	457952
349322	444999
366719	470557
354734	457252
359174	461356
354315	466256
364963	442050
367987	455937
346218	453681
359611	474195
366030	459827
352469	465539
359042	460071
355525	456421
351920	458674
347619	461124
360592	465863
363174	457376
350911	440474
366033	474450
350309	452598
351162	469593
361635	454147
349428	470236
359299	467288
364576	469560
341623	435834
358641	479191
347372	447486
343393	450910
359656	453412
358929	448966
360867	461496
359635	461683
370461	475380
356937	449059
357891	467825
357276	453865
363058	448167
347253	447669
361462	442456
364290	471877
361158	472332
347899	445546
353972	444251
359875	443979
362934	440273
351118	459757
358320	461792
361431	446972
365737	490548
350205	452838
353483	435760
342721	465255
353633	455151
348050	448214
357935	453948
363669	442554
360948	448656
354500	477313
361456	470921
365612	450013
359537	458608
360571	454726
352980	459834
362530	480214
365203	462457
360015	463055
344691	438708
