26445	33005
27757	32394
27173	34627
24512	32697
25958	34132
30616	32131
25767	43489
27339	34741
21886	31249
29301	38649
27523	31252
24631	28835
25712	40574
32985	27253
28728	42313
30373	29597
26273	41395
30202	38724
26842	26200
24605	38657
25328	34298
30419	33348
25854	31322
32582	37600
26652	30435
26161	33630
29152	44781
31416	26476
25733	23803
30043	38480
24565	31899
31776	29362
27695	38960
37335	34136
26508	36637
25091	38067
26864	26782
25858	34782
30915	24968
26647	35906
24159	31521
29168	40373
28470	38805
33555	28292
27209	38543
30390	32711
24791	32660
25440	32921
26807	34258
23360	29256
26423	32015
31503	40531
24901	32044
25872	31408
30154	29826
23014	38618
28447	42850
26262	40395
29325	35213
24095	30199
27037	35933
25941	38368
34636	34353
22679	30402
24413	39527
28614	32664
27532	32215
31921	29587
29108	29775
24172	36107
25885	44791
27517	43539
26942	34345
26292	31347
21735	35020
30760	41807
27497	31510
30235	32735
29534	37737
26955	42684
27997	33132
28150	34844
29790	36198
27712	33391
34230	38498
27042	36348
27652	36004
28231	39162
24090	34957
25333	35184
29127	39848
28292	39231
29924	37473
25734	26876
25109	33824
29083	36313
29913	33080
26161	24020
24086	29978
28238	42137
24922	25679
31288	32937
23105	31247
30975	31573
27026	34875
25297	38332
27507	33985
27176	33798
27246	33123
25078	38889
25548	31737
22907	31406
23739	32932
30889	34229
30176	38551
31119	24405
27041	34099
27191	37715
29360	30238
27041	45331
25925	31015
25063	38438
27291	28957
32536	35769
30918	33729
25091	41179
24182	29171
29390	38029
24145	35685
26573	33457
26050	32059
25927	32779
29823	36841
25148	34668
30554	31320
24935	37549
24868	31981
29175	45457
30031	37065
28545	35697
29232	43998
29732	29999
32706	28549
28085	37901
32217	25086
29341	35868
29128	34977
25591	35735
31579	29921
32319	38654
30145	32562
26822	26038
29867	29433
28258	26574
23976	35590
29064	30940
28258	43872
29141	47201
28557	32745
24899	31547
34290	34124
27150	35171
25817	30538
29536	41955
26914	31526
26029	42996
30250	34585
27288	23740
23718	33923
27528	46915
20862	31139
27560	42298
27301	42141
28460	35306
25518	44990
23721	33272
28693	34649
30346	41045
28701	34469
24424	31232
28369	30071
22979	26682
26343	30364
29417	33841
27727	32893
25054	33119
27356	39826
27113	31007
27343	32206
25389	33972
26985	36959
32959	38592
30517	36899
26746	37958
20524	34162
30049	29747
25676	30705
27254	38955
30306	38425
24954	39516
24191	29390
22584	43734
22861	41284
28405	33931
24182	27334
28506	31800
20962	26141
26095	34146
30106	40699
27918	30283
28262	29235
22881	28246
31714	30955
20376	30803
23992	31430
28141	35326
30243	34773
26181	32349
23423	32273
30855	42264
27671	31075
22898	30878
30245	30266
25759	43479
24662	34371
32064	30228
29781	42434
31021	47319
23432	35286
29673	27980
27277	35919
26912	33859
32954	29864
22476	26735
28889	38464
26025	34908
30584	33284
22674	37130
27169	29653
23904	39235
29630	37750
28256	40712
30137	34211
25711	38104
29049	27850
23326	46253
24316	31944
31988	31694
26339	29558
31135	39763
29933	30602
24332	31658
31155	39944
27764	42107
23733	32389
29484	28035
21152	30351
24679	32984
26230	27287
26225	27593
28314	40975
27516	31688
28735	40751
29108	27414
29304	37137
34292	28855
26176	33594
31860	40946
26680	33216
27393	37174
25499	27999
28576	37604
27314	31520
26872	40540
25687	45495
28901	39989
25246	25217
27668	34881
24069	33011
28731	34977
29628	41344
28635	31689
24951	34747
28886	47509
30357	35055
29387	27494
30753	36765
26463	36701
30826	35543
29574	48348
24710	26457
28181	39547
20492	31296
30625	41487
25353	39404
26551	36287
26996	30123
29056	37445
25524	29580
27809	32887
25795	27517
30656	33978
24959	36567
28563	32760
23808	22705
34731	35853
29127	35921
32320	37870
30602	39748
28866	37157
28539	38826
29867	31087
29896	37465
26808	28449
29745	29391
26645	34692
25181	33157
26683	27542
25453	33050
26252	36781
25978	43384
23598	36469
26621	33900
25692	33238
27326	36024
27645	39247
26133	31225
27324	27992
28857	39320
25161	36271
23950	39406
29468	37405
25193	22447
27935	39818
32025	43574
24207	41349
27385	37530
32459	43003
27463	42694
25136	41352
29860	37602
26224	29837
24457	35230
22546	33318
27499	34535
22952	38326
25836	50924
25820	31267
29191	32626
27575	29269
22767	30162
23559	34088
28956	30434
26980	38373
27331	32803
35751	38397
31321	34334
28361	42712
26037	30335
27989	25355
33956	39146
25103	39038
20308	36005
29373	35753
24689	41751
21835	29295
26153	35691
31837	37642
23852	30658
27758	39596
31312	31448
28497	46804
26316	34738
26092	33495
28780	26993
27254	33976
25364	25931
27447	36255
29320	36271
28271	33420
27689	32577
29437	41546
24611	28666
23135	27529
25215	30141
34681	33314
25083	29018
35104	38606
24238	36711
24729	37576
27588	38121
25637	31525
27291	46801
26533	36230
27514	37523
26199	38040
27208	27761
31656	45079
32809	26938
28588	30968
28666	35730
29513	28630
23994	42764
26634	40303
23870	35773
26826	26980
27666	35193
25653	35223
28877	34457
26165	35353
25993	32865
27952	34078
26555	39906
33857	30596
24196	25270
27729	35045
26497	38466
31476	34415
28593	39965
27618	31723
25305	31467
22756	25881
28083	36347
24948	29857
28962	30648
27258	32663
25188	39006
26516	38132
27205	42747
23183	37232
30312	43051
24629	35754
31279	45503
25949	35002
28587	30549
27891	37617
26415	37450
26875	32155
28205	34532
32386	32513
27112	37798
28521	36798
30450	39084
29588	30658
26716	35532
30262	36488
25865	43010
30120	33571
28594	41711
31584	41084
30466	33971
25391	37950
26107	32953
26845	42111
27666	29123
28220	33224
28975	37456
28885	32527
24086	30805
31202	36923
24985	28770
27726	32322
24525	50566
27882	31779
28130	38249
31569	45741
25673	35386
31001	33199
28176	37256
29421	32447
29469	37922
29474	50777
29128	34018
20919	32922
27133	37952
32933	33959
29683	26526
28587	29771
27080	42490
20868	45667
34950	37655
25861	39905
24976	38403
27062	31244
25955	34055
26094	28669
25586	33624
27760	37963
24975	37713
30759	34715
29818	29884
33469	29130
23542	34209
28067	40640
27914	37486
28686	43897
25038	28640
26995	33514
35760	39393
28957	30568
