91	0	91	0	0	0
1282	577	1282	577	0	0
272	282	272	282	0	0
1100	950	1023	950	77	0
308	426	273	342	35	84
858	2025	555	1565	303	460
1485	481	1369	420	116	61
380	425	310	350	70	75
590	765	590	765	0	0
429	1566	429	1566	0	0
271	187	251	187	20	0
224	713	47	207	177	506
161	228	111	228	50	0
2716	2484	1759	2175	957	309
408	1442	122	784	286	658
1250	903	1107	150	143	753
743	1254	284	1254	459	0
200	591	63	547	137	44
534	174	534	174	0	0
1630	2603	1097	1562	533	1041
5	55	5	55	0	0
3262	1417	2447	312	815	1105
518	41	518	41	0	0
1581	375	212	88	1369	287
826	342	617	318	209	24
413	264	411	264	2	0
602	610	602	610	0	0
2042	899	989	897	1053	2
1050	209	745	209	305	0
197	472	197	472	0	0
1773	1147	1653	882	120	265
2206	1992	1672	1281	534	711
147	367	136	367	11	0
1105	267	1105	267	0	0
599	968	407	843	192	125
648	220	484	165	164	55
283	351	283	351	0	0
92	206	92	206	0	0
1750	382	1458	148	292	234
1177	68	1062	63	115	5
203	499	125	436	78	63
517	0	517	0	0	0
1205	216	427	216	778	0
280	846	274	791	6	55
117	203	117	203	0	0
2170	190	2170	190	0	0
553	1026	532	219	21	807
1281	531	680	531	601	0
2401	1153	1181	868	1220	285
985	1399	535	932	450	467
342	1347	253	922	89	425
274	2370	172	907	102	1463
345	192	345	192	0	0
336	77	336	77	0	0
2437	781	1808	543	629	238
2815	2534	1004	1757	1811	777
2332	145	426	54	1906	91
1481	129	1180	0	301	129
1099	1177	774	1172	325	5
998	691	446	475	552	216
1840	2750	1481	857	359	1893
995	1739	474	922	521	817
1547	1976	600	1428	947	548
2838	520	1340	100	1498	420
886	2131	744	1617	142	514
363	452	225	452	138	0
81	602	81	602	0	0
1576	1427	527	1122	1049	305
1138	1615	435	1438	703	177
1117	1517	340	667	777	850
1305	1060	1305	1060	0	0
109	470	21	83	88	387
1088	1117	435	1117	653	0
517	108	517	108	0	0
339	11	339	11	0	0
2340	4498	1685	2595	655	1903
966	1362	118	619	848	743
1274	25	1026	25	248	0
888	1886	444	1709	444	177
2140	3957	1960	3690	180	267
563	351	563	351	0	0
1229	299	475	137	754	162
1717	1339	443	1287	1274	52
500	1324	221	1324	279	0
132	287	63	287	69	0
1422	291	812	112	610	179
1125	2146	1125	2146	0	0
3	37	3	37	0	0
767	150	449	40	318	110
545	1023	378	1023	167	0
359	227	258	128	101	99
153	543	153	543	0	0
363	11	339	11	24	0
499	230	81	120	418	110
461	376	461	376	0	0
6	62	6	62	0	0
1590	1221	1590	1221	0	0
401	1126	202	1126	199	0
279	170	244	170	35	0
1046	477	1046	148	0	329
367	100	367	100	0	0
762	2028	534	2028	228	0
1647	86	1180	0	467	86
370	140	370	140	0	0
1016	744	441	306	575	438
1517	132	428	132	1089	0
2186	579	1564	579	622	0
1008	720	672	98	336	622
364	2500	328	1526	36	974
682	959	512	0	170	959
333	694	333	694	0	0
1456	1538	1125	771	331	767
1626	957	1609	858	17	99
2293	1991	1038	1840	1255	151
860	782	802	633	58	149
1885	2118	643	423	1242	1695
418	16	409	13	9	3
637	16	345	16	292	0
281	1428	281	1428	0	0
689	1363	274	1234	415	129
124	140	124	140	0	0
1898	1805	1452	1805	446	0
1431	3391	662	2158	769	1233
4456	2069	959	2064	3497	5
1262	1014	413	783	849	231
997	0	612	0	385	0
1020	423	526	295	494	128
258	309	258	309	0	0
1249	423	497	13	752	410
382	378	382	378	0	0
1516	1565	536	1565	980	0
902	2606	480	1649	422	957
1354	871	734	687	620	184
400	39	400	39	0	0
2011	2436	1505	1933	506	503
1449	2483	1057	811	392	1672
460	1887	185	1487	275	400
1157	1459	594	1434	563	25
344	116	320	116	24	0
149	20	96	20	53	0
965	303	514	178	451	125
526	71	505	71	21	0
604	21	604	21	0	0
355	1104	354	1104	1	0
2880	9465	1847	8519	1033	946
670	2658	566	1786	104	872
1343	323	754	323	589	0
1464	2558	540	2558	924	0
710	404	256	399	454	5
907	1022	884	737	23	285
626	19	626	19	0	0
1277	1729	829	1361	448	368
1071	2176	561	2047	510	129
482	275	235	4	247	271
134	206	106	206	28	0
1545	1143	948	733	597	410
1535	2296	1386	1395	149	901
1558	335	1331	335	227	0
359	1315	221	1027	138	288
1038	2204	793	1633	245	571
1061	251	498	251	563	0
2398	585	431	585	1967	0
504	0	504	0	0	0
1330	2254	998	2254	332	0
1624	4	1098	4	526	0
1924	1623	416	1394	1508	229
1912	775	556	488	1356	287
309	3207	309	3207	0	0
971	266	886	69	85	197
1240	904	694	721	546	183
331	567	331	567	0	0
688	27	183	27	505	0
1548	489	531	152	1017	337
1096	1096	764	1056	332	40
3737	166	797	166	2940	0
203	712	79	298	124	414
1002	1312	1002	1312	0	0
255	22	255	22	0	0
471	2303	420	2303	51	0
784	1619	769	269	15	1350
1046	385	837	195	209	190
1708	1567	820	1184	888	383
3175	8003	603	2765	2572	5238
933	2005	708	1232	225	773
890	639	765	639	125	0
272	634	270	523	2	111
781	595	781	595	0	0
283	1640	283	1640	0	0
795	1283	784	767	11	516
1515	1791	1496	1791	19	0
1914	605	1067	183	847	422
373	1741	143	759	230	982
2143	431	272	431	1871	0
1083	2231	1008	1137	75	1094
1877	130	1151	125	726	5
4781	755	919	420	3862	335
148	25	148	25	0	0
1394	1151	454	110	940	1041
564	2054	401	744	163	1310
586	1034	245	580	341	454
469	12	469	12	0	0
673	2055	673	2055	0	0
1707	1393	1247	233	460	1160
1455	1368	892	735	563	633
1215	91	307	91	908	0
4230	114	2735	111	1495	3
1422	514	295	325	1127	189
214	673	214	673	0	0
3	49	3	49	0	0
1065	765	212	443	853	322
620	132	433	132	187	0
395	282	395	282	0	0
387	253	186	253	201	0
660	184	505	129	155	55
617	7	617	7	0	0
1465	291	658	1	807	290
458	246	363	241	95	5
1800	1189	1361	1138	439	51
397	795	193	370	204	425
393	66	393	66	0	0
790	2055	673	2055	117	0
1100	132	439	132	661	0
184	307	184	307	0	0
294	487	258	485	36	2
199	329	199	329	0	0
437	386	437	386	0	0
1978	1604	1246	1338	732	266
1921	426	739	426	1182	0
534	455	489	455	45	0
474	307	474	307	0	0
687	4125	430	4125	257	0
3011	1479	2444	553	567	926
339	11	339	11	0	0
1879	768	783	433	1096	335
140	464	140	464	0	0
572	16	280	16	292	0
445	1462	445	1462	0	0
2391	1418	1439	1418	952	0
3286	2074	1445	1694	1841	380
237	2024	61	532	176	1492
134	292	134	292	0	0
143	14	143	14	0	0
928	277	895	38	33	239
1619	1709	1187	1089	432	620
526	67	526	67	0	0
1612	969	1026	854	586	115
1919	691	694	520	1225	171
36	94	36	94	0	0
1064	3014	768	1179	296	1835
428	344	428	344	0	0
2587	898	584	767	2003	131
2657	519	434	519	2223	0
1070	3	1070	3	0	0
1216	2015	221	1817	995	198
4069	934	1434	5	2635	929
1137	148	1070	148	67	0
543	116	439	0	104	116
1181	1671	690	1671	491	0
83	911	83	911	0	0
4043	1002	2731	639	1312	363
992	303	695	48	297	255
444	802	178	802	266	0
841	259	635	259	206	0
1142	2997	332	1131	810	1866
837	0	837	0	0	0
5	36	5	36	0	0
1712	1240	283	886	1429	354
2216	847	1056	614	1160	233
272	282	272	282	0	0
1144	115	1144	115	0	0
551	251	459	251	92	0
3474	1140	2213	1140	1261	0
1860	745	1444	33	416	712
3199	1057	1607	1027	1592	30
598	248	417	248	181	0
20	446	20	446	0	0
317	365	91	140	226	225
84	259	84	259	0	0
2201	668	964	208	1237	460
233	10	233	10	0	0
2305	639	1092	416	1213	223
1794	117	1794	117	0	0
4401	1458	2437	1458	1964	0
1426	86	670	7	756	79
1294	569	1101	569	193	0
748	3838	457	3838	291	0
840	2300	432	2300	408	0
994	402	994	402	0	0
413	131	413	131	0	0
2055	2674	508	452	1547	2222
1838	334	1352	334	486	0
238	237	238	237	0	0
1774	115	1774	115	0	0
137	134	137	134	0	0
218	552	81	17	137	535
1858	614	706	237	1152	377
164	188	164	188	0	0
1225	2261	279	990	946	1271
749	46	546	46	203	0
1666	200	880	163	786	37
846	654	378	167	468	487
779	904	480	904	299	0
1228	1959	936	1405	292	554
2570	1782	1827	766	743	1016
535	0	535	0	0	0
1792	521	598	138	1194	383
686	754	470	100	216	654
802	941	696	938	106	3
1202	604	857	604	345	0
1612	98	421	98	1191	0
731	2	731	2	0	0
166	4	166	4	0	0
29	161	29	161	0	0
261	244	169	244	92	0
17	485	17	485	0	0
389	832	389	832	0	0
326	1024	326	1024	0	0
655	320	402	304	253	16
264	423	22	423	242	0
945	753	675	319	270	434
440	2146	308	1527	132	619
1034	2588	804	2588	230	0
454	441	412	441	42	0
1924	3611	149	1208	1775	2403
919	2544	908	2494	11	50
941	1872	340	1764	601	108
965	2748	960	2748	5	0
431	265	431	265	0	0
310	414	310	414	0	0
440	1297	421	939	19	358
1132	2029	1037	2029	95	0
355	490	341	340	14	150
1111	23	1111	23	0	0
2050	2245	1231	450	819	1795
893	1133	323	1133	570	0
1115	1915	476	1759	639	156
639	539	639	539	0	0
57	13	57	13	0	0
620	137	620	137	0	0
739	25	739	25	0	0
1816	412	524	412	1292	0
2171	3383	704	1346	1467	2037
621	357	621	357	0	0
1552	488	1382	488	170	0
267	8	267	8	0	0
347	273	238	157	109	116
694	349	395	285	299	64
348	822	348	822	0	0
2936	904	2029	722	907	182
611	2079	347	620	264	1459
409	1902	326	155	83	1747
270	838	270	835	0	3
1006	714	784	695	222	19
654	23	654	23	0	0
1404	430	664	353	740	77
1634	1491	737	1378	897	113
646	1519	343	1312	303	207
1272	2445	137	1613	1135	832
1398	189	1247	189	151	0
896	2566	557	2302	339	264
5	55	5	55	0	0
771	82	461	82	310	0
490	1873	490	1873	0	0
642	154	533	9	109	145
338	955	193	955	145	0
857	155	505	71	352	84
485	423	485	423	0	0
1564	2243	1188	1475	376	768
1037	36	1019	36	18	0
129	136	129	136	0	0
1008	497	688	497	320	0
530	2528	283	1640	247	888
2551	886	697	452	1854	434
839	371	556	371	283	0
57	184	57	184	0	0
1350	523	894	372	456	151
650	668	639	668	11	0
839	0	839	0	0	0
333	694	333	694	0	0
323	1133	323	1133	0	0
2580	1025	1176	758	1404	267
564	635	266	207	298	428
144	398	144	398	0	0
1843	548	1789	523	54	25
868	2109	337	1939	531	170
2436	4789	1798	2702	638	2087
700	433	427	433	273	0
75	11	75	11	0	0
1866	540	1866	540	0	0
339	22	339	22	0	0
1157	1365	810	1044	347	321
62	16	62	16	0	0
1346	1301	1171	1301	175	0
740	1762	473	1250	267	512
2390	431	1802	100	588	331
832	3	710	3	122	0
742	1431	258	391	484	1040
1692	537	322	366	1370	171
788	1438	382	1438	406	0
2637	10	2351	10	286	0
1368	1806	994	1713	374	93
541	0	473	0	68	0
80	62	80	62	0	0
309	4691	309	4691	0	0
1165	19	759	19	406	0
494	197	447	197	47	0
774	572	766	297	8	275
1086	0	1086	0	0	0
360	130	360	130	0	0
752	34	256	34	496	0
1524	444	773	257	751	187
433	4403	200	2913	233	1490
364	248	364	248	0	0
975	1156	547	198	428	958
1391	1795	415	215	976	1580
424	91	91	0	333	91
1139	759	440	759	699	0
1122	733	154	733	968	0
2391	1921	825	1549	1566	372
164	585	51	585	113	0
1408	1880	306	368	1102	1512
2185	272	1895	272	290	0
3164	871	1881	7	1283	864
117	46	117	46	0	0
879	463	800	318	79	145
3805	2698	1428	1870	2377	828
1352	1165	1133	981	219	184
234	414	234	414	0	0
326	1104	326	1104	0	0
123	39	104	39	19	0
98	332	98	332	0	0
688	716	504	645	184	71
6	14	6	14	0	0
626	668	547	535	79	133
688	1414	460	950	228	464
3879	3368	2661	2646	1218	722
265	4092	188	3440	77	652
826	3	764	3	62	0
626	348	579	215	47	133
333	1882	61	1486	272	396
4110	2950	1233	967	2877	1983
832	322	832	322	0	0
835	198	714	158	121	40
568	2581	343	1878	225	703
595	1189	335	230	260	959
1029	1007	1029	1007	0	0
1749	113	1749	113	0	0
479	1387	479	1387	0	0
2378	1610	833	1610	1545	0
975	804	975	804	0	0
414	167	352	167	62	0
432	18	432	18	0	0
202	40	63	40	139	0
373	1714	262	1190	111	524
849	231	507	231	342	0
2914	2508	486	1214	2428	1294
496	396	445	374	51	22
139	770	139	770	0	0
772	3846	209	3148	563	698
998	375	890	0	108	375
1197	2787	926	2277	271	510
662	80	662	80	0	0
2222	4270	870	683	1352	3587
3446	471	1323	396	2123	75
565	3008	119	970	446	2038
1486	241	115	186	1371	55
111	203	111	203	0	0
780	1212	666	1094	114	118
755	1203	425	1164	330	39
516	360	431	360	85	0
1220	517	456	159	764	358
2607	100	2607	100	0	0
505	5	431	5	74	0
0	126	0	126	0	0
594	99	594	99	0	0
1204	971	600	971	604	0
144	398	144	398	0	0
924	402	196	402	728	0
1446	534	404	534	1042	0
564	415	422	415	142	0
58	310	26	280	32	30
99	359	99	359	0	0
2265	2570	1807	2570	458	0
216	352	50	177	166	175
1102	313	584	209	518	104
2748	4854	1262	1544	1486	3310
613	845	94	416	519	429
3299	672	1314	574	1985	98
3	172	3	172	0	0
1352	174	456	174	896	0
1046	1222	597	806	449	416
1625	1204	477	1204	1148	0
258	630	258	630	0	0
2403	352	1831	335	572	17
97	130	97	130	0	0
133	110	133	110	0	0
2338	1136	1495	1136	843	0
1981	540	856	540	1125	0
140	464	140	464	0	0
706	153	407	153	299	0
