137779	175002
145946	172343
147382	174004
152227	173463
143097	197522
137700	190157
151260	180984
149412	186274
132382	168437
133815	171957
128972	184627
146834	164083
136699	192030
137786	184086
139881	172478
141604	182510
132074	175205
146547	167739
141403	179825
138392	166460
140875	179443
134476	198403
138128	164017
140416	174864
139578	192035
152259	176158
138395	192108
146345	171362
136781	177681
135837	154634
131140	185498
146805	184915
135665	180091
135871	179633
132953	158018
143732	158184
146218	176918
138193	184570
139646	165859
126711	178623
140044	156799
136289	170507
143567	178359
133076	174586
144693	180515
149625	183677
138526	187103
142765	185781
139686	172328
139264	170636
151097	172273
138888	170311
125519	178790
142104	183892
148148	194107
153190	188407
145138	187732
142990	173491
136423	175112
138031	175720
148543	203708
134471	189446
133214	185915
139407	200723
148379	181133
139312	176380
135261	173762
136778	173955
136372	187310
139856	179664
155479	197057
140394	159630
128203	178256
130552	161332
146431	181276
140242	185109
137299	185536
140634	184147
136571	171826
154771	175302
138525	167428
144874	185995
136744	181538
136361	172279
138191	185385
139915	181473
134752	192774
144961	184226
132916	160727
135148	180534
122849	176414
134892	171729
140022	169857
141611	187450
141981	176249
138731	190620
136469	159825
140763	205473
137942	180742
138671	178166
133608	190274
145003	197069
131188	178465
136869	177083
135494	164802
140395	192769
141516	200770
142101	183619
124402	189429
140387	180943
133518	176385
144680	171947
142628	192497
134497	185317
139211	191225
138253	214799
138339	198687
150665	181586
144245	168027
143671	190578
132200	181398
139745	189908
138900	167079
145330	199008
142196	166326
153665	171383
147162	201450
137564	173507
138124	177107
133474	167877
135271	169040
134798	196583
146831	181659
141010	193608
131863	162252
139713	168017
134716	183328
135540	174813
139702	172802
144300	178501
139185	171782
139724	166439
126313	183174
136959	180231
130660	186784
134688	164317
137304	174413
140580	204606
133966	178112
139675	176007
133411	164519
134545	191055
157350	184971
138931	171005
136894	181693
133821	163088
143509	173513
145941	173210
142756	193720
142491	180313
133804	159739
144625	189622
144041	183141
139207	179661
139918	188540
141685	183424
141645	163136
126695	172755
134623	193219
132375	167684
133220	193758
136405	168108
138163	157270
139629	181929
145952	165662
141595	178552
139577	180936
138090	192024
128294	175951
143072	184954
141715	175719
145888	186041
137131	185776
135569	181648
143484	177602
132838	177205
131389	182912
139029	187325
143092	170672
137069	173695
139577	179044
145343	168551
146626	164614
143894	187573
141946	171249
145332	184826
130910	175213
137184	164420
128023	198565
146501	190457
139516	172634
133753	186586
139624	189373
143514	183650
145618	193365
147030	193564
144023	190665
137667	174545
136186	168316
142706	193037
137734	185608
146260	192355
139740	187092
140745	175743
129984	194910
138505	172151
150024	166917
138715	167129
150869	169152
136528	165409
132774	186726
140614	177186
132473	173891
131754	175325
136857	170714
140604	170983
141624	169311
145978	187557
143598	160621
122639	168760
144143	176127
123766	174689
139208	189145
127001	185230
134494	175833
149415	173947
133299	174506
142701	189777
133513	193210
132229	165155
132003	176740
137466	170340
133850	187901
146814	193373
140599	177692
136690	177840
144414	178884
139475	190362
138402	157945
144500	172198
140856	183759
127448	173543
142275	161975
144306	164398
136931	180077
132306	178439
142168	170547
144443	160201
131683	172233
156158	177537
135208	180125
144845	172068
139514	167559
145510	186974
127715	165405
131433	183829
144094	183029
140827	182337
148674	175918
141241	174848
143765	196423
135696	160393
138709	169701
137120	182770
138312	172159
130319	168011
135299	166002
139745	168963
145745	193712
134637	169910
142665	157602
140111	186790
140090	171742
140792	188161
140025	192753
149094	183622
130588	165529
141588	177046
141096	191780
140214	183371
132173	190328
139709	193752
137393	179036
151033	184963
133577	183913
136913	183245
140313	195406
138548	181235
135738	186404
135555	197936
145543	164040
144849	192083
141008	185928
137378	168624
139833	191745
147271	179658
139203	176872
138732	177248
141008	181204
146475	161352
141264	166532
132808	167564
136087	172219
135829	174492
141117	156495
135878	179768
140335	181048
139535	157799
138570	183509
144889	172536
139074	173503
136318	191259
133432	170210
146503	182417
138998	174774
139497	164277
149334	188548
134721	174514
130913	168486
129629	166130
137502	159322
136690	186111
135194	184636
137259	156652
140168	180632
133587	173335
154232	173378
145251	197539
142906	185922
139770	171161
140877	197742
141145	183093
144520	185556
144071	181669
139256	178069
140344	165883
136680	184245
135263	183771
135490	165092
141774	158996
148196	192747
138841	192261
134489	178074
132337	173863
136159	173569
141765	192612
131477	191575
141055	179596
132880	186671
140822	203684
124038	180695
144061	181543
145002	169732
136132	180221
143706	210882
137067	178925
144957	183095
133806	200256
136971	178150
135749	161732
138087	197247
148605	196386
142456	175375
137484	158220
147624	178592
142013	175062
131740	181087
136820	170648
130828	176785
132398	179157
144825	189782
140096	166908
142676	179887
133954	179710
134785	170232
136897	190915
148589	203814
130743	161805
133701	181938
148221	172321
139734	171138
133487	185969
141500	166425
154757	183289
145325	178845
142107	152219
144617	200638
134871	186823
126493	189064
132153	189453
136570	165688
148694	169312
142564	163503
138071	194516
147748	183244
141621	175224
142285	184948
140272	174828
135036	161462
131567	167448
144864	170184
133733	172786
135900	176269
130828	175699
131122	173076
144230	152984
140595	174616
134046	184115
137496	197876
131010	172335
137241	177754
134844	178107
133247	154836
143413	200351
146951	212665
142616	175816
144382	170420
134898	177737
139362	168695
148818	191639
144677	172176
129506	170736
144206	180757
131023	180110
132033	176428
139772	160362
134557	197732
138371	180718
136611	168992
148100	162265
136271	172172
134229	172654
150931	170842
134027	177070
149856	174167
144546	181594
138177	161468
126732	184581
149042	191388
128837	169254
131111	170611
138851	172797
144560	170819
131302	173516
141047	158390
140247	186131
140897	179144
132743	188857
138687	164289
139793	163019
143503	208652
147099	164048
135116	186850
147187	192959
134912	181950
143585	156538
135884	174405
136023	200379
132589	168053
137386	187516
151671	179364
131764	185817
135338	182187
132335	172883
138884	180084
139046	174076
139847	178252
138969	190685
143809	171742
143351	180352
131998	178892
143162	149583
136393	186109
132801	171378
150188	177051
145368	202740
141342	168346
139428	190008
133136	190992
136156	168463
140734	183990
138155	166766
137560	173377
131704	166057
136646	174232
133628	177935
134148	163829
132317	181675
142186	166378
144952	187333
