33815	29753
31113	38726
22400	30807
28488	46208
34662	40616
25104	27823
51624	50264
57756	77834
31908	32691
32764	42061
30680	40171
33148	51369
33249	33983
48777	60310
33915	47727
64191	77734
33902	42413
29289	33479
30593	38805
31313	46359
24973	27594
51211	84784
32275	42833
31206	35437
39066	53944
28566	40354
37123	47343
40337	57105
31776	32876
27979	41828
44675	39518
38556	40988
30422	36200
33866	48912
40216	42145
45605	53982
25701	35235
25430	51370
52821	55725
35194	44071
30405	48716
30481	39035
40585	51771
46424	62932
34376	38039
42675	61303
34513	41068
33466	38256
46519	47439
37420	39904
30607	51459
50163	52215
32581	41460
31013	38978
33336	42484
41415	44015
32179	51203
41121	63745
29888	42380
36219	50792
51801	70476
28974	45739
35776	46478
33031	38367
31955	37534
34280	39813
30761	32974
28153	40653
36989	63037
32947	37399
39934	35322
31235	39227
30432	43214
27381	29639
34938	41644
36464	58749
35955	42552
52901	60980
38295	54782
34619	42827
37058	53146
39191	52931
35308	41004
30453	47289
26933	44105
39864	46608
32362	54002
25766	33141
31308	35571
30784	36609
40131	48678
31914	35803
35647	41898
31367	41006
29984	38945
26709	38514
29102	37794
29188	43160
27254	45516
36805	34648
44705	51885
32981	46121
45111	58901
28529	40823
31678	40069
39269	57575
35489	52388
37280	49177
34713	42408
35803	56370
32183	42346
34977	58042
30687	34681
36746	39094
29741	46847
32528	58903
23764	31511
37164	45136
52592	50778
47704	69962
34793	49489
34310	41332
35105	35742
33048	44373
52870	56425
33373	33949
43979	57490
29295	32234
40640	39894
26744	33924
46939	38833
36753	51633
36899	55318
27929	41510
42781	43626
38039	55180
31471	59360
29734	36088
25213	40376
53116	50242
39090	38590
49355	51661
27217	39143
30215	51021
36358	61038
41668	54168
46329	48980
40120	59575
29612	36948
51071	64181
26821	30661
32371	45716
58455	89049
29178	30369
32122	42805
40293	40555
39591	52711
41829	32658
39173	43466
27228	40917
41042	52517
36731	42760
33709	39190
55655	77055
31398	41586
41654	39662
32250	43188
25279	39962
28208	48131
39465	40379
29543	38336
38187	39394
44030	55501
38331	36596
36075	42524
41368	43818
34991	54166
33757	31623
26070	30170
37606	41907
30557	42568
40124	36382
37097	66327
30849	47550
35976	53887
28082	44834
27864	31205
32279	48525
49671	45482
46475	56968
39988	45885
33198	34687
36453	33263
33050	46739
52455	73994
44659	42023
26574	39974
39507	57222
38004	44057
36533	63319
26662	42879
21532	28574
31956	35048
60347	78538
33600	29912
43650	40598
40147	66069
36676	30918
29774	53504
30464	60297
35849	47926
24683	38786
36072	39248
26667	39983
27060	36831
27740	33431
29058	32946
32167	45954
50180	57600
34123	46362
26406	29069
50186	70179
27404	35258
25845	38732
29443	30594
38910	44307
39392	44907
39175	52425
30086	44992
31344	45765
29142	45856
32668	49350
34916	42522
33060	49055
44445	56342
41410	54942
31054	44594
37753	33244
38291	58516
43479	67935
29860	33729
30158	30081
33354	38388
36321	62398
37696	42933
34362	48587
47146	45393
43287	34447
30528	39882
31594	39895
37474	44226
34284	40271
31508	48073
42608	73955
44013	43161
32790	36207
31790	50646
31729	37099
23993	40452
56958	48132
47921	70689
37143	48454
38349	52921
32979	52115
34857	44549
29914	45497
41416	37915
45403	62968
28370	35335
30562	32728
28236	55619
42114	48482
34805	30266
43404	62074
36694	48241
29905	33411
30811	39452
28188	44009
29995	36884
28121	34600
38956	50152
34665	36536
33568	45754
30448	42594
37560	47158
65666	68781
24283	26870
33715	36466
35131	46542
41481	34983
32869	44426
35053	28035
31357	32629
26435	50268
29421	37888
29259	34621
51818	64396
34083	50432
32741	42247
36708	45937
45376	56994
35713	45373
33684	48074
34202	44121
31713	40106
49319	51257
28329	49211
38322	53947
35918	48519
34853	45082
38450	62678
27113	33255
31348	35942
30438	34685
30145	45838
28500	40160
29439	36604
31146	40581
37944	42097
48317	54622
27834	47415
28769	40764
37228	44791
44563	66756
33093	37501
30370	40582
31697	39463
26450	46790
31976	48400
31450	39357
35329	43174
24805	37004
31851	36917
46257	70594
31266	33932
50776	80522
37610	55536
66227	61182
34256	46645
34483	32746
55978	66595
36857	43050
26625	26894
36285	33401
27329	26953
29549	33955
30360	39177
25634	35392
39948	47382
31318	48494
39688	51864
32776	45123
39078	58041
32783	36610
50963	76328
45704	46473
29521	35584
28216	32950
32937	43106
30317	45648
29104	34890
43152	62562
45485	56782
28188	32353
30555	53935
33537	50564
42826	56984
31593	46268
44562	55261
30233	48124
48214	55899
48610	70870
49878	65347
29112	35045
43664	47180
46237	42628
34919	44846
32830	46231
29788	31922
36933	36484
33282	50264
36698	43990
29492	44089
34132	35988
32927	38942
37400	66468
31208	58044
31838	49577
30708	38738
35686	39440
45565	45336
35620	40469
32625	39771
33972	52637
37858	30644
36340	36614
65180	89960
36244	39571
32084	43240
35528	45245
30144	45538
53665	71162
31682	39702
23945	41127
53603	50585
33117	38655
35674	48790
29152	36865
33515	35891
27894	38741
38454	48405
28075	47938
35467	42136
33352	52399
31438	48309
30655	32247
46174	45545
33955	45973
37087	40939
35834	42692
33921	39234
38432	40241
41272	47621
26786	39284
47352	55093
41459	49931
37702	60942
36011	47135
42121	35769
34447	40543
35976	48730
35267	38573
28321	38461
35731	55594
33747	57141
39367	57009
25608	50761
35340	36379
32998	42458
29768	39189
47931	52025
31453	53217
37194	46479
31796	52326
36618	40427
51277	63596
41728	48345
37164	68153
39840	74017
31534	34054
27401	45037
31284	42762
28373	45001
28368	32896
29913	51508
49288	67864
38172	44079
28445	41794
40013	46897
30578	51431
38710	69251
28816	35813
41388	46827
39299	47062
32185	39645
36008	40065
26012	31363
42271	73924
36328	49673
33623	42551
36590	37999
34220	35153
34850	50140
25200	35369
28205	38703
39506	49767
33173	49090
40096	51444
36452	41797
31261	48214
33036	42552
33995	41563
51813	56125
36315	37915
35476	44056
36829	39980
30719	41091
37299	46976
31403	41944
36620	36749
41833	57436
45387	50182
28617	37755
46253	43155
29976	31161
22330	40460
40546	42363
28401	34278
34111	37604
29489	40063
