139583	199971
132946	168386
143075	170615
128158	192759
132616	162847
137679	188470
134166	184463
144227	192971
140959	170181
143606	171753
134608	192178
137850	180771
134123	169279
153587	197550
140231	185402
130322	192418
138261	169877
127167	171793
138674	157107
150493	206214
136137	174598
157489	232266
133930	197775
141526	175419
138126	185004
130875	175206
141737	198429
143472	179629
137215	177122
138106	165532
142785	174351
147201	176510
134223	172577
142517	174829
139853	199798
129441	174862
143928	181110
141982	169061
146526	195913
151914	170557
139840	169786
139296	180993
147640	163335
135078	174781
135812	180547
140932	176041
138492	186428
135873	171329
145463	193879
145263	184967
134671	174705
144012	180972
153366	192015
140655	170667
130530	166730
140793	171029
141518	181974
154412	209756
141238	180947
148362	181245
141913	174316
141104	182443
147151	184934
138741	171580
144082	180434
133699	173365
145345	190751
126931	184986
135334	189885
134144	182944
135653	178824
132766	173780
129558	187788
136905	188033
151651	188162
139025	194187
136366	170961
144209	173492
150346	203172
134895	171894
133845	190708
142639	192415
145910	188505
146654	175864
140834	157277
135961	179686
138280	170734
135707	183376
142414	197719
140004	185576
149488	181538
140955	185710
137860	204755
133517	182715
140337	195374
143213	181756
127405	198487
142650	176562
141114	177518
131669	179294
137186	172564
129697	176103
143651	181604
139858	193561
148034	186793
141496	179007
147648	191133
152395	175586
141420	178138
140144	169164
134092	177727
136944	182085
137936	165553
137286	167499
147226	154568
140449	175020
137623	182082
143142	186052
146463	180088
150454	196307
141929	181624
142559	181410
146935	178246
143541	180001
146719	172154
132794	178485
150039	201026
141322	183216
134562	183414
144135	172042
149196	194552
150381	186715
137275	186593
139843	166778
154937	191743
144900	168669
151398	204176
129913	166023
132418	170064
143141	166249
146595	182267
156290	205197
135954	178470
140955	182060
145383	189801
146400	189559
142795	184341
141975	180713
135027	165776
141397	182949
143212	178091
145684	194168
141323	183150
138337	178800
135950	153974
140787	188350
142130	185902
155996	201720
138150	192366
136864	186588
135759	187098
141999	185400
140708	169110
141856	163319
148285	197251
146243	173547
126084	195202
149579	176994
145116	177863
142054	183483
137269	168099
144238	190738
143792	189412
146859	182078
141580	184965
142747	192316
149563	172149
129759	159759
136610	190814
144998	182199
139312	186008
139499	162168
143527	211626
136671	200778
147749	189857
136755	179425
146173	171644
147417	186913
136735	190223
155772	192183
143007	167262
136974	190123
135231	185852
136403	170367
139528	185681
144821	193323
141047	179559
145880	186326
144086	195080
140793	191478
134781	173267
136759	161384
140514	169793
139815	189298
129416	168864
161920	173163
144225	168156
150828	185119
127990	170293
143185	187038
138957	198851
129251	166356
149712	171828
140387	181893
147078	177281
136119	172227
127723	180789
144424	178038
138421	179202
142905	163543
132157	149864
145819	204074
135977	181573
142186	174743
144499	182159
140714	195538
142093	190388
142785	172596
149563	176769
144550	189540
141988	202041
143551	178075
140345	167758
151382	163326
142522	187130
147192	181704
126496	184486
167546	194672
144009	178401
148687	188288
146062	180767
147619	184023
146223	178357
137093	181710
138867	170595
150369	180152
143389	196324
144629	188207
126448	190439
134330	173795
140402	182677
143659	164353
138205	190273
140373	201085
153116	196668
145485	182327
136450	175343
145205	171163
146581	179720
150539	183313
140261	201173
143887	187557
140565	170706
137775	188513
137247	169276
136987	180677
143538	194690
134336	172387
136716	195611
138345	192916
148203	172722
147148	218629
143214	176777
147987	186813
147719	173803
143126	180640
137063	200098
131820	178542
138789	168647
139718	176572
145033	195533
150695	186146
139160	178598
142388	185724
130883	177755
160462	179354
148759	196439
130157	183929
139598	173278
162962	180558
139331	174530
135949	176193
137648	159535
135513	169467
140821	173346
129700	169986
143613	169841
134603	165245
140559	193137
141019	174606
142505	184147
133578	155965
150564	210939
141452	181576
147002	186977
135975	169144
134950	181659
148034	184127
150698	172867
139865	183789
138136	167126
139250	181877
138653	177754
135294	160073
138282	206243
139517	184656
130092	169050
142600	182489
138405	181678
136791	179162
140141	197048
141420	169676
137928	201662
135663	184793
141894	170566
129071	185932
142784	181260
142957	173077
135428	173093
146287	181436
140029	205236
137070	166964
143917	166049
144937	173572
130482	166407
151090	175175
140829	191091
138791	166728
138957	157835
143764	175071
130212	164902
140040	186071
131439	193004
138002	186554
135590	185685
141776	186475
135938	175083
138398	164712
148730	189038
135739	191771
141267	189678
126960	169444
137469	174740
145239	165687
139213	180744
158159	173990
131412	177969
140480	177537
153308	182687
148046	195268
142746	159021
144341	172112
135437	188323
142593	197433
144775	185661
151032	170349
137352	178728
132425	171387
146499	193453
138006	180146
145314	164344
158188	191923
140917	181401
154877	177623
128561	170780
146559	192472
144308	176290
147696	175977
132475	174169
130350	184007
141688	174775
144436	174993
138874	171601
138579	180361
148883	185469
151302	186878
139859	176906
136434	162481
150700	163748
141846	185108
149784	203098
142866	156529
137260	175660
135449	185270
147128	183721
131247	188433
135774	187510
136933	172897
148458	187718
139280	172022
144741	203839
133837	189791
126675	173537
143222	138574
134204	215247
134500	184475
150797	177958
136350	191108
128616	168765
141187	184749
141391	191006
147259	185586
136698	175444
148358	194538
148451	186871
140567	180584
144404	178366
149684	178644
155308	179175
136288	182086
143338	195425
152876	185283
152884	173685
140964	167839
144155	189834
154806	191944
146659	185757
152289	187948
137570	172213
142158	181906
137599	196851
147691	170131
133620	162372
144999	168816
138312	197921
144327	186933
144647	194006
143243	178178
143125	182368
122054	172937
140050	199232
148040	194584
130954	181191
132139	182036
141963	178011
137186	173200
135507	166490
144872	195003
142583	216840
142224	167379
150161	195577
140026	184839
135973	163045
142814	175780
138656	181992
140294	195173
142539	182890
138894	168928
143450	205380
141053	174763
144506	191912
133560	180246
154628	179853
154422	200025
134674	184954
147544	193167
144028	171940
140259	186327
140242	167459
145956	170756
133558	169999
132386	149549
144051	190544
148545	201493
134749	188971
132905	208908
134439	171709
155200	151369
146295	176164
137869	170041
139126	165678
140562	186735
166007	178982
146683	175349
140724	194002
140959	180208
136730	181105
148735	180907
140298	178779
147322	191888
143769	188662
138822	175006
160470	178421
147443	177599
141522	187076
139652	161754
144051	199481
150874	174330
133506	190212
147597	185785
