53302	62319
58961	66946
58716	71739
55828	68094
53603	70816
53969	76132
57307	64703
55235	59078
52957	53432
55414	59920
56498	69906
53140	75924
53629	90920
50020	70350
54224	63418
55271	81617
52656	77689
52176	63125
49029	67377
46953	66255
53356	66189
51509	69997
47532	56508
50201	71977
55368	71802
60467	69456
53054	69197
56818	59004
55362	67673
57718	60811
50357	73546
55274	83441
51601	75479
55340	69190
53997	67474
52921	64592
57751	74463
53049	79876
57295	64266
43131	68458
56233	60215
58433	69006
53201	70789
50382	71214
58829	69792
61118	70028
51612	75687
58610	70277
51135	70499
49791	60259
67090	72022
58761	76783
49195	73418
47533	79250
61359	80126
56724	83239
66390	70328
50693	61477
56702	62910
56755	63255
56083	74918
55034	72578
53165	68460
53507	69611
55860	68203
61992	67439
50661	61145
60000	70095
57122	70866
55084	73141
59325	80328
52524	56457
47564	68556
50940	74127
57536	69812
58905	63854
55302	77636
52890	71226
57568	55401
59790	81538
58525	62832
56263	75966
56862	72283
56141	61243
53636	78650
55393	71470
49394	77124
56470	62847
60918	62300
52289	69475
48778	71115
53595	71285
54052	68788
57507	76646
54946	62979
59529	63688
56764	66036
52249	78909
55734	72800
56561	72929
45195	63512
60360	74605
53804	73038
60853	64865
52623	62104
58744	74381
56249	82323
59386	64782
44522	81031
52189	90191
56350	65553
63412	67760
57511	83749
54051	74961
49406	75581
55261	79416
52544	83582
59769	74864
55782	62801
60109	64070
52202	67345
53412	70518
52054	64462
55872	79627
54728	59087
55522	63059
60439	80095
54504	69931
53891	78601
51152	69190
52155	60993
42804	57579
52545	67209
56793	77481
56611	58573
47540	67309
52728	69902
55011	71646
54748	67697
58414	70463
52462	65371
53221	63763
51784	74813
57141	75479
55415	77756
52755	61067
53049	62430
56751	82038
53766	68250
55788	71840
52575	55221
53535	74515
58822	66632
57510	67762
55423	87914
51948	69641
57744	69125
59155	69867
55652	71125
52842	79069
54970	66920
54326	74867
54456	77617
45631	74355
59428	64961
60227	78100
57440	60963
50568	61614
51624	65198
54294	75455
51694	86314
58173	64202
54839	60728
55536	71222
59729	66474
57239	75505
54964	80179
51831	73499
53318	72007
60116	82810
55569	68969
58798	88759
53260	76962
51713	71613
53582	73385
52438	69367
52271	79979
49675	74813
56670	73036
50368	70097
50281	74391
54252	54759
65863	63026
55841	72245
55323	67071
53063	78877
56437	64483
54005	58319
48231	85978
55558	65823
57708	65921
55335	86076
54015	68728
58515	62255
54984	96461
59975	81361
55669	67808
53832	71453
55661	65755
58307	78092
57891	69044
61613	68335
57503	68981
55417	69033
45350	92131
64211	69760
62164	70950
56108	79964
55983	63615
58954	69038
54280	81192
61182	63151
55601	65708
49853	73684
54355	61808
59314	77332
57822	70139
64962	59915
55537	62536
48171	74045
58680	72631
52748	64315
56859	69142
51729	70019
52170	71610
54606	64132
51084	63753
60206	69488
49064	72932
51746	63745
47151	74758
56513	73380
52959	82598
62079	84261
52869	70110
54593	87353
54462	70831
51795	79047
58947	68539
58494	67782
56646	77996
48365	75226
56552	71453
57560	61089
51610	81902
55581	72274
58661	67853
56172	61545
49538	59898
56811	68584
49535	66195
58128	68336
58660	59426
59572	65785
47144	67764
53380	77408
58732	78501
52649	67997
57907	72746
57859	62978
56336	73031
49842	58005
54571	64853
51008	65746
56955	69911
56046	71590
59176	63861
57018	80766
56074	60107
52873	61661
65017	56630
53106	72123
57079	75614
53708	71353
56544	73716
57773	72868
54577	72079
55918	70228
51524	71827
49471	70941
50729	77173
54421	77455
52880	86318
58178	70706
54940	70790
52851	66590
51425	60172
53016	62389
55387	72222
54521	71589
57950	64553
55613	64870
54394	67530
54011	63031
55756	84817
58037	75100
52785	68028
49271	74795
53173	82558
58764	65269
62046	59605
49210	68223
52588	68761
55054	74185
57544	60330
57345	70213
63830	68234
55303	59569
53283	65995
52466	61951
57335	66088
52895	71498
54600	57932
54001	74199
57549	71647
58082	65795
60060	87110
54342	66286
50608	63516
54183	67434
56072	62809
49043	74353
55787	77850
54858	55280
55145	77086
56222	65056
59911	70080
50038	67532
54438	80224
59380	65297
52077	74489
50884	81537
60449	78164
53309	70429
62442	69350
51092	56620
51968	65059
54136	84359
51925	58269
52326	51570
52429	72254
58054	86478
58137	80774
53312	65386
52348	73099
53824	74265
51952	68019
52132	70532
53216	79893
49954	79463
52845	70058
64978	70589
55872	73405
57127	70311
56668	74550
56300	72230
60100	73197
57838	76426
54594	71114
58759	68549
57881	75679
59880	84577
55298	65117
52341	66638
64774	80816
51134	69934
52563	73349
55373	61591
54179	70185
52537	78725
48668	75447
51750	69420
57965	77435
53836	67584
55155	73782
53927	74072
62308	72476
49633	61785
53221	79423
57598	71967
59579	72217
52803	64369
57184	64408
62877	71637
61246	64205
53821	55159
50077	68673
50103	79317
48368	76074
49541	70463
48439	59407
53959	68175
57438	75754
57995	78935
58698	62259
51946	74942
56043	74373
57245	66026
53197	56218
52159	68395
58747	66210
53022	67481
56136	79613
50078	67035
52410	61887
56063	60133
48770	74849
55636	75587
53058	77154
55789	67985
59890	81402
62437	76930
51734	65815
59546	77115
58354	81342
54535	64067
56015	62616
47358	70352
55713	59271
57893	77185
55509	64455
49554	74028
58544	76884
53875	67199
55438	74661
51387	58921
53255	72958
56790	83118
54925	65188
62877	56940
50264	69670
54525	65799
55835	58258
54371	65079
56474	62495
57976	65899
60362	70852
48242	72197
53792	78425
49825	74788
52435	69247
58535	69787
59554	66780
52451	67297
59929	62618
54518	68767
60930	68298
55757	77528
49980	63006
58422	70460
58364	85553
56472	65540
56619	71166
56621	71682
55670	66835
56409	65928
53695	63209
52579	73978
47761	53696
52988	71138
60369	68204
55340	74229
48660	78971
47853	62890
53900	73425
52291	82675
53671	87484
55171	81688
61050	72597
52746	66381
52778	61902
50687	55307
55346	68277
55754	77487
61943	64898
54640	81879
56382	76437
55276	71913
54582	85445
54392	71098
60072	68272
52609	67197
56345	69604
48658	58929
56637	71795
54583	82360
51842	68001
50697	70234
57000	68241
58978	81491
