26684	37392
26516	30097
28789	35001
33712	30039
27655	49735
27933	37178
25883	45011
26090	35001
24767	35586
26341	38930
19635	36678
32291	32483
24754	34808
26103	31627
25855	34553
29800	35244
22697	37790
32310	42950
32256	47230
27593	31954
24173	34021
30863	41015
27759	42042
30613	32135
28287	32785
28500	36529
29039	48539
31578	34449
30356	35265
23295	26329
24056	24540
27128	29860
23839	26078
25668	30506
23630	24638
28699	25716
29659	42339
27666	37816
29820	40950
27334	35203
28983	30981
24966	32344
29553	34802
29725	34215
30981	37019
26372	38315
28084	32707
31161	39965
24191	29117
31367	36091
26459	32995
27226	34084
24691	36540
28681	31605
27189	41897
33851	29044
25495	31897
26137	34892
29089	35117
24844	33203
29080	34324
21503	31887
25039	38372
28821	55563
35057	43104
22680	35563
28919	33246
22706	39147
19204	37731
22089	29060
31974	32743
31697	35862
27391	32542
28514	32386
27684	37686
25627	28935
20437	34251
28266	35734
24698	32268
29997	34462
23177	34652
23769	29696
29365	30115
24691	36924
30003	37218
30550	36614
32007	32472
28441	41159
24733	32430
26552	28527
22328	36105
25113	30849
34753	29160
22802	29480
26295	41966
27386	62264
27600	30480
30488	41772
27331	45438
28039	28707
29570	34339
23121	29409
25215	41143
22890	41923
29585	30142
28820	26126
29057	33652
28668	38294
26724	33438
29561	31837
27845	32856
25638	39401
28546	36402
23479	36686
27619	46542
22095	35778
30033	37722
29640	33698
28414	33779
25269	41926
23264	31782
25219	37739
26090	37514
28861	34682
31945	39408
29625	36692
29698	41741
25150	37344
25465	32729
28198	27797
25407	43543
27016	37599
31027	35397
29696	41880
21770	31402
27639	33208
29759	42008
25391	38762
32798	32174
28973	30992
23433	29035
25624	32876
27582	29805
27025	30352
24963	34085
27783	33925
26582	31539
29675	55224
22497	28451
21331	33292
24590	43506
27017	33667
30509	39492
22173	29386
26952	33584
28343	27121
29377	35931
24604	37180
28869	46281
28133	39490
24314	32033
32391	32484
27404	31972
24026	25290
25381	30253
26717	36319
31489	28733
26630	41553
30104	47407
23927	32722
22602	34695
27965	30318
27654	25398
28049	32505
28212	35013
27217	30623
28106	31476
29794	41751
23930	34654
26110	30784
29842	31580
32738	30836
28845	25466
22334	32842
27663	30219
28163	36038
26478	30393
27462	33118
32066	28983
27881	31063
28611	26675
24228	35443
28463	32346
29214	36277
27248	29388
28589	40630
23555	37837
26745	42751
24728	34832
27678	40196
26391	29309
24454	26790
28205	33618
31237	41002
32981	35460
28221	40236
27662	38680
28502	32852
27970	34826
27569	31429
23841	27423
26115	40417
29045	38786
31687	28486
28769	27173
20674	35841
26182	26379
31400	23426
27558	27531
27655	31132
23203	32100
22059	42048
25707	31117
28157	31645
27068	41847
24371	27834
27016	24985
26952	43132
31653	30757
22755	24834
30181	31326
24051	36771
24751	35700
20828	32671
27521	30484
33263	31386
29446	42111
23340	35572
24020	36285
24335	35540
30768	42178
28320	35371
25505	26267
24085	37664
25108	30079
27070	35543
26697	40223
31990	37758
27798	28774
26991	35025
26941	38551
21997	33335
31455	37400
28692	28772
23788	32321
26244	38792
25437	34781
28696	36586
27537	38092
27670	31918
30050	35881
26654	34669
29129	35967
27264	39487
22830	41104
24900	38604
24056	31835
27829	28866
31133	36188
28264	32985
31893	31226
26563	32908
27282	27928
26012	31668
26609	31422
21591	34227
23036	32779
28608	31006
27573	44755
23808	35806
25964	31023
32652	28990
25606	29792
27132	42175
25027	36371
32074	39755
29011	33977
31127	35594
27502	41038
27923	33859
26992	39957
23949	35675
27077	28382
31553	45417
23485	35539
24901	32615
25545	39012
28673	38134
23870	27457
27744	38818
28633	29812
26707	39716
31416	40524
23651	29135
27584	43084
23573	39886
27240	36853
27207	44388
30754	35729
30296	30809
24170	39243
28220	40167
26422	28191
26478	32536
25688	40451
24195	36781
22634	30749
27589	30179
25527	29170
28189	32322
26116	32062
19693	37396
28152	31809
27888	36414
23924	36536
26456	33550
30931	35481
28275	43531
28534	41399
24202	27130
29677	31847
27755	30174
27853	37318
24557	29933
25214	34218
26022	39237
32508	33037
24614	38135
31323	31685
25483	30684
27081	43194
32120	27603
28232	35325
29939	43822
27250	30327
32745	37578
26376	32897
23846	34587
28018	39572
21666	29321
28766	35606
28260	34600
28290	28041
24834	31631
26904	28950
28780	28298
22855	41191
31405	33492
24446	29373
30915	46363
22833	32150
22728	29871
29292	25519
25709	29944
35219	52680
24255	31372
24745	32058
24019	43884
27893	37003
24727	29829
25696	39216
28651	33761
25311	35115
24330	30915
26264	35548
25269	36335
22963	33592
22662	39611
24942	33088
26540	36428
31678	29608
30198	30884
26923	32939
20747	43186
26833	28379
26604	31110
30149	40259
25280	28547
27426	31164
28693	37214
24817	31007
24076	30407
28967	32609
21641	28181
23458	38407
26479	32271
23460	27873
30799	44070
27067	27724
28702	41781
30098	32501
32267	42332
27322	30146
26962	37012
26554	40049
31595	37962
27095	36931
26244	31573
28837	31906
21899	36977
32621	36513
30527	48150
29252	38199
27274	32278
26101	39163
26435	28553
29658	25877
22968	34385
24679	22229
24253	37366
26238	26440
26186	33467
25288	23982
26063	43655
22827	45087
33904	32860
27908	32825
32399	34580
27100	34560
29943	41306
28899	30103
28385	34431
28890	33274
25534	37780
24711	29641
29942	30235
27716	40874
27363	31556
25987	36933
28557	30439
22525	29601
27546	33734
30032	40404
26447	31140
27819	37771
26979	38117
21978	34482
25590	35937
33863	39214
23434	36574
25273	30226
28631	30782
25122	43417
25645	41743
26449	32929
25907	38776
23746	36450
26749	28984
31017	35265
27388	32179
27853	41430
34038	33119
25500	40666
27018	41286
23502	37742
29541	34189
23580	43122
28085	41475
27406	31949
26354	31222
22749	27372
25860	31672
27853	29208
29589	41696
24412	31699
31462	31395
27995	33964
27118	40687
25170	38859
24115	42960
24382	39582
29776	34080
24460	34594
21219	26919
22377	41688
26937	40207
26672	28194
30325	35368
26776	30597
27477	34734
23704	39434
23040	32107
29245	31195
22633	33619
29513	39383
22660	36210
26639	29489
30012	36196
31984	26875
24315	31086
