91	0	91	0	0	0
1207	504	1207	504	0	0
423	521	423	521	0	0
948	931	948	931	0	0
430	342	430	342	0	0
555	1565	555	1565	0	0
1411	481	1411	481	0	0
1508	973	1508	973	0	0
590	765	590	765	0	0
560	1676	560	1676	0	0
429	187	429	187	0	0
47	207	47	207	0	0
111	228	111	228	0	0
751	1171	751	1171	0	0
122	784	122	784	0	0
925	129	925	129	0	0
284	1254	284	1254	0	0
63	547	63	547	0	0
1400	1354	1400	1354	0	0
885	1376	885	1376	0	0
5	55	5	55	0	0
2425	2	2425	2	0	0
772	105	772	105	0	0
964	260	964	260	0	0
517	406	517	406	0	0
411	264	411	264	0	0
744	2294	744	2294	0	0
648	632	648	632	0	0
1050	209	1050	209	0	0
197	472	197	472	0	0
1653	882	1653	882	0	0
413	131	413	131	0	0
347	372	347	372	0	0
247	708	247	708	0	0
565	1853	565	1853	0	0
1044	402	1044	402	0	0
283	351	283	351	0	0
92	206	92	206	0	0
1532	148	1532	148	0	0
1062	63	1062	63	0	0
44	169	44	169	0	0
517	0	517	0	0	0
427	216	427	216	0	0
259	791	259	791	0	0
117	203	117	203	0	0
1496	190	1496	190	0	0
615	1028	615	1028	0	0
648	531	648	531	0	0
1230	868	1230	868	0	0
620	1050	620	1050	0	0
482	1347	482	1347	0	0
172	907	172	907	0	0
345	192	345	192	0	0
336	77	336	77	0	0
755	371	755	371	0	0
1911	1966	1911	1966	0	0
426	54	426	54	0	0
1374	0	1374	0	0	0
774	1176	774	1176	0	0
588	691	588	691	0	0
1019	1798	1019	1798	0	0
306	922	306	922	0	0
233	1351	233	1351	0	0
4435	948	4435	948	0	0
599	1590	599	1590	0	0
226	452	226	452	0	0
228	602	228	602	0	0
904	1122	904	1122	0	0
629	1929	629	1929	0	0
340	667	340	667	0	0
997	329	997	329	0	0
21	83	21	83	0	0
435	1117	435	1117	0	0
517	108	517	108	0	0
339	11	339	11	0	0
603	2081	603	2081	0	0
118	619	118	619	0	0
1026	25	1026	25	0	0
668	1944	668	1944	0	0
1430	1828	1430	1828	0	0
538	186	538	186	0	0
475	137	475	137	0	0
171	749	171	749	0	0
221	1324	221	1324	0	0
63	287	63	287	0	0
287	112	287	112	0	0
1125	2146	1125	2146	0	0
3	37	3	37	0	0
449	40	449	40	0	0
580	1023	580	1023	0	0
303	128	303	128	0	0
153	543	153	543	0	0
339	11	339	11	0	0
333	230	333	230	0	0
1359	590	1359	590	0	0
6	62	6	62	0	0
1080	1035	1080	1035	0	0
392	1126	392	1126	0	0
244	170	244	170	0	0
1307	148	1307	148	0	0
367	100	367	100	0	0
660	2028	660	2028	0	0
1583	153	1583	153	0	0
718	782	718	782	0	0
1316	590	1316	590	0	0
1365	1084	1365	1084	0	0
2778	420	2778	420	0	0
503	98	503	98	0	0
378	3223	378	3223	0	0
634	1019	634	1019	0	0
333	694	333	694	0	0
1476	771	1476	771	0	0
1773	687	1773	687	0	0
551	1643	551	1643	0	0
1290	960	1290	960	0	0
874	423	874	423	0	0
409	13	409	13	0	0
187	16	187	16	0	0
187	759	187	759	0	0
917	1195	917	1195	0	0
172	140	172	140	0	0
1400	1282	1400	1282	0	0
431	1805	431	1805	0	0
779	1189	779	1189	0	0
543	1153	543	1153	0	0
997	0	997	0	0	0
155	69	155	69	0	0
258	309	258	309	0	0
57	13	57	13	0	0
388	378	388	378	0	0
660	1565	660	1565	0	0
400	1671	400	1671	0	0
2030	987	2030	987	0	0
400	39	400	39	0	0
1101	1903	1101	1903	0	0
1286	811	1286	811	0	0
289	2005	289	2005	0	0
594	1434	594	1434	0	0
344	116	344	116	0	0
96	20	96	20	0	0
831	85	831	85	0	0
505	71	505	71	0	0
604	21	604	21	0	0
354	1104	354	1104	0	0
2466	7327	2466	7327	0	0
1085	2840	1085	2840	0	0
883	309	883	309	0	0
454	2440	454	2440	0	0
86	399	86	399	0	0
884	737	884	737	0	0
626	19	626	19	0	0
1402	1140	1402	1140	0	0
561	2047	561	2047	0	0
482	275	482	275	0	0
106	206	106	206	0	0
1048	1202	1048	1202	0	0
1516	1726	1516	1726	0	0
1629	335	1629	335	0	0
343	1332	343	1332	0	0
724	1488	724	1488	0	0
498	251	498	251	0	0
431	585	431	585	0	0
967	0	967	0	0	0
794	1549	794	1549	0	0
1809	4	1809	4	0	0
775	620	775	620	0	0
569	371	569	371	0	0
343	3207	343	3207	0	0
886	69	886	69	0	0
693	904	693	904	0	0
938	598	938	598	0	0
183	27	183	27	0	0
1503	365	1503	365	0	0
566	783	566	783	0	0
797	166	797	166	0	0
79	298	79	298	0	0
1089	1321	1089	1321	0	0
255	22	255	22	0	0
420	2303	420	2303	0	0
1575	269	1575	269	0	0
613	96	613	96	0	0
606	112	606	112	0	0
171	1115	171	1115	0	0
1455	4719	1455	4719	0	0
890	1167	890	1167	0	0
270	523	270	523	0	0
781	595	781	595	0	0
350	3249	350	3249	0	0
496	767	496	767	0	0
2201	1655	2201	1655	0	0
2478	216	2478	216	0	0
375	1741	375	1741	0	0
597	431	597	431	0	0
644	1561	644	1561	0	0
1998	166	1998	166	0	0
2127	1077	2127	1077	0	0
148	25	148	25	0	0
454	110	454	110	0	0
620	1157	620	1157	0	0
148	445	148	445	0	0
470	12	470	12	0	0
673	2055	673	2055	0	0
69	233	69	233	0	0
933	309	933	309	0	0
307	91	307	91	0	0
2104	111	2104	111	0	0
798	1834	798	1834	0	0
2466	673	2466	673	0	0
3	49	3	49	0	0
613	588	613	588	0	0
621	662	621	662	0	0
395	282	395	282	0	0
878	357	878	357	0	0
901	189	901	189	0	0
2405	7	2405	7	0	0
1127	3	1127	3	0	0
363	241	363	241	0	0
2223	1138	2223	1138	0	0
132	370	132	370	0	0
447	315	447	315	0	0
673	2055	673	2055	0	0
742	156	742	156	0	0
184	307	184	307	0	0
254	485	254	485	0	0
250	329	250	329	0	0
437	386	437	386	0	0
513	1490	513	1490	0	0
851	426	851	426	0	0
489	455	489	455	0	0
306	116	306	116	0	0
1051	4672	1051	4672	0	0
1243	1479	1243	1479	0	0
339	11	339	11	0	0
1308	768	1308	768	0	0
140	464	140	464	0	0
461	16	461	16	0	0
1542	2975	1542	2975	0	0
1087	1418	1087	1418	0	0
1180	1029	1180	1029	0	0
61	532	61	532	0	0
134	292	134	292	0	0
143	14	143	14	0	0
234	38	234	38	0	0
918	1300	918	1300	0	0
526	67	526	67	0	0
1612	969	1612	969	0	0
1501	691	1501	691	0	0
729	1860	729	1860	0	0
1017	1453	1017	1453	0	0
428	344	428	344	0	0
1155	882	1155	882	0	0
190	149	190	149	0	0
1070	3	1070	3	0	0
852	4245	852	4245	0	0
2099	5	2099	5	0	0
1213	148	1213	148	0	0
439	0	439	0	0	0
367	1117	367	1117	0	0
83	911	83	911	0	0
3467	589	3467	589	0	0
404	303	404	303	0	0
178	802	178	802	0	0
841	259	841	259	0	0
321	1131	321	1131	0	0
837	0	837	0	0	0
5	36	5	36	0	0
341	886	341	886	0	0
1367	406	1367	406	0	0
272	282	272	282	0	0
2355	142	2355	142	0	0
353	251	353	251	0	0
1495	1297	1495	1297	0	0
1444	33	1444	33	0	0
2625	811	2625	811	0	0
417	248	417	248	0	0
20	446	20	446	0	0
91	140	91	140	0	0
84	259	84	259	0	0
424	185	424	185	0	0
291	287	291	287	0	0
750	56	750	56	0	0
1794	117	1794	117	0	0
2415	1277	2415	1277	0	0
670	7	670	7	0	0
1101	569	1101	569	0	0
312	3728	312	3728	0	0
1646	2300	1646	2300	0	0
3384	1002	3384	1002	0	0
3268	1992	3268	1992	0	0
777	452	777	452	0	0
1324	138	1324	138	0	0
303	237	303	237	0	0
1960	115	1960	115	0	0
137	134	137	134	0	0
81	17	81	17	0	0
184	23	184	23	0	0
1214	670	1214	670	0	0
319	1103	319	1103	0	0
546	46	546	46	0	0
932	163	932	163	0	0
251	167	251	167	0	0
480	904	480	904	0	0
816	1294	816	1294	0	0
892	310	892	310	0	0
535	0	535	0	0	0
521	99	521	99	0	0
367	100	367	100	0	0
479	241	479	241	0	0
240	604	240	604	0	0
562	98	562	98	0	0
731	2	731	2	0	0
166	4	166	4	0	0
29	161	29	161	0	0
169	244	169	244	0	0
37	485	37	485	0	0
496	852	496	852	0	0
399	1024	399	1024	0	0
441	409	441	409	0	0
505	423	505	423	0	0
495	262	495	262	0	0
888	2074	888	2074	0	0
751	3256	751	3256	0	0
414	441	414	441	0	0
149	1208	149	1208	0	0
908	2494	908	2494	0	0
444	1789	444	1789	0	0
1079	2748	1079	2748	0	0
297	265	297	265	0	0
310	414	310	414	0	0
421	939	421	939	0	0
528	45	528	45	0	0
355	490	355	490	0	0
1111	23	1111	23	0	0
554	856	554	856	0	0
323	1133	323	1133	0	0
476	1759	476	1759	0	0
509	169	509	169	0	0
57	13	57	13	0	0
1234	367	1234	367	0	0
845	25	845	25	0	0
524	412	524	412	0	0
958	3383	958	3383	0	0
621	357	621	357	0	0
1546	488	1546	488	0	0
267	8	267	8	0	0
343	33	343	33	0	0
648	301	648	301	0	0
246	806	246	806	0	0
1921	578	1921	578	0	0
432	1110	432	1110	0	0
1053	2407	1053	2407	0	0
270	835	270	835	0	0
784	695	784	695	0	0
2172	2110	2172	2110	0	0
827	430	827	430	0	0
2111	1378	2111	1378	0	0
421	1482	421	1482	0	0
1589	3269	1589	3269	0	0
1731	189	1731	189	0	0
1795	3143	1795	3143	0	0
5	55	5	55	0	0
1239	82	1239	82	0	0
490	1873	490	1873	0	0
737	9	737	9	0	0
359	955	359	955	0	0
505	71	505	71	0	0
485	423	485	423	0	0
1081	1475	1081	1475	0	0
1019	36	1019	36	0	0
121	136	121	136	0	0
1779	867	1779	867	0	0
452	2634	452	2634	0	0
208	51	208	51	0	0
802	371	802	371	0	0
1216	184	1216	184	0	0
306	41	306	41	0	0
1106	710	1106	710	0	0
1030	0	1030	0	0	0
507	1565	507	1565	0	0
536	1133	536	1133	0	0
47	207	47	207	0	0
1849	207	1849	207	0	0
144	398	144	398	0	0
1349	523	1349	523	0	0
713	1789	713	1789	0	0
626	572	626	572	0	0
1363	433	1363	433	0	0
75	11	75	11	0	0
1866	540	1866	540	0	0
339	22	339	22	0	0
333	1044	333	1044	0	0
62	16	62	16	0	0
515	1301	515	1301	0	0
252	1087	252	1087	0	0
1242	100	1242	100	0	0
710	3	710	3	0	0
567	1708	567	1708	0	0
322	366	322	366	0	0
624	1806	624	1806	0	0
1104	10	1104	10	0	0
748	1088	748	1088	0	0
628	0	628	0	0	0
80	62	80	62	0	0
309	4691	309	4691	0	0
1232	892	1232	892	0	0
1156	197	1156	197	0	0
766	297	766	297	0	0
1086	0	1086	0	0	0
360	130	360	130	0	0
256	34	256	34	0	0
501	25	501	25	0	0
200	2913	200	2913	0	0
334	136	334	136	0	0
904	1313	904	1313	0	0
788	73	788	73	0	0
91	0	91	0	0	0
373	1741	373	1741	0	0
609	733	609	733	0	0
295	1365	295	1365	0	0
51	585	51	585	0	0
374	420	374	420	0	0
1481	350	1481	350	0	0
1215	96	1215	96	0	0
150	181	150	181	0	0
1121	478	1121	478	0	0
814	2055	814	2055	0	0
1086	795	1086	795	0	0
672	1102	672	1102	0	0
326	1104	326	1104	0	0
104	39	104	39	0	0
9	332	9	332	0	0
2450	837	2450	837	0	0
6	14	6	14	0	0
810	1106	810	1106	0	0
460	950	460	950	0	0
993	2208	993	2208	0	0
265	4092	265	4092	0	0
764	3	764	3	0	0
579	215	579	215	0	0
225	2102	225	2102	0	0
1104	706	1104	706	0	0
832	322	832	322	0	0
3604	371	3604	371	0	0
594	2581	594	2581	0	0
335	230	335	230	0	0
568	1007	568	1007	0	0
1714	113	1714	113	0	0
479	1387	479	1387	0	0
388	4321	388	4321	0	0
975	804	975	804	0	0
479	167	479	167	0	0
1978	18	1978	18	0	0
63	40	63	40	0	0
262	1190	262	1190	0	0
507	231	507	231	0	0
569	1104	569	1104	0	0
542	862	542	862	0	0
305	770	305	770	0	0
209	3148	209	3148	0	0
2324	1347	2324	1347	0	0
685	1283	685	1283	0	0
662	80	662	80	0	0
1334	1202	1334	1202	0	0
3586	252	3586	252	0	0
119	970	119	970	0	0
1535	183	1535	183	0	0
733	1386	733	1386	0	0
969	2102	969	2102	0	0
425	1164	425	1164	0	0
431	360	431	360	0	0
983	371	983	371	0	0
1808	100	1808	100	0	0
431	5	431	5	0	0
0	126	0	126	0	0
1562	99	1562	99	0	0
314	728	314	728	0	0
144	398	144	398	0	0
1116	402	1116	402	0	0
404	534	404	534	0	0
546	415	546	415	0	0
26	280	26	280	0	0
498	359	498	359	0	0
1309	637	1309	637	0	0
209	274	209	274	0	0
856	313	856	313	0	0
1237	1544	1237	1544	0	0
94	416	94	416	0	0
1652	672	1652	672	0	0
3	172	3	172	0	0
456	174	456	174	0	0
601	729	601	729	0	0
259	791	259	791	0	0
1280	2748	1280	2748	0	0
1642	156	1642	156	0	0
97	130	97	130	0	0
133	110	133	110	0	0
1335	1136	1335	1136	0	0
1035	839	1035	839	0	0
140	464	140	464	0	0
409	234	409	234	0	0
