392726	502991
380511	497033
383796	486614
374111	498210
380490	482894
380477	494949
385913	492641
389946	506154
390376	499366
401047	516051
388749	503461
388599	503227
391864	474345
399950	505428
392895	503330
389577	502992
396479	497281
386575	497685
393759	485792
393175	516051
389407	487401
390012	501491
398822	520230
395839	488119
394440	515067
381312	490511
387654	500826
387782	526886
390502	498062
392259	513739
398524	493812
389677	491129
387388	493885
393923	477105
391399	505252
382603	513279
389742	498765
391365	504426
389866	502014
402945	485073
391201	503943
384168	506051
394098	497758
391687	494117
379618	499535
398535	511365
390040	496374
380234	494000
392694	508009
398962	507893
368510	498495
395638	509074
398274	506584
394217	497311
380793	481846
386343	492192
375525	501208
395303	511397
390506	492904
388919	505864
381194	487612
389057	492175
394483	470283
390217	487594
382998	487651
389162	510903
389141	494581
381763	500632
394307	487407
392916	503975
388407	505629
381529	525328
391128	505071
390691	491749
386519	502115
386563	513074
394815	491121
391276	489822
390570	519941
385797	501470
389608	514364
390724	498187
389153	508505
387684	500183
391354	495998
390314	510751
392332	484760
378976	493946
387143	514456
383654	501879
402319	512919
385614	513175
392623	518780
384497	501079
385172	504623
395766	474339
382118	509043
389782	496354
385480	485761
385668	508498
396634	492536
380197	500386
390078	495115
383585	496956
386084	514264
385410	515875
393362	497425
392764	495110
396481	486397
390774	496707
384479	488165
387499	506043
391426	472551
389530	494796
400267	478564
395231	483738
384460	481807
389644	486612
390817	498617
384193	498345
394637	516229
397370	499734
384967	490270
390243	499981
395743	482901
382637	509489
392224	507155
390515	488963
392781	501502
392633	497208
398768	501600
405163	495482
384651	505553
388466	459890
403059	522371
390954	505871
390306	509392
381523	488496
384503	500704
383655	490724
403266	506747
394835	520197
391911	497655
393860	501842
390886	492384
395560	516513
396285	518393
384298	490205
391568	492521
388894	518795
393440	496994
388538	494372
391081	514781
389741	510457
388830	491160
394040	505503
387085	502765
385039	506399
389045	497793
377495	501947
388482	505674
380789	497926
385736	485057
390920	493344
391253	518608
393144	496348
381467	514873
390440	498121
386460	505003
391538	501537
399084	479208
392750	495287
385544	520459
392542	505177
386904	496501
395148	502248
388308	495830
385564	499494
389785	502981
392175	485374
389097	497017
386345	474514
384802	513749
396719	511123
386015	501332
384882	490921
394256	493980
392304	504960
380683	505841
397876	510507
389968	490981
390762	514561
382450	512491
392026	507385
391502	517409
393510	485460
387811	506067
389554	501394
394334	492406
391275	494642
389959	498518
389552	485253
389194	497908
383255	504721
375219	465482
388040	491226
382070	483783
398620	507421
391440	513453
382409	522908
380490	505543
382589	479128
388619	489979
381819	494238
395899	486512
386244	500675
372973	498963
387122	500536
390997	508654
383466	502533
393957	487332
384892	516710
384260	497072
389138	498151
392669	507570
388201	500066
394493	504917
386415	511839
385043	519148
396718	499627
386091	508984
393751	489946
390080	495926
405664	499284
385937	520333
383888	495618
385630	490088
399643	506863
395510	492647
393707	505820
394750	494678
389097	488878
400043	479149
382456	496729
395503	495296
391312	496904
393355	492842
396813	486846
382353	506915
380712	504068
387621	491141
391322	484115
395778	501280
384135	526241
397842	476648
395158	479298
387278	506937
388215	488772
382483	498911
397065	493608
387287	520001
402019	508568
387693	490503
386168	504744
393722	505033
385900	498667
388841	506812
396225	507230
382303	494272
380035	506594
391641	480714
396364	511507
385117	507721
397048	514487
401470	501063
395475	515445
384721	503755
383819	498934
382388	494421
389562	513250
387441	517378
388522	486883
388564	488055
401431	518339
393740	480972
389348	494469
386222	500417
384334	494093
391311	484228
397803	494237
394734	481578
388898	477756
385955	487196
372460	480876
390581	505473
391527	504766
395999	496916
383402	500628
387210	509596
391521	485919
386028	514351
391388	507824
383568	496036
389155	508097
390209	483231
385667	503933
385631	498547
398777	491876
390289	490304
391664	506873
381759	506432
393316	481833
392707	509657
386861	501396
391409	512989
380891	490316
381830	496393
383691	494955
394776	513807
384914	497876
387591	515421
388624	502297
396366	516788
388987	493043
385174	480468
381874	509854
386389	471221
389840	481703
392643	507102
383815	507278
385722	526104
385025	494766
387601	477409
384466	529683
390413	497201
389576	506819
384736	509287
390549	472803
381605	489229
395024	496279
385805	490317
393961	497351
382651	495296
383017	492084
375440	493388
392065	505923
378156	491274
386656	481553
394997	486505
400310	526608
387685	484060
378862	485516
386482	498721
391356	508853
390119	509587
393649	483076
392978	484612
388422	487665
393588	494993
383141	470199
396210	504533
390281	522835
382062	521767
394078	508654
382586	496252
389863	502825
384063	486005
396073	485192
397020	497289
387928	495086
395351	498416
387168	501041
401679	508645
395807	503438
389665	486738
402289	495873
398660	494194
401183	494519
390521	481512
389018	492112
393638	496989
393070	512204
383524	487162
386806	476764
395984	496226
395198	485547
383042	482970
396148	503074
392235	494251
388692	479212
389579	509473
395359	493916
386182	495100
386834	495596
388968	496705
393702	510346
391089	509238
399274	487534
397777	495527
388991	487747
391431	516580
384588	488284
375707	483579
386246	486992
392897	514693
383690	483118
386636	486475
390404	506338
392028	498019
397201	499806
386357	496082
386217	507480
386722	487091
400157	508528
393229	489515
386664	484918
393286	506732
393404	492512
388284	499165
384601	500823
391974	500722
384830	498083
398639	509129
389746	482409
382007	472492
390890	510877
377615	502340
395815	509744
389891	507401
387625	498880
378455	497410
394392	493664
381995	484535
395755	504541
387222	513650
388234	513364
388179	504537
395521	480742
394403	508564
376859	506668
398023	507127
393921	506731
389212	511354
388157	502365
380963	495371
388384	508308
385935	502822
394806	515718
383779	511585
387327	493674
395247	517725
379230	500013
380757	507626
391243	493797
381886	516853
395529	507416
398338	505498
383168	489057
389872	522341
392749	499076
380238	480731
383005	499102
397132	493010
388974	498740
392699	492423
398832	511039
389902	485293
388318	492648
398471	510620
393869	509084
380577	491999
390086	485950
395013	504859
390169	501836
390561	501137
382739	498457
389359	480893
400154	485820
395493	508708
391169	501019
400373	498591
390565	519971
391754	490612
390674	487520
376068	487189
390343	496924
385405	491210
385729	499048
388238	478598
392360	498586
379198	497745
394011	510414
389851	498418
389876	498096
390748	498664
388646	502972
396231	511592
394789	496740
386456	509960
383817	490134
