83598	102231
80790	100518
87515	109272
74522	111870
79371	103701
88789	101287
80082	124637
89384	117358
78801	104221
88762	113803
79483	107376
81706	116544
82215	104935
101239	119842
89578	127142
90013	119721
83170	115438
82433	115229
83425	79953
88363	130799
75946	110572
104189	147388
82984	108194
87769	104968
86600	116213
82777	113665
88549	126625
95027	107924
76248	96055
86749	105073
75657	102150
103291	114494
81747	109627
96953	99512
88515	119798
81945	108626
90799	108621
79026	105900
92613	99548
103419	118556
86741	103341
87328	118564
93475	111494
111314	108390
80362	116604
83202	101703
81170	120184
82636	106335
96723	106496
90264	111623
78211	95509
101117	123922
92759	125364
87279	104428
85429	108934
96515	124114
83093	120822
95048	137918
88877	100623
87696	100686
102630	125803
87238	121084
96397	117467
79874	109063
82836	116995
84566	109606
84267	102001
81764	104152
83854	117869
75224	113279
90418	124054
82117	104780
75681	109127
82776	104992
86100	118866
89326	135417
84312	118945
92511	103066
90740	134083
89211	121586
87150	122815
95141	115071
99215	124934
84417	103281
94556	105368
92792	113199
80200	98958
80425	108455
85292	115411
76146	105723
90849	110318
87769	112334
89811	116547
78237	98528
84042	104067
90679	112386
79516	121476
84548	93574
78229	101907
84168	102056
85639	107100
88795	97229
82224	108284
86658	123293
89734	103224
92891	124530
84576	112928
95108	103017
87479	117370
83068	108570
78351	98125
81106	109335
83787	106514
103121	109341
93645	97752
93475	100768
81932	101347
92238	122492
111121	117878
110751	167448
88062	107466
80886	119697
89519	96437
95358	118250
106285	112289
77756	114175
88031	108642
82335	114626
80087	100076
87151	105313
102633	119415
92673	99161
91126	124904
86708	99974
96197	113734
84896	106849
93666	124179
85289	113910
79112	111310
97181	111025
104847	120549
113139	129546
83841	108374
84686	115145
96339	123611
88885	115346
89114	109159
83293	127572
89112	96242
89662	102990
86864	94692
87035	107183
92612	108657
87252	97671
78575	97459
88877	109380
84741	124514
104307	139474
87744	115785
81214	112823
101497	129231
93418	113308
90244	94608
105752	128270
92681	118144
92553	108146
81136	113555
91647	94547
83539	105862
91522	123209
74788	96155
93699	127586
99447	131026
98564	123382
84505	120018
82335	117282
86261	109408
87743	104208
79590	107840
84349	96148
84687	99661
91757	104682
89733	133645
88057	119233
88732	121119
78442	106454
86096	95715
88127	109218
91834	123096
115188	129165
94174	118084
91480	118301
89973	109414
82631	103163
80835	110475
98343	110769
75929	106063
88279	124307
88455	125062
88207	137234
77562	101840
74850	105435
80416	114837
89285	123853
76349	105110
103541	101395
82939	94474
94195	127811
82204	111582
86864	117743
84894	98549
73303	94177
91935	100229
75560	115281
86624	103463
82376	110952
85335	107506
89270	98207
104212	141611
88607	102275
81023	87181
93713	124431
85070	101102
83721	117690
83675	110347
92533	119734
102906	125680
95738	127835
84585	120586
90210	106564
88033	126874
86383	109780
96042	98978
87873	89807
87305	111190
100370	114665
79745	105435
104419	128650
94877	117189
94423	125272
83901	103940
97365	125867
90594	107819
83086	125316
92504	90801
81734	119922
82833	111732
93245	122119
78601	111938
87175	110074
91545	119681
81450	104409
86322	122782
93146	143783
96368	103608
93085	93918
80871	101954
88675	111785
86480	94062
99487	115139
85617	125432
94788	110552
88545	117801
82052	116515
83984	95956
91373	103964
86158	100624
103246	120638
86037	121758
86149	117707
90854	111856
89195	132265
81978	107033
98831	128030
96011	112365
86682	118856
84828	113772
81536	111244
83382	114414
86284	106617
95489	121066
86355	96823
95847	126165
84859	115425
83539	112555
119187	112512
92363	105757
78878	114157
103606	114585
88344	106621
84627	85220
81783	113016
81497	107075
85734	115561
79228	109509
81168	99613
85147	101246
89965	114721
86630	105096
94330	116889
84694	106472
85205	100650
95661	151484
89358	105042
82542	102339
88046	96588
83619	111758
98245	116556
93893	123833
88680	116393
84771	96409
84577	98916
87433	120278
83804	87909
86845	100033
81937	108856
79937	94092
93961	109533
88380	114240
79699	109181
80418	111701
76778	115825
89146	116280
80615	107170
83822	112198
82757	124896
86193	114041
87804	91824
85376	110845
83051	115501
82004	139620
83205	105593
86175	89367
92543	110221
83858	110422
81067	126744
93223	116559
94884	106519
84118	109501
80765	105793
82116	108614
81684	111661
81889	111739
83943	114880
85229	112597
82159	120071
79157	120967
79739	98256
96025	120808
83306	108503
82175	112820
74636	101238
89392	117845
84517	104997
83804	111544
114996	104576
87483	118089
83251	124375
94302	108373
95351	123380
93388	106508
87716	107293
75897	119842
87555	115644
89533	128592
85900	98038
81431	109523
89022	115318
100478	121600
82498	113380
91296	99586
93978	142061
93848	118891
93185	98264
92297	106045
90526	116386
85806	94825
90929	114779
83286	101401
83731	114899
87576	107567
93541	117954
83945	97973
80921	96670
91337	114963
104904	132836
79149	96062
86885	110477
90280	100168
86402	123290
92754	138124
83482	91291
87103	113653
85908	128127
88505	113829
76542	114805
97583	133817
87697	118723
109382	103856
80565	112029
89748	123126
89011	107403
76286	109809
80732	98026
79360	130042
79211	101154
89067	113401
84112	107556
79461	101728
84201	108670
86537	104774
89498	103965
82328	112773
99901	106069
93879	118827
86329	107678
94705	111967
99335	117438
99008	118557
83965	108557
79759	108672
87427	99987
101515	116273
83022	106021
92198	112730
90208	124462
88270	109129
87201	116071
88302	124680
84473	117094
83201	126668
89875	100452
83787	109858
89905	109209
88002	118402
99871	119096
83217	122314
96388	101285
86684	102438
79449	92156
92739	123042
90390	122331
86703	103145
81638	111871
90197	117927
101852	127724
82635	114828
88211	121929
91794	149065
92725	106973
88899	117818
80916	109996
88655	106109
86257	117002
83028	91617
94170	116645
92690	105889
88908	99556
90523	122097
89144	109625
87353	116569
85290	103474
91092	133876
101368	128257
83944	120492
93401	115425
82176	117423
95324	126572
114102	147010
94652	115841
85562	106234
80690	108735
87945	111527
79379	107601
82474	112206
97306	121175
88393	103795
100041	104663
99466	118490
75923	128161
93216	104282
85505	120017
91566	107788
92558	94950
80643	111721
86587	101837
81106	106798
91291	121212
82289	107479
88597	115519
93091	116383
90607	103146
82103	108338
92250	111837
83397	105313
83597	106888
86963	117935
82315	107565
86714	111061
91096	105179
