106767	132415
116082	143603
112292	137404
110892	140960
114666	143929
108624	138821
115605	135085
116565	139363
106925	129568
103380	121467
112243	139611
109629	136094
107150	159599
103645	136752
104538	132997
115646	149967
110766	135446
110219	125483
101409	142011
106253	125594
109833	134868
108901	155669
99426	109363
98724	144343
110681	147922
122480	143263
107331	141033
113158	114527
105190	136053
110909	137599
109126	151390
112490	151084
115059	149366
107655	162849
108659	139617
115328	136789
108081	138877
104909	140035
112191	129108
95333	142346
110204	129958
113759	131547
109891	135549
107136	146930
105414	143847
111317	132815
102216	148650
115053	142016
112932	139177
104372	134579
123540	131986
112257	141501
98877	134365
102855	145834
119480	154402
113088	152587
126697	151710
108360	132233
106594	137184
111812	136004
115422	154985
115881	146921
106553	160912
109811	139923
104765	133232
111891	135449
103129	138155
115151	133273
113154	154891
116146	155031
109561	140503
110723	120316
100548	137672
103551	141540
115662	139252
113860	147877
109831	150457
119635	151544
110869	126526
120666	144239
115055	138387
115076	147214
108637	133135
113305	129473
109759	142023
111139	131154
105795	154495
115394	137593
112424	131946
107007	141906
105192	129530
112603	138542
104636	125656
115935	148442
115307	135807
111914	133636
115759	133324
105667	147903
107565	134950
114674	138152
99995	148398
118768	149280
114153	143915
119874	137525
101975	128003
112189	145857
108256	156331
109670	138952
101969	164527
108782	146131
106638	145804
117661	132471
107720	156592
110688	140607
104242	152911
109044	154132
112719	152049
119197	151339
116713	138454
123956	146877
111020	127673
108469	148209
113123	146004
105193	146833
106000	149404
113973	130557
112929	148440
108581	141059
106032	142692
104277	146622
107855	129936
99965	137796
111380	140495
113301	166155
107752	120294
109498	136918
105524	136456
114054	142972
106975	137303
116481	153841
106478	135563
111612	130277
100826	149705
105657	142689
112527	154720
107952	135426
107394	125281
115522	146186
112228	147774
113141	138579
106194	123860
110714	156679
114368	130703
114363	138221
109582	153864
108071	140517
113819	137110
121604	128419
114165	134275
110702	131556
108005	134948
112661	144601
115601	155929
111392	155235
111992	127261
113495	142418
112054	139890
101237	133043
103819	128094
107782	144870
102075	165124
109738	135982
108950	130126
112366	135561
114699	138337
109634	149030
111341	149227
113320	138512
103076	136605
112114	147340
107139	147329
110727	153845
109350	137217
107164	142754
111320	140047
108729	131973
103555	152479
107678	147339
114794	137724
104759	142304
108696	144457
114829	125097
121831	132536
110476	134860
113662	131489
109387	150638
106650	126464
111253	125072
107345	166857
110938	141376
109723	142559
109295	159214
113738	141326
114728	138625
116282	161946
115838	145390
113150	159475
104220	136164
104382	132782
119068	132811
116292	147362
115436	145968
107990	148072
107471	132514
102015	167458
114070	138338
123204	142277
108572	156159
114684	139906
109906	139058
107440	142629
118991	130258
111107	139227
101555	131990
106484	127777
116901	151713
107966	140251
115370	122722
112483	133652
102142	146848
112201	138605
104469	142003
109474	135976
107510	141776
111743	130835
110456	142739
109313	135025
115653	137237
107982	149369
106386	136676
100309	133129
110983	141935
107908	155913
115428	147527
112420	148745
111044	149129
110470	132337
102472	143851
110710	134912
116196	139012
114076	148562
105873	149916
104904	131781
116864	128618
109055	156162
106829	149593
117550	133618
111287	144800
110597	127737
112184	145233
107570	136989
111135	137952
111404	137902
114949	136044
108196	128982
108263	143228
115728	137229
110284	144643
113093	139832
114283	131047
105182	152687
102369	129772
115160	136158
114375	142435
110136	137063
105052	126912
121813	140891
116351	141399
115697	131779
111712	120210
116875	126199
103553	157195
109277	151696
101217	131765
115925	159006
117135	137555
109887	138335
111463	145916
109256	149945
109273	141644
107517	151058
115410	152024
106712	152297
119472	145804
104757	135131
102012	136905
109273	139673
114234	136490
113404	154743
109124	153016
114908	137680
110925	136159
106124	146623
113850	136092
112870	155595
124031	132682
110345	149063
102286	133552
109877	155081
110932	131555
116355	130212
98834	141553
106450	130305
115067	143195
110851	122304
116207	141472
120201	145853
110684	138173
109488	138903
113105	139818
106664	134404
120046	141713
100782	127631
110710	154958
111551	143593
114484	129666
108660	162943
108170	144601
106513	127337
113671	137928
108197	121327
106095	152882
106409	146881
113120	118923
106289	138423
110090	139451
116067	141686
110204	157110
111555	152495
110382	142938
110532	144915
106010	152560
113212	145046
110668	131767
120682	151987
103668	124968
111005	144663
110835	162924
102529	128816
108313	118361
111271	161502
117525	147108
112361	151113
108305	131710
112778	147261
108499	152070
107398	134822
107548	145436
111101	155526
109991	158946
105403	136043
118311	140886
112011	131611
110116	138595
110424	154178
114385	136926
120973	158875
108792	157066
107287	143147
110792	152999
108558	142430
112329	151928
113102	134332
108592	135907
117675	144592
108899	143038
104999	147482
106500	133537
102234	151866
106930	142442
103489	150578
109986	139997
114345	154277
115004	143932
109115	148377
105440	169758
115454	151148
100697	132132
106467	145389
110452	143361
110987	132389
104892	148075
107229	134019
118464	144242
112431	135210
106167	124461
111579	155123
100902	138671
105496	154320
103093	137284
104597	132734
111659	132909
115874	138849
110611	150158
111504	127536
104793	144499
117577	145217
107888	138630
104882	132801
105238	136830
109527	141846
110425	117617
107599	145916
100662	135793
108513	139331
111321	145094
106213	146329
110663	153855
112944	150840
113059	135190
107923	150778
113635	147352
105439	142734
110346	145204
122051	163121
109686	134342
114366	131823
107380	130955
111234	121693
115783	141004
114056	139241
100801	133340
116435	147413
101016	135957
110468	137571
106676	132106
103850	135547
107078	161237
105047	122562
121716	132648
109445	135615
105649	141237
118066	127755
104156	136779
115932	129063
115466	136583
116940	127324
96781	135997
111078	158885
112924	143899
104836	127862
115324	134865
118924	131405
108261	135179
112916	124418
112772	139118
112448	132677
109172	150083
106373	123737
115927	135514
115592	158602
107806	129655
111590	141849
115539	143439
111214	142574
106524	123636
108087	134305
113697	166359
104863	140177
104394	139467
117344	158039
106592	148268
101725	142057
101851	133514
110195	138179
109859	151513
105152	150456
109924	154598
115879	131054
111464	137028
102269	139614
110375	115392
112130	136234
112995	154743
132657	140075
116972	142451
116899	145244
115662	136700
111734	159487
112187	143190
118513	130753
114713	138469
104743	133034
115127	135832
108493	140569
109672	132374
105082	133268
96464	139095
108864	138280
119340	150113
