53045	63858
53846	69347
59056	78033
47847	78506
52423	65199
61475	64886
49629	80227
56242	71877
48649	71308
55396	75347
52864	69854
55119	79219
55082	72139
71546	76239
58510	87527
66447	90939
51126	69817
70816	84083
55631	50096
52745	80491
49773	74162
64597	99597
55033	69627
62293	73359
56811	73426
55009	72993
66291	91802
64089	69094
50777	61851
55388	78432
62223	76138
77481	75536
58110	79939
65790	67248
54623	80484
53872	76005
59948	65306
47616	66907
62812	71806
64663	76638
56258	66982
56964	77808
59031	75488
67553	69042
52467	71241
55617	65123
50122	69172
56263	81055
61996	75061
55351	74926
51063	67353
69682	93951
63911	92567
51817	68556
56491	67891
61957	91536
57628	81361
66228	96668
58759	72179
53948	57009
68328	82785
55481	80978
64161	81009
51843	66788
50478	74220
53325	70056
52918	68832
69762	73165
75733	108259
53369	80225
56596	89862
55669	72760
51315	71069
53350	67989
52733	79933
58097	83338
58538	80482
54007	66355
59927	85345
55902	85094
67203	93552
62647	78689
63040	78884
57886	61673
66280	75411
56980	73515
54413	69030
53796	73053
50685	73198
48128	73687
64761	85451
56399	79892
57731	78792
49955	51433
53156	68848
60732	74561
54773	90391
55153	57841
48664	65060
54614	74942
67176	76872
61003	64906
53108	77333
62224	86025
60523	77704
63278	102692
54216	74520
59044	68606
76497	116366
57149	70023
46345	62764
49699	70400
53883	73181
68705	74356
65372	72667
61095	64466
53508	63098
60153	77202
68990	81678
67521	98739
58531	65932
52859	70969
56681	61870
66174	86958
69450	74669
51269	79010
69207	84034
55073	83427
60158	73986
52935	64791
64908	79660
57728	69584
62594	82098
57945	63007
59493	72991
51670	70223
59777	82533
55703	77108
53201	75201
65215	73413
68031	82158
62253	78351
56775	66014
57149	69771
61657	82885
64585	74782
59929	78136
50870	75448
59054	57569
57359	67738
55211	64930
55333	58744
68230	94310
57653	59371
52397	64055
63056	74084
59793	86111
65354	95616
62121	78758
54644	77988
65198	78762
60715	69415
60802	70887
71580	86047
55942	71832
65589	83349
59609	72143
62325	59464
54158	68797
57773	80280
48326	64966
57477	87569
69318	80023
63802	78594
55366	85243
52255	76259
58440	79278
59056	76911
53958	67047
58194	69193
57445	64957
58277	69972
58886	78766
73000	101666
57069	75574
50410	78113
54779	71500
53433	69068
62947	75843
68729	87504
53608	70365
68150	75561
61557	71179
57182	79440
57943	100027
67982	76030
50022	67751
56374	73540
57308	73879
54909	84699
49112	61558
49711	74629
50488	75500
58386	78404
49977	62686
73028	67310
51043	64170
57699	76486
53748	73337
67909	88720
55778	63731
47303	57629
61581	67618
47464	66463
51155	64007
53596	72601
57997	76218
58221	64403
83513	92379
59225	70867
49260	63048
63016	85893
60829	69944
55450	80565
53914	72202
64758	66999
72420	94909
65402	95344
50939	74016
60777	66445
53832	84028
51263	67636
64050	59554
52961	58815
62653	84444
63569	78697
53031	67803
80098	96959
58518	68264
55701	80425
58128	79601
66355	86414
58733	69633
52428	79565
65900	70688
53029	82667
58489	78913
67952	84691
51080	63325
58770	76822
60249	76329
55933	67903
57111	85339
66630	94204
64507	69431
59679	67878
55578	74760
53299	77216
58263	53051
59254	70133
56130	81162
64625	73072
66717	85864
56885	67986
55323	76241
61601	55975
59317	71857
69352	89143
52194	78496
58489	75981
56862	66689
55974	81243
51807	63810
88229	141521
64310	93193
61699	93837
59757	70182
52804	69988
51307	81637
53984	68557
63652	84766
58422	64343
57177	74052
54557	82503
54993	77482
79299	90524
60964	68934
59077	89348
66331	79401
55201	80320
55844	56091
54162	81906
48542	71727
56178	81209
51978	72344
52135	64265
57155	59148
64763	75727
54176	65715
61101	79451
72372	107153
74642	95640
62575	98118
91471	115816
48398	62890
60230	65217
56514	72704
77876	87416
63297	82812
54746	79853
57235	69858
57513	71720
60824	78645
52618	58544
59830	62185
51434	78323
51836	58011
58879	68717
68534	94315
63916	103217
51345	78476
52006	72255
66793	86808
51783	66835
55910	72073
52705	83335
54232	80236
53487	53189
55746	68455
52698	78136
50518	94881
53409	75096
55868	54929
61581	78561
55767	76368
69235	119909
57618	72766
61591	77640
53625	77603
51342	71512
69605	83102
49916	70344
54155	79455
54396	81234
54132	69190
53719	74462
51512	84332
55213	62209
61447	84456
53572	66027
67005	79825
45796	64496
54676	73706
56657	65137
59523	77833
72924	76076
60341	82655
52514	82643
62024	72968
61594	78443
63734	69389
54641	69333
50626	78919
60470	75080
58586	80383
53652	67182
65517	87036
65093	78080
65436	84333
57042	81507
59896	61834
71238	100703
61977	90768
59888	63593
58884	63656
60863	81544
56253	51780
57498	73444
57495	64336
55698	72413
57944	64050
60987	85008
49250	63397
50836	53159
60546	71317
67161	82494
59269	71170
60338	75991
57965	65802
62039	85730
58605	87744
51497	58312
56981	72747
64854	90886
64468	76954
51138	77781
62451	80522
57638	83677
72396	69801
64460	77137
62472	72527
65761	75113
50120	79530
55121	67126
54139	83628
52137	62244
58741	74578
58072	68918
52148	64818
53676	64574
53320	63824
55900	62510
55852	77123
60994	64958
65097	73716
58268	75628
58897	70881
65856	72129
61577	77687
57435	69543
53303	69541
56927	62899
68380	78359
57732	70391
66810	82901
57704	75884
59789	81147
55825	77188
57047	86350
50413	72636
53705	82721
54543	65583
56056	79292
56447	75067
54654	73198
58705	79616
54973	79293
57315	67572
53875	66773
66781	67710
63339	86455
57321	76595
59347	70835
54471	68559
52479	74899
76531	108155
54974	82865
57937	88600
61945	115175
64686	78861
56796	75068
54677	75061
52727	66657
56732	74706
60678	65321
69577	88601
60706	67448
58976	66293
62392	81402
62529	70389
50087	65451
56556	61858
59987	106607
76724	95137
53580	78652
63406	88267
52179	84216
69568	95130
78098	103553
61067	69117
56248	72554
53494	77602
53060	63608
50765	67766
53568	73350
65214	75998
61681	61553
64908	62654
72595	87693
50190	84866
59510	67393
55178	75350
61953	82458
56628	67356
51026	75917
63784	63165
51534	65353
64893	81360
53038	74884
52590	72344
62912	79463
64897	72694
51846	66625
60895	83639
54853	73635
56430	77565
56633	67778
54119	74200
65677	80698
60024	68512
