59389	87186
51580	69622
55934	63246
52535	73747
45852	64718
50722	66281
55211	81429
71338	94989
54974	63763
60056	67525
56063	78451
53130	74219
55880	63286
65670	76862
56105	72203
67606	106502
57637	76990
66112	87493
57999	75080
65875	97153
52241	74353
78347	114258
54343	82547
52230	67918
59756	67692
47589	76570
72745	98170
71515	84794
52056	72883
60091	57837
59473	77003
102226	153473
48913	61538
60200	77634
61059	82666
56876	76144
55800	68896
60083	77185
53891	77956
69726	75416
55634	65922
60820	70097
60074	60632
74753	113497
54176	82168
79848	96165
55687	82400
59033	59092
70832	80583
60533	71491
53357	59608
81291	122528
66378	83295
60165	67547
51538	71254
80583	114755
52105	76496
73133	98147
54018	63252
61652	83350
69348	80073
55183	73839
65499	73800
60742	83566
54524	85256
51702	59298
61336	66583
54142	88801
52798	72165
89917	139289
55253	69942
50018	63611
49235	76532
56376	80972
60273	65032
58920	84656
62617	104189
64663	68632
67283	98800
57572	70010
51131	75632
61974	81521
61613	76085
53343	74280
60198	72201
76055	103908
55672	79421
55069	73612
60208	72485
55221	70889
71578	84499
64386	86694
99199	150952
61106	94085
60042	72284
56260	70251
50654	71917
58885	69927
53760	74328
50569	68841
54662	81639
51042	69000
69185	89304
53971	76723
61151	74336
58104	80497
61483	71832
64977	74460
86515	117387
48937	61005
55793	65566
56850	72716
49034	60976
69137	75937
56274	69017
57905	73744
54321	76448
68060	83764
70057	88297
72888	91228
50079	64199
54682	80135
58901	63527
52164	79274
56208	68902
50420	62250
85934	90124
58847	67890
58027	69552
64240	69661
58591	80492
66154	79697
58790	80825
49247	68140
67601	83643
66573	77961
82638	99541
56465	70536
52889	73569
68321	64701
70352	65372
78533	88650
52970	80599
54331	76983
61636	88722
68962	102366
80553	87107
65342	76052
54716	80369
64566	89623
59784	66331
59393	82548
91232	111655
53353	75917
53277	66736
58550	92567
58283	64329
69939	97039
55439	75909
52226	66599
52241	80518
63691	82357
77125	85340
72362	99794
57242	71277
66639	72046
46359	78092
55527	68142
68131	98613
54444	78388
52268	69208
55549	72588
78957	110399
61612	87086
60124	77718
87809	144233
89026	118747
55749	63029
52424	77547
53155	64143
74874	101458
56401	71462
57046	80716
73016	120635
58225	72530
55961	66438
56862	59956
62013	69431
57991	79811
80754	119821
60952	74898
50884	72039
53251	78247
58996	70619
55585	67094
62330	84534
56449	78291
82613	113332
64967	101174
55547	76593
52805	74737
51239	64281
53716	69542
70785	109813
49900	73968
85436	110387
59156	83540
68673	87961
57159	67803
96511	136871
57009	80666
49598	72923
56619	61651
58752	82475
60186	72330
57782	69366
50287	80462
60766	71806
67259	111441
58662	70216
61191	55623
72079	109561
50071	60779
59139	71366
56050	66178
57065	89076
81586	90922
84973	106848
59735	77001
55353	74643
59795	83338
61479	73948
62003	79275
58549	70395
61968	73792
75087	85680
54565	76397
78622	97445
60350	75614
58197	82880
58146	65613
55547	78297
59795	69583
58026	79335
63885	64464
94305	152620
57508	83619
70137	76884
49974	85187
54736	72419
56963	75533
55401	67267
60439	71516
58395	106161
68242	87685
63510	69313
64416	83386
55347	67102
56542	72767
63987	82550
64383	96416
73803	84551
61926	66569
62200	114099
70504	84668
56215	82852
64184	74475
78151	95029
59774	73254
52883	81823
61591	75651
59415	90319
56275	80432
89085	136152
67605	72854
65015	74173
50710	81497
50577	78865
52740	60916
94340	117129
61948	81798
59653	70110
58928	84475
56077	66841
72103	98263
74823	101459
54839	77964
62568	92353
60289	64647
74735	73489
61111	63471
55811	65897
57142	62525
55001	67944
56664	71270
57412	77784
80512	104823
59653	85128
62799	78289
54345	65963
76881	119038
65772	95732
61231	100639
59332	67495
61374	65205
62081	76865
55713	70452
74096	97531
57561	65822
58233	69380
53150	62583
57390	68823
60539	109684
57352	61529
52142	76034
59437	53218
54138	65561
60133	69977
92073	130172
53086	69086
59112	72271
54999	69982
65593	98416
55014	89215
51471	78738
52277	72357
59315	58254
68972	70029
72799	91454
57386	68181
51058	83921
58557	64412
55496	65010
74852	95081
54944	73914
108751	148776
53508	74667
77079	81403
56370	61541
55106	73731
46877	64386
51805	75708
51510	80323
60876	70224
55821	82127
57593	76428
55475	77324
48359	63322
67220	79633
55106	76616
57884	88031
51583	69419
54052	68578
51136	72065
71339	89471
72071	63193
54748	58421
59241	77784
60954	68751
71056	108155
55209	64004
60725	68334
61926	86713
55379	74154
53629	81669
69961	82554
56238	79176
47079	60575
80537	102196
52510	64512
55897	65066
66941	103657
74528	85473
61440	73460
60155	79005
65195	75794
61989	96464
62499	66801
51558	69627
48363	73696
63805	90163
67942	82257
61257	71930
54486	79981
64760	85904
61785	69208
57340	77385
52960	63686
53117	64784
73831	101015
68728	93761
56437	67413
52929	72788
72075	93649
76569	85054
53195	70498
77004	137637
56663	65505
65906	84926
63604	72543
57918	89980
71073	104477
52032	67300
55497	54797
51588	86456
56728	80004
66634	81532
45247	78062
50519	66803
56654	75215
52603	72827
62589	76840
51327	65398
66003	76858
68035	103504
59386	76276
60549	78759
68152	79398
71560	93659
52699	81963
56427	77736
63820	100681
63555	71436
53345	71578
83865	97804
57901	74601
59313	78499
74453	95386
59664	71493
57938	75382
60384	100797
62750	67326
50873	62252
63774	71824
59463	73883
66422	75351
62902	97286
61612	74962
59502	65641
60436	76594
53437	72713
66719	84692
55023	82556
51605	67706
56971	67730
69499	88181
62261	55559
58686	79588
62423	101620
53744	60017
62355	83998
54103	69684
58886	64466
60614	76464
51031	72293
63248	86527
69163	84907
52679	65501
62904	94626
77036	80003
74819	90788
52834	76058
74226	81565
60832	78871
53991	67890
56881	78775
58040	61251
73145	117470
95086	128432
60481	79124
54383	67003
58156	62126
74833	89327
60205	78590
54054	81514
53279	85065
57808	79347
67609	80662
75490	82101
53771	66556
58351	63641
57799	72872
85018	92644
56294	60127
57615	70044
73644	86547
48174	70832
61816	82243
54698	70296
71195	91412
54556	64406
77254	119963
66859	80143
76693	75127
52468	65469
55848	57092
70404	100782
62068	66835
49516	83787
68773	99568
