107914	127916
106966	136822
101748	137087
113291	140968
105506	144897
101287	126819
109904	129633
115079	161928
117367	139638
115336	140201
114634	146926
112371	153855
112493	133227
109342	146107
103186	140027
110681	123928
114914	149531
108552	140503
106112	147631
100298	129413
104487	120477
109460	128734
116841	141789
109816	134110
113308	155566
106210	134666
110167	128753
112217	157232
110656	144578
110364	150424
101690	124458
105806	145631
106161	148366
105878	131468
113423	151391
113995	158178
98497	147658
111646	142832
116914	148456
112770	135892
117847	162808
111405	142782
111293	157143
110316	162181
109976	139212
106750	144323
105977	133693
106492	143798
117528	147028
118329	153422
103771	154452
124616	159800
111345	158309
108630	140958
108873	145369
115975	142004
105934	133585
107359	132936
106356	135827
107625	134430
111791	139094
110564	137580
113226	142254
116643	126756
107862	135896
110901	152372
110701	134945
110625	142738
114620	137305
111453	134756
111997	134587
112641	145546
111366	136652
113674	140968
107145	134975
116234	140990
113521	136981
111119	150740
106778	136963
110032	138340
109311	155008
108424	132162
112198	138176
101906	143883
106974	148931
114068	136015
102622	128239
98760	123005
111870	135156
112691	132249
119285	137474
105119	142738
108011	136170
100958	145646
109181	133871
106593	131954
108171	132975
108389	130279
107863	147932
115176	139234
116792	141012
108749	153715
118082	142473
106492	143652
100502	133199
120584	153425
107252	130311
108120	142240
122017	145223
108878	137826
119718	130932
115946	156170
113293	138739
117212	152291
102758	151388
107621	137958
107312	132536
113593	138594
113065	169276
106943	163160
111464	148355
114277	135611
107451	141725
106021	131114
102983	141198
102061	132805
114098	144222
113438	138441
125263	141857
107955	159312
124341	128392
115972	143863
109871	146346
107655	131124
108642	142683
112293	153797
117720	143381
110557	138498
105459	152175
102084	139944
112657	127042
116211	157236
105725	135081
113077	142695
113845	165711
110624	143244
124723	162501
111296	156762
111727	142177
109609	140595
106988	133602
108535	130856
113582	154831
108753	142522
121857	146821
111840	149020
108012	142709
120527	127375
119971	139664
104703	143551
108364	140903
111372	142070
113729	157594
108920	150376
112923	131487
116357	141125
103963	147818
105567	153745
102795	143724
110444	137347
118195	143881
104681	128719
112692	143629
107628	144118
112564	146944
115528	138475
101774	142303
115288	138999
106813	140200
113407	141078
99146	129361
114294	129339
107377	138628
125276	158230
109798	138454
110621	141697
108570	131082
106722	137543
113358	143079
113441	159655
114795	135260
103164	140924
111677	141900
112125	161661
114633	143387
112548	123234
100425	139459
104770	142615
109793	121493
108310	120054
114871	158174
105277	134974
111210	141130
121067	151730
109022	139183
112984	143095
113514	142728
109498	137092
113409	165839
103112	157325
109732	141357
110456	124378
105420	143340
107984	148189
115330	125836
105464	156574
106588	141343
113635	155822
117581	146249
111521	141753
113456	156615
120533	142376
110360	138892
108022	131407
104145	127110
111240	140782
120428	138134
109867	133723
102578	163516
115693	148093
113537	153578
112696	137851
99548	134257
122321	144092
103060	137481
107659	138285
114957	134398
111664	127244
121745	132716
114840	140481
113431	152188
110175	132971
110891	130792
106191	154306
113089	136284
110223	134966
114096	125291
116428	133066
115787	143744
103544	144602
111607	143922
114676	135808
108944	145593
118851	150841
121405	129750
108715	132010
114035	158849
110112	143379
103353	151088
106947	148088
107412	141716
118358	144323
110925	139722
111259	150682
109835	164992
106973	142712
116377	141452
117266	154989
97647	132342
114243	138345
102430	139073
107427	129172
109684	126782
117855	142488
113893	145778
115512	140571
114432	141580
115045	150141
113686	148475
103825	140527
105626	160765
97569	122864
118471	151063
107639	135862
113464	135820
120186	158438
105414	137903
112045	142382
113654	147803
120755	130176
116771	135872
116090	120389
115746	152691
107622	140255
107963	149464
117466	145017
120123	135225
110982	155449
111754	130329
120622	137781
113827	154701
113264	146918
107338	146802
116770	159073
105685	141757
112133	160659
104481	136400
107403	129057
102832	148518
105716	145760
111770	153093
115244	136528
113646	140291
112647	150434
108083	136383
101394	127368
111745	142602
98038	148285
124700	152489
118245	149289
106054	138892
114502	133540
114840	142886
114030	148851
105290	134039
107446	143378
104872	123466
99924	140766
116830	159285
107973	146422
116054	145424
108411	137634
107377	145039
108851	162065
113933	137334
105091	159935
104343	138268
110750	123940
108547	143617
103286	142399
113416	134018
111023	147118
111862	127492
115136	127746
103075	137081
107885	135246
100870	132230
106043	147509
110155	128097
109001	144835
111429	124211
116411	137188
115367	152961
112220	153967
106179	144638
119405	140312
112406	133424
112511	125210
112928	139250
104685	129063
114634	158195
115331	142058
111413	163055
109571	135174
106950	148864
106218	154311
115713	142400
116018	132100
116129	143062
109726	143022
110999	134958
108424	143178
120641	154100
105758	153021
112013	136973
114561	149084
114548	149033
112231	140201
115932	138697
118516	131582
112341	136386
109491	156419
112818	133192
113157	137331
107839	131161
110170	147860
107927	140318
110292	129402
109030	142320
106888	129032
115818	145238
120100	150330
112121	134041
109344	145124
110682	135854
112525	132814
114977	137937
108111	138497
109451	132085
110277	143460
108212	148062
114701	146156
114912	140761
103058	159930
119637	123732
108571	134299
100316	128912
110984	134240
115264	140227
111078	132516
109331	146270
108768	141278
109476	143145
112182	148241
119735	145698
113248	133102
113571	127151
116428	149045
106307	138511
112710	139845
112799	137746
107008	138868
117607	158922
107907	141359
117517	118926
108725	129527
108506	149603
102621	137469
120181	138409
108774	146051
106145	144928
114209	145396
104351	139283
117593	159807
109660	139078
113991	155436
102807	131189
116175	138232
111095	140234
109949	151057
130446	140056
113155	133501
115504	140921
116632	153771
104007	135069
107830	137433
107788	145088
112887	152153
111052	143145
104667	137587
109646	142809
102242	135895
105384	157043
108182	136306
103728	148394
124841	152413
117620	140724
103368	136821
113281	147723
103870	153558
103142	128912
104125	139151
117088	127737
113744	131699
116298	138405
114250	140925
110673	138504
113683	149638
114492	160599
104387	129461
105950	141709
123176	143225
109192	144432
110264	132757
109686	125160
110794	129037
116446	167150
119483	156891
109636	145464
115383	145131
112379	141950
113850	158816
118170	155578
111941	139901
104119	136459
103851	113148
106068	142508
113628	137483
119979	132435
109097	136711
109411	156947
113938	160118
100621	137940
111976	130344
107897	127314
107231	162358
116284	151865
106657	154196
109999	136293
104567	141588
