133880	160916
134095	168754
128871	171397
137279	173349
131140	175978
136332	163176
135371	173429
139212	190545
138527	170879
144178	178817
141836	178140
135917	179888
138359	173875
139251	167457
131970	182373
139531	152202
139880	189540
138604	179090
132931	173883
123594	167079
129683	154166
138056	157521
140369	172618
142815	172041
141098	184854
132371	168296
142566	176819
140871	180925
136336	168377
139863	188995
125527	156452
135191	174442
133738	187235
141127	164159
138289	185997
139127	196013
125161	174114
137360	176468
136243	167353
138085	170077
141233	193813
140573	183155
138709	195810
146981	193086
136914	177720
136266	175636
130075	165235
129820	176257
140113	180176
140945	180321
129427	183956
149209	193038
135762	190137
134314	172076
136473	174384
133164	178317
133537	174368
131389	171949
135650	170592
129496	162512
138471	174365
135247	173002
145419	172417
137830	157746
131062	175160
138516	184218
137986	167157
142002	169903
144553	167157
135139	170123
135146	179064
140122	189592
137655	170934
139966	171106
128880	169983
145253	183312
139863	166861
140838	183101
135676	174272
134438	176545
136060	185894
138021	170033
139242	173332
129462	177257
140787	187379
140082	173704
129194	163160
126991	162147
133960	169749
137589	167433
148037	174893
132819	181104
138441	175599
126221	172110
134049	167692
135313	167537
137544	165937
134425	151868
131850	177910
142309	181247
141440	169225
135021	176020
142870	174518
136694	175223
127267	168496
145086	190086
134156	163642
133947	175497
152409	188390
133132	175687
145266	162665
137843	187284
135481	171554
147047	186454
131845	188329
138341	157703
134219	166623
140381	176166
136754	196276
133157	208991
136928	178659
137711	168248
133629	169832
138543	171696
133240	176455
126449	173904
136690	171615
142828	176470
149180	176447
134404	191983
146582	159179
136871	169904
135152	181778
132566	165792
137290	171012
135526	187598
143066	175963
139673	183842
135365	189068
130753	174658
138390	167246
144491	188731
138214	162632
141162	180552
143408	187575
141787	182474
146285	188214
134251	188712
143078	171175
141693	178329
136779	165984
133620	153704
142611	184156
136054	168586
141561	180599
138736	179158
133921	182385
145143	170807
146472	165693
129508	175068
143528	180241
136581	173116
139270	187844
136674	190903
139589	161566
139370	183737
133248	182030
132566	174251
126339	176499
137096	180014
138764	174342
132013	170864
140698	186834
133266	178965
136497	191934
145163	180984
129484	175358
146864	179692
135463	174556
135353	171621
126702	159225
134810	153878
133782	167366
149402	187274
136467	170598
135167	174096
134266	170567
130123	162109
136726	174219
137302	193753
138970	170514
135310	175766
140017	178081
138024	198619
139585	182575
142634	154674
126101	170128
128212	173715
139662	156580
132608	159668
138899	187454
127744	178708
133522	181902
144302	177006
131391	166517
141211	174337
134839	179486
134155	170126
143394	205980
129426	185559
137994	168970
133291	152576
136177	173532
127954	178561
138804	156607
133022	191605
137162	178533
139362	188151
140974	177694
141185	183527
140994	187502
139919	171761
140605	169158
133314	173358
128807	161203
141504	165456
150651	178034
137638	178967
125267	198626
144913	176022
140304	187841
139540	171704
131442	163371
147071	171829
135325	181206
133495	175065
145469	165868
135680	166401
148164	159304
138989	180722
143056	189938
135446	173973
144945	166177
129894	191835
138914	163448
132535	181076
136553	157226
151709	167654
141928	172115
134548	183780
139843	171929
137750	165269
139692	185233
145909	190635
138047	158414
137536	158766
135193	190227
133605	173580
130295	178377
127200	175126
136716	186361
143049	174308
139349	180468
139894	175815
141647	205816
141520	171328
143032	175356
150309	200356
124279	165558
140404	174858
127198	166020
135304	165651
136447	157269
150657	196881
137108	190802
147470	189631
141903	168221
142360	183920
137338	181176
132454	175504
134039	200710
126108	153730
136648	182113
136223	182053
142231	168470
145266	182669
134268	173694
139751	178051
142476	181246
147064	178280
139280	161730
143658	159856
136238	183534
138208	180791
133086	187799
143617	180929
148034	161017
138880	186261
136276	156811
146353	166838
139216	180536
143211	180810
132699	185616
140419	188181
129402	164462
136179	191765
133586	171448
136705	165178
133418	185987
133841	182465
139870	191222
145111	167613
142864	178434
138338	178698
137037	165703
127778	161620
136177	175236
124675	175695
149427	184649
144693	188746
130574	177612
137550	170009
140296	176092
137841	181543
132225	169251
134422	182192
130634	154163
127015	168680
145670	198449
133039	182393
138977	184674
137866	174953
132292	167480
134417	200220
145894	180819
126848	196455
128867	174705
138722	161655
134816	184589
128310	183081
141682	169186
136201	173673
136302	162452
135583	160342
129831	170884
129976	173311
125674	182732
131433	178677
138448	160605
133766	171138
133867	151579
139669	171165
140823	178763
139040	190991
131695	174515
148523	177886
154542	178183
140872	167878
139343	170021
130887	152007
148499	197222
137279	178273
132355	200540
138112	170730
130393	181948
130416	184665
140091	176513
147654	166686
143144	178699
136924	182615
140282	164942
132062	185057
147414	189375
129939	185942
140009	163258
139693	182059
138946	172771
138203	176214
145252	174968
146218	165002
138017	171075
136955	199551
137409	160648
135531	164830
132336	160705
143273	172798
134293	171756
144681	167759
133135	178028
131896	166243
143946	184611
145629	181690
137958	180832
134995	178171
136620	172768
138677	170854
144692	169113
137817	183224
146315	163137
143899	176601
136544	186053
144434	178411
138906	183525
129459	198743
143860	159616
135396	161279
126271	163064
136391	168613
143830	174684
136904	167766
134012	175096
136706	175206
135605	182766
143768	175693
146412	174308
140969	168142
138811	165273
143049	177993
133419	175242
139941	170716
137397	168421
127623	162160
142319	193459
131844	171126
145588	150575
132559	160408
130245	183879
131854	177273
145311	180296
129966	180710
136457	187887
138639	180671
135630	184725
143276	194836
137422	167437
140355	191713
128927	164387
141642	169687
138901	174657
141654	183578
148898	172327
140964	169405
144525	180880
145721	179548
130249	170503
137055	172571
136222	189250
141901	177358
137701	182125
136953	179421
139518	175955
127609	173641
130683	188309
134856	177715
131741	178776
148240	180213
148693	179675
131703	168281
135402	178024
133461	189479
126961	155297
131426	170898
138997	186299
140446	163756
143801	172813
145182	185838
136284	173700
145361	184711
140381	190623
133214	160016
134074	179404
152362	193954
138112	178823
131100	163576
135565	162331
143044	161851
144891	192813
147992	186711
135784	186520
136046	190054
147246	179475
139263	198705
133395	185862
136930	171289
127474	170091
133919	148792
130665	174563
136516	172120
144954	170148
139253	171115
138084	184368
147177	188233
123732	171554
139666	170770
135590	164727
135222	205841
141287	182483
133415	187009
145383	175213
129339	164398
