2670.7015358388217
2670.0188285738573
2668.9845139439976
2669.255342629788
2666.264914911839
2668.714731611495
2669.5052397845625
2663.20419508908
2668.8505341096034
2663.7219738868134
2667.8948164776557
2669.710289752243
2665.8569437735314
2660.6211919969232
2664.072983704428
2664.943417908756
2671.9386859730794
2669.7877590222606
2665.043277498524
2669.4200428055024
2673.575287047561
2668.1462950760415
2666.2300274531544
2669.602238065366
2666.396143534492
2667.927183216264
2669.5989739548595
2666.51799154467
2666.872381762986
2672.475322380953
2663.967180428828
2659.0893409723503
2668.536923415266
2670.6236010860885
2662.515475647615
2669.8040745035
2670.5673623373336
2674.034402112836
2664.352743432183
2665.3588468194566
2668.103013896861
2668.5757043649805
2668.392831532321
2669.857268107598
2668.485134656239
2671.0193566247963
2671.6648614928754
2665.496177007017
2663.765948020242
2664.8293182238376
2667.076213437375
2668.169300526656
2667.4073631732754
2667.3553399281273
2664.8789210859445
2666.0906132532764
2666.139451350764
2671.117999782625
2671.5990131367003
2665.5057765069205
2662.7836336646114
2670.2711043873364
2663.131012766164
2665.619892941097
2666.372773915079
2669.542216628709
2669.0759591002275
2671.331020789038
2656.996933799316
2668.2298726969584
2668.3269723395315
2668.3841641561175
2667.146502558506
2673.5917341942622
2672.015067211329
2668.537261866417
2666.6067411316094
2671.594681160961
2665.704093617247
2670.3385416291894
2668.8683151116106
2665.9884418334345
2662.436238813664
2668.2064234597856
2668.6515388893667
2663.7723270062597
2665.3038057750578
2669.9003442016383
2671.7289823063497
2667.3625491768416
2666.4195065494378
2672.1160919340555
2670.716488402422
2670.6623450342677
2667.521043937093
2667.062291364869
2665.1833176125747
2667.56933997505
2670.098483073895
2665.015083053404
2661.7054534227414
2666.988572144544
2673.9425385952068
2669.7497118316246
2671.8423447637415
2664.204524499556
2671.7508419838423
2669.8642918177893
2668.7893795513282
2660.80630249183
2666.9203649150395
2667.288057555113
2669.090253799225
2656.917531404397
2663.583618916463
2666.0809802653425
2669.3352222011886
2669.0649686820816
2654.769055831917
2664.7731174177948
2671.0239616429008
2677.055533543391
2664.9323436022573
2665.917635511498
2667.668647924701
2673.2535020208834
2666.0502983159377
2670.366265805876
2667.5029643532644
2669.4569430474457
2667.6058369168895
2657.48690097697
2663.3653289817544
2668.5004580436557
2661.5135556960695
2672.1737191670713
2659.8556894487947
2665.2994291025743
2672.034680360664
2666.036040296986
2662.736154205396
2669.706775732176
2671.8673808316794
2667.3106289398966
2656.4874388309613
2661.3093853527535
2672.96344194381
2664.9768356523678
2667.669964490392
2670.180842363596
2671.198825519861
2667.251052114792
2671.4818444897965
2665.735240520298
2667.167346637814
2666.6263093476045
2660.5542076881484
2664.0594765567303
2666.221297132697
2666.860297962392
2670.263219342166
2656.7600105258653
2670.4951777194783
2663.4949140941435
2663.817871462303
2666.9316464659128
2668.3865043043857
2668.7844801045408
2673.59054799153
2665.7892041574196
2667.250167358744
2671.6876371299836
2660.615278918696
2666.102700313572
2670.573095235547
2664.8974689186484
2667.9929854837246
2661.8075893565597
2666.911322631196
2670.9985861005366
2668.8383001997126
2661.534711841763
2667.760897841308
2666.815280285028
2667.946014477644
2668.579810445673
2667.788743596875
2666.6793169629655
2669.7877058644667
2671.3806751996303
2664.2839633249187
2673.0435155285004
2670.308874578255
2666.9032176614496
2666.003169581798
2663.1318802064443
2670.3640014559905
2669.349428774017
2666.692098633086
2668.603107177568
2669.8966055368783
2667.6914261712263
2670.5906139225326
2669.0701928042636
2670.105528200944
2663.4083149419785
2668.174666560261
2669.090458921834
2672.6024201495275
2665.999159078541
2668.235313332009
2670.65400998494
2671.625655010238
2672.054331018422
2673.8460216311405
2667.6726504638436
2669.0925719631123
2669.7958660530317
2662.6412969795656
2670.7053144943234
2669.658812085263
2660.7926453625278
2669.344875910183
2668.073145849372
2668.751072559419
2671.52883067298
2672.2468011224687
2663.755106672461
2668.7145104178126
2667.9541390989407
2663.9577837441834
2665.7270235175556
2670.727547531288
2663.6970403363243
2668.462543419399
2667.6504614462933
2665.8972879707817
2655.782013992065
2666.840452584758
2669.2583990135126
2668.6622888096517
2672.0418632350656
2671.413633319766
2652.107767342728
2665.213435553842
2667.9522406767055
2665.8146500035696
2662.942228850117
2662.638919044046
2670.168938336734
2664.0559124669207
2667.9893852165637
2671.6660350416455
2665.5232166887026
2656.7004307184434
2671.176721058524
2663.8171602381035
2663.1067136436395
2667.266370484239
2659.844572341408
2671.8308772756595
2673.019008635076
2666.9933558446437
2665.459745489761
2667.2926245427107
2672.498585668736
2663.8894716130762
2664.858047264719
2668.070602455675
2660.9795491727773
2657.52515541536
2666.4100932988376
2667.0806381550174
2662.863556341799
2665.847958438655
2668.7418678906224
2667.252220772042
2669.8470628302193
2670.416407889931
2673.6480320627543
2670.0112567431383
2669.017811614659
2636.4669428700136
2668.0268707188975
2668.8588821231106
2660.374637741482
2669.0210765837837
2666.8569155317555
2659.8414248554827
2665.08844040852
2669.9551414131665
2667.0926137967126
2670.643654378773
2672.5843649003987
2669.7177043862007
2668.266645538352
2665.225993978226
2660.714530235203
2667.665507828293
2666.0776787198374
2663.5133272722014
2663.666693385496
2669.9976566885116
2666.7881834263035
2666.336956511973
2674.937614947148
2670.301502043858
2668.700788303314
2666.8220429313096
2666.6939991800614
2664.4699188111504
2668.4136962617567
2665.481745137351
2671.2950662705007
2671.8021904802936
2668.463432153914
2669.9873130327114
2671.3305961546102
2663.8140183099504
2670.4232634532987
2664.758425666694
2667.300333559338
2671.620553335516
2660.132691363345
2666.54695563593
2668.237683500938
2668.4841709742404
2672.281332762778
2664.0808010304822
2666.8453394027897
2671.1308156496384
2668.1999301115547
2672.132463008613
2669.0290847713977
2668.287095836437
2666.8028978100524
2675.2816163570587
2670.5053567818186
2669.669744685523
2669.055298944835
2665.686913225317
2662.6326017084602
2669.7019498241134
2666.343012754
2669.535943333398
2669.2207261048925
2669.3549439973467
2669.6434438123733
2669.6272511690145
2663.935382669014
2663.7677379302704
2670.070700977951
2669.4726358597704
2667.7400148066263
2658.540312804741
2665.1468260290285
2668.1053021161592
2668.821073297079
2666.573299024198
2662.5169481656735
2668.7319233989583
2667.103227389667
2662.0514326132134
2669.8972483719995
2665.632130498597
2667.9135049423685
2667.3580980378847
2666.8577784453814
2672.1957658850383
2670.8273339255115
2663.55843136691
2666.2098115250365
2665.671499236142
2666.594210829256
2673.560612039423
2672.4273652820784
2670.441960655876
2669.8255061320237
2669.2316973851466
2667.2549380995133
2672.0253758271406
2653.334974617277
2670.892474020483
2665.7023200854505
2670.0852802021063
2667.2472362024087
2671.89444753684
2674.2897760210108
2672.3078099085133
2662.2146534688336
2670.6475234636678
2670.6672668918145
2667.7014417357914
2674.9842262732536
2657.739493808005
2670.485844010702
2668.039262786351
2666.682365271511
2665.551515592582
2665.907330050737
2666.0328008908477
2668.0909586629386
2667.3134590477594
2671.6066920257817
2668.6305427073094
2667.662140794081
2665.5524299972667
2669.5952494925778
2670.9251038675243
2672.30831053504
2668.2279951735013
2669.0377116490245
2669.4040060070874
2668.1736353647816
2666.6225930525616
2669.3485323955397
2667.3309654050177
2663.2337828445097
2665.235102290655
2667.003521100659
2665.808455294351
2669.5273380198887
2666.917580247046
2667.4039702944465
2654.6409720054858
2665.7785679611493
2663.507289180301
2667.230233733938
2675.4254140741696
2670.1676425959295
2667.382929989587
2665.777008786843
2672.267995548128
2666.2420738591727
2664.792175927395
2670.512646884634
2666.228886760217
2671.0619673655956
2671.8920723755805
2667.438389730198
2664.659053773048
2664.9536423754935
2660.0745866583816
2668.770199746761
2667.593099176115
2669.9245751499016
2668.643019125668
2672.088126873558
2662.5069070721697
2669.7683278267323
2667.1278170376254
2670.2544674412893
2671.7686565884705
2666.884636428231
2667.4908252759096
2655.231023153749
2665.1472509021214
2667.004923240125
2668.2164914767154
2662.676073405404
2671.017992715023
2668.1051464471334
2663.8628522223444
2664.013439597628
2670.5941664650927
2670.1070643337944
2665.1261281858433
2657.423938895838
2669.4993519738664
2671.1987407745196
2669.1401095395595
2671.1337141483255
2670.8578398248947
2669.9469414100804
2667.3712904438516
2664.667845984741
2662.3153567650797
2663.5595347385142
2671.858121694114
2670.5070584527866
2671.17996070633
2664.5608722034467
2673.2652236468757
2672.346408311939
2665.895097766247
2663.2133074954036
2666.3726310708603
2664.2532174178996
2666.663530921537
2669.0555851261634
2663.1341285221447
2666.265881700995
2669.6098256708938
2666.4168698084522
2668.4604099336007
2670.528510751895
2670.068058717595
2666.039888146836
2670.2312901525
2667.4557984142866
