3791.165726576395
3772.9122027246603
3789.8850697657285
3761.820535154621
3803.443741237894
3756.8114222246577
3794.924798204976
3838.2845812116907
3779.409419252258
3793.825609517899
3773.1630998154023
3776.3806282637734
3789.0888682286345
3782.3795848087098
3772.8016251878557
3798.0364262461403
3797.630176111071
3767.1683486083084
3812.463168826206
3772.7086870323833
3779.3326794128243
3800.038882168251
3785.9189138363054
3776.594977144518
3822.8880332654053
3807.7477688753975
3791.507488019547
3800.7882315125853
3788.2957374222506
3795.7467461832084
3805.062416681785
3793.5829655727434
3787.4220827843437
3774.6984835201874
3798.7660296314975
3808.2640867926875
3805.498701555918
3794.3222730845737
3796.908148907719
3798.827934885321
3773.3740339197634
3758.4426206986914
3790.2685271876758
3790.120581745893
3773.514247401254
3868.002873595596
3782.9561296215297
3802.2265216208834
3795.0510855731695
3795.2154387123855
3772.422650147577
3794.5843035336093
3777.8612116654367
3793.1232511488042
3783.9026999972684
3799.592151429717
3773.0760745333278
3804.606787059422
3784.267820932749
3796.9659788237864
3780.160337975505
3765.850611418677
3783.8862699190345
3798.41656329137
3748.499182513356
3786.4255260228438
3767.2800717576038
3762.870053757847
3817.9683337540982
3808.7406837484996
3802.3177496497447
3779.241477562038
3770.9597142344305
3765.1957158004498
3798.3047726383656
3774.3694011306825
3761.5939996437523
3806.7620278878767
3790.8703501157756
3825.395407388427
3792.880857856103
3784.194428475598
3778.224004639114
3765.9561035772135
3793.3952108019303
3787.870035975531
3795.2964932274645
3764.867448846055
3799.285533718242
3769.7107315738704
3799.0687307620083
3795.6540722125774
3787.4530793996782
3779.0806425571136
3782.046264595185
3806.410660722936
3766.27225665032
3797.7649171189987
3783.609089585657
3777.910436816696
3793.18520851044
3798.9542964154184
3809.256490288116
3804.0594621854243
3788.4347006511643
3796.945017454049
3813.0135720955304
3795.9639580598578
3803.1348100083414
3797.254317468848
3765.2003085811243
3787.5989820595305
3784.504239904915
3776.640452959343
3795.7542713886096
3802.0180873753065
3774.860637266176
3800.3566653567627
3809.377937833002
3799.69616056072
3813.9482092964645
3806.3401695247867
3791.7877553221583
3778.827682610685
3797.329419697582
3793.26326880006
3810.5494921020563
3777.8536964676587
3787.956459344915
3778.132424442056
3794.448097587786
3799.2043719455223
3803.5316480555657
3796.7891055230193
3788.8048613298633
3794.844927809301
3775.88274619574
3774.4787240239634
3778.5317388023423
3795.5928905080023
3784.944697090971
3794.7998626558706
3801.0709027132366
3803.9405408144025
3797.0687657025783
3794.065545576448
3813.0443518663533
3781.788486048878
3781.813734769703
3789.6834580326995
3768.5970724819344
3790.7584870743435
3805.1089160927713
3794.3024093493777
3780.5454962713743
3804.13177502278
3777.392631872701
3811.315332430448
3806.5996956659346
3757.9685222087883
3777.7695274403604
3771.3498140222446
3779.3146141201514
3791.4166733140178
3797.9563049906233
3796.0339632330183
3791.374101629225
3749.4821863864627
3812.522482568412
3786.3382238773784
3794.7178639315594
3783.632007167401
3778.1769955580685
3785.242054081989
3777.310070959573
3794.214192474023
3798.1361450339386
3801.6852950687226
3770.9897813057305
3794.1846032994545
3810.7358760617426
3812.1903211093077
3774.86866888348
3786.306077950785
3774.0493197561814
3792.5203350297124
3764.638319663711
3798.533978824233
3786.8111885924827
3785.218759409033
3797.9350583772843
3810.1614179815015
3800.0283923236775
3798.715255276422
3804.9434771928754
3791.3358591949686
3774.6150361686277
3798.479171112707
3774.4714785179226
3775.4042492305643
3795.5301182425565
3766.401718927139
3790.7089123042974
3797.7678989485125
3776.1445035507127
3800.368922605032
3813.9430292078673
3791.075288010595
3765.3144173371074
3795.453861204778
3766.084394489467
3778.3752728764575
3775.968913970672
3787.4504985894882
3766.6247130178845
3785.988080463154
3767.361637561048
3782.8161270211185
3793.6606718822977
3768.405739183589
3761.5969090051503
3796.741740151889
3763.3129587632084
3761.2617642998093
3777.186676670127
3792.0379821124498
3807.7443286320377
3804.2803299126635
3799.7191496727196
3804.5956841990255
3770.443209398505
3777.1874659137534
3792.794721672814
3790.2938976666755
3788.82698513835
3800.2798104893254
3788.01710322814
3787.3661119466087
3789.3652730701415
3800.9500178867343
3768.1839829920873
3799.0387102563695
3779.848493240994
3787.9220923121775
3788.5510633227213
3795.705913887679
3769.6804192740365
3781.3797672930423
3759.2185545203342
3779.6688781433104
3786.3220076786683
3778.6086786829733
3797.9441055939956
3788.297794148827
3766.4243158508916
3769.056536044916
3798.88367182251
3785.764242017908
3778.7960353945355
3789.7598770867216
3807.948997243746
3819.8902246507705
3782.233126421878
3764.7251332834744
3791.636877131381
3785.254631677427
3802.1875182681397
3794.1205299403296
3781.868909851725
3755.395071333417
3792.987126612233
3789.7123200575707
3796.0485327183696
3812.983793601982
3785.983083577663
3789.065283297835
3809.6721012523803
3777.3479015323046
3755.0543862479544
3776.632024384548
3812.4827928393233
3788.174040467811
3775.9569621123082
3816.0246952186753
3815.778594165969
3795.3309083187487
3777.8605268469055
3815.391082414537
3797.6465244743877
3779.395011941785
3799.946352857829
3794.9852757292465
3762.3646843562433
3796.860902914603
3780.5061292987334
3779.776566653347
3806.872654138947
3779.418347495424
3806.267276368913
3778.226677077387
3796.849776946071
3803.8642241239763
3791.362999499793
3804.418480873261
3803.763341148894
3783.139978247615
3804.9700641917048
3796.621043812618
3791.9196140169865
3815.4872085001884
3777.425235008898
3760.267926815214
3784.581721429669
3823.5540647454645
3802.3878570247007
3802.0186304277668
3772.515843977997
3764.5895543456927
3803.955762867779
3786.5886294620004
3765.32819519492
3767.867386901938
3800.251298828078
3793.812086266825
3786.91330882093
3796.2956174208252
3761.935228136338
3780.504955634817
3756.5042398252863
3776.1808122940015
3808.795009871007
3763.261887449937
3770.4248699034465
3797.878209846006
3765.5594011224157
3784.4258474985872
3796.406849578122
3786.9809234436443
3786.960824278777
3771.2141869296847
3797.366744172151
3801.230028946876
3777.4325047981292
3778.1538248111365
3781.361092276481
3790.509791741698
3769.270943757105
3811.399919312397
3787.5790420993353
3815.2142987295683
3795.7147236572496
3798.805022889921
3797.417093499979
3786.3995492867134
3801.003801731956
3783.149146141242
3793.3141604336656
3760.404454250992
3784.514396317976
3793.8412512728905
3771.4752097108108
3811.7664546209044
3773.1469984883715
3785.9406419116312
3779.3027888485194
3798.4534028778507
3801.0184050819457
3784.8600973266516
3808.333199616851
3769.62874000782
3790.3319325040056
3802.1890878666304
3806.9349314444116
3805.634057709205
3804.0959352571504
3783.861498944137
3794.9577257628216
3803.6007248149926
3753.1620644859386
3769.498892160367
3788.7969382194983
3798.4729806504456
3777.240600112599
3753.027920509733
3787.388805807728
3773.9764430496807
3792.8881788136896
3777.1524946684094
3768.3129605768954
3792.233956051785
3807.1865571055814
3759.465627197429
3757.418515770541
3793.7237846082953
3788.112125086003
3784.749800749882
3802.6511096960603
3784.6690981154525
3797.89683542934
3781.49230520461
3795.7307442298306
3810.7346589157005
3758.900264735112
3744.324393807565
3794.9975928350705
3752.8071794594644
3804.960760776537
3786.8258034270602
3788.6182786370396
3771.6836011431196
3790.281298324376
3741.6575239196522
3775.029706182563
3805.5575401922406
3781.820904664733
3780.2403285249948
3786.682351553435
3795.367195230603
3808.472123020737
3780.044484720103
3772.372318045706
3787.0060794727597
3784.8168043051664
3794.7475839969493
3774.062413703716
3815.8191188893934
3786.498768179516
3803.816382751686
3795.8379236329883
3798.593604306576
3783.14654751983
3746.7523912626843
3780.629144547497
3792.999066602639
3776.883510947373
3797.5668710372684
3775.1590039156536
3805.498737373774
3774.370959785838
3756.5557166028734
3787.1665860228823
3793.811021483253
3814.6077781626645
3780.8509619714223
3788.4399720079737
3806.407399759659
3767.283739249413
3779.6465498769694
3805.447376175609
3767.9970130675424
3782.415356757016
3795.322202936569
3788.9931691645183
3773.3346558130584
3803.163057495562
3794.073467214037
3787.835919155458
3771.3804286229088
3798.6467855134597
3804.2351863443564
3777.444659126376
3768.149068690483
3805.00196428581
3762.113134621731
3787.809055282959
3815.6450933696233
3767.108962356703
3792.803123496764
3800.061723092323
3779.6713930701467
3756.4035067540162
3759.723171903828
3801.5936186305075
3774.586575698944
3787.2092928250477
3771.531276165173
3783.2575289235356
3809.019434876772
3818.0754593996285
3811.627399435888
3799.1349153953906
3784.1398129349577
3805.729702203137
3795.7621941445695
3803.0730633370013
3773.995670870231
3800.75348002255
3806.4665843755
3788.3225952129847
3789.7438865042477
3763.919005267745
3782.352540757851
3763.170426759234
3810.644065311152
3800.224245621495
3770.549895621081
3810.845295308942
3756.35258893227
3786.660607357596
3803.7022513459465
