56.845054265229344
65.68379963984137
49.27669236856164
57.92573571341363
134.2999458250696
38.25304704247035
232.3536793199106
370.3490048209473
54.542276388119575
90.75706856958841
60.88342467147035
84.05590491445574
82.67217566817975
139.06330083335368
146.90048195295788
160.03378634726536
96.37463836337793
59.800761418816535
68.56828508970716
115.86294670870375
53.38547921362148
154.28779045463347
76.88780123967331
99.73495787106216
129.0472384791102
79.0634195074762
99.86545114479827
169.70880277233752
62.37489860989584
91.38436930063048
176.82384777702774
140.40655436677804
70.51701165885494
163.83840594369246
150.3305118622702
119.61434996722187
77.74860626329291
72.4679658049627
245.86448533898613
130.6270206808434
56.5329553436111
33.793983831573016
137.7162454557819
257.8040207502817
78.68840880003914
130.80991745149927
68.89626809504617
127.7474249731785
120.14243949059134
184.1644686196827
43.88555077534687
352.97979795292514
55.50727358751882
64.6256725316429
126.2358580420206
119.5735119336867
91.68116495220575
168.44072042470708
85.60617148671413
103.7418262496214
180.0484428701047
56.50152893131504
116.84561214235617
111.85707458200072
19.60677526459329
76.20859615210013
41.62606305463521
59.55210406235512
182.95075937017043
100.726431164361
108.96604542623152
34.19168701212667
62.36830666143278
27.839401055726235
83.0497396931229
114.50023354179257
125.41235439698055
97.46891225870638
179.92114982245093
199.75945072750264
132.48608050955104
151.12207626487017
145.63686033739816
49.01556116992868
134.01287916933572
74.39977106262675
151.73776123773777
30.977468585133842
100.61365050031053
48.25167308561729
137.62166203506567
62.50846926550228
112.99738159368557
53.62213515557047
59.20428980476571
87.14135006626319
73.85626567327135
79.35404162102466
59.437129575372474
86.09956325939895
196.01016646510507
159.5353638326009
121.32463610430094
126.97536686824193
116.26140360121904
109.50404736074294
164.93624421519803
94.17221790804821
90.18268598216365
93.82193708655174
24.15792985523135
130.17199585738268
88.6337064121456
112.2217472799791
81.6349974272857
156.8245014473324
58.39091265003483
157.50883090557372
208.55388363752573
312.94475811828033
102.04024212237422
172.22719723714036
128.95865065352666
115.81333814776919
242.83386696368933
83.52954317990746
151.66512051455624
40.890140544354054
140.32356782279118
52.36715316657988
157.7630516554595
148.36513252191685
199.57334037353797
70.39034810236528
293.79793847411133
157.48648607050342
164.60907720272297
46.81549608693857
76.72844693281436
271.52093990043096
130.59994658448932
160.99988026962902
70.50092630978672
78.57947110643892
133.9553644921545
105.33825126095343
179.26451419934185
128.21239820954125
81.65759135658428
325.0005712187437
50.92579145143677
138.29586981556758
159.88333651939197
58.435421397782804
141.83701974252668
158.71493318520373
142.04447385225671
203.21749902938964
140.47428730879344
36.307686527827094
121.07859935348614
102.0893368572084
81.08470323869179
195.4940032329811
87.9781959015866
131.66767198170302
140.26652726530205
18.737785918700666
89.1142311767965
128.2293558206032
85.27830260758263
160.25224790643924
128.2743317479199
249.84492038874143
77.08634691496607
136.67981187437675
153.91735662088414
73.35367415261153
37.12266085185082
97.78832740213224
92.42440843734533
178.989340630965
168.05582513846244
67.86362095000088
113.45422487740167
68.02313067230094
40.92211038507138
119.06892832034175
207.93218936036197
276.01121807580876
111.64410813949803
83.43076521106055
74.14569164399074
121.7011556152663
245.48502013180948
214.36487840741387
43.75630306717629
264.8727753851189
76.53781995366141
191.82250315341295
76.35824361555851
19.73298997712004
97.90289868673558
280.6637458276054
35.2862576570576
164.1505414686932
101.43696946551658
107.58699311553549
49.747149360592914
142.1348488504163
114.20592468127444
41.47261591169966
72.31719414533573
59.195845067937
41.75254901328892
63.476304227708845
61.367948132208184
59.10588330180796
170.40502858102258
87.99742883200742
28.424282945129512
283.36718075901604
27.852977900969563
76.77890306051927
73.47911587301945
94.95895243265099
115.38571817002001
141.0986299103373
122.0568287434411
83.18052378131303
93.08127048610042
116.89529782610899
130.1046944953849
102.50417494830847
66.70076756223541
130.221313329366
79.30765563380552
145.59770872950486
225.59570409619687
197.07250839783808
21.771389863434983
66.1181382954955
96.9117903088194
150.4849957804333
151.9077826958457
87.93542309339433
75.63025476982352
197.0413452030208
43.65313541797349
59.46546862300663
145.71427527518304
181.79479251946955
97.87393725760666
137.67470387756984
134.4743539775796
85.56626575210873
83.32154251118298
121.45253226649741
28.523214714412916
256.10082962317875
199.1529999236738
121.06260827807532
80.77878576551723
65.52853292892041
103.01973739370008
58.04174511653343
99.84605889186983
119.51654115482593
63.94330266632218
29.28089228202597
113.72930550509857
267.7688947169169
89.32951235686109
223.679716424982
119.95353525846039
84.19196875134351
83.96066381806546
55.5244157751153
64.08639588430836
42.8624873533741
177.18847105827263
60.72633834864963
78.79885927972752
112.98680015891527
126.0925480641404
282.67589640897967
103.26252793384137
106.64909130961348
113.87955389035467
156.7408439613296
89.47992819192658
79.22613369199858
37.709428476913885
74.23918224809138
65.16347625248122
50.292541674510126
200.160581044794
103.47426362650758
128.6211320454677
130.04770271207192
177.496172520331
91.3907068971022
148.17354759238415
167.43044301163698
75.25121696954959
188.12945126986668
79.64404581086757
162.94876365993642
106.57378227129048
124.4176626398323
57.45901271048318
16.717429453380277
90.12733003655751
131.4182942079476
59.088615466814176
84.36984555083063
55.158620267841926
40.152102886830946
124.99870327361688
152.69814951158014
51.08684662359279
54.73946583719208
160.64783563382443
167.34452549061808
90.93544847314494
91.8552573327403
61.18336798649599
90.77269315213528
51.96113641659098
79.8973837243951
102.39593399374898
32.86230767705107
28.59949260054363
155.5933726089918
61.078942202304134
91.35516442273222
172.59026313986467
192.300202686641
120.62059699573261
56.75718915647986
115.19935180666616
129.69921115189075
55.579769878003816
112.35672749529806
46.69061850212266
119.27835063194719
55.217882519772964
111.21958185337115
174.53309352583955
105.87152396821075
197.8758691630068
75.19969269869446
125.66942187000272
104.60571612596385
183.90787804292202
198.9677502317338
64.27491032438833
95.7704684837281
96.70549294188835
113.72081998845032
43.36063946210296
87.1401680571441
168.63266977052353
78.71055260352301
82.76124213058925
96.6638058667932
257.3478870509597
88.82354098065629
221.9821911023642
81.16309561067021
216.55519588546196
307.50435511424735
197.87813040585596
105.99357731984432
141.87730802005984
227.91242483569607
78.43519316440629
96.4477394242286
25.435575320518492
41.865531650615864
101.0265622002772
143.303840617754
65.01095228963794
70.72629772720232
147.90658462211803
132.9698851546993
123.3760929795181
46.433033264266946
69.7332494142194
111.01940226130067
116.87856856609312
31.840419743126333
50.41864397573668
226.03622053654126
95.2417131750152
58.173071042348425
287.99097055254714
83.19519342079398
143.7671360302605
114.02594088341371
106.37834123804812
175.4312491448392
22.851252206654713
2.678042911596263
146.2996596718701
39.970597653975396
133.1356579302984
65.6928822595639
54.164557910211855
37.93933319085964
145.6069808272417
11.610900154119264
80.74255917395902
149.4741932321547
50.86070457115033
53.639387411735434
113.99845570039005
121.09033417583123
190.89913851724296
67.88364465960659
65.61231364294818
69.93606603332782
147.6660878206222
85.83556716194916
168.91046836096928
156.3994041593149
203.84313265986282
193.07169660174543
83.11949964626484
119.32798705818064
110.51963923349076
29.316723834826
69.70112290196309
157.81841187030034
77.20206613842726
197.8789552787202
74.06341943208673
145.29446006225112
67.50259685618354
47.64507992025131
259.68436474897163
91.41874710521816
151.50654629725693
52.23255877212616
200.10642139881455
119.80957796480348
59.14370903950767
169.04530906726427
188.2542974612446
60.54619355123156
68.78500773229688
58.64503260120115
79.33597592857406
46.34906044099441
91.52643784913226
177.28045713061093
87.65245452209379
80.41423865960692
97.47057278542694
96.97735475420284
158.01125896440908
41.872593939604755
219.0050245170939
211.81196321169162
107.20609506825234
120.59256167417698
36.460749807256946
121.96577763422152
129.36305619804085
122.30097827515043
40.39447604981809
23.164447569094484
111.19730697837176
35.133412320752754
70.41917996883754
94.21488525455857
68.4415357873504
206.78605680312296
118.3928803839409
108.6453236780592
81.21915915060072
76.19699255849414
209.7607691905813
93.38475972297714
108.31175067957876
110.11106676573338
74.32236121064629
151.45452286819076
52.339027666449084
78.32559989343251
169.80859571531025
185.3885372759363
49.841979944947795
152.68297209857937
53.95665428033638
45.05323773435421
187.58612566962745
42.926066892089054
83.31002946214795
143.94455249472793
