277422.3897795733	367487.4339301715
270521.58900187	338400.95526627556
277943.7989317294	345922.46563513926
267164.3409281968	364774.3033784781
265661.48782005376	345074.3680870672
269760.98973599507	348532.12812507944
272262.5368528544	363774.6237191113
282535.98619012616	381592.8893697122
281491.6888729991	345869.2077583431
286258.05151461705	355122.4924764285
277563.8879862827	372163.7455761906
273382.83906511683	361574.34429088957
275781.2108083011	348237.1197489012
292309.36040868243	368576.7025847755
269364.7355462484	359543.6476654445
272018.81471323466	345590.4355756157
282934.8708678261	361831.88590613176
266710.62632392434	350840.9381254991
275191.80102689523	332990.99984310905
272441.68063994515	369003.4886080752
269146.88678085833	331945.4070227871
285402.70343954826	378501.0514569045
279733.99569129024	377562.38651669375
283195.4787304798	341544.74289375194
279674.96679863724	375577.2933220946
266389.72253013426	346700.9084861444
281131.2100968528	375561.0160610542
284772.3109499952	362033.53693640133
281045.2917493457	347277.89100726345
280313.42096671305	354193.7040674182
272339.88421452884	333111.1014381426
282882.0011804252	350106.09740869113
270080.62461427884	361218.8809036117
285365.61415700224	343757.0418252904
281645.0264532241	387133.41577195755
271186.24625708454	374396.66556773713
273258.28378273454	360542.45399583306
283072.2290273373	359829.5329490722
281425.22578615625	365095.9650407954
287142.5981847283	340022.57110394223
284840.8974798132	366691.3522490887
281195.5794847307	365878.36732842855
284131.3008615745	361743.98100707354
277781.09806067677	361214.824155553
271961.3203611489	359935.0608792002
286297.6395260771	360751.63310053025
271367.55906742683	354348.63825827686
269470.21990618785	347996.9370133899
282833.8360624211	376811.34571598406
284740.59103635093	354729.53423621645
266933.85189819	365870.5946836372
287792.7233838866	370829.8408627942
289400.54484312946	384375.69943819044
281074.3232319644	351846.87716490624
270973.5019316953	338617.2372615681
272944.6333572271	349109.0350196771
273660.75838104985	360076.78044037474
283005.9668863392	371342.2512477201
280083.266155294	353756.0095826496
279486.47826578474	349757.41287413845
275452.9433755011	342688.4672166444
277966.299322592	355159.7040842349
287181.416175873	352327.1776196725
274955.2127296664	341763.6077257023
271893.3836477163	353810.26249346335
277416.2071897036	363838.15168191766
283563.3983157415	360278.9661666277
268457.76651433855	358417.51738131465
277665.32268061495	367942.39751404093
275704.3434865659	359947.2172334864
276200.23115659365	362800.3030087182
276087.45258727786	370864.9534785812
267552.49246854876	364955.75175919867
279303.2299422717	359041.9973214983
281998.41552819347	362831.6477768931
281547.4104417855	378523.0430348547
276544.55061025836	338310.45136298303
290651.03784480056	357782.95237438916
283309.4454579227	376194.5074123595
272812.686051895	351502.1614566194
275926.0943967786	380896.268240215
283334.59646527655	363542.5812423555
283389.8914763373	360590.62532811466
277232.92615146755	353744.7527249101
283242.87652433413	350390.42721836566
277546.4456252039	357595.35980517004
272609.3473105819	340279.56863804575
264716.0983053873	354124.3992817212
281804.0434390795	371128.20199037716
278299.12694231444	355488.01886399416
296270.9730700946	359264.6535520918
275274.6291107582	372052.1047054905
273768.1028327411	379171.3549019538
267020.23608195584	364397.7039363467
274064.9587504112	366115.26726490527
284286.22518022236	353760.2935777183
265619.79060958175	364155.53430849244
280234.5375789872	347372.5396325944
273980.7151735679	359443.1972894851
280488.71632413607	362007.8581553327
281589.22535147995	338853.9603349662
267388.5945953395	363365.52280762617
285694.85324697697	354155.8589351021
277722.7294277132	366390.1384638734
272467.5069332542	354700.0040094643
282430.236116607	371212.01223886467
276707.820585793	354021.0908476565
286083.04181883927	357927.18403993634
293475.0502263979	356315.79224352364
275184.28951952944	343701.681612658
280704.8615136459	340854.31643265736
277474.9892157763	376282.74499911437
273332.4590898196	336430.5533462327
283618.60541679733	356023.79873525375
282136.04606377427	348866.85967689636
278397.93721984513	337544.3801102281
274873.0979636252	349277.2110389677
282638.0291007127	361876.43451902183
284462.17213205015	374764.0845814763
274327.08749508485	387856.40325900074
284509.74262615934	365370.97002674284
281641.70651495823	352710.547312048
280196.28746083763	346146.63771007943
276615.2209501246	345653.448031308
282210.14886258444	349384.1567693186
264258.22751315567	357056.9805210987
282353.38794296514	367589.330755329
287218.0344947062	359866.1628840209
284294.91257266235	359499.0339398558
281580.8230806698	367523.3128393068
298285.0985742085	355183.91975802754
284829.64308287227	353878.0361512877
274940.81730036077	369216.85599342035
278185.3211795195	337546.47185793804
290278.9776730493	366959.35776900634
282141.5378466909	353831.6239753892
292921.6044072457	385981.39792247396
270557.1521100056	353686.7643049896
268084.80450945697	362557.9583978775
275996.63903447683	338416.5762764009
286280.19247208815	349774.2071160248
289923.80637621053	379696.30770603154
276865.30802549445	349455.5473871813
284803.2574070323	370427.05629488325
281831.0972091099	356821.6951785699
285999.2443367261	370300.64384345966
292401.7901244977	375702.9090176453
273537.9666472212	362020.4487510586
279958.1745477126	338784.8024945493
286232.475616496	364946.4554658893
284332.330521993	346577.9779776258
280401.8608576873	348673.3856027356
281362.040069459	368120.35705307196
280627.23380522	350765.6608860963
281415.4044559178	333128.2762979732
278845.1531570001	364206.80275399855
278355.7895231115	364390.0027517946
281762.3797159817	362080.8810878927
287596.88356154837	359632.93825881707
265815.21989520156	361488.22933080874
281974.67867598945	372910.2966579255
273724.6864257487	359331.024913752
279251.9781617557	357349.06626495183
280286.534885825	359332.563233453
285274.6551713932	370137.9332660606
285139.8903540855	357738.44883885933
260486.33397823892	375425.53231073753
281916.7943802159	348606.16761506617
274231.5137414149	359994.67166386876
281008.2606783656	372190.14786610054
277287.77298671735	349419.67939083243
281024.06861945614	364438.4758370683
277512.7409224741	367912.6787921424
281282.1063688006	358624.9736764254
279240.39248739515	378573.76031893864
283478.9919026081	362573.51796672767
279448.99182590324	348074.53429595503
279252.94301260327	345062.0140439975
274101.2562300364	368046.9069187629
278205.42653292086	351987.75574329204
269667.3077398326	352387.9708824615
273419.2391110078	311467.809183022
271816.9383949775	361526.05239768716
278079.70372042625	375779.68090848706
284084.3407438645	349082.00514468766
273435.7571116019	357725.48999842
280376.6980029377	345967.78865999205
282843.3600285475	356582.17525820667
275583.51498463494	358791.6629266837
289853.7025342304	375697.5504864382
282738.3267674082	341064.885611878
281217.5302519754	371991.45590613695
278799.5495493121	370182.51307305886
275340.03970950266	369630.1395724177
276434.35942395765	364857.8383982776
279204.523083803	346002.7583283248
269468.20946779073	353205.5186716641
275135.2518311941	364319.30703794066
286147.4322768791	351378.24519531126
276553.4525644904	349599.26904527156
280672.6187445456	371098.595293117
268052.7769654406	346946.45846712583
279901.80588242057	356508.76181868813
282534.49751875433	364917.41244332754
262735.5571705339	337612.1556861307
289280.5334474983	341860.2385529163
271779.28878307453	352170.7909129018
285572.5682926801	358810.7818966721
275364.7867874589	382962.763894156
269514.7222404053	369192.7009264665
275779.4276404477	365089.94017124234
266096.94627885043	325581.40436366777
288206.98249852285	346608.05495276727
270468.0482679299	362113.4546174152
287214.91928139376	336199.15509407595
268004.23013531725	364028.283053637
266044.7543501891	360555.8695080832
285651.48838691635	378110.7466305718
275020.74097103695	354785.84466253035
284618.6239199657	348055.24664011784
276265.8257611828	344047.36082894815
284264.68297510094	371784.9774656102
277839.66243906657	352654.55957562383
275285.3006897113	349210.7919937295
276330.7350219187	350886.21029146225
286779.32663008256	366936.1923217055
284638.1252067189	364007.8376842239
273107.0567353453	352776.7176404791
276980.68604442297	375734.3068304788
290224.9301712719	367715.2619308396
279470.5536334553	369748.9249807911
282243.53608142404	348029.53978679865
279112.97523153457	337265.6076184812
298151.9287283279	342954.2818250022
276395.1360229305	367854.7687013666
269817.4282776645	346029.30396605836
274474.31405724434	355587.97333862906
283291.4851632843	351172.87348056457
284688.2825619988	333563.5397790277
280086.5905072967	354914.02907791897
293878.1964097018	373242.20655562705
285991.04100518813	356701.23172935046
283045.43108504347	341385.1873193438
266941.6359290071	371503.0556714429
280971.67268634343	337345.48579481535
281725.8145547962	363803.37181350915
279205.5325891662	358392.51975094917
287837.70699861227	349450.9159461938
267425.14201808575	360764.1134777953
274014.6840534387	370859.48106024973
272567.7675879526	345555.0988497931
281127.3900948226	331083.50221593387
285417.0890187618	376922.66657310375
285010.1396570251	387829.7149273278
283761.76135093183	348965.93560909433
286131.87984991673	344218.8085618763
273392.7990559294	365785.73531205166
282396.0208799228	344041.87676585506
276213.5719445568	358997.8119587229
275424.5877166188	356770.83361402666
280257.44310285687	387867.27363153786
296397.06193010695	367372.892626556
277610.35858174483	352775.6963132767
275027.1470531634	356783.58002238476
278899.60925508384	376200.36550802516
278552.39878362586	352665.44452702266
283845.29438524565	368366.9193341653
278750.7636309422	367650.4771655091
268231.2275050001	364679.2762640053
274686.149257496	366877.82266660174
275049.5880453194	337611.8486793876
280721.5085750426	374577.9069608024
282843.65544741956	335400.3180953483
290956.2605538496	368209.1024946978
286621.62264097336	369287.2666811801
290146.8163354303	366094.6213038402
280511.3084617681	373621.6985980141
276081.4318197403	364876.9331777035
272229.35458327975	348005.2039816502
276614.6935785519	358058.37216669775
279250.554729926	391362.94028543914
278472.07023206004	341194.9313345229
269212.39170412475	359567.69771164004
280654.2756824362	375807.3097998218
277707.99033161695	347520.7366222794
288729.5156527836	356748.09443569824
281374.58481592714	367077.29523744335
271074.23596515297	357104.55768877687
282097.8437400062	358603.3252406002
292248.30972186767	342217.96247008897
281644.14690001693	336670.4974198915
283330.0328513599	337390.04540520185
275762.4764181671	346513.5643955702
277305.1756054723	355514.3287430779
275416.5685963425	364064.78497098875
276066.1306719621	353612.2078604067
283002.62337905815	329170.6595030324
272167.8508392733	346312.06644443073
280093.1338660773	360881.7222553467
288034.02223039465	346098.570553331
283966.64836822136	366584.37513634004
280857.5745013624	347120.4714356532
277516.6511083469	368009.01916053053
281344.43618587556	369161.0904525704
279675.78763029724	357273.51816950145
272370.9002938399	362261.661251601
270176.19435766153	356563.2163266178
287919.3411934914	353391.88750312664
287387.4978583165	365902.3709153525
278330.0026738842	367343.69622706727
278025.33055736875	361757.53570710466
285249.55094241543	349459.3515000663
280828.00682327757	352456.58183914097
279290.89461713005	347280.9156866603
281472.7864691102	378323.2557101685
272319.3040465252	356697.1949888205
270775.02374054753	345276.4797825343
265901.13647953304	355443.85285957565
277960.1949487766	354779.45665604144
278499.7713801162	363043.926857771
271575.76907624234	377893.344210921
279973.4253556391	342386.46663350327
283136.76059547695	381827.6634719778
272855.04534932994	360732.17952988914
277709.0411605507	346858.675356003
266620.6663005027	373338.2852290772
275418.52253478905	337262.9329443276
271749.0736153589	341902.6327414167
281107.73436084396	372817.42447460606
281630.4129516799	368828.4402980355
283218.7908791085	395209.1911097988
274750.04387048865	343871.6781874186
274934.16955166304	335096.67647434096
280081.82236431405	378803.8438551777
281183.5074989264	349623.37958012277
277709.4063743367	372412.9742610288
272509.6154712274	364683.73832746525
279638.1656985708	330838.96260985534
271729.7881979763	347484.40350578574
278583.3761092399	360680.369156044
272178.9357540618	341045.689755157
275830.31789316505	360384.79941222724
271719.3515858703	356821.88662697223
275680.4934553173	349404.8889287271
270675.1856065413	357467.92052118113
272649.203503661	359141.2357454584
263661.13000281114	359485.0484192864
271620.7336366694	353525.9613249805
286337.1333295238	347579.43825668516
273756.2058774327	367459.8722262758
273588.1051792381	338147.1925915539
269058.9384832572	344022.2000068278
283088.7564791082	356572.1831872294
283934.7001821558	354833.96345203626
270083.3014720823	353768.26679613546
292323.9826525088	341247.4847651944
276414.1200527945	347495.5439253112
280533.4670024832	345438.1396576237
292929.3885435113	355097.0288401696
272364.3847808745	341882.5240955913
292098.0876371227	356667.324427124
281729.0948467215	367688.7526606436
264396.14562152955	382372.453303
283462.3711946446	377724.8580864647
273691.7191419203	372598.17224509385
283222.8478731268	354377.96388558333
279225.5835717444	351125.55325579946
283642.8809365283	343740.20170000993
287456.7982261956	369279.0665676312
277519.7575761464	368141.8798076419
288445.03376827727	335258.33958381123
285924.95841334586	367630.767340743
290549.41459064255	374530.54083919286
289719.26994405844	368767.3953847418
275330.7138413389	334701.8937807507
279327.3886343789	371836.7440625527
285950.2326427334	351175.6873610218
288774.55589879554	352042.1428453837
278662.82985602133	349408.28153040505
279170.4092176816	353746.1395142214
281154.71303644637	344788.7265182064
279063.29450829135	367899.77559977584
277371.415445299	335757.43299794954
273023.10593959125	344808.0074608157
280868.9927046758	348052.3403187599
287777.65091875754	351684.81785147113
276668.8730683715	355869.5038841676
283695.7341207306	332968.29627804883
288370.15211086767	344803.98388838547
272255.5276299076	346898.86285489216
281342.0643116104	373614.48411654576
288420.9192846561	339472.4035828591
276887.9769822083	356776.61727584206
266196.8167408167	346284.32081886
279244.77697422414	353274.67030317197
272708.9414021307	362277.55918750184
282506.7942511598	360092.5948519161
275033.8289920008	361637.39921517065
288319.5192855324	352392.8100731716
275451.9393506184	343530.1337038813
275870.9438554933	382416.5346067038
280840.5865652571	358674.5762205729
266337.371492029	358995.49551495933
273965.8928604688	343434.9518017224
282509.277889339	377925.2502225718
272041.8864589958	346724.868025349
277928.65638648963	339209.0130049573
276807.45479839446	363008.7078497947
275786.7090695791	345729.7792139283
281474.398577056	358784.10211552784
279281.90701174	368357.72496984573
284105.98780828965	361710.0630689302
275435.31171150075	362853.3629639985
295554.61573882075	374523.5107454103
289088.6827507393	354160.49150491855
284366.75075484265	351159.0760418472
285887.73185363645	347091.0582167175
286615.8031933156	349725.3619975226
288205.94248834875	350100.71366639435
277749.6329533501	357930.5086791699
280913.3144445276	363334.101268723
280830.52921841654	356736.28484777804
288320.06518005644	361218.3025839431
276318.15996102616	346148.6566702902
274685.5060627249	322341.668326574
287491.2825820858	353028.4648985549
273415.88363298925	361270.50277650135
284879.72204573604	363187.0435223776
285841.2864903501	355967.6986581275
274494.3732901788	367772.8082303924
274155.72578067525	373379.6230952372
284486.4846674291	349199.94477694604
275753.16061389627	354941.0067460317
286900.12891792343	359784.0183230934
270731.63696765166	355841.5110979642
274117.952151531	368910.69802301726
276054.35643906466	360062.96553259366
288553.3047289713	351520.13236347574
283930.3238122765	356645.5503557219
265145.60849778284	359380.39499082917
283252.431379475	366877.61161920626
291470.9856141439	366508.24017457647
276274.98376836313	362092.8387877286
279465.32573749096	348583.76299193606
273119.92172388465	343442.4061015014
278888.83922995406	349082.9888782472
269506.0805487728	353277.79899660096
286897.63160482305	372377.67030645936
275774.4466324275	381985.13701587473
277765.70317646675	346596.5156567558
288845.10257746634	373703.53698730003
274728.69451729045	365518.0482475633
271267.528293811	358055.51674671395
277630.88663552306	359394.0398136377
271909.2752583212	365102.13362329087
285519.4702843067	365591.75461467355
287619.3439812979	361415.2089762578
270981.30182373547	335235.0622879318
279379.1447952174	381726.3344424465
273972.6483012324	362326.11321787036
266001.1110708694	335448.19345457316
266153.5111637693	353640.92255170183
287653.7898329117	354600.9846756543
285326.3604706449	354122.19202931406
284162.7535935822	358638.3685410719
294702.01763386966	379629.42891981604
280018.9182002205	343590.3135328795
280820.69672735676	353119.7730237534
277217.21479586605	358833.5162891073
279109.94389392325	331251.4553422842
271754.1774494402	351004.40307198203
288095.8657646832	345776.47905752773
282403.536359983	371173.8352081659
281453.4497836121	368744.364549143
270267.1635059061	362386.74123103847
275038.390540889	371766.1665571041
279697.4180015943	364333.95165316993
300771.9053812482	342348.6767124301
285234.0380796021	367663.3995434114
277748.6056177361	366935.2533514824
289269.9883744807	355586.73964041786
281614.28923146595	387299.6663711591
275135.53309575893	353919.30585350806
282241.85330865113	347717.2722402126
270943.0029362677	367663.1413189989
268109.98222636606	323903.9731974638
274364.84951749747	359774.57291791297
279227.28939301637	351862.65226413286
290506.1066567748	357281.916856927
284488.39460829576	356069.33910590527
279048.2769341062	368253.2365068146
287399.9363018937	363212.6749960515
287987.2881711456	357085.85225957
289435.9625266183	349136.93587851385
280615.0842126166	362696.97903282195
276292.1265682129	371456.7715949594
288790.34081456624	386216.6319673535
284077.78008137527	364387.67580738943
281993.81873368745	368366.7878539177
272665.40917937807	345783.4979969569
