105901.8700060941	129319.58950244488
111991.80679165697	138520.62109880915
113289.72248328445	149993.4163290033
106113.84712318395	150331.18993426103
104630.88498613039	145176.74279995717
112441.43647354044	132688.35768893396
105058.67732206083	148507.26383113005
112171.0283022547	156694.51723102303
106978.39416077442	145305.50124577247
114025.0145544826	149607.89855400947
108164.87298715509	142766.42111275508
111522.59587869173	150672.08605659078
111005.36286935804	142364.2456384463
122898.26839242732	141979.88726101266
110772.79407181045	153993.49128698042
115340.71220917316	147308.03809509048
111376.70132095926	146788.02854404593
111007.2248057365	140905.2386916102
111371.32938132118	122759.76608458249
101491.71570688012	132797.1012356067
108986.76080461941	145153.2086720573
116491.7165155728	157304.11180934633
115083.39762281577	132991.37374150945
120446.94553520448	139253.9830553159
111798.46190470809	161260.42635224864
108080.91184592445	140321.7518851723
111762.62051592077	136801.98693758587
121426.0165428172	144761.51537518215
105878.10538990481	136320.03215483951
115369.74221311082	143308.22021138406
103516.57747584325	134249.88667347454
118503.79219650495	144501.30953063886
110846.50380859993	157065.10751945866
129246.52705297704	127368.51566172224
111226.68369348369	165166.48720674816
107673.31091087713	154210.5908725685
112645.83359231726	139066.64832081608
113209.13530372422	138973.2540234073
119057.74571208537	148796.26754748772
113794.22377351904	142738.80142227458
117266.64683561359	145568.56324627958
113533.52207973646	159649.3468167454
118392.08643062512	147339.30862000442
120610.00852285165	141062.25065345556
102496.54100699673	143430.68734227473
118386.97292679231	144392.6484294036
107315.24366008068	137683.94674883987
108743.05816548443	157638.7784869289
116241.77062373103	138421.9944902803
119554.25541493151	149513.204177382
102264.02122191124	142675.40780535512
122294.01143922325	164122.3818918915
114770.36588032653	183003.64681834137
107517.70628345024	143865.5234017312
111877.06772857792	144940.1449161374
111219.56413655989	142682.85015861073
109904.60992228496	149921.26153866076
112107.14488845295	148374.97635849242
111410.35305758132	137538.58291298983
110212.84546609655	122184.17953681534
113907.94782132655	147751.1504322857
115127.02890913445	146391.12059870083
114596.90325337392	150969.80943164436
111462.83806168227	134612.47821102405
104434.60950008924	140809.00776042
113503.050312975	162763.66732553428
101398.36636314879	135015.84059859105
108440.71924469103	129174.58128877543
115914.18516268834	145960.206305321
106089.06500026947	145056.51310080005
113698.71532963583	158529.950789236
110635.33825313224	135543.63215371684
106672.73546859094	132616.27801302986
108751.83570451551	145500.48061977408
108390.0001571278	152230.65872289613
113144.20618448853	161416.5011639964
111508.16795303237	142305.8546286513
114987.16811415723	139250.81681768957
112705.24657748066	150266.5044218803
111177.25555389574	159027.79016657252
119306.4523236542	167234.59665171875
117826.87552646999	140124.95550173376
120879.11477453097	152537.88012699084
105720.06037130686	130854.912125089
121849.08085186224	142919.73455177195
113112.95580185659	140033.82728741562
107489.36757901995	138255.4285175198
104444.93464629322	133830.1337096161
112171.61854087807	139869.26402844695
105914.17080228447	137659.73322875437
114715.52955481276	145253.27470234543
111732.067567197	147066.34012727565
116061.14790644849	152272.23924278718
106397.38966058553	129969.00302850484
108172.17040344988	126591.39345862018
118414.69035041585	144189.26379868336
107090.0438800178	154420.26313608713
106690.75162110163	133555.11799310578
104010.12299849988	136953.8547096249
115068.66906365595	146934.56752761648
118699.20579223336	136763.032707809
112636.78533229671	150867.79390538257
108720.54393982943	138415.00493275828
113550.1898449499	166409.0067381846
103955.29833172493	135698.369284683
114246.23785320173	150795.01138631694
106974.27458764569	145934.90621355735
115037.42917651046	143174.4972724711
114567.32978662565	156076.1142774888
113052.24796752931	132416.1841330186
104675.06951403216	126850.51337452327
111073.397643773	147166.09277033142
112244.09202336307	147931.48451355356
121578.14835427786	151515.09685791802
111962.31952187771	140147.0979229241
116146.29064023269	127207.272073222
116095.39263577794	137148.09662762404
115113.34854327732	137817.15120164776
110027.37743143391	147060.72894787113
114411.19848765813	191784.83288282686
113262.16947655709	140839.234658641
113389.89786564698	141003.68310649676
109632.32776536095	132126.41120798857
117800.94011192655	145801.85689742916
123402.83083162052	141634.56264936784
101889.63800207507	152397.10087025195
113346.06212783823	142474.2837153971
117425.87389756748	154140.32148867944
115353.97685844725	134181.09030728872
106851.8097578611	152429.25141044988
121604.25521982895	143745.794040101
113494.04699916243	134711.87452297076
118055.81063145692	163035.3269411706
112330.74081224919	124008.12170926385
113197.24546567767	147526.8148314722
108508.14521355304	138978.02321393992
118452.54846499965	148039.77292605204
110733.12812638792	149240.42216130573
109284.67568233397	146777.10330089572
119671.55893987312	149174.55611514847
111577.50481047745	144586.18803062546
110750.1791455617	154551.4926024819
113516.45157918206	142285.2766097482
111317.87332421815	137150.709105621
117486.92952834864	159613.34934476693
114343.46575263118	143371.10802054327
122888.00748229711	156002.64479866112
107010.50957579009	152677.1870718612
118124.8909627535	129481.70736806416
103147.27450559018	136473.7823679229
113008.8958019467	137656.29451110592
108736.1639051488	127444.75347373217
116651.88718461014	154470.23299901927
116851.21234349054	143527.19903753657
115933.8419256195	139691.7636587146
113845.81840201921	140066.7722540974
113570.78466854594	153910.78457381044
122116.54226898325	158352.35438346062
120196.86502749196	137101.5626545754
105066.03941487343	145425.65778462606
116959.9809018374	149952.28693087306
111011.78588567566	136504.6989845373
109769.93996282475	139856.01547206423
115553.60360383318	157493.96239970427
106856.44480511762	145418.38641725286
115248.47711299907	149128.04669470602
110624.51883351197	151777.07171390916
115858.08441217194	140876.25026501057
110517.10687629582	140996.0478086321
109863.25468872277	161486.3310410026
110003.13587458992	138505.59761097317
110764.40879663987	149113.09911340065
116691.69352270693	149638.8112445848
127169.60541466485	153702.10443800193
115952.08884890584	154691.99554832611
111281.36120237954	150325.77367493676
109419.19230127931	144482.41564058003
116302.95236577114	145875.39393574177
110363.92475663457	144099.9798339414
114287.26625984441	143784.8553924259
104306.19214355006	122751.02747885173
113491.66918096795	130339.46054340116
110868.41972428944	149742.7768950345
117251.14569549065	149877.0422808645
110573.66105056627	140333.2927313112
105248.26743106905	140590.76913517353
108555.14051328856	145288.82055151457
103992.91591337594	137567.02559273
109774.62156869896	152346.04931671463
124192.06194286926	172955.38951558789
110779.33682015796	136150.94816499949
119787.39947680078	152764.81869230626
118022.95202809261	146615.39989446392
113848.63876644005	154165.05349579675
108155.93065471863	135670.3184411983
119587.84736451633	129722.93239105107
99855.29104759553	138476.15454051632
109661.32105706446	138822.18373098128
110109.88389515634	141280.8407313348
107589.88651025356	142283.24476082216
109327.13050566902	148002.28354307477
108686.97311475944	141332.1158889132
115495.94531163722	152299.7434331116
118134.26708622156	149891.24779250618
105069.03453543439	142260.85599230637
125377.64448828464	136685.65939033902
101952.67664269116	143230.78361384437
112502.46036055438	143126.53420625633
113346.00281039868	152982.0461130455
112514.03717396941	155381.21074902898
113780.82670937237	139025.23820044173
104837.21591257848	118652.70341036588
117975.13454385486	134448.83194345768
106788.69143144747	130273.93020511411
111860.26966774874	120177.9504656893
107226.76105060187	154001.88064240525
112366.38245869818	146858.8099251086
120021.6950961578	140918.6506961187
112759.13591731565	154012.01212200854
107918.48596368385	135180.3040954672
106952.53068315242	148877.0445747763
113634.45008234399	142491.38928336755
115594.19844573538	135587.3220164058
109891.27981593162	143835.2983032575
104621.65328623401	143592.76658421883
121109.22622705177	139583.51683116306
122422.69689739411	141103.49343719622
111684.41042585671	153258.25738253605
100585.05216755581	166556.26498812015
120603.01490813965	143110.43283322977
113170.33978080025	157729.9426716315
114386.46475717257	137504.99395849856
117717.0960186478	122213.75635107633
115389.0492741485	131706.04036111844
109306.03061676252	153888.2732628734
122180.18744190357	140387.88930966365
110553.4168473274	136060.70098865894
123976.07975745178	149230.4755551699
119112.36764704288	138252.78584546567
113121.2003220054	135818.3382733823
116444.07406684106	159915.25199721896
113430.67975149513	160670.24122253928
117595.07294085453	138267.18877139536
102902.37865907364	155528.0738154931
116376.31520268146	139214.79516740315
108094.02581998706	148720.05665418197
115834.4035829718	144703.29048966581
118050.9039696925	148023.00252418846
108311.23260527026	133546.26450664815
105068.08013269895	145284.77083283965
117198.78683237798	145704.9826830724
109985.54885630525	131934.8548561402
113096.64877025249	158143.27053652122
124167.6194878112	161140.7754281979
113806.4303482653	124251.720832215
117455.8926962917	137289.22899934143
108344.15172624754	132698.83516622422
106182.7615555303	154696.30777332926
113276.4950777684	128855.12943568378
115262.06843944991	147531.4856670784
105439.07194316058	140826.3726074859
116783.82243970034	138284.57903010544
111058.21472761949	148562.73911534844
106040.90058898514	145229.7735009958
109297.95901459648	161596.79719681176
116007.7751965825	127730.62801907155
107787.72594803496	142845.98025665822
119505.66706026273	148938.32464496637
102849.01833853713	143149.49847065925
115112.64773198211	146760.85276008674
107726.43564308222	127832.14886521088
107858.3279003755	147802.99885773024
106716.45171813329	137015.09692273472
121429.893517308	153061.80298953602
118836.18863508716	154924.24305655324
117201.78198110002	154594.92977230635
118827.1237354406	144204.3561566732
115865.70104146947	139910.69108108548
122262.11154557533	160357.5736665317
105852.60408580065	141097.6674357611
113805.27332161099	158771.66759304682
100713.05878712302	121963.52557313212
105151.30875660072	141972.271579328
111169.18584459453	158947.4704705023
108939.78615488531	143096.37059238565
130781.41704234882	151598.4648448727
120781.8336740494	145504.5455214286
111598.87728969863	152674.38875452298
117280.40215394495	156772.86360527785
119539.70508728098	151438.63259767674
113697.13642576186	124422.44429269744
110169.23332258625	146930.6005040817
107958.92806037658	147157.579599775
110734.23324810198	153672.4115632812
110194.44855257057	156902.02761218543
109206.4270689092	139231.303227303
116253.99689402313	122367.53182661977
110773.46381000633	138837.8574458309
111812.09951664218	138566.1964026289
121579.86457378848	146546.3605024814
111975.66540611492	141797.84578425094
115416.35993090743	143332.6707504783
111682.05530097689	158148.89454647235
115355.65765873654	153735.58767850292
102071.40029691375	138784.20994433927
112494.21074928824	151004.42731867483
109737.31033976916	146437.00453424724
119898.81054850054	135843.15024726905
120770.26201937048	161446.96390206343
111611.5575852813	151676.37459521636
113681.6281890024	150057.63583161755
117969.63635874982	141181.20812958485
115993.09210022312	148422.33825168654
116634.24462555462	142812.1941602497
112123.31988010532	124576.54822704481
103164.4224168155	141835.29683765688
110239.31911361715	131614.2491992647
107627.09517284742	143544.22603474004
115776.43357721152	170180.21743793756
113869.26724321395	151573.85992084895
99048.69808366135	140648.9030065046
110929.74059737325	132279.0988816706
111139.32594102062	155388.10307028802
100372.35094519213	126931.54408515648
111484.55803707807	142236.171531885
109058.4467222133	156573.8820797842
106041.90090715952	146778.50548357738
108462.43583449624	112356.67635386507
116122.09288373322	148007.69966473558
105995.59703697542	156018.92763934575
110411.21147660504	177306.3848063414
110348.90691185395	154935.18192377506
104685.50112081278	128492.96342856632
114296.31767974107	164859.2475938237
115884.02864550616	139572.30223316638
104125.82546497489	158870.57332998488
112357.02135349167	142307.89781762275
117270.0758506272	144766.09245716152
104437.5269837779	148231.38331025207
102449.19415883675	144646.3443868737
113306.15624666886	140270.36344222428
108469.6469197802	141286.20148615417
115301.60911945284	150795.5377358712
113500.81989073145	148863.5916312237
103203.01750051728	148631.1525006578
108646.10099374574	147987.24721954763
103436.9118663996	153449.92255496563
110393.53419670137	136320.95314375852
116317.29321570112	145760.90101269912
111324.75434064073	143154.02423155334
108082.8721643502	133715.43303609567
107362.15786116125	135325.25057496227
111921.66220401818	146511.6520440732
116991.69441061938	154636.37486175896
108594.86535551363	148926.61325375512
125939.69598182099	140929.33651159843
119622.9759671775	149159.92592077132
116979.36029960372	149574.57215590906
117715.62768803786	139523.78580430592
107110.03169201824	134918.9214069605
118681.95696127255	145901.89941557107
111001.40943327657	138562.33833517408
104516.02317235188	167825.32471653313
120154.78121762953	149974.08958716548
114180.6064107434	159348.52940409293
105337.16692990501	133758.46230927182
116150.3532425561	135391.38307328636
126207.63143011421	157335.89942857527
109002.00616863875	132779.04102420565
109727.79405339193	149054.76274262153
109329.01532287998	133039.28377280623
109233.76698353144	155466.359169202
119204.9078376529	151191.46754243431
116354.33339306296	143152.55321018142
114298.41955773416	132835.0399354799
116514.96644623028	158441.90067780344
112791.23158357856	131878.98125905168
116097.37143778682	142279.93168778994
116749.0756860486	135256.9922733168
111397.21143823327	138058.63875482802
116849.53343631238	130694.60968318323
112499.0235135585	161065.00830979375
107538.57672232506	126445.55010369784
108306.76790118712	128322.53372305963
117214.54417184766	138496.99969994597
119956.35947358617	148008.57561745192
107784.20081136948	130135.51304651213
115284.63369337862	133509.89912214363
118001.50020169013	142800.41486131315
109473.73214256369	150242.64901554643
106242.53041401465	158532.4051309878
108407.08271802115	138866.18476998445
111823.833370036	135023.18306161568
113517.54323228332	148153.165289089
104612.84807852232	146990.73501724034
106069.02023858065	142752.66388149015
113494.05163953509	142547.50381679024
114203.4896354629	148680.23311364013
122967.93471318172	129480.10256315002
109094.443016268	140586.43669107615
116447.77775373006	151284.75511249554
124723.92329640558	136374.28811960004
108359.55030749232	141840.28188600254
102983.73750203504	158432.53643270608
115232.94451303751	146903.8354520099
105197.19612633353	122046.39850307236
112843.47232860951	137098.81151290392
119159.9608003173	134424.4211363753
115043.62048616467	130133.15682006799
110002.06991308287	132596.46096126363
107793.8415881652	138812.35966909275
106137.29764223173	129650.36314358088
106511.48302579879	144924.52803279425
122002.99437966521	141769.9668442048
116363.93251034571	135751.1469760419
120559.73372175591	155227.04926680587
118198.62382218163	136062.57522337537
118311.30557599949	135657.49943723372
114221.5318401797	152745.20755298765
108585.30210154643	145969.49804867315
103775.56223002193	136982.1687880072
102235.31494831284	130411.60337192153
127189.56878932628	156585.45394181093
118854.12052478446	144673.06613285668
114441.09096098297	135791.604682432
110015.87409905442	139698.8414460185
112716.60013671264	150876.278506131
107892.07318847613	144275.39732555574
114178.4389744973	161767.5960229857
105407.62636786523	158273.6321098347
105993.12218437914	155777.0800096691
111362.28125651226	134283.96967065003
109618.18330330745	146751.84629659815
115601.67322607993	166956.5969365905
107797.5015869252	134672.76695864392
120903.67427066242	151642.97616921723
109374.75126426411	150855.39008353645
117233.83184184841	132666.31142854472
104963.01612963658	134417.68381099426
108087.74049203552	135926.42585836464
121246.70409349818	150843.96266901627
121190.37028505522	142101.47936927615
117290.05558126714	144856.82874995723
111044.18492016016	136926.24094453402
109038.29717663431	143931.88261426328
115815.43618021678	148808.97783675266
105706.86101623575	160538.97665131977
109619.05018611971	155339.3952030892
110469.9518792053	171278.602474429
116206.72548049668	144059.22020628507
110373.66710984883	139271.21129540016
109343.3736793635	147147.12638232202
110766.10395269925	138399.00047227356
109111.82162479253	147514.15670660487
109702.47644652362	134514.43895056378
122523.64611312473	140602.4971242298
121717.2234240182	133011.98807913015
112049.85122684616	134003.92484538638
110408.6963439474	151658.46077238972
109721.35369268863	133532.93751637224
103949.55137123742	136064.66968616878
108885.4793522574	133469.2534138355
113130.89523002197	160429.60620260512
120205.84682816034	157545.98304367572
112491.98117674809	152132.48364138312
117515.1969979886	161482.13604777044
105832.50353263193	155162.99828984356
126344.6673215943	159836.16935877464
115157.35114206908	164758.46040125558
112888.8931130321	136551.10357579868
107540.68032148737	143813.00706810268
118825.14229639925	157548.60052921443
108288.49086898385	145119.58358446052
109092.00935141984	144393.79510409952
105286.89230334328	140620.81069347195
116677.79370098867	139105.23792644407
116188.97770471705	135138.0420382872
122917.3313595892	133556.09714732537
119069.81789548701	162228.00469380175
110837.9972111941	147917.70087292726
116001.86818821452	140611.194494401
115537.5311025483	162787.40246112493
115248.38994176852	150528.33735472625
114036.40846871835	139671.2571413924
102864.27204203064	143474.6276279341
103770.01519702685	123172.02864306809
106643.78006268054	147196.69569894814
114950.41994827907	154232.9564740141
117111.36019715868	136604.31629659282
104846.50532615867	142289.68443233042
113612.58419384448	151939.14475458884
117866.89150333928	151318.9464061006
103950.5771155947	130179.42541999642
116559.61499254493	150719.87560845667
108538.01338855368	144570.42481535178
115117.06219632155	156715.36307469057
116049.12061022183	148996.6258892999
109893.91278152098	149542.01771646235
120827.82306246951	145914.530716514
108331.42207137641	130284.42171086518
