280001.48279879027	348163.62337290926
271122.0045250439	344420.08729539625
276505.9832611199	344835.773032587
276587.3701180467	351180.91598080506
263535.95043044613	355469.7635247608
269197.3967987418	338851.41735554574
267313.5814279781	368520.82693707367
271127.7499151058	370826.79542037763
275639.5423091025	352250.3094982755
280654.7178992199	362729.48142517864
264793.7355269377	368765.965995832
281638.9824537658	359806.4930110601
277350.7823949362	333904.8315977642
286460.03283843625	355053.1709101031
265015.478265065	359477.3351535006
278212.97774110106	338134.21351587074
272493.44423923985	360842.2580351465
276118.1629329931	367750.3331358534
280800.32970963145	346313.72439103486
267468.19283293607	368912.23416460864
265481.5478015995	350872.2483367479
281576.2238198859	362565.81964195054
283914.31325763144	368970.08368559636
281959.6295715375	336261.9387015959
278562.9500463604	378177.9900821545
269561.10992793745	355163.462289425
277566.4645963163	355514.4633456529
285282.90054831444	379118.9455628541
271970.621334318	350064.6303036668
278566.53116002085	341507.6662547549
256857.83019790132	335494.6025500344
274013.38687381166	339749.66727896465
263234.43126064213	354436.5831142363
280520.68130773795	331240.2473294126
271573.53627778834	349457.1346714817
268682.2505760596	360306.50794530637
277520.1412415269	359541.56076789374
279125.10595501505	362575.84396165016
275630.88981987565	358965.07267552055
282367.369077137	341717.4066761536
285992.78320493584	358168.16416277864
278519.3176887631	356970.19086843746
288433.34518050845	366237.0692277495
274568.25072574563	357356.69669088506
271128.88630367484	362975.78583080764
282883.73846912535	359362.7422062971
271296.08940071694	355376.5998509381
268023.6179849594	350729.6606566143
288420.2025142005	358334.77949351794
283090.46451839595	353780.5591135387
259720.5502161472	352443.409667072
279626.1257142471	368139.14717890974
277093.95753774483	382434.48453491955
282144.02714823885	349645.16407966975
269333.81223680417	360249.5858956692
277254.7935373249	345493.2886475561
254581.93686605553	351448.13220858894
284327.7088180463	362780.2420257128
274017.5184827562	342149.67219193175
269066.7676586264	341693.3942491134
278471.56847833237	342501.945328503
267160.5969050431	356287.7929242302
284758.87491440086	349718.56689660565
271158.42291866266	351450.34316769475
275932.0897889398	369725.95816590445
271533.9800813602	364200.2602250574
281303.26762459084	341165.4431370524
270750.74096348597	356532.09270043985
262534.4773299743	351453.50411723054
266564.7211339746	330979.3329354812
280356.03571340593	374396.9793908328
273874.44834297744	359161.4046087543
265693.3083072497	349771.8762443807
278719.5660757234	349005.5275964962
275528.8570851251	356971.2539002175
280274.6365650654	374565.7753247719
263334.8424073593	348094.53790091025
282932.84003751376	358127.02122357226
270043.70116200607	377944.93856351246
274411.85763274756	344076.30288906454
267991.0817717734	376286.4515455322
277585.89964804915	336321.6543865444
280316.0067496248	362871.3599824842
263724.59594273084	351314.24403099343
281973.9096546788	363727.8982773451
279771.13287335547	357267.421398481
265578.4611054732	346878.50380671537
270018.2690041927	361243.0398371675
271781.8410378583	345541.42044658284
269043.1855806147	362385.23000340513
279121.3571095369	348049.7789188448
269556.7746048995	348392.6478222222
279401.80300549767	356643.3250549517
259847.01291350965	351094.3342686316
277000.6894032715	350475.87345791643
276337.6144531969	368259.58723441104
266571.8060045049	354635.68813315383
282692.0395263975	352703.4907603497
267326.63413471007	368168.13624201657
270376.60249778396	354578.13208176836
286100.1695275289	346074.46692399844
266622.57474730787	356676.4214580038
273234.1864822239	347277.2991108837
265719.7912102398	373779.5557640083
268188.9419561611	342263.5793356878
282867.16513360234	368680.5482759095
274868.40447348537	344245.98530536186
284035.39475101355	350743.7673646731
288546.9293694668	350114.97039899067
269636.84660187527	335094.60471679573
274109.7909824691	322010.8928947877
270617.28905673244	367941.7070973901
269691.92507580016	339607.9941917126
274867.75736949465	355738.5010076094
279361.8459260702	354838.52114586567
274527.8597602164	349111.60286417115
270526.0484269306	344874.63490858075
274916.7777756701	345325.12004888704
280968.94746378047	367177.59502116265
263469.3689438485	377703.65871401684
274846.9655056204	358412.7225660902
271952.1918947138	347780.20526209817
274848.0499393822	333992.1129453311
278199.44343615894	356961.83154551376
282748.1905229881	342021.9158446268
269543.41742200084	354647.5113787767
279703.80965434056	356563.21424571506
282110.3207103408	354361.7377056024
286039.4434364322	345262.48330938205
279674.50687818334	346025.23099545215
285480.6377848636	358207.72349730285
275177.550360172	348874.3882318447
279451.4206725807	371487.9355210036
273180.8731164902	337230.884407743
272508.54531481536	347189.61225073016
278284.8052887767	347663.8669353583
285398.90850714874	364146.3035249331
272174.86991417536	354418.04215538636
271981.28528414795	372749.9200697836
269624.84526174003	332907.8094965471
272268.73780588934	323062.7314862451
277811.3021490162	366061.1099754436
267846.3847725384	355833.9138439528
279639.3129878588	357885.8199674868
276501.19269747386	350763.8439489111
273684.78290669917	360653.5924808839
282566.09919628035	376692.7412638589
272750.811727842	366851.13582170906
277372.25929670903	344373.3935666337
271709.59721306374	348992.116386693
275545.4215417352	337561.01167872694
271438.41011794214	334302.58529388404
288402.14438458986	372029.8224533975
275107.59950769367	348700.1711123363
278034.98314619425	336369.94355023967
273913.19885007694	347120.89283277787
275007.47633016144	352965.01611318236
274144.65302771586	370925.12770027365
282975.0505506448	364580.77696821874
269014.15184695006	358445.6036675421
273361.728378181	357138.8346024547
279433.2825014689	355197.94518499135
275025.89624828624	343629.9310862805
270058.030557335	346713.9800759004
277397.78655308357	355345.8354132378
276366.83193524694	362844.30276610085
261250.63228717766	351124.0968556624
274246.46899048367	355147.31476477144
267901.7057560219	375648.4043550275
270732.2280279491	357320.5089100562
274612.93708440766	344415.7734605149
271033.91414271283	351724.4944925788
278709.76434919063	353535.52890383574
271447.2614589757	361632.1153776984
277639.9854610833	370367.5094555124
273803.9247208234	350491.5957488431
269880.7641237129	342390.98846356693
276625.98731090187	355807.3237808554
262989.04270137777	354658.7399382467
274019.689605947	338662.714280319
266493.9680420838	333287.198784786
270511.0901765597	314439.0788708788
267713.78228330927	336530.26218284754
278279.40935055434	351748.2938567488
275255.34177111555	338878.6597142713
272451.1285858626	357748.4542361177
276066.1897193845	334175.92069347214
274156.32975698286	345196.3907752112
271843.9565488467	342921.1390144106
289097.77957573405	365761.6515097222
284346.8914203065	343738.6744634331
277155.64797495306	366245.14368788677
280681.85636857233	352307.1894921359
278050.35204908083	368753.18163855793
270549.2067144999	344403.1722539271
273290.91203387285	332901.2715483289
259296.5950380478	365971.07672813325
269082.72360808187	364604.69140270544
278246.8314295713	339051.1610796507
269693.06274332944	339985.61191572243
273365.8964457526	366096.22152565396
257460.7981765181	337241.82537228236
273027.3198873199	368138.97549466346
274920.4116057534	369281.6886914009
269934.6959581682	346406.66912531643
287805.1068742464	356601.1639538435
264305.1995845718	333021.8195424401
278463.33697695594	360008.30295008444
284462.220823184	381156.7413744946
270040.1846510649	394870.3514740838
270510.3996551737	351763.23894014425
265641.9719007568	342167.6872632007
279832.04499964137	344746.19825773616
274501.3653768891	371214.2341973015
279719.2956344702	326945.3005557943
261741.58972281977	371708.6070310299
264194.7249362488	344590.9394051934
287142.28377881896	348527.01929459977
279263.41389322164	344232.1759883861
279395.33046635427	351004.87389043823
277246.83003789233	343802.23506145616
275311.712821699	356932.64869727904
274441.789356901	340299.0903537523
278107.40179655387	352082.1793778348
268170.8584387443	348141.34068464773
276411.76604043564	343061.04238738894
284966.8769886795	347417.1189523658
271218.7937328061	376248.3348847617
268404.56940798427	369962.7068852776
275252.4720810719	340239.8917185914
283616.4370740661	372833.9528045121
268936.0413281531	345893.3583228112
274826.0568306916	349344.49457596673
275659.9442316955	352570.7825040018
273671.0968493761	350925.26598403906
274832.6622723456	335044.5127339348
279413.67172346695	350589.6760850226
266526.9883612604	357405.74223786633
273649.57971406105	335325.5998942659
273811.15127632965	350492.92953868466
285165.54713948036	365297.4803941256
274325.57321471197	355707.61775743606
280430.0543382736	332264.5153093147
263671.64981236326	363938.0011305144
281854.2197812756	321580.3513286521
267902.676286837	355480.68294955767
270147.52956335444	356027.29451363627
291012.0178739174	358063.0217990305
268756.7970172728	347390.5358884376
273434.2557946491	364792.8204857904
270970.82985139586	352272.2564996578
268045.30390599265	328882.0767063884
280906.15032040334	361178.30448834994
282635.0912364132	372554.06475887704
274259.2500451278	334765.3423450763
281507.7715469789	338135.1322753631
269231.7360309544	357973.16378430295
271718.0746794656	337840.9296769278
270508.8923020009	354391.8075847316
277782.6534747014	356389.9047709105
269075.77375188214	373572.84525746264
296476.50494582613	356787.84022279567
274740.0386025067	355619.3202422149
276448.42986515013	375615.8959449441
270836.3013129352	366829.2474720137
273611.0064290877	356776.0442087171
279012.25169286254	350941.85880463483
286015.6896316286	371261.65860071837
272624.3890044592	356227.3448985198
272183.0467585913	368501.95377961034
276112.3022858496	349310.2563944381
270817.03908235184	338960.44943306444
269142.0517294312	336148.3335964953
284219.7650759738	367627.66554119514
285353.7678415332	361654.1333469987
283200.5310019974	355039.4599192795
271575.0059878988	359182.0030667692
270344.16200370813	360524.5326752927
271361.50153530703	379254.40887080005
268901.478421729	354617.48533735384
270436.2389383328	369905.484961902
275253.76612165535	324808.14826907543
265445.97418356803	347396.57989573106
275820.3988983438	368324.092954419
268865.53829893906	341802.16730614373
290252.89545624616	367916.00958449417
266591.9209988825	343547.3229087767
269213.9347697863	348655.0360925161
274800.1319239822	365349.8010515063
275650.67584807216	333750.35124056455
281905.3814426118	327576.0988323394
276771.26208926697	346832.0739559134
278848.62417798187	356771.87611652265
276664.16959736653	367168.27580704284
270371.06923371495	371997.70946910715
287451.80584888597	369619.4861576836
276500.2798696405	346753.50472210295
277291.2654155068	350304.38231546973
280045.43031179573	332835.61605804524
282790.1132899242	356960.52688471676
276425.52351838176	357404.19790571963
274947.16027808806	352805.9258217221
276580.20818128233	366428.76560675073
272230.868798134	355227.77431674994
269384.83009229787	346146.84738744725
265623.6469243604	363563.1658924845
268660.2642781818	342041.25853759353
282093.23702291615	346095.6572520775
280773.97115721286	360598.99563424673
278602.24959050503	357289.2269912058
274442.0885386425	357346.0719685765
290800.47894906264	341443.2235395072
275926.36294934375	359811.7832398748
275425.606822449	341172.4278618407
276340.7548766833	344554.42859730707
263959.09697790653	331369.1559456721
266977.530107153	341153.32112194604
269534.0534680704	345307.4303962305
273220.11179539573	351903.5347108537
272444.05222995847	353652.3796858615
268936.7898562183	356625.83152739593
265011.40748200996	354525.25964076427
279106.56335876975	372257.17205764505
273428.3421660797	347758.784595986
264958.7131128517	353939.6043488018
265430.5966787126	366160.7616151626
280269.81511786487	321233.24705506023
270428.6173707833	326770.35143248807
278662.4590467561	381415.7328887143
264034.30308582634	352535.07634861855
274487.7836998204	389535.7278091288
275008.50399083074	350247.1887670679
271417.2792633608	336538.8757645762
274217.77015745634	367100.20539950463
280862.9959292642	363931.69960983103
269969.16894952266	372141.62689162977
274769.40945774206	344808.6429141884
274517.20186941663	335876.0761752253
276405.6891003656	347722.00482695433
265837.68099083775	355404.4101143004
265539.02388187347	345995.02575373807
271772.36126270716	360002.83944883454
274100.80962522235	364661.1728316055
280418.82970588753	352258.0771567042
264192.9721978088	354523.8445016281
280562.6009439769	358710.61365617614
260786.8507386698	362909.78439597634
261029.64009110775	340762.63320294477
280004.0036637964	348078.48957518564
266647.8776061615	345301.21777384967
269564.5432998998	334472.831158205
264547.05541469867	341329.22340705385
272013.6719746676	348139.8965838982
271710.042827838	363277.10577786074
266360.4485928818	344146.4794047879
293823.76041345537	335220.2456146524
279650.8142181566	365352.20102819457
280046.75416437373	356670.2113767589
277864.30491820304	345713.05563364114
267799.6267037703	353892.33327621524
282930.79413280427	367553.37507482467
277900.37498996936	354179.33748210146
265239.74516296876	355519.1121138258
277968.0645004629	355575.6977089123
278532.40835893375	375295.99272809626
261587.04152948328	350651.4277610552
267106.4368983089	341916.27007867803
276141.3146817523	349611.48865809094
280460.02094513184	347013.71889673016
272226.5098669779	348402.55151347123
274652.0978339207	341198.01858514675
278694.2848088875	376869.2384758715
279652.4943271128	373602.7018403127
277954.16603644635	352625.8756108065
270894.017086028	332639.69915974955
273172.3443683061	359603.4824291555
279218.6109932816	352842.9314403558
274876.4060737768	347270.37103393
278082.363738277	339987.0879307856
274925.89628186176	347140.82529581594
291356.75083758985	339052.85289873165
271445.56990105007	366519.52890124364
277024.3224351236	330286.10593367665
267718.4752959505	346579.41459262505
273560.601951278	337859.3910193789
284533.455787494	335599.70446460106
269423.5124571705	350992.6205425128
278054.31610625645	334408.9592246658
273483.5436707542	338670.5575275935
278319.1312725825	347850.03357902623
273027.9735436257	367192.20850387245
280506.2721299015	352319.27968782163
281475.82405642275	346951.4374298243
271863.53877837415	360728.1609804184
266955.63894655637	357287.6568515166
276779.32984450646	347473.9714323876
270085.76926092955	345284.1325376458
277281.24233589065	361649.8882495199
283198.1097482833	335924.82126013853
269931.6871873315	361041.5608704258
278190.01732123084	357111.7377029029
284316.8392954151	351315.52126289275
271611.439876904	349548.6987901686
268895.97122867184	361564.12917588034
276894.04433228855	377678.4978575719
276990.5917294185	346527.24565072125
269625.9747383048	337650.17853274225
271998.4922542341	352895.6257814475
275998.0501233692	345089.1336819539
273076.68479457655	335790.2634174918
269205.4408938108	347330.97361887846
284394.2650736411	358958.4083025134
271111.33938801143	352483.02155779337
290657.03526126395	364269.63337319327
277659.5547778518	367943.3369344423
286766.7813801477	344305.61306397757
290412.08083691087	326259.6797479269
278647.260413246	341088.4645138837
278650.4692799364	355259.7782179875
268615.095807829	357734.8073416365
268795.44712804473	336038.06172116066
260879.05951228694	328351.93804682884
279209.5083149578	345827.8015010285
266736.9683451855	367168.9619868158
276372.5856173141	335634.7286398556
276652.555300996	347881.55911189993
270573.5247794133	358521.4237381782
276396.7337800942	355131.83948673727
286288.6588265322	365847.7361916292
268026.61761305924	366718.93480496504
267836.0424901015	366381.3726410011
282741.57429341995	348027.4328128113
267159.12165502785	346987.1879474172
285062.20399744064	376836.1980794144
266764.6428545058	340529.49235772074
275682.654802845	355169.57379635307
270880.50480072096	359435.5346412056
286192.2140948707	343827.44218540844
276310.95925274544	345784.5887451574
262253.23850255844	346361.92559217
276669.3357969159	350899.08632253413
285845.4633832644	352554.44580768765
275846.4381058991	360845.34140222776
276796.0334662534	347527.8365111712
269797.5148615325	353595.0264047715
275904.7443070179	357079.8500398892
263569.7462922712	345725.97257833695
276788.630295172	364707.74811922474
281096.24439427897	367606.2718340354
272293.86781138886	339169.68419439136
274989.95679014677	370227.19157640985
266677.48288212554	350619.1758918397
271019.0459786698	363259.9712275041
276326.2089383875	358910.20805701695
261922.7809233076	350955.0010691463
282235.5702507982	361144.3860502617
286977.4499078046	359658.1539363542
261251.91650289053	330900.8015748378
281241.2122553033	368627.4967685973
267542.2690014008	345829.7479891685
263787.79975863325	343824.39646224485
277134.99908682605	345395.0358187441
270651.8164194201	351594.08480869076
282188.70358901005	361020.0803766297
277525.6495309124	356362.94294983626
285631.4996029895	370442.77319173724
271026.815400141	349581.49011966295
281426.99738354934	370777.1337198291
276875.64781887	365990.54913375585
280558.03091837355	352840.5466106415
274028.16995739716	349478.15020641143
286434.5457484467	351390.431272741
280978.4099440971	351199.98311250494
279571.7312549092	356418.61246683093
270038.3195218542	347470.35243030003
277991.7808164123	334998.60287086706
279042.7175540186	350599.0529629637
284314.73813667113	354398.5347539211
278842.82747337816	368599.8607066444
277919.0784199566	372172.798726927
278818.4897088758	352736.29393362533
283782.5811873273	366851.83040233626
267395.90457985975	357311.24694492476
267965.9168459239	321530.1298332059
259410.2026738679	352492.9934801656
267033.3965643386	334522.5339177606
261641.60794225635	338153.7828009406
272878.8418843624	354814.4489370788
281009.8874568682	343752.5190247344
273501.8276267821	339713.31340024946
273320.7056366983	374381.38779343676
277793.418266606	347682.1087315396
275956.283528861	350998.7378159161
276812.8378930187	338652.77159384853
271806.8402531321	337006.373261417
267470.12369469035	361193.49546633294
283574.716285493	366225.1076876993
279083.5628289802	368181.8230026653
278118.31851248554	348976.1440009868
262097.07606633534	338496.0577834051
