330535.0338828924	428327.09874103684
323116.4992181028	404284.29348296416
329635.9709197399	407682.2432641885
327748.80063392036	425505.53475082683
321619.0433683106	415660.4126360782
324731.5244037588	427070.6223437661
320734.9655857816	435585.0474567084
319936.32094105246	440049.78241804225
328908.5514293526	414715.6153948091
331501.5651921221	421785.15587964153
316104.0678171549	442475.41799424484
333171.67828506965	417275.1932324362
324752.15958539885	406509.21345875156
341687.1956379943	429220.7075612266
317550.1723082276	421385.44083166606
323834.83718151867	404362.6009394743
325445.86501967005	424076.43724588526
326372.5982537525	428407.2319479839
333473.0050349553	406157.6815399472
320954.6261135571	431408.31417070964
322617.9473313475	409260.78780852404
334115.4951091851	428447.12312873185
332832.01239901385	444352.04475359514
338715.16980347526	406103.3685137673
326129.9430837913	442256.7444158018
321577.65253849875	412839.4713002198
330942.00237555424	441936.8380115179
330919.61462898925	437496.8302329172
330231.4482253493	415455.11003823404
329823.19562374183	409048.90466412075
313183.42874156334	395927.5794430868
332688.01090091816	410344.12976014067
316024.66650825087	423193.4908399013
332925.0344607367	398602.5904163347
320190.28711648704	428085.06416241196
315163.9186619443	424036.60421631555
330542.09453861625	428517.5064017456
336485.29198083165	417237.6016842844
329470.2595709921	428430.68385035114
337082.37478320015	405552.7724515791
334824.5414094501	426093.4433670521
328088.9000759635	426530.2416416437
333519.816666747	428800.5216244639
326315.13750245306	424962.5291844315
328010.48376262875	421288.0050756781
333952.33632214944	428623.58808800654
324462.4920770823	419666.30293556966
315433.9145465736	416128.2404219693
333180.4389620625	436150.18901491514
334814.9340788355	418498.69299805025
315275.18452614173	427005.69833715225
332189.9715341135	424930.89400317107
333617.06792787235	443242.5295296489
332919.9962229869	410619.9765964952
319075.3303556816	412705.6154080342
322232.93150198844	408229.4747074981
316658.9212862365	424815.880780002
336643.7521979791	434175.4169266032
328884.67883074307	420464.37347887544
322142.55122330826	408392.0329504871
325588.8029770109	404671.0082030671
320434.7759174823	417842.9471846785
333820.2613836325	409708.1269441303
321657.57375413604	411744.93699208886
334994.4529315363	429121.4076989531
322601.7466593806	433661.77426130715
338080.96687776153	428270.8494984944
317835.78296589735	422315.61057592864
315485.24901850696	422228.17826349696
318509.870997387	404103.77894238813
329101.1917831818	437404.45258422464
327561.92727102456	434513.5035878979
319831.15944792953	422336.02979463997
330634.67192573217	418161.4364391464
331816.4340496344	431275.80709429487
329722.96266977926	428921.9323619015
319059.2334795134	398913.6229273374
331159.0012170132	424580.5976426413
326448.6564614399	441417.07719023945
317959.58272859524	400901.9392235523
316318.69798081793	439495.4155638302
331435.333259551	418949.5140074268
328310.14849814965	433950.86154504924
324454.56436436967	423561.16097735753
336232.14132213686	418582.0108868478
326034.4351832005	426830.4313646412
319733.52558359643	399337.3304601138
324192.1351182819	434761.44963969744
324220.4538901481	426601.3417567651
327731.6210157087	436651.6040786903
339419.2780911279	419751.7967891088
320412.8393058911	425590.7116711625
325377.62708968756	440452.1220878804
309836.20423217106	426019.32657155866
327567.80368723813	437120.46666943555
330030.97119015106	438838.04931525077
314511.5521000412	421546.51109312003
334376.4255265592	407449.7062547172
326100.32145146915	430565.2569538662
320531.0747759775	432565.2175398272
337489.29015649157	411843.1918726355
312211.3247616972	428701.6734016653
330282.58401555324	414137.41642376076
320567.8808511739	436081.3418233544
328206.6965756619	421873.70225079975
330940.75997941964	425805.85372110107
325550.84951839456	413499.5574573596
334807.5595684402	420331.52374252264
337016.27692427044	412625.1345973069
326894.55557237624	406790.1726004106
330859.84198562556	402028.6029878502
318464.66578004713	433466.45019644767
321689.8140161633	402062.5557208244
324425.69476704404	421184.9567111148
335018.7814225741	409719.7411223297
327145.1051411261	411877.7889866306
326271.80841512326	420875.6618523407
329696.1430558061	417048.8366128445
335324.27310234134	435341.4875544545
315199.3694930234	443593.1229243251
327510.9131250867	427563.3465698608
327761.42819584685	414365.9410208841
329846.225604479	413709.397318079
333644.95170158264	414379.6127459566
334297.459951653	405606.4070316607
321075.59416314063	429010.5773606028
329144.2286189962	436759.492305011
336934.41463276395	424619.60765108815
334350.1948392308	426782.14976618695
331252.24736000807	414958.2444956192
337349.5394511799	425106.2221447744
331794.4175256849	433176.0987351456
327180.78747257567	436604.098534569
323252.7750063683	402817.89166788995
328758.7923829055	417774.79010470107
332508.62422362634	410448.2854387485
338808.2495697257	435565.74381577945
317196.783860542	416114.68809350336
327532.3495181887	429082.2969618571
322115.5667176198	405204.62988159026
333209.7683774761	410407.3346684219
333520.26370792376	439855.4167983129
325750.17434376676	411304.275522952
334869.02200466	428055.262940056
328028.16722566995	410193.61291379464
329560.38262541755	421305.76392164564
332682.79230946733	446733.94372666476
322180.3632526684	421601.12589523545
327290.3345153127	399902.22256595234
327254.8346096715	420036.8145960219
330776.37206238054	415895.05758180626
327804.37815437524	414501.3594634759
334506.84815992357	436813.7632787267
324521.0588543138	416474.20639517216
329740.5676212476	395027.2902431093
325175.6219429246	412617.7778739623
325627.38198971376	424871.65579144674
325034.16897815594	432542.5349707549
334900.608976141	437584.8538852766
322469.96772525745	429229.7911917977
327238.6143382098	420389.09460223035
324899.4848009599	420898.4185425464
323625.58727886574	418920.8473701048
322815.06683008245	404566.1278493541
334383.6536904607	433692.7944272427
330408.84256172867	429221.6114056569
311698.39295039966	433214.2866470283
332549.4388839797	424576.6905067938
323840.48862829246	437973.697139386
324892.05132356734	419885.7638057256
329257.18397549354	404924.5292432534
327786.74642488203	420408.0903379574
327453.8601375285	425703.54280998127
323963.2629114565	428249.2817418899
330637.548729537	439247.8285270493
332632.5064233912	419692.0127371865
323369.9873645396	404312.06247503334
325058.4192569072	418082.99344393983
320632.0667556259	432851.81241219223
327002.30411126546	412326.1404689307
321231.7946564294	408792.3214344464
323131.0920455254	369372.8793336793
323149.70722290897	418866.1553085813
324575.62781451177	427130.57691408764
332975.03884078783	407531.3209724799
326591.94478350494	424120.5442638035
334217.8827526397	410225.5249319192
330033.9935298696	417203.5437052237
323095.428931664	418871.45092026936
336059.4295319468	430205.74378595524
335406.7983911154	398742.4782085206
325414.26112636435	441338.23827739805
327029.30425950093	423683.06885402993
326489.2193569721	435520.79120946885
322446.290736612	424779.7055125419
325858.9159747988	410933.1422819268
318305.25849045336	428308.640353617
321860.763524391	430121.32554941607
329310.05978068797	409267.04622118827
327109.6103423329	415883.2294651463
326683.88085687417	426968.1065666783
314788.35961365746	401964.3607067165
327579.9052847767	432680.85060272046
325613.29151562287	430082.96560929366
319789.530789103	405841.054550727
334439.94570610614	416459.70107575995
320131.19760742225	395504.5945328836
333956.7926801558	423533.41110286413
329528.5873820481	446285.1052421736
319456.89176212694	446226.33250965463
322502.5409895444	425609.97264158964
317820.82509110984	402231.7278661467
338662.0791081574	415644.7298972934
327085.8603552355	434451.51018226525
337450.00141570764	398693.97146172024
314148.5338303136	436305.0061889977
315851.26582983334	416430.67621587915
335500.8514276678	418520.1073837925
327877.82435048145	408416.08941673103
333448.3591541274	414757.80210486875
326464.8046124844	405912.28376922884
328153.56532672566	438021.76791625406
328939.85698626307	419853.92217321123
329732.95115647267	414859.7138719336
325313.81909124646	423081.2665097931
327813.6190928514	414872.6313167366
329499.31779331295	416969.91291244375
318487.2093608945	433263.3972300776
325195.3902753581	423195.2611272718
331165.2348439185	413124.57487227663
334352.5907767741	433279.6291083035
323997.951099455	411966.6803335656
325773.63232692773	415604.19532610505
338065.0948500078	409886.21147784777
325188.42330091307	428757.2371973992
323534.4741502377	402525.0234096837
327179.1289501726	417762.6264694159
319044.86152077606	420471.7031504442
325401.07757444493	395182.88710713474
325676.442038036	415599.14654428023
344750.634506341	440580.46601258346
330645.51022672286	416505.02956723946
330833.60867055814	403412.9236845899
316908.7514384201	430455.47089026275
332543.1504427592	392136.25206990005
327881.09380431665	416498.30918893963
324297.1082913643	424931.0871082309
339375.691893675	421824.70574801776
318112.30014662654	416542.6653405794
323495.64376941655	426003.10134276445
321126.2112955201	411753.98847546347
325790.00665661914	391841.63316600054
336339.8371867069	434116.91978072346
333291.9460331432	435946.0773804279
328159.37089987384	411421.88065248914
329662.0084859036	409261.8151164189
321607.56291627605	428642.9380735678
328030.8560656707	394389.99467194895
326572.4211786028	433649.4310646417
324258.97237873566	418240.06339086685
326914.43044600816	451578.74004831363
340126.4115361227	425893.6221748124
324664.1992922331	417900.5879217387
330979.99332429294	432998.0519838247
324518.5579483926	441580.30724651256
324797.28347986063	425148.2889400385
328386.2929668832	431443.1931504158
329261.00596728525	437137.72348372365
322245.4198328813	430305.9387553632
326191.9464197493	440801.6331793582
331212.1856349151	407881.2370871871
325372.56585842685	413068.6621459831
329052.64934472286	396338.27403865807
331408.38878081494	432467.53224466904
332844.2504233857	424570.3041362054
333686.2767852188	423748.78073257016
321892.28187853977	430017.73666435375
324257.82339951757	422119.29998694547
324594.4246898211	438918.53771755524
323555.8867064577	422941.53872152703
318746.23935249186	441540.40643325506
331668.09951459104	405904.28878394514
317396.1073108965	411015.5278184193
333501.6097366928	443929.8593873051
317692.8885747285	410034.84033992304
332564.40994407126	428193.970152204
326159.7255714647	425130.5396870782
317379.69593909883	411502.3882762451
325408.05713806255	430343.3386468454
339172.2086501681	408120.9579059207
329730.4642838646	407681.89690282586
328074.6636424378	412560.9610316787
330237.06091537373	409359.71532176586
330007.03972886037	422911.98415157595
324757.9315409379	436454.962904787
332466.0143291258	431352.40651322785
335710.33738613065	407522.3174648329
323184.3805458976	400642.9049262579
325390.5941466384	406167.52561201405
333201.39690056385	417302.5846572083
330376.9261402951	419934.3223228998
327408.57558652246	414036.21757060813
330205.8210364189	425999.26762767066
323529.0629235825	427586.80090183695
327134.3662286049	421522.2967014796
313380.0050402171	433347.50900098577
320994.5618396612	416053.64521748316
339416.0823425444	418168.77763439325
338127.75011249224	417655.1669935287
329250.589782211	426192.15227001166
329371.37772261444	428817.85695530375
344015.9157313312	413463.6411027893
329400.26227355713	417498.7206333466
321003.8510769695	400723.3679005833
329588.64189365285	437630.01552744425
315993.50768656883	416096.489653387
314672.7507876762	417070.54042318574
318281.0466625643	412392.8332792422
326248.70730532263	412341.5865441845
326299.51284073043	421032.59169233165
324623.28171253455	442216.1993891365
319434.213952838	415698.8376739772
329266.5205867387	443412.57458826154
325792.3993715897	416249.28980241274
323676.5864285162	406399.4800016461
314787.3896334535	429522.56530290504
331362.7559074863	388261.68692404486
324962.72379318945	412064.81906858465
329831.05889642076	443987.6718800693
324069.8695738911	424201.9228052512
331850.8964292084	453558.6873381856
328864.92556696077	410634.34155116073
327877.6404285226	404653.9521555022
321775.21751083026	433786.9101703606
330610.76667391637	422687.09160962503
325265.111291236	425242.2286497684
323911.65018425713	420146.5295071217
327446.0787692108	399700.3900216014
328421.1495294655	405385.94336192677
324512.3000195168	423853.5395883138
318998.52442951594	411017.18214621383
329239.9918976346	423482.21821557736
322088.8040234026	430365.3677037124
326770.24630801944	427783.7686134988
314863.7115969566	420760.8659341214
330006.1650620601	427541.6791599061
314493.7138408512	425615.8943729847
318236.092356525	404274.0365138725
329998.2219532576	410795.42841444677
320416.63957920764	421072.73963415675
326537.44675614906	402169.6246083622
316658.5307660947	409843.9479459522
326510.8491303498	412757.7368895116
331224.2856793457	426288.1774636541
318248.72124522855	415821.62327264855
337875.7574718852	403722.77106927964
324098.2495686853	429317.10644637636
335122.43479190697	413850.6697129636
335323.8299300728	416011.5660416874
321158.9586076209	409087.26689572725
336605.95989138144	432045.5847331506
325796.6970470792	418437.18027364573
319125.4082282133	432400.76620088634
331491.919904332	436143.2159655298
332799.7958770687	435156.7871933115
322585.41531382897	421100.95461328747
318045.58303094294	408378.1453759892
326496.8217418013	409486.85285833076
334219.30318634567	431241.3180693581
327601.437637839	419982.20317779586
329843.49180820846	399826.05850848893
336343.4639948134	427947.7680523604
328666.4392685394	434047.8339577906
332022.06970607315	424553.35152169096
318953.4569269168	395464.4365914629
326153.1427804211	429710.6855284076
332446.61148426984	415922.25925629114
331736.20018224965	419299.94896018883
329885.29108497134	414752.98459589283
323627.0016460684	415610.0359984859
340301.6883252305	407232.17005511315
327343.1908900844	424273.0599250505
325798.38580670627	394068.06437532965
320856.45988295163	421256.06845311885
326813.75036511396	403288.40704770724
338600.9675794518	393200.8909942811
325996.4068083284	422814.07098750444
333196.3799724285	393998.14726950973
338079.59263030044	407727.85975425487
324452.20132515836	405379.10306294577
327576.08638386807	433248.7881258611
339611.37896561914	412836.52704901644
332131.5589855305	422594.46213920764
318549.08205456025	413870.6238767428
320936.80392389477	426701.539947124
327393.25820867997	421072.35733304324
326368.6394674895	413132.1526959124
324490.4632458631	427791.67103534506
332083.16251073056	410135.03906775004
323902.27452639025	425520.0630691806
328949.53464754246	432870.8114355704
330289.8642825753	422343.47779393534
318954.0418902554	417497.9956556484
327897.2319394515	417002.1800653687
329115.0678631053	456994.0547325107
327383.9850172284	415186.51978153986
325127.06849590124	403063.46013927914
329096.56162823865	428616.66344140266
328069.5508898078	415277.38974898006
329080.9415897513	415295.0873878837
328965.39668976184	431557.3391440103
340896.2324885555	438264.72788744734
326979.37320204696	424445.02225161466
341129.5945243916	436221.5739030858
337917.96697411	423324.6586730083
336566.56091449957	407098.75609840493
335461.5726764827	397162.6548415523
326421.2442525397	410683.3926324742
334788.46331736085	415687.64239223016
320921.2047061587	416691.7015034951
326724.86867566255	414059.14449290227
321880.4943300191	410305.29307240166
329216.3188757384	409650.9024945694
324710.684827992	427379.63049975416
319932.3426830608	399294.71805523464
334918.5569918882	415801.96569731535
321904.4084535317	421636.93555036956
335251.6346387623	428329.31146143534
333033.01106111833	421349.0648619521
323021.94516694697	437284.9538546931
322004.6839785031	430920.72122799186
337026.3840438843	418411.0432996553
322281.02156627405	411881.16692289023
335514.82833895175	435572.0416769421
318904.30367966375	416798.3341131297
324071.94528289884	425250.9581419095
325428.1327564313	428672.68068653956
335923.7226795766	409714.7236126324
333419.37739879306	423675.23671158217
316640.7100556594	423046.1698608492
329404.8978631401	430735.307085074
337750.5155926447	418167.9906849408
324001.1678513323	428009.36202011426
329709.0605511771	413076.1083460334
324099.07685724023	416522.1324101863
323844.98930268816	415639.61312889506
315625.26184338337	417115.4951958568
335861.1805938525	433330.03005076875
328955.7466675575	425903.71314285084
325000.28860314353	407759.28359587194
336223.8882034896	438373.98579559464
320720.84961323714	424938.41208018793
318009.0724674118	422809.3287901932
328612.0391284724	422219.7923037176
319072.62053435424	425492.23255458253
328486.2419565371	430808.5612246664
334234.480925454	434570.1445127386
315351.64495589375	399560.34802306513
333512.31290091865	441101.2393096235
319234.11401182134	418237.15601117065
313873.27750348835	414867.06665067247
327401.32189639204	416797.2095950571
326100.2718408111	417539.78456852643
334843.5795498452	428167.1289414467
327717.40558187757	426808.9158979786
346006.8324005343	439772.02942216804
328222.67362132494	411451.87321932043
327714.0870505183	413716.3260932645
326266.19336894824	421383.96567600034
332254.3496098427	405641.87091120763
323489.4423520458	416069.1003077659
334762.09138721426	411269.47835765255
333344.2817147475	431540.8995338657
335694.3455119312	439357.5755425818
320109.5736866074	419071.33635999396
327250.12900959374	415493.4554076442
334634.5415956804	415356.4766096405
338308.4484047177	402371.85445531155
322081.7366380822	427585.475130871
331117.24951304606	429880.1341409002
330928.7920576499	416598.37976001826
336685.0738686597	445903.1991055847
318935.26487461023	421511.99502645514
322885.04483900266	397333.8357392914
314706.8891378633	433576.9140225898
321468.9018750612	405740.738723974
322132.00750568113	414540.6520193074
325852.32457129133	418941.951184822
334333.511328729	410969.97498644714
332819.92468813935	415493.86467598204
325326.5152027677	444571.4031861832
331333.74552493345	424457.80559421936
339922.6748191114	414803.4114861852
331276.0164029188	412148.01175823034
330859.9356260104	417097.08885189274
321061.11112805776	430322.10396175354
332334.1902046783	436233.2011867053
339093.21941176563	431576.2926628968
333994.9627079858	425191.4230060375
314701.72518410103	404226.0479047804
