1626.7192121441858
1634.540677281807
1623.9763296229203
1617.3201546760386
1639.9929115853213
1611.6256925352127
1692.255796253019
1695.4244953391405
1623.1989303571188
1645.3762610415852
1624.685468682766
1622.7370930132515
1625.903480654979
1652.6337003301146
1616.2300673518046
1647.006590103953
1649.8463965267235
1615.8604914509867
1637.3286043961311
1642.5859096155605
1621.5798321191614
1644.234339668089
1632.4511836570027
1629.3124187117905
1659.3396052847763
1637.6186646120636
1635.8527887246555
1652.6844706188754
1621.8638610159535
1632.1550961987655
1646.332522220046
1638.729580775498
1639.9393392121824
1643.0750454868066
1653.6514343482731
1660.2104231195808
1641.2021406946214
1630.198045555403
1672.4615317755308
1644.239064055435
1623.3530008362338
1614.6481292836456
1643.4018178101142
1700.4862763152298
1618.5876246506123
1662.0715792325254
1633.490228929386
1647.3265129402307
1644.8124807746563
1658.6478756827692
1620.2496080349656
1648.1772509678585
1618.6895277466533
1625.6223983880677
1638.539706689349
1659.1435320083626
1626.226873246078
1650.6064560121258
1638.3335738786486
1639.1925412766723
1638.8223134313018
1622.740445884203
1645.8017373985988
1649.4811810984318
1605.1592309947791
1633.7917991610288
1622.5661229111101
1625.700964075706
1659.8463118300347
1640.9408944444372
1645.4451458411081
1617.499032540899
1612.9485240036643
1618.7121182942856
1644.8969430042803
1649.2622674357845
1638.0050739993026
1636.0827758742112
1642.1045571538225
1673.4863139503009
1660.9349713152865
1630.3753122832734
1645.1978108132234
1623.8215376392436
1635.9116951153937
1632.154250746904
1647.2049477085689
1613.9611600204473
1649.9453264710885
1621.8173566753871
1660.1445877094084
1633.2950300054956
1648.4269280799786
1625.5270226394264
1620.4886766547693
1635.1256936574055
1629.338254220299
1638.62884998271
1631.0825678390142
1631.565738950204
1670.9423332565366
1660.0831442005447
1650.3628904035731
1648.8929379222377
1644.3460874825041
1638.9656586207893
1654.0716369471293
1635.5790729407768
1640.354718559886
1638.7165496121947
1609.9784085033973
1648.8670381268669
1634.1819674151366
1623.8173220378467
1630.3576521791867
1666.8416079166968
1616.884802719331
1629.5162773123302
1666.2273370386415
1665.2429895245332
1635.358758913501
1677.808620911408
1657.5729283964374
1641.120296761685
1710.1339772774897
1638.2243056100242
1660.9957046988734
1610.405933835811
1639.4513695341607
1619.9603142844844
1664.326026015472
1650.057957911371
1673.0672472009314
1628.978366745115
1640.8900746727609
1662.004728195056
1667.7483022224212
1617.3098210863996
1632.2833180248085
1694.7460823103138
1646.3480878378004
1639.4510274675417
1631.3530554455601
1634.040177793624
1660.3461007213932
1642.241752972178
1669.7451744519917
1649.3375051405578
1624.785345866078
1633.3262941757134
1628.5299881361766
1651.353956334735
1664.3065008391181
1621.925841726485
1635.5715996216582
1651.578505045815
1654.0941761809154
1670.7121897118689
1658.7417304863852
1612.3724296520063
1635.7317250283654
1631.8862015709628
1622.5938617341178
1661.1157602872513
1621.1968744161481
1636.0878125215445
1637.289510034846
1610.7041072089035
1639.7149410779743
1642.403259964794
1630.1094569793045
1628.8258566364514
1631.5699243047993
1652.8567151687016
1628.7347461131665
1646.3605263852994
1652.6918756310163
1633.1488625892407
1616.55085633004
1645.4050610724585
1638.462272969616
1673.4227847407237
1616.9337221071255
1621.3374364136234
1630.3046187869945
1627.892155524209
1623.8330730215712
1657.6969934611488
1690.2192907115964
1701.6592323035811
1636.0889093233832
1646.0255658185565
1630.7867545699435
1647.7401168711947
1669.2110064484375
1641.4380529649227
1619.52672009267
1706.2106393337704
1633.032016249013
1649.40560066623
1633.9613180183942
1607.5827059418903
1647.6332608837088
1689.9784571828816
1620.2118488384576
1660.128203585136
1639.6865778487763
1648.1478140480694
1617.5899270583886
1655.5715144117582
1619.0971194855779
1626.3958311134616
1623.9675981030614
1630.158973950912
1623.9029565544533
1619.6823559444233
1624.1926198300882
1621.743557312066
1650.4371520056288
1631.847414570746
1611.3632931929542
1669.4975080133115
1614.772778770463
1637.6638600631834
1631.9449425599817
1634.8557147088632
1652.2527084986373
1650.49413465848
1643.2080137435041
1642.4794418458287
1623.7125642421934
1625.2921716411186
1626.8652615083925
1649.90219619383
1628.3752636820468
1646.9362609804853
1632.9760054563326
1663.4534795197264
1666.6497133854377
1636.1949278142497
1611.620263865554
1627.7645357056238
1640.2867444277679
1648.852090783985
1651.0200828181228
1639.4408658268626
1626.568562848719
1680.2437316340292
1615.8638308817117
1629.290071673403
1645.47534504523
1649.1052503325327
1633.6589573099
1657.5451855351887
1651.3923270712187
1629.6771450216766
1647.0284299264658
1640.0649374325294
1611.1580707441017
1702.710270483171
1656.5585752004981
1655.2796199798286
1619.3888510388797
1619.8556477546877
1641.2498214932953
1631.9175661049871
1635.8343243008126
1639.2583348084424
1615.4109368664572
1612.0487901908764
1645.569044979451
1622.9360021454474
1640.4809901494004
1673.952568267797
1628.4531858019768
1641.972699433293
1644.6513682910554
1625.2083938819192
1626.9817152542632
1623.6885002542062
1649.6221688108103
1630.2132237638612
1625.944804608337
1652.8708309581878
1658.1543217230642
1674.9191721265902
1648.0013634924667
1648.9107479267998
1643.8828379799445
1638.5496473804046
1645.6567201589332
1636.1845158645065
1614.6263319691143
1637.8861649918695
1621.8971491079094
1624.1142767506076
1683.908238241403
1639.433383257339
1653.2841553421802
1659.2974942938827
1672.8854656212834
1639.1964811187509
1638.6402358919736
1662.793788224274
1625.764444034186
1680.7885088844532
1636.4743769848428
1653.9139229644222
1645.715010953741
1645.6776551185649
1614.6002514525326
1609.4792164103167
1625.8215193068281
1664.5219236439766
1633.9046311718348
1629.7211808790917
1625.924855168293
1615.6262003352983
1648.3693569535076
1667.9077491564422
1617.0075198721086
1622.4496248598934
1667.4726823028523
1649.1357520441861
1629.1185918315728
1635.331020034676
1626.9883749614373
1627.8197996231825
1618.7113871536917
1623.526434390124
1637.5394476771776
1614.4803298997977
1610.1751402724208
1647.0645765697332
1622.8585699523878
1638.4292471154927
1658.38062090137
1694.0496804279783
1651.9996637925492
1623.3072977708064
1649.3944566750197
1657.0442209503794
1625.6765305170102
1649.308045599838
1623.5784033266573
1651.994707725425
1625.1357071856114
1646.4291093451375
1630.0886885910054
1647.2185747833219
1646.0739494348531
1629.828120702754
1630.4130231985523
1643.2201018183873
1669.242583564475
1671.9478690913825
1627.6530876181137
1617.419175813542
1639.9853402305666
1648.788604716956
1621.2612132853396
1643.0914587858515
1654.221180610263
1628.3471891064623
1636.5244686467693
1646.241492648178
1676.3174610098322
1628.9720491105068
1643.4380450720269
1623.8158833578418
1675.80228677865
1674.8295884056297
1687.2902359582827
1651.816487327258
1636.7135180076475
1669.6021995713525
1635.8990911497838
1633.9550035216832
1612.2852445337624
1614.4482493336259
1633.894705376791
1637.2273701902473
1621.4480099793816
1634.3016684790873
1636.9446320593524
1629.6250838567016
1657.8752588098037
1628.3908189143626
1625.0073437541441
1644.807292483491
1640.6805621700585
1612.7691251997712
1615.0100352703994
1687.5446264472412
1636.6513044919757
1634.0216229566906
1679.6005293257963
1636.0791782242059
1655.3740469426793
1635.112071138095
1642.3360357619808
1667.7128410357004
1611.7210745362108
1604.6699294858179
1635.0700344187728
1604.7603994177332
1643.0562287055805
1629.2232072596548
1628.9712024544606
1618.3139360133946
1646.080106464677
1605.1197424557902
1633.4757738660226
1659.9422243210518
1622.594073958776
1626.5392051252543
1636.2058438922752
1641.4534442737909
1682.7501765170844
1625.6852539353577
1615.3150171101902
1622.623454337454
1637.2595470701806
1642.67771286827
1661.5918495621313
1664.0049608096551
1689.3671929445218
1644.7127853051916
1635.8636529534244
1646.003389879485
1623.4813404367524
1606.4581837879077
1628.5280904579477
1665.9635017438018
1623.675586927688
1670.9764320513873
1624.7728417830015
1637.8800146805827
1622.9907899815241
1606.5487561772134
1699.9023563294813
1638.3768685947541
1663.0237235403383
1627.9884784535357
1664.132782218718
1648.9689826316903
1630.8517269025065
1653.3076373634358
1652.7495127122409
1627.3469708851258
1628.271846202562
1630.5185662996819
1638.062836503916
1622.8769552430276
1646.131388115004
1652.555994238547
1634.6942197500694
1614.872998672798
1639.4655401282653
1641.2454106186913
1625.274439943188
1618.2340365524656
1667.9570474543198
1645.2119853566387
1646.9959510548497
1641.220053061753
1618.375841208756
1639.8760988690005
1643.267656100138
1629.7791470801362
1620.2895677790896
1613.0935357498229
1639.4231013877206
1620.812961511965
1621.7022700742586
1633.0756426707878
1630.2139121687137
1682.2251044439645
1651.3374814926337
1646.4286246887546
1637.682032968663
1634.2780253332626
1690.9180165545438
1639.488369404039
1648.6231451520348
1636.0827851341
1636.3682604195242
1649.4222310517125
1619.8281158334157
1624.993757045057
1659.238833996426
1638.5217946476196
1620.622941278276
1642.3132824335762
1625.4990579899115
1620.6772734472115
1637.8525743840162
1614.955496572778
1639.3004110955562
1644.580947296162
