1339.5947396491506
1342.9863778988858
1335.4168762599384
1343.9268667677202
1346.507340226361
1337.16439423151
1349.5137967256946
1381.1571525654826
1337.4442697452455
1338.4810961380726
1345.530386548172
1345.6258580702918
1340.5338871265456
1365.039409379231
1349.8813043263144
1354.3423375895031
1349.430526346002
1342.8123007959146
1346.7538588943235
1349.3350777024611
1341.312323164064
1375.0082677265927
1352.0053826399467
1338.484175708613
1357.6173472529013
1337.019088340899
1336.6898117781136
1354.6043476381021
1336.7053357497862
1343.0633369357874
1350.7702734593668
1346.7053584536445
1342.076435861392
1353.7147685442135
1348.504518424896
1360.6035973275661
1341.344763408416
1341.2227689612791
1341.78761929963
1341.3364270442235
1341.638846412517
1334.6553961872332
1342.8332623756894
1412.8892755490783
1335.627976482192
1345.717259049743
1344.2223600965513
1356.7908222214714
1357.7463612476997
1368.821090310602
1338.2239282825417
1364.9272401481048
1339.1375510013884
1336.9129043061666
1354.2801775085836
1378.129261121528
1341.1130746662948
1348.9981829102817
1351.4276310975592
1346.677935208047
1375.7299488742065
1344.9609014818366
1356.6116800154914
1369.6173442178324
1334.0938916083592
1344.3265518562966
1337.6681550612952
1345.0193806346397
1352.7778022440261
1346.197407248788
1346.002268808138
1335.8258052886663
1337.249782864137
1337.5552633458663
1344.0512074750418
1340.6271117417514
1350.5789480118453
1340.9423428907587
1339.90162000747
1351.0121468206346
1340.2159454256407
1354.046042944109
1360.2318658657614
1341.860762539282
1342.040084088174
1353.442768439727
1342.154763559534
1335.922307577308
1354.5548661232797
1338.5877159755214
1395.8656146987842
1364.3043612526997
1442.0706403825582
1344.8372860486265
1341.2775878893194
1343.2470984112483
1339.964940050442
1343.0717494763335
1337.2855249068916
1341.409424798895
1345.4497324100744
1340.847876719895
1416.89433585067
1350.6646769715994
1378.6061362307205
1360.4690337484535
1355.095053927392
1341.849238203361
1346.136238699814
1343.9817810578152
1336.11360439099
1345.0760674439234
1351.7518249154855
1359.9811052470905
1338.2208711510577
1349.253813781499
1340.6069453253085
1355.8421922627524
1406.634334034253
1395.3692734401352
1341.4840025563465
1371.6908144201984
1348.2666851325498
1350.852509609383
1368.6970603249456
1337.666846011223
1370.0612253920476
1337.8152000818827
1347.5520894790511
1340.8728267432734
1363.2836599612501
1342.4356030686786
1385.3353026312109
1340.8619130088478
1339.5656917505462
1354.8294295205367
1351.14911131621
1342.6758282218968
1343.1033461533007
1381.166351850722
1355.2386616222984
1381.8279499669106
1342.1002982097893
1340.5784803614147
1363.3298967823039
1355.3608299838647
1345.134324915565
1353.5386032004108
1344.7067548436155
1339.4047184296514
1339.6321358334512
1359.4737731529772
1363.274379076403
1338.1314176808046
1339.8114067568729
1342.224571722123
1347.1265432156729
1403.088862110672
1371.3926428138977
1334.5006596435614
1356.465606533164
1335.5702620593197
1369.2611992608654
1358.7024325805767
1337.970701197099
1347.7761871072028
1342.003144892323
1344.5515886790017
1356.6326392188112
1349.2844364307048
1341.8497423764998
1338.2475649953492
1351.0025031405942
1365.3149886136807
1352.5376063325255
1361.9879413417104
1354.2040390961631
1353.3351061091812
1335.8777659157
1351.1586191828194
1341.7279725093415
1363.9066956319698
1336.0981522619663
1383.878140123979
1355.9825825410583
1337.8553218713146
1335.0824723542519
1343.8773824826403
1387.1910572450706
1401.8198764946187
1355.1253661452706
1340.537194707877
1340.5597087653236
1374.686078405011
1340.0902716566436
1360.7323788569852
1338.483376485493
1337.603011889549
1348.3126559406387
1358.3652597823777
1341.8594279635308
1337.8527792146085
1346.6127124930638
1363.4934943702383
1336.4061184685652
1371.031117153377
1343.0724638003483
1352.4719267802247
1340.669238400044
1341.8736647040682
1334.2767821412453
1336.8685216818262
1345.4786876316596
1344.2836218138345
1339.9903051816489
1350.0603195822348
1341.8127460732828
1341.2013038397895
1400.4307714072106
1342.7269646868447
1335.7390478398197
1350.6484898651497
1337.8334331094602
1337.1683256287124
1346.2906693568616
1344.2220130417409
1377.2695977575777
1360.6740635164888
1350.0132545650695
1348.4354976806069
1345.78511537545
1353.347166621014
1338.8055164518048
1353.7527525293185
1337.4282348195627
1377.9538303689187
1348.3471466779529
1361.4228118068838
1383.5334445797498
1351.5112560969133
1337.490247947313
1367.2528375252036
1355.2615646129354
1361.0244450702667
1350.1400882429803
1349.3160873033019
1351.1758050635126
1350.6592089009023
1338.2934312407608
1334.9200324601984
1370.3926140706565
1349.3091843258035
1347.2840199432571
1350.1277114002055
1347.9633600743273
1340.241152304181
1344.2719014131044
1342.9850760601128
1336.6116110114438
1393.245240040334
1371.9257159396989
1354.551860697335
1339.0403033523512
1366.8986742988875
1362.5063954126497
1350.087057523045
1346.8164410930783
1361.3958669126341
1333.2638475244958
1339.5441819910347
1359.0378656481757
1347.1665237728625
1342.9179042576802
1370.9208533680319
1351.8544574341413
1347.2169269926453
1354.0899587303315
1340.0429874279291
1345.9013704055824
1341.945519638719
1357.4047116839752
1342.9657714545988
1368.74337941953
1350.3586857574942
1353.1993974733023
1380.6669156768007
1354.1038778164007
1356.2139418370189
1379.9067666282167
1352.5632410276844
1354.7410351859517
1343.4913944962639
1337.7428182152335
1343.95598531426
1343.3073544756585
1336.4335653695325
1349.5128645980374
1351.5623058555962
1345.0529004193913
1361.1429201157978
1387.4281319804625
1337.5198053710337
1380.3263483094152
1348.937950313603
1339.1887253576342
1344.8662656702536
1355.3891959466946
1353.4092697913202
1341.2166530438217
1347.8976349021973
1343.9783615966367
1336.6343927267023
1354.9336676466064
1353.9742297060202
1340.5823262091594
1339.7294623807802
1339.282094223864
1355.8318242366693
1364.8560209972584
1341.0280850858908
1340.0704774634746
1335.7587668430476
1354.516938643514
1366.0940973296204
1345.288580132668
1339.602456398724
1339.081124103568
1347.1582495949006
1344.3858587115485
1346.905329882598
1342.7830639999816
1339.101194743991
1337.439239969242
1345.9608069416329
1335.729976340776
1335.7056928282936
1354.7826308750327
1336.7140826410302
1355.6597536183328
1339.3659418263708
1351.5016825301464
1353.541895020493
1342.611703994503
1341.281945625428
1336.6003530569396
1345.3215128863958
1342.431093349624
1346.9702526359508
1341.0783768534945
1339.0516427765256
1368.5295731015945
1355.3094220288012
1357.0156963632362
1338.4567156301464
1372.4535984142403
1372.3248279339734
1345.3838792582933
1339.4966587688034
1356.6840785304894
1358.5116537396157
1340.366118133947
1344.647657850275
1363.998572030785
1340.6003430935843
1344.7140328513065
1363.4917670176465
1346.7381198101705
1348.2183015167188
1388.1449717781443
1347.2321883073525
1342.780453326683
1360.0165060120858
1369.2724192769128
1349.413407064781
1346.742555897112
1369.5452902630004
1356.9902231191031
1372.9902339272608
1337.4123400183148
1338.8947775094825
1336.1742876905585
1354.6381593993215
1336.56453012971
1336.1581959902564
1370.4943303721393
1348.531966441592
1380.3173853604108
1344.5189484085854
1338.277092571411
1349.527018555943
1370.6790136113018
1337.7492140762374
1338.4658739726704
1381.4345419879603
1342.484158813317
1337.1931163774611
1417.8546465833583
1344.925499169286
1373.8177794575545
1345.8532417370143
1358.7265984775395
1360.2167847658834
1335.2300630892717
1335.6707270245101
1347.2438548589407
1339.8019600283924
1347.4477799930187
1344.4837710626216
1337.1798809323918
1342.1987243502144
1364.96882656545
1334.445204761788
1338.7165494700262
1358.9267669048622
1344.1916883546164
1339.9909608535072
1353.7590303982092
1375.7289051838898
1359.6709590707092
1336.5252671434373
1344.0620832643442
1358.350643175439
1363.9994771322492
1340.0285412218907
1345.263951195191
1354.5473793954714
1345.1418671296924
1389.4941712427085
1341.596138045008
1356.7845981473945
1340.2057011574857
1335.0694660466863
1338.2878566235354
1362.6794040945804
1339.627872036081
1395.3156119267996
1339.7287627471792
1355.6391124478578
1340.4803002497813
1359.9509652498205
1369.0431410894766
1342.773109699825
1355.5077851290998
1342.8411917206395
1350.3372979200267
1377.1347974316177
1340.4458611583548
1343.470427044516
1359.2831831850672
1342.8406775515004
1342.428732003041
1339.5995882615562
1349.172646329639
1337.0279003455562
1357.2189669631139
1359.7385986083668
1348.6706342627192
1351.0776117229752
1351.2544224910994
1351.4336990815955
1355.3690138265802
1338.5793723571242
1404.40239548516
1350.6326438083736
1338.2995068803643
1343.405166231288
1335.4745018017873
1355.6228663395973
1405.3491531904015
1353.8486288361637
1339.2919754350523
1338.3190779673005
1357.603737822049
1337.990250062646
1341.3197170917858
1349.2029163088164
1352.068248514259
1355.4962289026948
1354.5926520978733
1348.0078341560222
1342.4049456442735
1348.2686662194521
1376.950115365297
1354.5451653769505
1344.3534372471258
1399.5044422524468
1348.692584976432
1356.57966211347
1339.1954877950018
1359.507443312839
1344.872358453909
1335.3318008485817
1334.3892647769362
1343.8137586126684
1341.8877619362208
1344.9417107580084
1342.4257882310533
1341.353804545065
1347.324725849512
1366.9194896294925
