53508.45657093082	82882.89679868722
57506.25924033922	67349.31711821201
59369.87247071116	70835.5189491731
66306.38883014227	75434.2668080097
58580.786930921575	96708.27915898447
56396.15931219758	71556.8791091108
64985.93808237883	85701.69425639004
67025.17145383552	91585.73836299258
51921.33752718773	76274.52736553576
53630.65773191658	74117.74344878402
49909.451481345124	78088.14508411352
63040.01211524484	58581.626954503394
52752.81890057238	72511.47674845034
60370.31529767206	78224.87883066287
58379.37136642541	75935.32211242909
55880.59441937626	69046.8050464069
53338.05247406928	69263.98267767692
64783.92064088407	71891.05867391003
61425.44241068567	79793.61672263163
62704.44631034651	64400.27068062505
54148.97317443245	68207.35694245981
59108.84622371821	88919.24265190163
59181.29291812566	74455.30001150219
58765.00740167414	69108.92690738311
60537.32918929729	76619.27390174335
61914.79887879537	75742.72496133114
61534.48900650884	94071.34396066215
67888.36718341542	67743.20461370003
56161.0534943003	74872.22319674508
49654.295637652394	63760.969216886464
56360.901268667774	68450.94954298377
61138.912736722246	69990.42422457329
58211.6818525766	66317.07014731826
57778.47716474415	82510.38506085274
56270.3431928269	65158.74089414704
64017.865016773445	64325.67900955398
56882.0374937997	72460.26396773892
54071.39973932815	68881.84772545619
61984.62666159237	78704.03236378367
53440.90825490831	73817.30638584617
58223.099070049684	63419.59326478072
54597.62332745205	71402.85035324427
63903.63035090041	70011.58099874816
59747.30151855977	68777.57475992618
57377.15746856408	79533.54283014106
58520.49916024611	75253.7797764588
56032.34716206294	74483.81495261684
63146.3106704814	84064.83508813914
58943.286938196165	72663.65921406574
61079.826925019835	76933.70897716249
58732.357989994984	65723.98192915258
53484.6146454955	61822.67363591021
52267.17936449416	74221.17265322171
64922.2064550604	68790.4204032395
58454.10488946458	78075.15273456066
70330.89562587431	69556.21664748715
56060.91547808329	76003.6159224695
57461.16746131112	82243.34105784187
54904.01866628995	78126.42126099346
55547.16937777528	74545.66772781346
70797.57564906168	96334.24716886389
54612.88335739888	85121.98914331556
52643.493230389424	89282.17139481699
62608.9049565687	98038.15761202072
62917.48169765313	81196.30234547878
49733.35984134853	68334.09983548803
55973.20205019348	75077.41150526682
47613.02688347723	71423.63504471956
56238.253975312844	91857.09745601696
58238.26683538754	80184.6831520931
67406.19785747596	69344.24286818749
62481.789917864335	68974.69761387678
53435.473852752184	77581.52316241134
53856.26808942825	59196.821849296204
62301.170139300666	77203.23550817437
56301.20755239834	81107.50066621628
52884.73870101495	74332.09903748288
67455.25578928983	84200.1525507664
58043.67981025519	80977.98041121702
67607.3095214419	67035.33926916284
56918.10762063017	76631.65779326759
57930.38574834298	83124.07256907003
55718.2621312292	66384.07434872542
54377.10522015721	77174.00980646616
61819.6609164344	72651.73923628633
60182.7924423443	69552.98342764877
63157.3648417321	79946.55091076539
56235.92333386651	75999.39606860268
52410.03692017696	69882.18956190115
56393.32333766675	56631.563611977566
47046.11010546316	69851.08326377087
56949.876928555204	73730.7510022832
65352.50354200953	65877.00978710628
57392.82017091695	71629.12126814807
57820.95077102953	80273.05392110537
55721.827931467575	97660.05257942989
55388.32793300343	65854.44136908338
59163.66392682688	92959.03440995305
55544.49354833085	81704.67566264642
61125.224475505966	60749.20620877001
66254.46268461959	101564.12461904439
57166.8285799589	80817.57808812376
53507.55831689144	78506.57019251473
52882.52362092851	77972.98732144559
53776.4853487556	63154.64046598786
55955.53272430778	77534.12263912385
57727.405789983684	81177.52612010925
57555.9414817554	85541.06835755821
58006.05071561053	75563.65811583621
59398.481222177594	61248.37067113754
53674.56976384614	81196.17298051911
59965.33982500939	76135.24991229839
58404.51317332247	79393.94016406522
56278.16781885765	76818.58229268265
59133.41248965601	92958.20892220696
53407.02146249692	88836.87499225629
60175.99245009491	79239.25329661982
64419.41899427404	81736.04628459722
60448.541411512735	81519.41832728965
68995.17728072908	104035.79928968268
54635.05645608883	79549.38344654358
58074.87910135227	89529.8725681861
60047.00673286345	70778.52455073128
59367.23142682885	79614.2995232279
67998.28357141485	89213.11121640427
64612.19642231571	69984.715500485
63835.60126092073	85425.1084696496
53594.108711542816	75170.29535578947
57596.40959346565	67814.60981728313
56324.02650867627	75422.07810151268
57381.64280363199	78456.07067859481
64637.07011493515	90741.30386003545
65343.83737642717	76778.67225084682
62512.27771241207	87144.41033661032
57440.79668758329	82413.1145305603
63224.34027718586	72522.28885805559
59967.17020229715	82959.05954871458
57246.62059316794	75449.94748162647
56846.66918415932	67222.32110259689
66659.60074109992	76413.3354897118
55650.36862795266	70428.96554142545
65549.59995055599	76320.01920610954
50646.36573224473	69161.46325473548
52994.57363765425	71168.3178426028
50316.15080404376	78220.71768562653
56471.34620311875	73671.16886606145
61382.5700980555	68208.2228879707
58030.56860068935	101091.92941712053
50725.66330265288	73293.74142839611
60007.52646144894	75119.92691826551
54183.754443447564	81956.94177211044
57026.57786936489	78497.426830136
76879.5929967013	102047.24208252552
51876.09604103278	61504.94881313755
55906.223721019145	66138.70676499647
57469.90293952072	70266.57616327485
65865.42164364437	79894.52839574736
62147.04868826769	64724.60466133403
59908.531497739095	80742.02788698173
59353.34776981217	70372.76865629603
53206.726592527935	66235.56488143909
64007.28361411656	78227.83751421551
62595.71571863395	77419.936146474
65806.76578246367	84488.51935950162
51956.9385613096	77962.13034418151
57425.5069722364	67863.11778137651
62044.11269301244	64821.96582836966
51992.43867459527	77375.63315402705
64539.0105910835	94451.61683178757
54885.57417795464	70419.90164090556
47389.20973120126	79873.86979695587
54195.060413494124	72879.29484826472
55469.21338730454	60739.11134269428
65737.87310712859	72740.17264662584
58472.131932656004	70840.0561340112
56739.39699060922	71504.69832853631
63310.73569886165	75556.50137555029
64426.03188607276	82829.35003574111
49697.53911936883	72086.78064937636
58039.955260317314	68904.32289975368
61493.7139476767	80437.79107754589
63674.89078454342	67659.49086823127
57118.551015485195	72651.97091746847
54751.28396790537	77572.23362740243
64026.05373902271	67397.33925888817
53865.2086675428	76313.8808441638
49899.52855833821	65019.93449655253
64659.61428919177	76819.31542484595
62792.61641811151	62282.90620261485
56495.19949902124	71223.95725883
59706.68109261722	67209.37585365339
63472.314434670705	73675.00876129192
56885.13864891851	74371.88611247514
59982.55725866478	73756.91169344762
61879.63761172784	71338.16723970973
63752.528673670415	78130.76962819688
46403.44040873069	70291.83168604774
64998.48735901597	86529.94396863082
55166.647299931945	81739.13462042464
61514.061879674955	94529.26897808845
56954.19457511013	73600.29680335178
52740.84726533163	65269.07234070401
59480.7098767327	74845.43547074209
63155.841341802065	81584.66803802623
64410.18337399977	63611.09111831535
64427.15992458114	77229.3604105744
62748.784652870796	101609.47901209445
56942.46171634848	65195.73637562674
51400.45557243649	69307.029382768
56685.31936802395	62907.970668135924
54481.501662177296	75080.597619045
56966.526093624736	82157.0709648959
57662.96878019607	83327.6170848815
58884.65757434131	59337.99723818177
58923.55257400706	65074.94832647302
46235.04715722376	64261.67614535224
62516.09314483289	65452.33404448379
59062.703788670035	56182.20101414087
65553.22786211885	73287.49286106146
55036.90656937085	58793.77727494748
48811.86154198482	70548.01373867346
56375.55012101559	95318.9215816833
50049.42070067247	69889.22273906163
55169.72958014809	65976.3546869246
55134.94826363817	74278.40798384408
59562.7111294848	64288.7936218083
58059.39106137103	68468.92544151726
62157.65679795162	86531.79258286676
66255.68254808018	70202.84451730456
52961.81337735085	71312.5723560354
57915.58143969455	65946.26376538609
51969.65784364947	81104.91854010087
55766.555125185005	71762.44986106869
50220.108498884365	75006.0851430294
57466.56691354087	68635.475342789
66935.56241493596	79623.91284547039
54669.68497533628	83143.47919445719
56927.145638004025	74860.90916325984
58937.670515367005	86756.06001537916
57382.5076859552	73811.08574710366
59581.00697026562	72715.39017680362
58800.92751019784	69895.80155143795
55860.44328321447	65965.3315652236
52985.325157478466	82316.00839185748
56920.37945196899	83638.09537429102
57805.744300656326	66257.09859720281
63716.06199029117	83971.67211878096
60796.91114215167	75646.17355571734
53690.065290533006	56699.80223268207
59951.89177926617	73158.93577447314
59800.860655000106	73597.47164434574
55590.20403183722	69395.65011177537
58122.751050171275	65663.68191311572
59397.89715829535	81712.15798528669
56788.56340342191	68220.1492767815
52174.68055222719	77170.34849882135
56910.86588211234	71538.79658468225
61682.76022954323	74001.23305987314
56443.746915191	73710.89159967595
68526.34124338231	79424.95773176846
62184.19488651749	78032.3991727123
59145.40707101888	71023.94453001277
57282.4502216728	75954.07974444794
54885.63917729177	74598.76996263521
53848.69192051051	68111.70506483087
53252.29973042838	70477.72774511295
58949.853789437715	68707.57665868667
60564.33387624543	70069.96816012084
62256.08626954178	70515.58963653447
55858.291693488616	70422.00967555984
59644.8530064983	77042.04202189956
61477.27117978326	83148.23607803468
61008.608804054886	68999.79667533046
63043.47163870034	79322.72938894406
52863.86317625597	72681.69194743903
49402.363621330755	65693.20313381607
53173.526479304375	69119.91366554798
61225.23751129159	58868.07852937894
62012.00285039307	88784.23680001385
57886.64353426415	77553.33496121792
57939.44128493529	73439.36575647563
62392.85887204982	77161.78333207719
53368.64199652769	69376.63062194688
55090.324239543916	79064.17101279926
58625.44929249256	87925.06093944013
68090.00982629848	70420.61423556083
54585.346195997845	68025.63057472212
60945.07673567182	78204.1683444047
64163.74396015319	84757.99289794771
63125.60644637703	75067.61856219605
58686.85036433773	83449.45140505617
59682.84367846345	75256.0470000859
54846.57483173761	56454.96669096207
68085.08185154857	88441.39364930327
50072.38999442046	71754.42198150665
49748.62030702404	70484.6359998988
62154.295253754164	97712.25168682887
59067.70916312572	89628.1278141196
56563.68864934212	84676.87969670937
56709.971052050765	85155.16821760651
64492.75710576697	66357.98392988606
61438.377310887896	93850.85502954271
58617.75825728434	86303.50420451965
57697.25196380123	75980.95796779395
60027.90246066609	79431.10826672411
66738.77063598526	74978.12743472175
60876.89546032411	79273.65546959583
61524.83200077983	79178.33776670803
61857.54236161352	72859.81846507674
59177.265845522415	64237.38006207891
50651.27213047823	73495.92697799845
51947.198905598576	74748.60666492766
58973.0283955426	65598.70443277589
58737.546418964375	72740.71425372842
55934.550429297655	71661.98887254973
54233.1921725463	79998.84721022741
51089.73910485774	71855.46642939308
59039.707037485365	70211.9260229112
60144.38838345888	84472.48257629473
65726.98110072281	79585.08027053028
53812.9612807725	69315.80323059467
58404.65054954381	77600.15218414503
55593.8043072819	76272.6681182682
62335.975412718224	87378.8432588541
54754.731109671025	73664.96911216513
56488.55213658868	70878.96297613216
59156.99967464865	78570.21690826862
57075.005880548866	91711.20549160459
57292.84393949533	72824.57442400715
53876.94548972816	62779.02883938918
57022.16093274685	63969.96604591246
60688.75579309263	72855.18612696895
51661.399964137854	72579.65771318924
68371.597586629	79800.84548208461
55378.564378103256	63411.54147363566
51161.55678127231	82024.86358391432
66331.56398188625	74917.791807283
67812.01536163184	101919.85324854232
59875.30507706211	74557.19515726258
52964.153136251414	70838.98462241232
64816.65047452005	90717.63211017214
63190.92341601913	62322.2805073283
57135.73470636971	67067.1475498905
60859.839985822466	73406.59875064081
55299.85843320536	74963.76471731735
61550.272525339504	75564.37760335887
58796.745806571365	85887.394830671
54320.71264014677	73701.29508652756
60297.84552346916	79174.06093460174
56405.10455256578	70040.46482639297
66605.25810352383	84962.9992188758
58410.470450484776	70014.27913127422
54035.54183721489	63510.67481828766
52378.06331980384	65586.48985271264
61732.75968683426	78943.04167140243
64882.14204295899	78151.96238699774
51793.14726409248	74016.25196639291
64471.66675533043	70828.11785230708
56279.79338278296	71025.13477970935
66739.22487644586	93869.96160146821
46433.27254753845	66271.59049753046
53231.24286239717	73274.3285108652
60290.221381207564	67067.53393050545
52181.99499244823	69590.25536806183
58394.1044010475	101704.4052825196
63688.08483468118	69055.50104147755
70559.54857972606	82229.8754624378
50054.885791927794	87652.04802291824
57022.992592334216	75960.05244519962
50476.39833132333	68817.91479587404
59126.60912258921	87313.50015840017
59388.380781682274	81924.11548808498
62466.531025901924	80753.1074733471
60512.122271112494	60932.5288925599
56864.95305042938	71513.48388467672
61794.14708502083	76668.78698560625
53404.15166834986	73141.70120876675
55251.10278204748	78609.56628662224
49882.67774785585	73764.44143782652
56712.36091145641	71524.03888650487
65376.85883434042	77773.3976338252
61937.2206270504	68421.63790114284
60968.88809452945	69338.14906450274
52687.9209268769	78619.01761408648
55392.338357569155	64185.02305904014
54333.35418017169	85598.11744704317
62492.46323604285	104611.82402859602
54647.059038295876	65334.91719102727
51416.58322542178	70433.67001720717
61688.14825794078	77460.47889765006
61095.9929262454	77978.5416402957
52930.370965857976	78266.52743073672
54268.660662450784	67000.37813963517
59937.804923073505	72516.45403499351
55110.84547343248	75474.27974611838
57540.892162320866	67166.16576888452
64153.840977998596	101864.34707240843
60521.42068116384	79317.41096311761
56818.479207684715	77252.3159978016
56195.80410235381	76483.71675156694
61237.39193470474	80954.05965051231
70655.14636500573	86768.09408150369
58173.21506921734	56679.40392638849
51794.66826897689	74142.6418265241
64683.02837514506	79395.72090234084
63246.777325226896	67439.91942326838
64127.11100389457	81486.6476722295
52881.1058887642	71308.36629780424
55610.12968824636	66235.50902252633
49075.15730402716	73270.596101412
64865.69959171481	71883.88408950566
53500.718495585395	70056.69212203739
54037.70459722917	70527.09952824116
56616.15292698138	73065.15462969647
52552.76586440706	78192.28979264252
62215.11466446578	63181.52883255906
59796.8551964888	67206.20235257126
55122.96813852291	76550.2233943694
58345.53758887843	75011.98989536807
53162.997882261465	76746.04442402617
54547.56850804737	64937.23807360984
50492.340645410266	67532.78628679983
58716.75136608455	61518.377782443844
55364.16631908746	78034.68358207618
61067.08730466962	100466.21653604842
66241.60343846155	77679.6671740679
65021.111705364674	78547.77728431806
60905.9396703106	73065.97537022392
57426.78643058528	73556.25057829607
67784.66883232474	85173.31424370082
67800.13684843297	75823.04987387208
53093.6050145998	60573.16541684884
61352.77937948976	74011.49644518405
50513.895891510605	74717.28393028844
50673.97513723621	63193.212597699894
62709.91376652684	71717.98927258237
56059.209306296856	78998.23145902502
55848.78541823246	66948.06141905818
56160.81624971001	72124.57013233753
57728.52198530543	68268.58489660417
52994.06046584837	65398.98923427468
53452.234427095995	78615.86771367757
67134.69012119537	81171.82287087369
51489.30012464203	70752.2822580337
66471.7012886429	74023.09600797022
61905.263010942115	79717.04263696312
49901.48477232561	59987.08148551117
53348.592225948276	75408.09675307966
67352.02075776312	86560.10241538187
53426.81759098444	67923.29583100176
53909.762975224345	62978.5415157042
56121.535323967975	68441.19043083204
58996.78606028583	78456.40163322767
51533.523947834976	76851.50523365974
55563.081581540755	63791.17708494036
55422.99710816705	79791.13563688462
53578.22914027702	72992.98897293594
56336.89461904284	71486.65719992212
61209.61970757119	67883.05582166571
55583.712028486814	65856.68536376912
60923.246475707674	79015.7667839129
61357.51391514325	63479.76940985144
55899.73057984823	81465.77040312109
66237.29048321002	96667.36439312565
54061.910199453465	78454.12309841473
57352.589865126996	61606.54220256937
56044.79384283764	83907.79849651607
59967.962981836536	101206.33782289329
57799.81889596815	78216.48277985862
54099.69712946832	70786.17094233094
57389.53175854207	71467.0345644209
52793.01707330636	75503.39738966804
57930.09750117651	68723.04707899045
58363.16636413044	77990.1911104346
55018.203533711734	69955.18446397537
61117.3441569595	72046.3478649511
55506.29752880128	72249.21089041722
62809.739996764925	75864.36801070745
58117.10794201204	69785.03806827286
57935.37047032715	84560.78812776775
56144.21371657932	84184.87074461085
63078.57017551581	68287.94996543943
60872.53208430817	87538.33194622943
52304.261117729984	64764.31065267359
63856.31174232028	82793.62479251118
59828.92333266094	73927.99669387047
59687.80180051284	61581.963772425646
60866.81749729274	78777.18194043089
54491.1985152137	77429.76905701065
55693.67600195708	67153.94824920394
57803.81181622592	76615.41407499449
59981.318798701905	77545.99619005437
53816.496860810046	69467.89277008746
59349.81126498502	80746.1658792405
56545.46977637612	80114.3387726847
54331.06986112208	67933.86947241788
56423.39445197699	66195.03472873366
54655.47963039334	76364.76376974228
61392.0584633919	60543.29116650538
60765.72735609516	71724.55071130247
