138652.46912806344	174384.29997712682
139384.83712493576	172014.03289212394
146756.5095127364	184011.98650007258
135993.95144123866	183542.46784270738
131778.07278132052	183185.76737837942
140786.91280277263	169930.07823792915
132830.73522779968	190769.67060862348
148971.35736765695	202708.97475252446
140464.99393841997	182279.65991397976
146847.09233048232	191580.2993984446
135561.76442332714	182537.06102240775
138660.66944816208	188135.2444674351
141893.2351705407	183482.80144141184
156938.7950800936	188576.14089832193
141941.1881734166	199162.49165204618
146696.31331653794	191518.8794055653
148922.2669638698	194131.0864849347
140618.97926904797	181910.70867568397
142999.48439381213	154724.91059926574
134365.54067388098	183165.17960456043
136871.937793243	183210.71993531488
149794.50896891265	205007.21915846123
145106.22822037482	177360.74103252386
147893.05728797585	170551.7882020801
148761.15480707132	211514.3045082129
139794.03314826413	187998.16104142694
145281.79401285	190470.43849678925
153895.62996762138	182896.38171685633
138071.59250755556	172370.50662422882
147714.90654963482	169923.21864879405
136948.9158969683	176258.05458169372
145803.61342533684	187776.20786096272
136771.5687144564	187887.0699365629
159742.5080435106	164103.03532576954
148970.0550874729	206527.0301771351
138149.54164714535	189422.87082518442
146565.55452360946	185875.65620860364
146045.385301313	188163.34532007418
147024.8389032269	178979.0765456242
145835.0207472333	180324.10895219224
152126.27576817264	185705.76587650538
144855.12030337518	198698.8534316792
151881.50294881995	187406.61747009732
150250.75786220684	168862.4647471776
130239.31920883089	188078.06261091022
150723.24731918814	187746.14435044912
139689.26459040644	189085.5772755864
142733.96198701469	188170.65014042004
151291.11531910163	173020.9143857594
156358.23442114113	183299.6606978202
131773.86104495422	171614.211078189
164438.82515968595	226679.27202334572
147371.18952452554	219370.125431462
145737.85885395616	183690.90568905915
142301.61756351942	180300.13419507112
146310.23501150825	182949.10179813197
134671.25870221708	186692.7407558494
147655.223548465	200701.2600087894
144359.54776135186	167887.6702090829
144595.3423863724	172510.17686335868
152576.19572476696	193607.95492281602
147325.53335390802	183628.09298392374
148539.59626371018	186357.8301599532
139939.5674494194	189738.14618765452
134509.6380025057	181777.11776990752
146285.61550076393	198908.09861167555
132962.68040858922	169425.05221576494
133751.01749298564	176528.92738359945
143240.9737538835	191919.19742403395
134296.99659810765	192621.65439344425
149090.13677562907	193697.13423251687
140344.02586195053	173807.6888034908
131806.88106846838	172944.22299513704
140722.06086137827	182185.6309326374
140851.7812483303	192995.8071147659
143693.93060831114	227596.24076586237
139021.66952925248	185568.98278492532
154206.15939124656	174298.76947658532
145974.21523180537	199103.22941659566
148572.60996448286	202484.81431700272
152673.87555013728	209069.25955421873
156528.35235244787	187377.7972916857
153559.62004736467	197713.79124347464
134201.47249663022	173798.14123123785
155198.2076237189	179911.2125314503
148518.97811854526	182625.03047735206
134730.0783123903	171967.96505554442
132887.09010978535	176286.12696585458
147346.3756468114	184925.26797679934
135015.01477279476	171846.52140539023
150304.6036546675	185877.57032238712
143894.96469161508	185387.46010896488
148099.25415588456	189519.63791517736
137602.44665199285	180705.45472647727
138952.40942673356	164065.89264686583
151846.97307061066	183291.1534627506
132369.51456448907	186532.73381073086
140128.39370022694	183356.80508305616
133734.20921263812	177436.2827366502
147938.2934414618	177387.1139944407
143647.10458511033	176751.5482713211
143659.72653602622	193380.1126195183
143572.34580675588	182290.3330401375
143491.8563128063	204360.7090320362
136638.45998872508	167017.9888041513
147286.78827558045	193200.48548545133
142527.53678510973	183763.05391067092
153620.68649590848	182657.582109867
149268.81420902305	198883.51915432425
144635.13654456055	167048.68503793696
137558.21646303084	162490.8814069561
147076.91715971395	198302.66961853538
140189.93261072575	179894.9045466659
157075.15658690105	187209.24444000924
147830.11961689562	177800.61085563726
145475.5879245957	162350.6123950726
146929.6395963459	176743.13860942272
151586.10072218912	182190.25364963192
143533.3949265196	178458.71748730642
146765.78719239205	230125.85744709172
147129.0319559196	183587.763684072
145616.4715398223	193686.7436545081
143337.10200856798	168656.17111727092
146749.74166441575	194382.84819402773
164794.56105007845	193927.48637007247
131981.77002317854	190059.7331955309
146382.79012677103	179240.8421879038
147338.52353317494	186281.51644425342
141922.64274975794	163641.71044633182
143577.15538248298	195683.17118273364
160546.17641223813	187335.02437073513
147943.113069413	168244.91609025153
142493.1749684185	197399.2289424982
145636.93085314002	163515.950249529
151109.22905649582	203934.44924729224
145577.88220920088	173698.20278190513
158431.52628583653	201193.0479402363
142462.1418837044	188340.59997412522
136071.2262617686	187527.1692612832
162706.27680163595	192460.78048846795
145829.2429080612	180592.5578586074
144907.95515461243	191727.4046537932
142615.3998047106	188926.20777046488
143170.21506250944	188972.04046284253
149661.50721486716	201509.93046482542
144916.54285879666	194708.58963462745
156651.55403970473	191449.7259222351
138436.23926502917	199219.2816408004
149648.2271399386	170228.37005853833
138122.06144820736	172990.12712153624
146951.65032228408	167891.7301578766
139844.28076542373	171546.01796723765
152557.2483802131	193754.17049499683
148787.7965289558	183100.85449796653
145942.64757319866	171771.5222833209
144394.22393997374	179843.7997554159
141078.2927702414	189659.45324985738
154357.35268507974	204459.86021317967
150177.14227415604	178356.02845703307
132411.49820779805	184253.96751655138
149363.18666090834	193949.20984485603
144366.52250699233	180578.8767100159
146120.91089368347	173027.41888425924
144899.40276403708	202008.0832374933
142510.8276857849	198448.08570353378
148640.347864328	177650.9907380598
132257.43768317427	194138.1744069357
144563.25167002785	172435.47960737793
143635.79869663907	189148.90263067663
142948.42479092735	202313.47635438986
140671.93297398798	175544.6248617903
144879.9634260746	190517.13015238434
146643.36004916616	196712.28800908575
162901.68490804866	198514.19788848612
147937.7876160836	191838.42732443905
142640.908423475	194517.17746569423
142768.5893717541	184035.4219479385
149700.4417677003	181111.8985873721
136933.84245459386	187941.96143398993
139566.54217879605	171433.30209842286
139521.084952689	169667.65161657694
148075.44931170315	165649.17808643408
135628.17908645427	183759.94265557372
145358.8570548643	194585.72335438122
143555.09807224703	187800.6099008349
133642.58405894565	171392.19711390324
139093.26371395288	173449.21249518823
144192.98477672413	184367.43279514738
151272.50410617355	205190.51097187438
163909.8154877306	208566.16746557716
146191.21322087967	182358.8146197641
149911.22967146127	195994.8027729371
150774.1149845429	189028.37629322242
145252.79735982482	192213.44517204355
141299.9021012585	182373.1166946278
145032.3133491378	170879.39975045642
127968.2212460023	180245.90204853093
143952.9040416893	194115.36402398016
143602.15067024122	187736.723874185
140470.0748133603	186461.87616904557
142654.7906823979	197448.25735553922
135967.02317767945	177542.6828023049
150276.5885970344	194665.2016685814
148741.03189203778	195003.39126137778
130019.71722172963	185357.5484311401
157349.5327318149	171825.74247516762
133374.6071137761	187159.1036008062
151518.10885479816	199627.61980558833
145323.13433978887	197979.6402648156
144011.3410513711	201572.91800616408
143032.12268240668	176083.60061563217
132410.25502420156	156606.13180112455
147687.3881252721	169021.12613029423
135782.08812064544	180267.47865800103
148148.7384250122	162154.83948222172
137289.09497393074	192903.93122611253
141835.18103906594	184095.30951656334
151914.48506175284	187022.84433215111
147219.4433393947	197390.26130144074
136722.74430708424	167465.31099725136
141343.20042926254	179860.12355074374
145405.6162213171	184679.7066668857
140776.68367621975	168047.38310971632
139092.2173524235	183331.322422145
135338.81878482105	178484.88904628588
152399.13934117247	194795.6072942695
155013.76868539638	173256.12598003828
142930.74147975512	195621.3943446577
137247.3080567043	210958.75736431268
149925.5165147353	185848.11812324528
145528.99986626036	195774.46444564153
146873.9845742834	175444.77420590472
149941.7221872587	163880.05548993137
150381.398585364	169151.61108486928
139966.82390390022	189139.36898777564
147485.31353245256	170468.93311538929
140384.57570953856	174316.70486034435
153584.39840339648	196141.82467541902
149686.44858504087	178501.3076278382
148072.38780538825	176215.57193671068
145915.9245977293	187018.34671771273
143352.85018676904	198027.57882990356
148790.24896645464	176823.37452950422
134347.0405431242	200466.23097545182
149815.3094075787	174963.9938603419
137082.85775993826	186690.4718481832
144171.07602726753	181495.8220042555
151483.50584754057	192898.2726917895
135054.72839032882	181536.8392972391
137415.40131461032	187136.158151819
144225.40562887082	181103.50950679992
139217.47664098456	169500.43504636985
153632.96415169706	195624.7517424174
154820.00912419212	199402.59272193187
147219.2143655609	161052.4821534278
154859.6434231106	163829.2047999472
141379.18626696547	168706.10354280166
141622.7013993459	187718.16359642238
141251.98917139517	169877.89054822113
153509.77069939833	197153.02875261434
141303.78683742508	196730.45346702012
160253.788664531	180511.13752379152
142834.5982097378	186756.9728354783
129955.45780486603	191054.6409339011
138767.08008188952	186748.43867651228
147437.32958362164	174954.1975484307
138871.96117824444	174187.03439856225
151092.50975032488	182876.54760178688
142298.9414879704	189140.0212640849
141754.67762766042	188256.91930160197
141441.78289690087	174243.50125726755
142182.04013800388	200265.19598776035
139703.059556632	180197.08086200937
157571.34022395933	204234.5797225741
159129.69090109548	182915.66625898785
148255.90597061723	195022.52606059087
146257.9459126229	187615.3172454607
145766.58834814394	183566.6506070157
145200.38403783034	188946.1252416279
138895.27231062198	181582.94569152422
149598.52554812666	201089.78308965056
131084.42599814123	153559.89765559704
133314.09811616532	187824.41448057126
144331.71120873437	200084.8640625698
143065.50278602354	178436.2510275362
164000.62683676233	185472.72977160075
150270.1284365669	180398.6005681302
141589.21555796024	190104.9829819526
149256.04126810606	191658.3558539245
153108.54765199282	181015.5826523137
146770.66900089005	154652.780830346
139067.73745348272	177820.4014864323
141825.30319461654	184708.74101629877
142380.70419040302	189840.56885641546
138219.3148739001	196579.71777479746
140305.7667942648	175120.6429807575
148766.14109736122	175163.41298762223
137039.30297977632	177882.90944196953
147781.81612989464	184809.9415106251
157506.11580761796	186335.7161089785
144260.17840873392	187494.5669853106
145818.8074586343	180914.2446502676
143881.46359981713	207959.84958590363
148870.7574023744	185696.8526820497
137099.21583448283	181354.7347575525
144592.18501002662	184925.6112834347
138410.41642155414	182284.1547038107
152351.6379289591	174873.74427598933
154051.90544111741	207262.17858588105
149620.06843296037	190274.99072371016
142713.91141355044	179080.27517699462
144791.2665990268	169345.2166957163
145794.5676387561	190967.59587852744
152876.97787650785	184795.675741659
142465.44581399843	166222.99039735668
138519.529442703	179252.57456642768
141761.92281218636	167925.41008733516
139573.9291777293	178328.86376833552
144339.05616822018	202907.34632994825
145961.97780193854	191625.66565878788
130276.91042273394	178437.36528785608
139739.45359935847	191236.912953114
147553.79146856384	197427.5024259282
134708.61999478674	176059.38373518485
142735.9443638984	187521.21535963356
140827.29000744422	200352.6607153911
137584.7547599367	177685.1870942566
144625.8722333099	152106.57181636433
149022.19893868422	192101.39803415962
137132.82016613582	193728.6907838091
143521.7428254553	225202.97280196115
139895.21362633182	185360.71464045736
133681.85733705605	163529.83724306745
144632.5542628895	192985.21047628392
148469.134304921	175539.3607608395
136834.0871973469	208542.0840237636
148423.49760730227	182390.8288497271
151508.0271061971	176054.63620577176
135610.17109399106	183772.0021520214
135231.6959746633	181218.38513394792
141702.05460123485	186051.1673318278
141535.76881886605	182923.36364608954
145460.8969171178	184430.34080641455
141603.0360026739	183008.2585345676
138625.63630680504	191923.48586396175
138818.82701764192	196428.42905067012
132028.82121899194	190926.74530611065
135460.44545864232	178821.49314783304
154214.55027788735	182976.5580029732
141155.73896639748	189962.720243691
141793.57395703788	179601.52462300507
137666.22743328885	175220.5828514006
143234.05558557267	180637.6335642358
145599.46502363327	195511.4549879781
138079.60000910517	195109.14235629333
161843.65282508737	167360.3144071259
148181.06577596738	181758.358413184
145949.94440632028	191312.71044973057
153883.28789347416	177593.85991288215
142448.61625482596	180576.9088862129
150424.6273462521	182700.51061857303
143287.6517202492	190637.1810381013
130409.4439749968	207184.4540582935
148413.4302068213	194410.99177693774
143644.999621837	208968.43666507266
141959.97274278256	168616.33743323572
145411.43028245977	178187.2710475399
153564.9329401871	196824.34161315663
147383.62385743044	181829.5991032285
136934.2654361684	183160.40677027073
149146.9888777912	181450.52250177582
144541.4616388465	206798.32268055773
157729.94037755526	192110.85927024164
151662.15801681206	180748.2487313621
150428.85856132593	175116.56401570584
145994.15762283246	195742.38548539326
142377.35278918414	171285.63874627108
149517.7339459494	182553.01698850142
143893.9004931532	173027.060983443
143878.11677440174	181627.16237267904
149082.635572284	173062.08293981804
147607.90297081304	198662.74203095553
142108.07075552116	161933.0301966427
137219.21219263432	171798.5380527837
149718.69604099065	186016.43852185842
152312.52869261603	197157.34350672617
136884.89932447337	170521.46045408916
143214.29163226482	169144.0243746678
149868.0382364649	173975.67960750492
140871.14248386613	191137.43624179726
135893.16416244546	203286.65079931862
139380.7171728069	171394.611210629
143916.10423426802	176923.766978353
146915.615366149	192135.85403263205
135763.23668921157	187932.26701700038
132807.7218448662	182685.13700772956
146825.6371025018	188862.80495062165
143097.48153481772	187840.4229976797
162978.1435655614	170465.19668699786
135806.27997089986	181504.37390877254
143707.03796891135	194293.36338444587
158796.76360638847	183220.0412918267
134431.56912231175	173535.10136907993
128505.22440503283	188829.98572267804
143502.0517825756	193396.09093177773
132944.03457130294	160671.60538073647
143386.16360785186	177038.43222295382
148410.01697789275	178444.35330724914
144446.01991187752	168609.8002749929
143759.7570593931	182965.10240150522
143461.4014730519	179345.96227951034
139990.1411406086	171714.74104128458
133803.79128216815	184342.2857452673
162110.1686967616	183432.027439184
145737.46125890187	183755.0662344871
150994.041596567	190109.008673357
156280.26824662235	180211.52894420986
150715.34791699916	179135.56318193953
151427.50857297593	196317.71313870448
137161.34463199007	190055.04491861962
130069.07792271895	177472.6144738172
135457.74284030055	180133.21374995
161141.53722445015	192792.92733021066
146445.06108841766	183820.72717801615
140719.4913304936	161244.42021880505
141721.3294493852	184738.4696610241
145286.1472790246	185719.21525136338
146226.54002251226	183541.3728774481
145687.41054643656	200689.15889289824
140618.21144744707	202542.35198163983
140829.10026288684	211667.9889550903
146738.41225658427	167325.1419731431
142338.2965131507	181249.9104291635
148486.30190538394	196303.6345884845
138275.63381175313	176045.29794779903
160222.6580349062	195744.40996726742
140171.87113027507	192719.52132461197
156628.13024037777	167875.55562537102
139210.73886670318	169871.90621717164
133938.3344343825	167169.57879904672
156136.2364110024	183954.6567759706
156067.0435463053	187821.75823162193
148126.13847511285	176619.18888103723
139589.42980953556	172267.63564147288
147613.67615277905	185567.57165821013
151326.6569119515	191885.75053385817
139518.86851496616	194604.93868136013
142611.4361841298	207995.5818816786
144303.82938103605	211535.09992717384
145731.90928003317	176844.64182540643
143940.75802843008	184700.91732501378
139628.49221387165	187521.74274292155
150322.48317275208	181404.11371026078
139734.613215809	196212.46139320583
139000.29906006815	175927.8826761046
156713.12811862386	186600.60603119901
154452.57584927522	172604.93927066206
142460.27543574767	171515.35207609955
145940.5143276789	201006.68960471373
142882.01458954572	174601.33708472826
138102.08144941705	176850.45988115008
138714.74550267565	177111.17695813905
151989.45460202228	203839.90078946977
155301.34435401185	196520.46358085226
145622.45632468007	192618.57687288613
153416.76514386636	190266.81979251743
136665.22970846202	190985.09113150896
157504.64111081394	201058.5328761739
145983.58010115795	202703.64094199048
147849.0584608256	181767.49865401123
138841.10196452332	180337.88361103548
148645.0378990529	190876.1216647037
142379.56505759948	192990.9058309259
138920.67059177137	184722.08606384555
135379.56045442593	191484.3635930972
144597.13412070944	186453.56917073368
143166.26771363386	180662.7605955524
154665.44919418445	180946.68743033655
161110.89094827685	204847.2625382294
139005.44671302958	197785.95509818877
152597.77682359068	182304.53554995658
146808.20117867895	210298.89268060928
153769.3071964102	186555.07278407624
148523.1043775669	167107.67432322464
133454.50282032398	182302.63198734663
137158.79914460753	166868.05423335882
139313.2282835896	186790.08935113013
143781.74534734734	198841.48535411543
148831.41637406358	174142.03570220678
140953.75811431475	181222.07032711053
143239.224070683	185384.38106737408
146109.86288582653	181304.46134185343
137449.01344411055	174602.88169598652
149179.40591548002	180050.91867585693
138477.22549418005	183352.00081346437
142850.45294526318	187227.77926673798
149844.05420110316	202370.50004066655
139975.06672683218	185236.87006429798
143188.20002802857	181328.27830649592
141468.76290816086	172216.71183610795
