1337.5112645931608
1344.954466989673
1339.1202072059318
1348.328401181213
1353.368162991518
1341.0041843088102
1337.2432811149856
1377.6549094459906
1336.9257134516506
1338.4355844016113
1346.5181330283635
1342.7863728275643
1345.711733231543
1352.2947682135634
1335.6851135088232
1374.6780716125022
1355.8219829732916
1344.1809762877153
1336.113960174964
1352.8428589531165
1343.0921886136784
1388.2413605011052
1350.674267540249
1352.6659540348287
1353.7315862301461
1337.786464052876
1340.4612217665062
1372.666526030028
1337.8866993817992
1341.5410585364048
1355.689374696534
1339.649596079571
1340.137672041738
1360.1218112954152
1355.3138170066873
1350.1330588491592
1341.6230498894101
1343.0099955306828
1346.383769621454
1342.8571133213263
1341.2367517690673
1335.6529228873794
1350.183646089119
1350.867041451131
1345.8629205076363
1348.2825512335653
1348.7933727189823
1348.2652612039697
1362.3064759346107
1375.5940782624211
1340.9932917617543
1356.6221927836714
1343.422299069195
1342.5625417303622
1358.7117067051418
1356.2088963550505
1348.5030076329674
1345.9202117359187
1348.4467028532872
1349.0622169311396
1347.5316856369875
1343.2427806614044
1349.9660241684371
1357.5610768318118
1338.810480849946
1346.8685783306164
1336.4232498840909
1350.2403149099384
1353.0544891278048
1347.1814853448798
1354.1757769404555
1335.5528394642015
1339.1338650307919
1337.4352426584207
1345.615028771695
1339.2701910040723
1348.2579403271798
1342.3665237011778
1351.658397423739
1339.2376146977658
1338.7671886166552
1342.5805485073886
1354.4712415336912
1337.4047215961205
1371.3458500933286
1342.9502009076275
1348.7990915289174
1335.9185491372823
1356.8935796288758
1337.858312568636
1346.2205056244159
1345.7718098485093
1350.2648045225474
1339.2463799225452
1342.6946949073736
1341.9148696903503
1339.5250940119058
1349.7242974456192
1341.4891727883278
1340.5202134737192
1341.754283733058
1339.0881027915552
1355.894317304465
1344.79740686601
1342.4663308516265
1358.0287623993981
1359.258085366503
1344.801250416348
1348.5259491870152
1341.7521142691055
1337.39306833975
1346.7856328333937
1347.5937327190081
1355.0626542195364
1341.12049160193
1344.5753593555721
1347.3328140291892
1371.8622321290325
1363.6008410016043
1367.666513026892
1354.602833463664
1365.6553025521766
1345.6521258951416
1366.0335077164527
1343.124853087818
1341.1899487244045
1370.5000412357022
1339.15230512497
1340.6500203909109
1342.6117950149464
1365.9597506001246
1356.1895588937812
1366.3059598001241
1342.7005971167164
1341.1915014067995
1355.9826201660858
1351.2399451412703
1344.0610773159945
1348.4013971237869
1350.534158373454
1354.9944234456286
1383.7938001834204
1343.3136841819933
1338.9263035552262
1380.2564965529746
1366.5007960252651
1347.7561857284454
1341.703646152152
1354.0264074798954
1351.9547751774269
1339.0512439695221
1355.6483353649799
1357.2923682134174
1340.7566261807333
1340.1074760012398
1352.4422835123748
1349.4751666192303
1397.6531130376666
1372.6412566973577
1335.012112775669
1338.7789559666821
1344.6471472093012
1384.023582867298
1352.0943407200498
1349.1140896273573
1347.9687032637748
1354.8043808394516
1343.5135874866173
1351.5131047282525
1357.5856633426165
1340.65308739351
1343.8961665820361
1354.4176869073744
1353.5646940211573
1347.4222972605792
1348.10131735602
1344.1751072738653
1342.596344067625
1340.0494508450938
1347.3355580469115
1347.0154164980936
1351.631365369127
1380.2130063551485
1365.7817469292067
1354.8511601431767
1347.40412104801
1338.9150613364682
1342.1385482157602
1354.5042232468347
1385.4113324461669
1354.4116680291834
1342.698464725832
1344.296373591174
1354.9006755937764
1340.2887073008599
1355.583106430731
1338.9366848570876
1342.5278237181699
1355.4143682806593
1345.764241678643
1343.4230546358244
1337.7728344695988
1347.038507959346
1370.4919315409797
1337.9754683555675
1372.6678446260698
1354.5573762307827
1356.6941336713066
1341.4877431098673
1342.8632629958024
1336.0589289296836
1337.7732748269589
1347.7748294317942
1347.9718152280734
1340.3708037558267
1344.7986811668566
1342.4305327144634
1344.9079444915808
1349.9935511670933
1343.2610198434872
1333.71985171176
1364.55278678155
1338.5589296622043
1341.4726455764983
1344.9959929053161
1342.2834188016188
1357.3201083247882
1361.4108033332902
1355.7357512847616
1345.1774216749036
1358.597056749087
1353.1199730667195
1339.393595179734
1347.3384027074808
1337.8682624073303
1346.4444003049655
1350.4066772942035
1357.980911725957
1379.6319697954495
1374.45410889431
1336.3985036245479
1342.4912066987288
1344.3078664456398
1365.4991019601475
1343.5183330345915
1343.2134330432912
1367.8538977515514
1351.9362214914831
1334.260086628672
1335.859159835155
1378.8039012744616
1340.2202084319026
1346.7541610107464
1348.4645015045587
1345.1822026224208
1341.9943026955236
1340.0654016713356
1357.381717475568
1338.1662056910936
1385.1628861754807
1372.5752342248945
1339.9847572499225
1345.552622457376
1350.2084012349574
1344.1058804923805
1354.2994537061477
1366.3474187215302
1345.6485907517963
1336.176043052496
1344.9537551297503
1346.926122838555
1382.44644169694
1341.566036472138
1350.9069506167405
1351.0065721152764
1341.720913728301
1356.4606554997474
1339.726326567686
1336.5486782353607
1342.6366424119508
1361.4855439887224
1347.2052539665478
1350.185338046584
1347.4766946288587
1347.7460674204776
1382.1303489692464
1352.4655792084818
1353.9946771362966
1359.517676903488
1349.1955793431266
1346.0324392004538
1345.6739537993149
1340.7633246329178
1346.4598724649059
1346.545475962744
1338.662061432022
1353.7349357997523
1340.0115156401312
1346.4520763520045
1350.9648335188153
1356.8487652909312
1342.5030010041069
1383.736803115597
1337.972928493223
1341.7681702845498
1345.2658890134203
1360.9217937849116
1343.5137260705965
1342.3424490803882
1356.3120964766435
1344.80738369153
1338.5232542044082
1339.5818001663463
1355.1457824477009
1339.1833720992095
1339.7750452638506
1340.771647144711
1347.45039005964
1343.6738671822075
1340.367622034895
1341.8080875779551
1335.1295090958592
1366.6576277179097
1341.373642825322
1347.751279382736
1344.1246187702723
1340.7255926915927
1351.1395545468145
1343.7042404097024
1343.6373533055614
1346.5367363791229
1340.8530315329015
1338.1596408429941
1340.577145132626
1333.2431213919995
1342.8610587972887
1349.8377390693117
1337.6314401914562
1361.3125920854732
1338.647115122564
1345.3751419058685
1346.5082740783396
1342.3921440370605
1345.5369601747427
1338.4884575756344
1344.9623089232841
1343.2007906962122
1350.9403515459899
1363.7450884076948
1349.7463600097376
1361.745665129628
1349.6543954958054
1347.1084650292992
1341.7214206308327
1343.221098876012
1374.9671578651635
1347.3700360130147
1338.636414762739
1350.8839934158966
1360.1844239242846
1343.7466111742942
1343.6099380253306
1362.5584003946713
1339.2486321505628
1350.1245237891103
1343.130654507767
1339.2764633067254
1348.2187344651475
1356.6782102346515
1339.9602963332545
1338.248884698085
1356.8024852647095
1344.132308865846
1348.9675107492276
1347.7294832799007
1380.9526067080096
1344.1025032661687
1353.8757069216495
1336.6222996565318
1338.6545101726238
1338.1691393865133
1363.717036834719
1339.6170063683826
1337.9487280742915
1366.1621630958005
1355.6345583919092
1352.4626586642128
1344.7695414171585
1339.0774933501993
1342.8299165802841
1350.8769635690642
1338.715833372189
1339.9369347013892
1347.056771415988
1349.0309565304824
1336.1973127666279
1350.720221857328
1348.0893870689274
1358.8744040641536
1351.0150176242817
1365.011876627806
1356.548901339016
1336.2254888126818
1335.4986596694066
1356.8416078340101
1342.6783060748191
1340.2946741720148
1346.1357580810418
1336.2434648497165
1342.169300991137
1348.8541464699454
1333.3734712157084
1337.4867144395275
1352.2185900316526
1346.568342842666
1340.2877853735608
1367.7173597993688
1347.4401384217185
1349.228363842913
1338.576460379773
1348.222788545149
1349.8124188135134
1376.4401582238993
1343.2707703891028
1340.1791054014511
1364.0006509587975
1339.6802208753963
1346.8953781512503
1337.663734541324
1342.5200643613034
1344.9432037725428
1339.6956394809145
1337.9421925393924
1364.7109090830634
1353.799628581721
1390.5688487412394
1341.5429583987675
1343.8719214477278
1345.0533633484215
1336.3410538995226
1339.7339386525134
1351.039887377287
1346.3296394385882
1339.4867499110906
1341.8361853649744
1353.712593794652
1338.260520855877
1342.895010814634
1366.5170662353285
1342.4030223407763
1345.3332594389396
1339.7073619495925
1348.8422313687947
1342.2436666477706
1349.1490388293946
1362.8821932683718
1353.567415002382
1351.40363283444
1348.0638384201598
1345.537266579267
1363.9984930770609
1340.9784101175078
1378.0633010868237
1344.7880307965042
1339.7938721759697
1347.622026048976
1336.6340580385572
1361.3558151958484
1380.0679312979996
1347.2146459299877
1340.0523597904048
1339.211872235916
1338.4285329163772
1340.8873742939209
1343.2605323758858
1358.5683329992735
1355.655502207475
1357.218402612803
1368.330174127585
1356.9895461948136
1346.1986164200487
1343.2280976445813
1367.357039390854
1354.9428657925666
1341.5351776822313
1358.8046688780232
1341.5645991181893
1352.2687267380861
1339.8240679866553
1340.120710081754
1349.214618541496
1341.3242720299925
1338.5821462069332
1344.3577401102157
1343.8285895793392
1344.9806355976198
1344.6592597656067
1340.7237704099884
1341.959960731569
1375.0855813456042
