334059.416865464	431762.7251299081
327803.3477587262	416840.60056555993
333274.3173687374	416090.2288401475
335698.54693300044	427562.9493111005
320322.5402248179	430075.2340455386
325424.8106674924	417961.391796072
325224.82329035585	434111.2695780748
326822.19682354014	452509.58932580665
327120.071076161	422780.76722847705
331145.95311772847	430795.8176394643
321721.24336966313	433672.9543476094
338849.9404181115	412634.62605526287
330726.58450258663	402855.1563634188
340288.6014447071	434902.80531623156
320103.9393002441	416639.0494446374
325043.3979741215	405930.0497049673
327094.27743909095	419601.3941102683
326533.096978917	414954.74079796346
333234.17825901124	406112.2153551406
330998.1585349557	423826.3160544122
319767.4960431311	416285.1679067536
333662.24439366936	443348.1494142283
336751.48394455854	430765.6034797212
338250.0991305163	404587.9627943988
329652.8232073996	448406.6069264186
329851.55115813	425618.8246233961
328127.22715693444	433702.08135381684
340349.06396445015	438006.69399648474
327956.92652302195	422860.04470916564
329703.1043662644	417885.74377813324
314826.4410720634	406992.76373031223
330637.36533092475	409342.31417563057
320673.83443539357	431854.1183929745
331838.6607445015	411640.42667601514
324997.2402083141	426956.64656275423
325064.6885774132	424285.12028200267
328773.5669502351	421983.17594453634
335183.91299635783	418527.01774257515
329610.3336281568	422443.60067546816
331767.34829965717	402225.9864999512
339613.8349773027	426702.2567892184
331292.36648048146	429682.5643446634
339204.89296802593	434322.5790292463
325986.97996133205	427577.8447535666
323677.5517318988	435593.30233231466
330574.76079376205	424821.986115335
318814.8940187883	428669.8646882747
319581.6503690793	419742.4135633469
347407.72070772666	433663.4077184579
336634.4001312242	428401.13626369747
315961.3646917555	418831.2524375089
332674.8655579125	419495.60284760734
327302.95804897544	444904.8078538644
342042.1939266933	419914.13037810405
325881.8162673079	419451.4801269407
329688.06969241373	415431.32708500826
313414.70926321845	429192.3667589355
338429.33229216526	426078.97404873325
329021.83753211185	419678.2000180213
325246.2617042167	422992.40550464916
329601.4467881413	418641.77713823336
325665.4292575009	440230.2280284167
336093.29180871067	424766.5895478153
325839.19695882755	421380.63102322695
329003.7071101259	433689.42205078446
319713.38612065464	427698.3958899341
336001.8313719715	416460.3966205395
317903.78117081826	417461.8873687213
321056.9181275221	425638.4788118553
323900.3108219069	409390.0805141046
335279.12967834016	437547.6916454951
327795.7881376834	425670.1879822825
315825.4447248109	420977.5773746934
331951.2716993192	408737.6713075453
333478.50339075516	435626.8278290852
331474.58677918353	441464.75384184514
325678.2893235595	407553.30568674544
346472.2122255774	431865.3460947358
328779.59466986253	453154.4080044115
326975.54264423857	400691.6239735044
325420.4103575427	437617.3224938316
334496.5745539786	419207.02325008344
327585.4184895267	433413.8438840391
325970.22989691043	428835.1564366175
335281.2261634205	422507.0432767189
333136.63161132106	422516.2700938997
318612.93679471395	415384.6065364426
323293.0891504411	427051.7228485867
320166.9047921803	422830.123601809
328172.2479873517	427943.1508161808
332828.28449792234	412638.9953860644
323155.5902574844	418506.4582062887
331361.5213175783	429289.7616362309
315469.1035463362	426671.63405486057
332659.52318355796	424705.3448227268
328955.4481169189	435681.17302064085
318014.8109717011	424385.2134526566
335679.92880478455	420646.37983405124
322536.84720659535	432426.36152826855
327107.81310186745	427587.50101024937
336244.12695702416	423087.0630610717
323703.2497522381	432991.4144554422
328192.1290730731	410647.4008570129
322014.85458757356	434222.828774891
320036.5443314271	407425.16237182985
330379.7831491183	443041.5638145047
319937.7710698437	409847.02573511936
334420.0007933666	437072.67403973045
337845.4734888993	418994.65098644665
325732.54489103926	400489.1107654654
323728.5986984089	410066.14739265805
326400.4849941599	428961.7020637222
321607.5682575254	409541.9962444425
328797.2886207917	429851.30009059067
336863.4581625098	423087.351414468
329712.6990221365	427912.1124770449
327087.8305283134	418846.15260618256
329829.07962502365	418893.30701850366
332627.94470450794	434868.79784207925
320556.6481971992	453628.0713525599
332828.7493038466	432808.32600369514
328107.6356382902	424196.7310328852
334431.02083087876	404255.68301597435
332659.4539871628	423130.15006241534
329216.5654368337	408077.11751186696
327079.2533667233	422383.6286647105
331770.181382606	424263.0976671922
337081.2778660591	430357.54522030894
340115.1511140003	418954.14552067046
334675.0815592798	425737.95692529506
341637.14385289437	422941.39456749416
334847.17309173895	433887.6647003202
336137.7955113695	436806.74146916077
330231.9440127883	409322.76252202323
328771.4589958222	423344.9609877113
339694.3808015011	418841.536146221
340656.1899915644	432812.43594611704
326115.0783381299	419554.0779310018
325175.621068596	428498.2114336452
317290.47420336807	410903.1298333878
330800.1447854805	406640.0986297373
332285.0935681991	431533.30302824354
319988.74464951386	425522.4051153532
335425.4387407092	431641.17802094447
325891.2633450151	413239.6127695978
330515.63186260994	420760.6407110995
332047.22918161313	439765.4954545403
324352.4965926387	429011.022322143
327114.8839408702	412361.3165062879
330437.0162796838	418775.67008711153
328641.19133687177	415800.5294987022
328123.4650314823	422730.2521125723
344791.4121215006	430730.1237821917
331264.57394728763	415485.98384272255
330055.72812274506	392382.7047850048
325731.241295691	417496.45024986763
325450.74050633016	417664.99133111665
327970.61996704794	422796.65842529596
335518.5772174676	434513.33937906125
323554.7877226509	418339.28710139415
328791.4083474667	422594.38682378543
329870.8870672777	435650.447747609
329926.3634466719	419600.03569648956
328836.28430408385	419400.17248785903
334597.3964473483	434444.0150132501
330032.6597441947	423990.3317514368
310707.6971333	423557.44458686904
327987.4362899346	419544.388006657
321445.0868432963	444493.1146965756
328262.68489417643	422005.5936425021
326291.0061810179	413024.63195999956
323168.26738190907	430932.6534596821
327519.87823762797	416069.93221160787
325559.9504347057	426154.6409585998
334195.86106703046	438803.58324272727
329369.48601739586	418959.05744047876
325626.54116750165	411223.879955467
333087.89386072475	420704.27510547556
315931.7715897165	431899.0853715668
328150.7073265483	409385.9839451895
318064.6973018991	404064.8391000207
323807.6392618087	373194.2100706495
322405.97533423407	414335.693847193
332951.83794722875	426649.03632594855
336950.3039285764	404387.44959185383
327193.1603693314	434536.4173244455
327624.3077359325	406002.86758709874
337743.1895841941	427140.77835291217
326117.20088036	417220.93286861357
337035.4198985495	430844.5929501183
339378.3185355513	411469.23092786636
337838.4285582418	435910.77182391926
331541.50529995636	425694.08565380273
328951.8937003259	432261.3974670783
325742.44198145944	419154.5216817144
330828.6437698236	401772.8999707182
311642.47466923145	435850.2292851277
321759.6814490822	429888.4905876825
332993.8944673114	402956.9120689549
329847.65207889385	425565.2772586668
327542.64798212657	441111.09538773086
314928.4137255015	408959.1352858932
324108.53104741604	436226.76177429454
327515.06556031667	437114.4560796885
326808.89613065915	401926.0187347205
342710.2629739917	421580.6057378324
329242.85664914385	403878.27265211154
328959.0104089301	423439.25885508436
330145.4584968106	450170.47763183084
324238.84716130095	440971.50088130345
325045.0666583439	425151.8914517938
320165.22486695595	407313.73787830246
334225.4549559197	418408.6396235112
325254.1110051401	428810.749414628
339986.6901790778	405679.30360320205
313514.92402062623	435709.02307118085
324880.5983358487	405995.57282712974
338129.83291489334	418933.16992313904
338472.8399409812	415671.510536773
332885.45905544446	405908.07797045424
324329.67445252935	412926.4937249548
330155.92416314874	440423.24614098656
326902.2194557775	421031.88134496385
329459.94222216366	409937.8926410952
325547.4378881465	413905.5658589388
335419.5444759544	418971.7337604825
333204.1754982659	418488.9345674289
326312.1162017534	436199.69525441097
330211.15058178664	437692.1501798017
333953.8436511472	414041.2472337638
335038.9786586821	435868.8585138347
321501.99642454914	423249.46216052264
325699.1573257036	416460.6429806446
334403.6971841286	418630.6039008757
326110.94277630723	427614.40248284023
332288.26581251004	417103.20701824717
326765.20675087	420163.7235926085
321084.1722208492	428548.218163267
329309.4606420122	398425.31920289574
326398.2163220772	407384.353756951
341387.77821142017	436622.36846030876
332366.540518629	422761.8943567913
335719.77569602366	400922.5480461621
315698.4401583617	430336.4746071998
333670.57299050345	403166.10624619905
323217.9484341551	416967.99903981364
326785.2235089934	421713.2245306347
341789.6846695881	418984.95902614645
319329.95647441363	413545.3944411899
329797.7130247577	438357.4448871673
325756.0830368544	413924.9327049995
328287.60435099225	397196.9662121678
332945.79162974184	434562.77194407326
334165.0834082572	436906.98347477254
330802.0897924584	407648.92043431324
331772.55947010114	413953.51867676305
323774.0811946234	426831.4992681467
330944.1184219596	396757.1291307998
325859.0949545245	427493.5663141465
330271.1995370964	428714.0495012783
323707.68201644835	442109.6775906461
344515.5385383786	426598.54441525415
328174.0069205896	427824.4707808269
330033.0282529194	435270.7976400871
324679.1779116944	425580.84131701174
327547.65276518825	421476.78186036326
334285.5740960132	413518.11294819106
333250.864457018	436115.51610176347
325310.3811419489	429816.0373452713
327847.88350648934	437108.83140971896
330559.319896496	421789.430810748
322950.0807060515	408053.6257795123
331597.4565575534	406862.62544014526
336611.932488051	432886.10346256144
330824.2340531712	431977.68647807866
334886.55856584234	412562.39928593236
326003.3263973768	433309.88108406647
327719.6177303498	420363.21790692775
325985.35620718973	449847.2488714898
320694.14036249113	417742.8275294855
321356.63044199336	439236.65686616546
330621.9276010558	413872.6466533153
315240.5447123369	412876.47220053175
329142.84370773524	430559.69609616266
321936.13579041377	425441.14139884175
337788.90421744116	426611.61275287543
317573.0616599503	417328.1321300493
317072.90183040674	415631.61291122227
335012.2114632373	434229.2976157941
337459.9331314801	406026.95389300626
329332.5379444947	405527.96325577935
337093.08550815424	423896.55448575784
332238.57258799375	412812.31246166193
339444.37570298376	432780.33382789843
320681.27835901757	440199.7022629789
332325.72812710615	438979.6927491359
337676.667210369	416415.6501690284
328732.9237901074	423082.4198649017
331436.73442586185	420004.8515789404
337563.77736721316	431480.73395601474
335418.31879294687	432677.2142898574
326024.0590277166	424066.115901667
328110.64890821517	436838.7375179803
327327.700218298	433944.53799179243
324894.0847237047	417007.0161036941
317837.25331785576	431141.44749975705
328772.14276749047	423893.98156066233
340422.26383524167	410325.26795888325
335690.88966823416	418031.1667162076
329432.92307085375	417942.6155677687
327508.7978993667	430428.41048023745
341864.91462692746	413815.0562276695
336169.8503384865	418045.75131361885
329635.5211009359	408906.54563938826
330633.12655036116	420764.1469111042
320191.6483068911	420868.3278613164
314838.39218439424	415204.157553774
325242.3803513473	421138.3666895515
333784.6151942441	423715.7266601834
329852.160388237	420364.5335847547
324901.1640026312	430775.1376664409
333320.14059055	423893.5220576875
325224.01424347813	443520.03573161695
331784.797516368	420913.68832293653
319426.62085789925	415684.6009927747
317072.74875125056	430908.1916644106
335269.76919261465	395747.28114812484
320612.20105321996	403804.4235544853
329396.64241915476	442351.63537717593
319628.68015094765	420743.2259993921
328419.60830351716	452068.0485382073
330429.0691762594	411858.6285616835
322128.9302355066	406511.6638661636
326320.04996966186	422364.48783138604
335370.89674103574	423148.8277379933
321002.5111123259	437033.5633616749
327311.53746097535	426300.1913484143
335226.6076015292	409508.6353469004
327832.76983297244	413805.77108069113
321406.2591704704	439336.5343535432
318465.41738110315	404509.49194485904
325841.5325342346	418201.52254499926
328101.58244410576	425930.5890900886
331281.82307106844	415063.8967408264
318704.50652086746	434285.1798714226
331126.89649021137	434621.48305352224
320709.59766915685	441003.1277651016
322787.4998019097	408795.66406189697
335800.3425873521	417662.9483674953
324425.39891277667	412170.0631006634
331697.37785926485	408191.0422564324
318801.2993766006	416150.32084564585
320113.0376565211	416116.14053905604
327047.88903657446	422682.8932871099
319625.0765258465	414212.351706187
342834.8519731949	419648.52098062454
329942.85285877064	427247.9462030261
337890.2497852036	426269.9728037479
334429.4710925437	418862.3053080657
329155.19723693695	427853.920451866
335028.14113578433	432703.7820957218
328318.5785736901	418648.3583512198
322001.5416153465	430180.72959873447
333973.1614400221	439003.2149865157
327277.5636705498	446821.7267781406
323761.06809651107	419697.4699453487
324469.01349783165	410354.15587349026
327347.0926121382	420773.2899698555
330377.9075296769	427057.0297657958
327772.2387865082	419524.88132021116
333053.91588255554	410986.98961688054
333449.3298220395	433417.33965965186
335718.3635255882	432950.06367644586
338077.05541659496	410895.8254514423
320993.8798245932	394951.1656350169
333137.03310933424	435230.1337836167
333514.00639772764	420693.0234540344
328721.1697974491	419977.32966086094
329056.9757359263	413469.6816312573
329084.6999099449	408982.95609291457
349038.7802520121	418703.5754947871
326972.0759859879	432925.5938505517
333528.962510742	385487.8997725209
321132.37278303993	416101.9306172148
323987.3205599251	399476.026295307
334081.0333507948	410868.331960337
323973.90891729615	431198.96848162776
335126.49489651434	404002.54523115355
330211.8977978514	413738.0282410779
327521.47826630983	412248.6992077228
322927.9795034537	435774.37653235043
336192.93820112944	427929.04867533525
333137.444473487	420204.92705288436
321562.5170641345	419514.1647712535
325259.05694019556	423967.59630759415
331943.7752611524	411950.5912510338
326272.97970045323	426184.5454798387
326730.25917620974	426994.8606802196
333239.2422963544	411090.9021541192
323643.9323843441	424425.3748914915
328791.20446927485	429997.6300917273
341362.0813033021	411377.22041707404
324879.8795126944	410718.3071661703
324838.5488200934	428599.93184009247
329242.3333277277	441557.5658924524
331081.1585358642	407408.5845022581
331419.8593777345	415287.96750115
325653.254443486	433096.0847375014
327250.9288498302	409152.79981113697
324820.50667030166	417179.16129926307
332545.5323316153	421870.73720515706
335480.0081107233	424150.3639824297
322592.847386298	423870.7259473916
341086.25115282205	431257.0420981909
335620.5057975822	436909.41878107586
342628.17514541093	407976.0231947065
341605.2102164366	399984.6229044605
331859.52463572845	402141.2165713776
335860.8504486772	417445.3182131972
321658.18663350045	425016.6461198805
326780.679224427	417237.3664774628
318806.5923390165	411083.9003462073
330097.7572127877	406202.94887219684
324461.44652769674	430803.54678536096
325381.68162915076	407179.7100445257
331265.7494166361	425785.63227768894
325474.26821272506	422379.1737728038
331097.5191140467	422488.82062523667
339127.90768293163	436102.18606373493
329526.559452298	443057.54944440007
329847.89758908283	437957.8020159853
333528.4478145583	410512.94459816936
325178.8676752878	418371.86016834655
326608.1508389724	434645.766113993
319966.5787275724	404045.02129196504
329311.12044140394	420014.0489052924
326357.2123658642	432726.95388763014
336509.88933979237	407938.2713385697
334103.85923276626	411877.09475168097
317622.64935470413	413796.0008316318
329870.9191613428	413213.73805993533
337370.29903899523	424884.2807368307
335362.38161779987	432149.7442143053
326173.67498310405	419121.2520732867
333209.52592125296	418959.50024654856
334433.62298303127	429823.9439151359
315970.3911847037	404555.68474910856
329170.5760948873	419099.13549170725
338840.00386613456	430713.6651266251
327945.7509686094	402067.23730545613
337630.8338926162	437148.7053218295
320446.06410604157	416294.9096447648
324085.01087877824	424954.2013798818
325842.29311411374	423695.70069567696
315541.3723524835	414861.29357944697
332505.3945755892	423659.55216312065
339352.7618802478	432144.4272340237
318473.3100035544	402635.4603407442
336246.1275814478	434080.61270711996
318098.47754981054	415611.4630727029
319250.96413492545	399317.9184297496
330914.69774414925	409694.42495082866
323780.47552407143	424931.7445576719
334321.59335509146	431142.0904031197
326854.2732111752	431616.7249752213
342158.5938113602	423593.18995139597
329682.09880233847	424992.8548875999
331266.7837841107	436856.5656962276
325929.10797219706	438955.53533822694
332025.37165192724	411837.4222496027
334109.2846786784	432131.1580221013
336949.06458656525	424349.42026133067
337593.16443943	428402.2520013113
337876.5594495554	435915.14595132344
324615.38727261167	424239.86756240344
329629.7538478978	408054.6607866243
333993.5969944922	415305.2418727299
342846.4394005912	406806.9677203075
328825.1508901741	425380.99835057626
336440.4351362906	440479.32042773947
334008.971932439	426837.0433831316
339236.0195600105	442620.47223496437
323893.7279216994	433743.93165660417
323912.13121083047	391833.3127571392
328602.43602043216	422820.08288451895
325688.3879328822	399342.55645746697
322299.7704453557	402982.2240954832
331346.7567830951	434615.9569151981
334342.3030825205	421527.72833509935
333255.80982225656	412528.52103617985
328259.5539842688	443702.5954869148
332739.1770816946	412513.7217237171
329533.43433421594	420886.3136284187
334055.93327920185	414186.4828540332
326030.98002386943	407850.87244247773
325064.1432650989	422322.1401036375
332183.1465293433	429152.8457917193
332361.727597917	436892.52559084905
331334.9527522935	410325.5785623505
319951.8994347444	405784.98662045365
