162891.90769422243	215251.37983511487
160203.60341651764	206041.3153901563
168326.51778011507	212884.78614199458
155687.84118852927	218947.0321099761
147155.47793135105	201452.07704696563
162015.4383570447	195653.2122544222
152919.828459222	218499.51880092116
154490.52051290742	213330.2565878995
160185.89375968074	208523.89984662045
167752.5575126293	210262.46634015822
160335.5768616292	213752.64936964668
159491.30010739254	214256.40723982925
164059.9436738091	204171.09610789362
175410.36601882707	201049.6209291804
160453.1759167632	217906.60180348658
156967.34473917715	210209.8914479322
165258.869494288	217512.70168195266
156938.16089865574	214347.18774078155
161164.91973636154	187341.21178852805
159389.55830485222	221867.85504918333
158688.72915564798	218090.005464215
167485.07717089058	212993.56767383523
165142.27565331882	209291.2694288579
169364.7975936797	202941.92996235064
162419.39334700548	218022.00303466822
153712.072133861	215003.9096436739
163875.8078916205	203582.5809313919
169877.11940223956	213355.32523883448
155163.58624391252	207436.8664849447
173913.08951454322	197791.91177469064
157550.85350326874	207712.31351876137
166161.11433387798	208425.40446526412
158028.58585395935	216024.92711586494
179412.20275761583	193480.3290891563
160496.1351899812	231712.7089161909
156078.67299274105	224514.8720285255
165570.94674088145	204550.92647395752
171196.89511067542	209974.1441881327
165172.83349002924	220912.1653200713
166327.21305740433	202354.851477294
171492.56605664294	206950.4782430621
173616.78135127318	226315.08572569536
168598.13567225478	204243.28026372287
160367.28044973122	192721.60850082128
150710.1162687912	222102.98051135725
171338.92375261532	205927.4959336964
159624.52554387593	215163.77492871688
159147.6251394638	207999.8970959707
169090.81384204995	208469.3618664552
165276.65164255124	205100.99619305728
152659.09477449913	194392.31262467636
162526.5900882714	230022.72433432733
166721.28393472725	243354.85039117708
163142.7219617408	208353.9037792236
155404.01228700037	203140.27058944
154918.34345031684	202605.81848608
153052.01554899546	204009.64941052132
167771.57618027925	216822.1176013883
162865.16490055528	199135.59992089312
164046.16213416998	196549.1505324717
164362.01912180448	204789.366730906
168869.91283256767	214149.9108182838
169866.62664190913	207941.0335192453
162931.03926833783	196574.8791585422
155760.20013009838	223389.8046784678
160645.07017698	213286.8666343601
161091.72967246996	200737.66094062018
159474.9322508061	207149.9502064769
161024.16434990667	204557.44750195864
152538.22620507647	203188.7518886655
159607.7210750282	222922.894498905
159550.40131099994	196326.35341231734
154725.39651064534	207160.6919300226
164581.70313900473	223436.97245478106
160748.19171811783	214935.46058056832
167273.24843488037	228880.56646057763
153693.9539003979	204346.98790006828
173772.99519025057	202912.90829315706
167440.61208997006	234075.7731432625
156570.48605476084	216084.23303172688
165070.85742754635	231989.93682124664
167792.42649961164	203994.25649229894
171808.0206336243	217122.80498974063
157508.1153101354	200818.1341505343
173640.60164598658	206694.119519629
160981.77827021596	206685.07216604496
157672.92170682107	202670.13774204074
158963.1292962163	205312.16740033025
167872.96116321377	207652.4809612274
159202.42483847123	207561.53264418966
168365.03582575318	205026.7721631358
166865.36445177294	205332.9004963933
166613.16861248016	223794.9780521741
157858.767393379	206790.30670909525
166512.23169623833	197443.4937676247
166826.79307039155	208969.5084055546
156162.69194392726	222297.45936611362
164153.2429671785	197711.1579311225
155205.07891143754	209014.39196316575
157737.52093300497	211572.93828514992
161229.88561372866	195679.91886928075
160771.73614424723	214949.17391164275
160025.3862603571	199956.49439850054
161832.77400314933	231596.04239348578
153783.04839818703	198878.761359379
162957.9908877084	214548.4525002742
155343.60952057288	200552.6296382309
171494.24790680755	203411.52413569787
169319.3378205364	208672.8186983418
156175.8611344974	182414.12329146013
159997.29041640332	190677.44702117966
162358.40595811588	213203.75614530168
154603.82698473788	206805.86123879362
162433.52153534465	210745.26819696496
164246.04753062216	196451.90886856947
164302.9844175627	182615.75798505332
167521.786073738	212378.27529105463
156358.7763970475	199329.65979263178
153272.9596009804	213044.29423007678
151558.053569433	226056.84743713125
160231.37146558875	196221.59486348068
159102.9579337606	206601.811762453
164147.15894616	191742.70944573023
163962.1108762983	212915.87042144674
165318.5261913269	199358.34111305742
148406.33792060066	212302.72925893948
169930.79993783453	195220.71241430042
172870.31321431734	220697.7706606406
162990.77787994972	196557.16704514742
169815.77403944446	220120.6576177925
171889.1562382026	217584.6017996414
168447.43713328504	193461.06948194653
162582.01357170742	222919.41915183855
158685.01726601998	191081.6207466693
167876.14437254908	214290.23439970522
165498.0643598768	201675.82763910983
176547.8254093207	210273.96211369082
165059.84261040756	216558.68387614848
160333.83803209453	218141.9029191048
157850.61244091022	194695.90095155613
158818.78827841976	194546.08560671535
164416.955875493	221487.40172959614
165258.35300355166	220104.1871732131
163780.2588013343	210548.16812744868
169041.88445498567	205343.72519776542
158840.5776382882	218169.2231304642
168850.12993512992	215483.3612926274
161650.39459365656	202532.14952902394
170084.35355218005	208252.30622546747
158217.52479524224	209555.169262968
171229.60875866265	203454.5163768179
162835.60305121506	193029.0943108607
169482.79633521137	214853.40653048776
166500.69384499447	218504.15397799242
164836.64725503992	199656.04508475112
160547.50193070812	212742.04491559078
164035.6077967384	209149.90944173312
159176.4732951483	233448.6118906922
159709.31150679628	196751.26509927312
155848.1376752893	208372.20454937886
163947.71793268409	217593.5536683998
164735.00610120175	210166.83764956566
164416.2463062672	198874.1101909374
160849.088362862	213390.51966723634
161492.55423259555	208966.82199120033
163080.12972892955	211387.9319085934
151454.77976968314	221306.59036433513
170750.40653708964	204750.86829199962
163683.0023127569	210669.05878344175
158134.12208006595	230690.3065996882
159080.05790966935	203077.14162719343
160245.29407309458	219376.80101444817
161769.3431949032	217816.41732159656
168509.459826882	217378.67293081665
166707.95876565532	226718.28793497602
155570.6000534502	219507.20175004538
163699.04580234727	202260.27845956665
164210.63160256387	201977.43441326212
162352.0470148435	220830.0771809112
158711.84354361432	203296.2706142638
156468.0277508047	198678.74176657994
156897.7198513236	188572.12888282392
157769.8762471351	197165.60377319113
167371.82190520808	209492.40333465088
162339.17080575856	190633.76810195905
159853.89512311152	204856.86914870155
164356.41848383803	204940.53293601298
162396.63009960868	202450.8083194968
154600.8186349221	213054.96084765947
169742.6541567213	229440.3655373416
163181.9768558612	202095.7551002347
167664.02532738599	221719.66544573533
166801.56328095874	222304.03800098278
166248.35014877195	215822.82289978818
157450.0568148602	195709.32782331744
157933.93853038357	195883.35694780573
155486.11675628618	216000.29902010225
163648.51813857854	213722.20824220718
168280.9345097282	206394.42275788504
158812.65235373535	209633.72639758812
160227.94319318293	221369.2390909965
159446.01534448087	205075.79218197678
166388.2058971067	217866.5100047768
161255.04337095591	215886.70298998104
151848.62647700356	215846.44082291052
173673.2715692927	205972.91208772687
152704.49427369254	196265.54152576698
161404.49827327556	220305.09673079144
169780.2634428197	217671.18398960086
159549.4177810899	220981.61329654875
167564.15392700455	209812.22743746446
152695.45090754662	187699.2275200814
169010.42896873513	191691.4322339085
163087.3101520451	210202.38436794022
170180.58286223433	191285.25829171372
162249.41480215034	220780.8167245229
156413.8753250567	208887.75452737906
177789.74129472702	209009.68247382983
157053.7400240834	212835.22828445426
163714.0966538646	204327.3315906644
168009.80778279481	204308.846255968
161993.43067689688	210919.38848826554
165340.22085975407	195734.6859713875
168637.16398754518	214186.47427041462
157246.88177442053	203959.82333227125
166416.70187534814	209663.01863563617
169403.33128844656	206996.04091023502
162814.3713537217	209903.26838296064
155201.8108297885	233768.7617215237
172671.0349431354	213031.62722154564
164996.72421137604	218824.08391351276
169297.46240651957	204446.2191798504
169422.17633991147	193958.85007009562
166978.19906960434	195325.84629943667
164065.99267360172	211435.7442343605
159097.13012265664	195029.2918947737
161888.3218455541	202268.41164892277
156851.14064200118	216061.9369408177
163906.82037351604	189317.0637243997
160639.498096973	200116.72488814392
173619.6394586749	223031.97114177744
165634.09229417559	234445.29334399122
169727.8501104797	203458.66506016298
151480.76030594023	207242.24005141557
164276.03858138155	195137.41041169543
153726.03862238445	215227.33242881126
165827.36772128748	223819.2352265038
170903.52916421855	217195.28349542187
156033.23543290232	215506.26696377684
159004.48574592953	216120.25841504053
163422.408065611	204215.40586301466
161311.11141305286	195219.89287753706
166161.0229084022	221948.90743362505
170044.49734661618	219580.640757442
161017.76212594163	199400.70650856814
175407.65410454772	202433.14042391384
156952.91309580428	199712.8184526724
154817.1320011693	207169.11099220006
168269.42378109554	201214.57622752566
156198.6440349607	213957.14266027624
154827.00165726495	216768.10042549382
171045.1849709233	209715.44899603137
163020.23061238474	208844.78767987524
157004.0785368094	216369.72386584885
161106.1710859272	210797.1423662965
169599.2536475654	206633.150326779
161954.52008578106	205199.7605006685
164645.00636105743	209206.19198597004
160632.1409341343	215517.73456031963
163149.12336590857	226120.67274463526
160341.14318362589	188150.44553096528
159965.44040601197	222126.58184469858
159429.49530983687	213129.02976216612
173098.66666539002	216619.89562597766
172433.46834148388	215561.12179796898
174992.89526664844	214607.37154308642
164570.6695483431	215763.11772502027
164336.33301997813	215942.62280316502
164157.57238476165	216618.20624940514
162326.78360575123	212060.19563214172
167705.43330708504	219222.26499866977
157528.0019809834	189901.36174165324
145918.74842428532	212118.45463064325
162446.4054008834	216361.74830750623
151561.017325954	202009.6571149921
166558.52042689745	206731.0956603992
169412.42996237235	219288.1088293902
154110.61523757907	215931.76346405438
155294.22893156964	209274.31511943572
166505.87042670342	203307.84802455737
167222.4903311595	183542.9065357008
162632.51170190124	210824.8866100807
164361.81173773314	207702.76372928786
163793.90426688967	217762.7997745978
164170.95309562617	223184.2694724236
165345.9070634419	215173.84079359332
159309.8162025504	186668.0798909195
157856.80221306026	199393.81238780788
172035.1208704781	205605.24258061792
169742.91313294237	202786.48067459287
158671.16105514742	206269.80347643705
163887.2205516377	194542.59064971012
157691.64366000897	214634.2447883994
167198.85441562178	215652.07674403224
160156.735624097	199876.62192334415
163962.84641943104	216519.1446397949
160683.01625000592	204977.02409836338
166728.6713993693	196759.5157972784
174150.32638575003	217569.36209249063
162477.5335810301	216401.6111796565
164832.07105385052	208035.80029943457
174628.4879397338	209721.09712190673
165714.2204994141	221301.4301430154
168249.57795702707	202716.54384170214
161714.05153196672	198266.13245303906
160428.49629643577	189864.20502267912
162408.20896908053	195709.94901796003
163002.32405476665	207333.3280269513
155207.42052492173	216502.2857103521
160577.18928650458	211864.9380990673
156284.8727303388	205372.16934931514
162789.641258507	194899.01466626712
156818.44700313493	231431.48849531752
147387.7658437147	197237.78469787445
159284.77382118342	216787.35268749972
155512.88699187478	224157.55952801125
162397.63170924893	202745.67161619518
164183.98949523096	171663.95098368422
170258.57164895372	225639.08244408597
161142.87233909444	217004.50820915907
157444.652209035	255818.51957220834
167457.5050936623	212061.4972267886
157417.51826209403	193095.2413278274
164577.4390506016	213882.4347674399
166777.2968986938	211825.59217206773
164986.37907312898	213699.82850123273
155545.58019738487	205360.98599719146
167731.64429816863	208113.7727407024
157759.5173029522	205421.34908455456
155036.54818716008	217489.5363607769
156342.3444810372	194201.85579542816
154272.6093216446	209129.97335766675
164849.2601712703	229573.84733020118
161089.2661267887	207434.87802890062
158057.0296210114	229546.05576878763
163655.96216849747	222656.29656803093
156749.5933091551	228166.8667892652
156132.4166417032	196459.7839612949
168513.34609804998	211288.43178963359
158453.54898888635	206979.5703787279
150403.14850919443	198209.76905424037
157383.89787293307	203146.05387290867
161319.23171542236	207862.65453843953
164029.45684751408	221983.80010254364
155434.35137072293	206983.48221114464
174397.7632627703	191469.1971050447
172307.74894328514	201084.8951068493
170767.7722738643	222650.4492199943
166810.628533246	204029.66265945177
155969.68270918098	203128.81165347
172181.75734445598	209368.91927562427
167532.41546682053	198912.59864337914
148838.5561432962	221439.77208505536
171116.4183025629	219295.2085502598
162514.34599012625	208968.07597677788
154078.57329337372	190807.33639193283
164587.97403921225	201040.27180862575
168893.4668143036	207197.27871515695
158718.78427789465	197022.34717830198
160151.01887445012	209458.7335348613
160002.00195783057	191566.32135279424
162861.0479216522	233058.35764027262
161987.21210817038	210059.1955473154
171394.9958854757	213827.37423261686
163677.04170968768	201117.6251994646
156598.97315010807	220140.49622585607
167001.62317822356	210359.88864235295
163659.83414150422	199631.23640608863
168129.8269855987	204430.49833234158
155987.74624879233	209832.72379178
173175.59398567484	195354.1030680294
160113.42201398723	224233.05585463988
165775.9301124648	187712.51669066987
160476.32196969067	206019.3443403589
170503.38797985017	206518.513387129
169791.22817086647	192460.1176133223
153764.14526865853	186088.60300498232
166124.31819760357	195248.63766898343
166688.4643171128	200090.51202259184
160679.97538256616	222767.01799556785
152455.93697847606	229429.33462123518
163556.12902234338	203598.97887407505
162218.86429611483	206367.40388430347
154486.71004198736	195789.50756066322
155692.63958710717	217784.66178552975
156524.14984998715	211063.43627908974
151517.01652901198	205705.9695776975
162818.53328122658	211075.72885349588
178500.11425473588	194209.5452203961
154764.93104147498	200211.54590341775
163268.4773129443	218549.87939655088
172244.41810020513	213323.4896821333
159271.3007298607	208650.8923766025
158155.53779903587	209660.89675654226
160561.1926081852	229392.02372477873
159529.84432075452	200405.60538851772
165934.33678326115	195609.785523542
162894.23757849718	210839.76058679493
161791.8616748309	195363.27207511495
164853.92990712152	207178.9648578156
152194.08489830763	201999.79996862324
168177.10142018826	202450.63953504717
155084.90803447217	208404.65195023525
182854.95461469877	210927.11489728
161814.0038659573	220734.89870324096
175150.55153142466	229178.81905821883
167067.28566472844	204093.02455616114
170110.01061294536	191969.58259374427
163501.62469393527	216725.98526452662
160163.68603778354	225042.16536808817
157246.81161584618	208465.60824847122
152973.27195349138	190155.62873478758
174703.5360243828	210259.43126658967
161506.5030121819	203839.16812422095
160848.24572045822	184223.40809973743
158638.2396360364	203258.8892827466
163675.61638272408	212249.2250659642
163196.25758677238	210652.27844181014
166182.00885535908	227401.71547730922
157535.63464546815	225565.09646917842
158269.4659776061	226098.5251893573
171255.57196573736	199354.6862849004
159031.93482787733	206530.07227298396
167777.70185814291	220570.48884083692
159954.95651402074	194150.74640416645
165367.83446847385	210306.42714033526
166350.97586670815	209042.05294802756
170324.2297753198	202591.68563475978
162468.72734530334	197935.22499739323
151062.2673488369	203280.47158856166
157911.50388844905	207948.94342059677
180423.0279957003	210481.004479623
158903.14051134602	217038.90407527858
159788.13245391592	195475.91307690807
157752.4706492239	204091.12315997694
165990.3656669505	208571.18001285012
158211.57296555323	211014.78216075138
164648.67607189142	215696.6081000895
158008.45190733834	213700.04275363314
166611.6507503962	202496.06793068224
170018.38172071183	221955.30780505622
159133.34453046485	213221.28407338078
165898.18780692253	199553.21455950692
167429.69581040172	221253.51253656388
155778.3853774254	204447.7018293696
165314.4355113489	202805.85751060952
172426.7253562629	206768.69710499185
161305.93531640834	192670.3919521546
161865.12425889354	228120.24826504552
161367.08207747724	196574.42608174714
156676.1761301817	187615.75297396415
159846.65922138328	205050.5685651303
159574.03121573647	210030.65075461904
169331.77585352777	218754.26054194194
163120.0833898352	214680.9111888044
166153.8177252017	235218.01206666304
162860.38487469114	213113.31941206538
176031.93599312514	215740.97761278396
158798.2649980029	217766.55197970872
169111.489052683	201958.82373600587
159921.9833455885	210709.50338020502
176742.27879339433	219575.75039250305
165064.49958553328	206669.96942910587
167336.5401669038	218334.38338725537
156758.7732073713	216501.6762719378
157501.8029979788	202731.13474843357
159933.41799421195	201471.63697827084
167467.86736623425	193735.77323654888
161816.7289759247	227840.320472615
162141.90424993826	208501.48134644522
171612.7027127596	198415.02152410778
165480.38506095068	228943.72968730255
160818.17274203006	204782.55428700458
161079.14302121935	196682.30927930307
154340.14804140537	208381.5319366933
150290.90911022152	188257.4575097998
151068.49610332388	212130.17335505402
161947.66817890038	211382.21941418006
169045.22771945153	204913.07798484777
158388.292925453	208209.50241885832
163827.91688720055	206714.18193312624
164592.32584058226	194953.0917772079
168741.34203637476	209364.41677410237
166550.6611544783	205146.22015092545
158311.93928530902	206901.23173257627
169374.13979561385	210651.2135273883
166395.1536969997	228857.6651341413
170299.69695305917	211969.46017453406
161346.44834714354	212054.08056535188
158402.28742488474	197893.017681603
