196884.07732737396	229652.35965623354
195433.15085599967	248020.41097534826
195613.26953587768	250340.6458782053
193395.92387062486	251392.04128897798
192340.60331336362	248064.42701305327
192493.04162622074	239769.01985271394
193370.5239688654	249418.40289989853
199443.3398957976	273487.793009072
197870.80099343328	253761.50462064438
198500.83474070797	264870.75749053736
192082.90276224405	257712.73763825584
199824.28073101654	264207.81252715085
200911.1428695866	239082.51560709582
205220.2377784528	256752.72143598285
188579.7911531247	259481.18109661655
206509.48557076196	237804.43007402227
196241.19623296676	252082.60093223478
196880.85198426555	250926.62251440712
199161.40879304358	234938.86441540552
178310.84757726215	244463.3076948176
191657.77498973208	243929.25348191906
195509.5845722044	260424.20047489257
208045.5822643417	255139.2655101829
205490.34725476548	240083.41550218736
197857.5998776753	286600.5529586307
196453.81757840654	242777.9293672013
194574.80754368042	243880.10406228248
205583.84938185225	274393.5922009722
196272.4024385932	244836.73669245682
196613.60204645962	260110.00712735648
178685.304483808	237345.8283605742
196334.08732887317	244289.1396598075
194805.3017006859	269863.2821422158
201055.43601174784	233548.91357795353
198129.71120232524	256849.6656497892
192836.78773261508	265947.5336381466
194483.31037688357	250846.24155871087
194649.4344775287	260381.28048987297
199933.76057333034	244721.8673612238
203475.93196327199	246512.5798079125
204558.69302471392	271480.0730080653
192855.14807652342	254865.10292233265
204850.3105060038	274136.99102600664
197542.8279228388	261058.1500107623
192887.39831939866	248610.0289486062
205148.62144532736	261000.81390359942
192554.7057937301	245652.88256304042
183907.86693079234	258436.73407135892
206701.4098631877	259414.3804679103
200284.6146644822	256726.8181900472
183348.74008493865	266057.07012372586
215371.5796809547	281930.0264513569
200522.35538206503	282624.6536529118
198408.74658000589	256899.97979813808
195672.4573302138	252337.25836427207
193535.81891130906	253125.1638236179
185610.26067509042	256960.87027538853
204322.3282174602	259070.44989930722
193726.91018815472	245359.07672746287
189140.6722278101	233534.2111954786
194578.65903827196	246704.1905671581
191676.80364510848	251244.80483411843
201051.95023717676	246567.76120620052
192772.50839918695	242038.3142669265
188450.1814968494	242740.1796729129
200018.96140195022	275622.66302715766
194619.3998123675	243900.17563429172
195948.8029370504	235639.42380764792
197828.2167970654	253020.67566964135
200704.974569058	246038.83918543023
202948.99045163894	277500.14750877087
196381.05669383053	263458.40809710266
190799.00000992767	246352.568976225
194877.1510034662	237124.1641380576
191639.35674361925	256894.61523715893
199932.64975826052	276845.59946078854
200325.57026448514	252948.29635994462
201256.92634145188	258706.79380279625
188604.02659123956	260993.6087252927
202108.1165593883	258506.62360022904
201132.04750090066	275598.7894647382
202930.75230560786	242857.76196791095
198845.8293957147	268733.6404547354
188138.19986423722	243753.2227647495
198395.76670607054	263902.9676062006
201232.04961555096	255282.41723082794
182940.3223477833	244818.0033856717
186951.4103935929	249077.855382687
191265.80993537942	248050.71776255924
189550.04387856307	263611.1837265355
203373.5678992505	252260.8714896779
188778.8098201218	260342.09160803055
193236.80653313617	253010.77668302425
185314.0776874779	244189.38075746928
192424.72734524886	239534.09127865854
201628.02400185243	243666.28988421385
188597.2429832889	253698.37974031837
197666.4103567754	247257.94632566618
187164.2005647199	248855.80642224482
201923.19276554877	260827.97221182188
206766.43509930107	241836.85925039454
197241.2032845022	265481.8628665336
195373.5111009688	245987.01104973682
194654.65237504273	264228.918750222
185886.0400325398	248595.27433759853
202860.55343093048	277617.832913516
195953.09844593698	251437.98656826682
196478.3341985144	247930.87462714582
203940.74278435326	254889.91724094987
198909.4740892434	247290.88566492227
191427.38766426363	224497.7733909475
193048.928524406	268159.09754130116
198225.7461269842	243392.17934601917
200248.02343435358	255741.5250058768
199745.13107937056	251144.48293711164
202937.94399011187	256290.4588447311
190240.7840758447	231883.02316455368
205867.5315975441	248912.6143145721
198121.6616951904	263747.34459042817
190218.15561839216	279690.134086333
205901.9173654446	270174.44648742786
201111.7886401118	242105.4240508938
193144.7264706282	237760.79372154496
201595.55055689777	254104.7419123641
201254.9057323553	240248.92790989208
192269.10386634906	258086.27841905804
193350.5823346806	256415.24374954542
201322.54949166958	251045.0892824688
212279.1757312994	249490.29515406204
190540.0203477061	249891.38651263082
211745.71403557778	242254.54061739863
194091.45785854897	257565.24649914663
198263.393154807	265832.8787782623
197746.99426347553	231679.9633351378
193531.86451308656	247940.1305082873
193529.03488655883	250576.6216531575
199568.84163175707	261664.11722886882
192011.1071013514	248026.51559382977
188075.22120991704	269733.5695069247
187368.09595746303	249039.22701902167
198978.07673092204	239895.54838126138
192322.18462106818	260265.17509403315
189194.84665836766	248340.18802922487
204387.83421488863	258396.58636436108
196383.17583726905	264321.65744179743
198682.60698764562	255529.2175302417
208514.73792365077	280654.425364554
188982.81612488645	263574.0384844063
203889.4240731724	237925.67683122467
196253.1318052864	245186.87368510847
193336.20129460623	229842.03988612955
189180.7465755067	230603.6828311335
200682.4568621385	267225.96655969287
205612.03635361462	246949.7440353005
202504.013906052	243093.0527380542
196897.53969302194	246459.25839397937
192803.8722734648	259017.35403249855
198371.8323339462	251106.07183978462
209675.0049190173	253877.79513326444
189365.18332652398	254318.35690061457
201159.94169750036	250870.71365382144
194827.15564113582	245731.74312246856
193197.27103159588	252703.97388844297
201795.67725452658	267834.54021386115
198607.02726081258	266397.3844409827
197708.68088577827	261905.70003183553
188325.86504357445	258493.6639673943
192330.37155198533	246711.06920352654
182919.53675514366	256506.73004918703
195281.32425179402	250246.824474989
204047.07096964848	245737.25476739515
191930.25312447082	250352.42928900162
199502.2321988027	254036.03710275528
195679.1497274841	260882.5033670203
197769.5351395724	262637.5242533695
200090.84731364477	251238.58046537774
185875.16809796335	250576.58982249064
199214.3656568853	258523.09164429657
188569.67635542896	243373.79897393717
200960.81669845275	248475.3871212534
185970.80837166175	229094.6511080711
193035.87614662308	225685.78070126404
190214.48712352285	252905.0154458695
204255.27920919436	250259.23156434507
194995.41111551155	248519.74977884532
190296.65708635922	259587.91921446347
193642.34763808543	242954.07538495198
190455.58076790735	250156.05950569402
193011.63609500392	244183.5425495029
211430.34770943408	269402.12121230096
202036.72445740327	251152.7690301882
208988.695351468	261792.57716513705
205396.02275673253	248114.22593519103
196652.42379301344	271207.7601113467
191857.3262177033	253271.7764319447
202147.6743288837	223913.08923301767
181045.27986426326	251403.80591235752
188894.913992928	247736.02525140863
196715.1497786235	237049.10579904585
193873.05794596556	235805.50222785407
197355.92471445713	265737.6917604789
183986.32612538722	250934.91856537585
194758.7623290902	269155.42603281414
198974.56880159216	261558.3826011719
189516.73706685507	238614.78690455243
206924.91532852163	243673.48621955345
189161.65210418488	253536.9140310916
197547.96598988833	250316.06624201112
201881.1937360913	283400.0463591631
192244.11025113944	294069.3399569429
192045.08263384842	251121.11797669105
190593.42853664217	231490.3859839753
196671.4432019689	248357.3982703173
185326.30703377567	263301.8352664091
195103.75133731158	230675.09194865427
185843.4806126589	267701.3685585274
190944.51184033055	248127.57350032573
197584.34897674035	263602.7336774374
202740.15734401264	248257.72731390042
195254.0788112662	250772.98997525117
195293.41344876122	261283.06628315445
202095.62455397315	246763.15167315846
199161.49234275	249526.9073334465
191586.7134984975	252198.44835387942
190985.6892661653	244265.7381150196
205147.64478872716	242736.98118314537
207074.0214025044	252752.56471291976
192025.2799468123	275267.3137198601
183549.58660373604	272589.3234165702
200485.43928580085	247059.92087550482
197328.15594946363	273688.3218668232
185758.37432339025	238591.513530333
198297.79451332265	246159.53128386667
202840.17185458948	252472.5297638348
192005.53760392382	263618.11007443233
195491.23762515458	243059.93509493332
198690.8447106707	239455.0702993882
201654.27093829098	256886.12700822097
201980.85695964744	243760.04287150205
200258.81568000175	247511.1712432115
201561.4192143274	262980.9418633578
198239.6329702023	246159.7710055559
200460.16139718948	239918.12152925789
192130.48798707445	272513.11674180854
205406.49742723227	235506.74372881796
193423.99377046648	254061.34646409808
191869.86250254753	236314.48949158128
202450.49220559956	248773.5447017997
193346.3170990139	237585.27410047446
194701.2657741965	264373.52723104565
195788.5126189453	250060.43980320304
195597.43327133154	233945.75489917776
197736.38293301727	258482.92359982233
208827.6136089305	269137.7520617662
196707.43305165163	223157.24743733578
197355.3829513755	232252.07613501418
192253.54455612422	255625.5398396109
194241.1122273149	246973.1306007121
188709.5873234627	244007.9952205607
204237.6232851036	259581.1318418692
185832.0338650414	259491.31296167415
214943.28010941087	250815.40526557286
195481.59072247025	259159.56811667906
197578.45735163748	262476.92546705686
195172.14732300685	269402.79259316146
197405.31568479436	241720.2735903794
201548.90775011387	253612.16940242072
207932.931748018	278428.5741788361
187321.593510132	248717.77295870072
196376.04988243984	254946.4892926091
190080.70956244954	254518.17216915984
192043.98946750537	232337.7605075927
189771.73296214626	230158.0287593077
202386.3947792231	269887.0875258702
202573.49012695655	266321.634816057
202063.03936757223	259449.44244658912
200972.44247348554	254169.4792579984
192644.30756974913	252738.44206761132
196494.8213388386	276051.7118921816
190941.6775972752	248214.7750100081
193774.242971276	270650.4849115706
186596.48029474157	227555.30929105083
192181.5963712469	246463.00216519006
198939.88429608243	267851.2932830941
200306.01221689786	244777.93208044738
210155.95810430148	263951.3339951947
187137.1287191789	233281.32474840124
195293.85930695702	250178.62103069088
202727.83258663796	266143.8268364337
201482.1816896363	248306.63244061192
201981.11957415257	226188.7514182125
200612.38166345464	246071.15669851954
195680.8236438261	266380.30195082235
191938.19579932728	255295.6507811382
191316.0027176126	270118.24611562764
207408.32954819204	260598.08647525456
210074.46551544016	243708.10366159063
200931.66905826362	251413.16659413502
196861.56319798785	237439.33528530976
205643.33507016697	261227.63431856627
198064.21702647163	260723.6456900913
201271.61065255402	260393.9988035555
195781.068356073	264386.7831312332
198936.17077659207	263696.75873444515
183895.2030206616	241613.8377961762
193190.2750225403	257704.48750019423
191062.95999374817	244575.658897099
207477.04477849387	238809.83916969964
196481.01407036025	267382.05022174935
197822.03474354028	260565.86889109237
198745.80541985488	263774.226641621
206294.2108272228	232779.93036347174
200236.6247752046	259410.64695795852
199271.45914113527	250938.1020428195
201685.17006461514	233145.88183483173
183355.73688924022	248425.81252245113
192810.76254815893	244830.19911009553
184778.39917142258	248620.63754609955
203535.543416873	266748.9935668809
198885.765610128	263259.825927614
185039.46835306817	255945.01590471884
193097.19800908008	256340.52219976654
203612.0949365247	261067.46143811502
198526.26409063186	240294.77552478755
191896.51436097355	244130.51057675702
191211.66619003494	268346.6486643396
191844.88465590356	230613.5408920613
186819.59217397054	222861.13029946247
197131.67060497202	262732.93645411456
184838.2530155136	263329.4457816686
198426.16967965057	280196.38305165013
189865.93410944473	261453.21616365603
190674.91520143667	235573.95377253447
197387.8145861923	287476.147554843
203980.92388610833	257349.83151309204
183733.70376084038	274849.4171652744
196648.64717264764	246256.47040949977
199144.34387524473	233818.96575623
192919.66542142606	259520.92084503768
190532.88137356425	252860.67490144924
197281.52781531942	252972.28880539318
195927.53525720944	264323.0182064296
197203.38671474042	250741.26693395287
200651.44559165477	249980.3253427128
185689.69517417887	242265.73358186035
193488.20211707344	246449.233591498
180797.54825292085	253407.92761383773
191946.8970239294	249477.81204645702
197932.1360196285	241505.17572410492
199774.66093535136	254228.92823393727
193630.79405004586	227820.6559014591
186707.7915353076	239747.8137846329
195385.98556754523	258281.3764805878
199011.69887917838	264231.0553774982
190966.1085966611	256990.3040319598
210503.88036239386	254498.05626721098
203959.0752762623	269321.7956645157
191327.93080251844	250345.87485159887
203528.95385772333	252642.70228878266
186744.77165662003	239060.05846926523
205327.98522117303	273104.2503370503
200077.99910334044	268344.6754879239
191278.20775739817	279734.5326798584
200181.7240971083	256462.46878742892
193373.2318500076	269157.9514191226
187592.99242467317	258263.8379640285
197869.8215865951	246688.26115224353
208974.07394268847	254009.01455693203
199443.79374808416	241397.06029840553
197636.92304750782	257191.81437048173
195645.99468150557	240880.94700844478
196995.72329417113	266616.54080801416
209035.11874047905	279821.18704227445
196647.51716938824	251759.20784531633
196828.27393967943	227479.21506580935
204368.62185086292	258670.49547771152
200603.4151754452	238255.30031873856
203306.0192594063	248944.253852787
201982.35110187734	237658.1436017427
204139.22455127808	238646.312140255
202692.52097486786	243649.45922255656
192695.47283617296	273052.2817211968
190909.8175688882	235217.1157376413
193494.4170525692	225085.81151239353
191907.51829015042	237578.69710554625
205905.97244152223	260868.68304936308
193477.88896312536	255088.66005847373
201703.9992219977	243629.60666062997
197479.66619495058	246722.138227312
196143.35651390982	236296.2352531657
199453.48892808703	264692.1409851076
200218.64048159495	255016.82322064412
200375.71719281125	244389.26830569265
210900.84890268254	275748.11063483974
192003.55733172433	247297.21219161275
198884.6300005908	246253.09275614482
204561.24815578232	255365.90600771277
194753.30140264652	258991.55464009405
201050.30802060675	243726.96865272912
194366.52099586072	257758.20205259608
199147.39554681446	254943.6088661428
204499.19072241185	229007.54568061014
193542.44648287713	252902.2623952046
187588.61796711455	273489.13404367614
208039.36463728233	254893.8857532792
190736.46709805838	230417.19205984013
185987.331903474	239002.05261941627
202961.61224167456	244804.93034895236
199464.90578098403	247858.185782223
198205.2511744975	226765.20350655227
191262.74119341833	246969.89268285112
192167.47786436658	240475.03670239076
193329.8100951342	251592.42854131895
201650.14335419086	258393.42487757336
200115.58020243637	240832.31550912515
202205.4903041296	241989.3814325278
206591.27131302544	232576.04710723448
201786.01771093445	249423.28843206572
202926.77970218158	271812.4268750579
194374.49500387209	243690.45357757751
190752.62820886943	242901.2765175525
184362.79644002387	240446.1652582303
203024.509375385	260336.06484253056
198287.84088923442	266064.6484535638
206269.19857428962	234540.30010844197
193246.2883082779	248383.30848802457
188282.16863647592	257973.90752123395
187064.5662967074	249545.49785485666
205748.7971944106	263256.85434936004
184566.81980894873	256441.55021645527
187932.26270336309	264304.5517904224
193672.55737122791	246908.0695893737
191330.74063318648	257130.03464395629
207873.63437259838	282570.20866036875
188924.0658112352	250317.32319959602
195658.03849773918	266527.8316430561
188926.53890176205	263789.9970923932
202963.43732127617	241125.10749698692
193551.51026434067	245637.02192067602
193208.75127376994	250743.8062618543
209569.94219595502	256119.74364238873
200556.08179254847	246133.35296449307
202424.9661238069	244471.77008157788
201746.12942352486	254321.00924786553
192653.861063721	253672.3013402709
196289.544388176	252413.75582841533
189061.92477598615	259797.78416366107
195259.00995828566	263346.12757294124
198117.9903494077	273689.44087521924
196921.60127645184	245396.56218624895
191012.39240725763	258233.65172793786
186850.21133699588	251998.7531689109
193160.314232877	262149.85641404043
192558.90648281353	247281.44525131496
189732.13170473854	248560.860294665
209351.100050619	256513.29157258518
210537.51522905414	248745.01151141984
184168.4659789811	242310.48165826758
198805.94380439568	257057.4970171266
189322.4608053675	251396.41365293827
180532.4563527755	246958.21015245238
191490.04505124962	240076.80706164887
194398.57055447414	260378.5092909165
201799.63539984202	248547.96431171722
206055.38316948136	254660.86269526277
208292.12324878835	260815.90340620023
190182.33019890962	248735.15116784995
201707.9602526183	264066.8704865086
200295.25081271294	277612.7024500102
195864.87142078357	247482.1624325778
198753.49242859226	255640.00254833346
203964.93872827652	257499.32105628127
195672.20752059337	256474.14663067256
191639.25175692007	237281.0750867825
195237.770661224	242976.87933373929
200726.50883907915	231656.47439565492
206579.0950356666	249721.5651920076
209023.71009757405	255205.2297758191
206443.14120763686	264265.7806287843
202411.38285585825	268274.64430988306
200476.6670177825	254260.52782339777
202435.17490245966	265005.0580117631
191456.28126076088	265707.68185340666
195712.12343762768	238203.59372040024
185799.4986845248	252860.21787549526
189934.6813818863	228679.90560179082
190256.5419595222	242726.28508834404
194105.74452262215	254224.40574927005
203012.36270271783	246927.53661540314
193900.8010635589	240510.63488254725
200066.70870728526	280076.22039653023
205941.29695362842	267364.49272723455
182920.24429769613	242320.32487061573
203245.30197658113	249774.2214083564
192469.43176854495	237723.3120087701
190411.6585586113	271352.89409687545
204129.32936877344	254544.79881004148
189373.37715002804	270500.3902838685
201759.52032001445	254908.5428509813
186734.35777359805	237382.98805441143
