921.3448068456877	131.70797857196828
992.8952435014232	4155.902278537332
453.1951276754151	912.9111329342878
1165.0671233968244	5631.472149723143
1389.97165482723	8478.620907484923
445.74169719936776	3818.626177993819
5475.597735837069	12233.801761803761
17561.532533306534	40659.901052157766
1163.7511498143476	480.6464612289731
4074.7364653881086	8409.027547015556
2618.978267285065	3071.9188099018243
1789.6894940413888	9902.277681848092
1046.9714695853716	379.5542431994024
13917.480115005179	22861.396942534102
6196.366629016526	13214.804898157869
18194.762152168398	38811.25009923984
1550.5119063646348	5500.739955152755
12750.435341959455	8427.588091763064
2411.607952292341	5133.457438721838
4797.1858707064275	8956.599118046994
811.7053364136998	1243.633076248326
15892.344122677014	58371.894969698384
4877.187986717503	9593.968724368815
3575.7897299317647	7574.31283737247
5072.190555706232	8007.363626830566
1828.6606799960166	203.76437594141865
22458.54782190598	32003.173520469718
5214.988370034089	3938.6481182165917
2321.120853016931	1139.6668688983018
1009.5773311431478	1557.6577305908063
15306.467012317447	14723.44940489643
12111.64974491793	13471.310510759919
665.6762094596879	1403.7163628714263
5131.950707305707	7366.253650877244
4291.567071460473	5213.199029030559
10472.42411128931	6530.445335028823
599.6512807229008	2318.7930075627137
742.7364411603057	2357.685827428679
14819.332822646233	21500.84829781859
12539.004598493866	12977.703791501213
1360.8976486433637	3315.4018408500183
349.9545925941104	136.3810166854736
5396.149467992762	4622.921660254684
16519.82717777931	19419.93202628786
4077.5617964977637	7115.023578413256
14631.70617675334	17767.685292268765
1613.2201387893224	3086.884975226707
4864.48485337571	6332.278161262661
12646.30848295071	12255.35038819605
8952.889648671306	13732.688252035823
1991.5511262069751	5578.835407041948
34801.784435293885	50348.879261810915
2096.87891654534	3442.685008584281
1393.4915563643078	676.3673089091156
3986.534533181992	8699.418626956927
25658.114224584016	34098.6976388194
3694.8879322540497	9673.746702612356
10272.382703690062	27457.97578530396
2000.8658084397084	1722.3725049750765
3041.355814461379	3041.628638438416
14420.973797584296	26040.77391920355
939.032718595792	3573.830038030153
7460.567025659227	17418.549240924356
2175.278603736162	7205.2301573997265
2887.178496656644	2200.1926961261497
1311.7260232768335	1771.3992195516528
967.0212542651798	392.4695137059207
4405.349223793808	17726.727938764383
10876.246424207126	18400.96536388779
4281.4399947675865	15824.184560993508
9799.442188479443	8332.798185130403
186.95063038103478	78.69340122701973
648.8469737224299	3136.6078660788903
539.6402145635454	2431.036466375051
3997.5609112410557	5017.509544154328
3432.169617677335	21840.80151910602
11574.810025104287	32123.002704173978
5028.989049944647	3316.9715471594445
9710.242058977972	15104.000731201138
5663.954343316312	8895.087540903534
2240.20453271907	6329.165602705898
4847.815882497345	9830.88701478533
7629.281487290767	13201.12679113198
460.0487909440001	3566.4310447592743
9284.547298532845	10703.711010582425
16178.41251941112	27609.754060527248
3922.462917026278	8867.046164543284
324.217285077426	1199.2674107664002
5096.998495321575	6762.785365280819
1196.90310475786	3084.752052885988
13540.729700921282	22378.489062304052
9163.080553215217	39788.66204980182
28263.576001280097	55755.40434215228
1943.042751922877	1352.750360797696
1356.3607705861648	1436.0330540843713
1454.706277018583	1278.2134962186374
1685.8776136807826	3290.421078962092
1662.452144285834	3834.7873369171707
227.33977607272135	1380.712451408507
2557.575580072098	2255.474600191781
10987.600498647997	24206.184016382882
6062.64977199583	27005.42795854975
17673.379051006246	33830.86507272366
8744.301765661578	22210.95026886451
10097.21778683216	21251.269078400772
8471.884673039294	12445.81693913617
7914.549913748026	12603.80388026466
2787.524401505555	3557.6521723514425
904.1355820741837	5586.104307481691
5661.211039889196	3651.5610307242973
54.54785219754301	290.2165636271294
3003.9482802198586	2683.6916366444343
4290.356155411874	2267.3780123941333
9519.767689980814	7220.482924643326
3119.013029217098	5419.481030835517
5071.6706376079865	8619.977321646926
1274.9336413879093	1017.7036145979354
13225.589276813238	8944.75008590407
23124.55742596252	38938.562917563446
20823.563686252186	40989.347946518676
1851.4519154141951	6499.567689039285
6393.842898038763	12098.715186435395
2820.6151317506674	4248.735994714441
2244.5768556343983	9386.31309229165
19142.052646114673	26130.82186053241
1208.2795961592733	585.2638990252464
23294.660940251328	37040.534338975645
503.7975445233523	594.1852294723
9896.651060699514	12329.542927201
522.5926487908524	800.9706666482281
7458.421225690785	6409.719051875977
7066.237891771825	9047.222832921798
9201.28548525674	16337.552418140662
1927.200829526557	390.46619239597965
8777.262161135935	16966.19028061637
6379.324931158328	16748.12518593211
7981.250574601239	33922.44786348793
618.953087418207	1559.1636009895744
1212.6669018240627	617.748472383621
16356.554783561109	15621.024184770919
10750.494215519488	8911.704672973703
24545.2539490711	35185.31274382483
411.27908676017944	1278.6070184200369
1852.3254418601841	2478.6792804370516
3758.444407379094	31244.848138318073
8888.168439442397	14745.874090211553
12175.9773497721	12276.590117745864
6073.5422668122355	18818.959788251377
1434.8386125326901	1230.5679065857944
5039.386375952434	12702.93183094782
1274.6614498129486	602.8464717098072
3165.459474871747	9862.555809013007
27470.513659754353	58748.9274062613
1440.737585654541	882.1463495563972
3906.801459590953	5945.877063569057
4568.143315696238	7729.145842396827
3619.2813501106266	6212.7016201382685
15161.335165541155	15858.381373064109
9335.1227054021	18685.785773031253
319.56575588351984	152.77108623674843
4746.090964985003	21014.778685278536
6739.952040419384	7156.854006441674
22265.19081259768	38414.19201115813
17566.308797978818	36050.079373571
1546.2743811082946	4581.787675837693
6728.305411612055	4829.969194319558
3115.0032413231293	8505.801862705302
695.8157247479787	6482.224843528091
15862.198750835903	26390.279198840177
3723.6021241774392	9254.027189010467
1171.199457761043	1591.0768312826897
3272.26946443798	4618.93236608701
5710.252503016786	13253.214757128255
12173.65893080719	14387.19348859181
3158.977762094113	2729.1092578128664
16320.39657454977	34465.40170432665
6007.262613079733	7139.573116817165
4994.939464951318	6260.205468136273
242.85353810843608	1453.975803919075
7938.942160706203	6538.826009483024
8956.4372137628	14338.09088970643
5797.494857056081	8018.039566940926
5928.437431527511	34262.642194062864
26143.073142650832	66929.62933969902
2979.5733689632143	20525.83793464107
1829.9209296965964	2112.4982385928224
1059.0767355861162	465.7627396492978
7161.53846738344	11217.00979740267
3091.3543695088406	5539.487761431903
16460.983574327125	32707.089850505963
3688.273845473196	6896.132597786103
1569.270232830403	2616.921825155563
4430.911094581603	3145.0367610958688
9441.379714336868	34527.2067252948
25371.093167680992	44656.95908091164
12205.255023408912	21293.43032585533
322.37284142656864	409.99230482378044
6597.209943889774	10097.950694319039
1138.2962297123286	5057.9714473605
6383.529215780872	26387.89780019133
963.8021556142177	259.5167660597792
103.07063241792993	1.9960094845138552
2213.7505648743477	3105.9819786609887
13831.450883651163	28109.50541414017
1119.2540566541759	300.714932776715
17742.445325382385	21270.951085373363
5251.398190386808	30186.112769590643
9189.636910720143	7942.450060796609
646.6929904172089	1807.0989329349177
3281.191051881012	8388.343336939
5236.947863982778	13193.596344598991
223.61791987095387	216.97134192184018
1841.8890419928398	4986.566934497983
1138.302557975322	1331.091447925736
1699.1664240389882	1271.9567303040355
2402.71232129858	4370.062403037407
3386.7962072400524	12685.799676449336
1043.0943155502266	2044.629284403613
37293.91000481603	79750.77252205372
2115.405007604058	1150.0748060506307
105.76404174497986	151.49702008350314
12108.864465418173	32537.780348079927
0.0	1053.3028107865464
879.7842220561049	4740.660259014572
2057.5589275049247	1504.9505667796109
1479.7647298045836	2685.2875832338905
19112.096169790762	30117.999037325837
19139.60927711932	34743.09299881773
4765.041267461031	9893.42865583287
1288.865165486105	2519.9349802849943
3286.8570940845466	18471.269929345828
3012.4446485746835	7352.2201413477
5437.357791676613	10850.41534072257
6513.024661086673	7235.760197247981
7858.209555566652	18042.48593261673
17282.92097775207	16653.065134105567
2581.8050572051225	6499.040276294187
21358.23637749417	20268.143323666867
7985.223551397967	19694.653230415493
8401.610631275169	17118.61525709187
722.8890671036474	1745.5346119661635
5920.976063222996	10353.79143910707
3710.7581498132126	4156.793116865542
6099.966941606801	24465.68299937503
6203.475076773173	5589.58567846741
12582.37443853221	18788.301229785782
14616.46033473961	17162.026400617437
8081.8151755839135	7991.991950869249
1310.6655416985002	1621.1337250669585
570.586908302482	1699.2036388164934
5463.126428536787	16139.322034078443
3412.1715418538606	7137.546915592436
2253.3132101947713	1955.8329276212044
6970.748344721177	37099.198192657466
10386.901562021598	12561.825492840102
6389.965550477145	4680.545677373748
2851.0377505739434	6835.080540757197
3445.70242406778	11407.286402022639
1112.3212336041638	2068.2401169847467
15886.291964774424	22290.690045421292
12387.694689396036	25604.82919598869
7511.068954226875	9605.838812774246
9808.561639183637	6681.104426122019
9870.176996477036	46266.223236777354
11394.046902928763	18700.38433559454
2607.5306751304806	1578.32582634934
4833.71177361935	8265.731402273923
16729.040309751734	27980.018837158666
1300.5515944528665	1142.4912273707885
1637.9769152545362	2719.428380207661
7712.854457514992	10653.185659619376
9927.032478030913	21472.809831050457
1645.1916096630812	3055.6232830218587
22356.353612645536	46566.49316774364
6943.260750498679	4652.5818969765105
2840.3142939072923	4029.008867163135
2906.4060209279833	7003.089691789341
1162.6596704034214	1128.8994495085715
4132.117263564814	3698.624045950991
34538.763570428695	68641.22201767036
4473.683624120018	13305.79974598552
2698.82009582521	1842.9955884105102
8572.376420535762	6417.099976685447
3712.2743141122414	6010.7006233379825
6162.265822137682	8520.721166997278
32774.70448677507	45534.23104981145
5075.824965167173	9208.415508328
11400.072781557166	20078.844786729554
10216.924566547646	8623.656017800451
13833.854156327443	12372.382530632467
4016.481372749404	5208.388628040915
2179.628887944293	1195.8616138497946
112.07168369193352	1695.233529229739
399.9463754257363	2030.2009258683825
2167.44729692983	5047.822227573506
1089.0287899239102	596.742682944712
3976.4587617307234	10452.462970589073
5302.6666272857565	18490.44253524459
2071.542040837795	8856.315922424928
4221.474727482804	8938.774195297534
11999.641504758603	20371.925667286177
6642.270234823955	33634.175847874576
15349.238467439722	55779.26964256975
20333.34256190341	38739.439182885515
1068.8424286492477	748.7413514614681
11973.06547927471	10610.977949082153
1276.2206450460203	4152.047275651485
18879.548431358286	33356.20910481282
2509.978717877119	10612.389278061612
2430.2710472572016	5450.742683140215
815.0179746454245	2235.806454787482
193.46757125610623	431.9207263167493
5940.66443374387	11203.885640227118
2597.8048595900123	1058.1657849537119
1074.033459959596	726.1720300587361
367.1187709017195	650.2575966604913
1963.294143346923	919.7076398959948
3432.8988807059677	6428.312994518088
42781.31191640145	77903.74993028176
14639.10396733546	39019.60645544932
250.41878299985925	1225.3771575313833
948.4149172342583	2244.191330981371
5587.316615344654	10745.451816659415
8278.92183578418	16771.405156247612
2020.2724667002165	3190.4076432015704
2235.656751746413	2756.6022875116537
1858.7377340927765	3502.218476774205
2236.398338140776	2361.4133656618674
1801.2982235947127	1915.2282117136203
1168.1751551935981	5087.0054904920635
2792.744137199043	5122.732386531594
91.58500921397825	1217.6190921267598
676.5364779653977	345.3384719824107
9816.51815328268	35739.434831557825
1663.9351434480632	148.33563050687215
10436.56121590086	32897.52478956054
3575.2208758812203	3457.6597066452287
1368.9815750189034	619.3575326098845
3733.203751548233	6678.714415319027
1885.1764769867789	1425.2606620784338
13746.143483682004	26915.09148607451
5220.001212247611	7560.064957911862
957.083232502282	894.5409407918917
9046.023531450726	12000.592137362879
1553.7638343552665	1546.5287760735825
2312.3133021819167	2074.647448374387
3451.2348368699904	4041.8836319387065
2102.1306153083333	1592.112269808482
6147.902509602291	9794.759571267046
2116.942795443578	5055.693711448084
6367.084184215001	10282.599339170723
1549.2089750032187	1411.1467780930673
7194.965397499382	14406.748168128239
1377.516470201251	3799.4171907639666
7943.9915369552955	12992.38583722831
9971.364053624948	9415.822634480584
19882.833118552953	48126.850794368496
651.9448406422279	2292.5503040482668
3773.921130991357	5548.440499507143
17568.029353693062	36609.12273187828
794.7748482062148	717.9142731339465
5424.65539665915	12297.460271792826
7057.356211219998	28752.5030489117
765.8019417662716	944.9744917647623
2447.7269141252123	15800.029050050423
15700.612187052719	20566.086566544913
10765.572493359527	25021.637847513168
2588.8602308427517	8935.96434500771
6338.105827737035	4740.710251800473
1970.1149885966577	2384.777351040661
3457.4709272189775	6814.689188864907
19675.894127703174	35988.48572855301
9563.356810254272	15987.296171109978
3104.766329461576	4664.074366620682
6125.073953460995	7865.56391175693
17821.02381383149	15576.58602224197
7367.124521364074	18310.341974464107
7708.354294121606	5442.479348120796
86.3156575095881	569.1557622451488
1489.9328619614141	1116.7283242753706
4600.263538250341	27699.666226828824
5388.001777784544	8149.087135336425
1552.9263621857253	4229.739818118606
3218.555460186348	3442.1590478516177
10198.303078729006	11689.732880624157
5922.951206352704	13544.804994365786
14429.368306774908	26910.51388452309
1837.8803391063957	740.6789238801215
2908.74523438117	7349.881771421262
19172.50977758631	29714.75796863755
8717.689635484287	17116.886265242298
1238.6596872688283	2789.412355839244
2063.414239486408	3604.49143899534
19769.542315955598	38879.01115330129
20750.567688018316	23628.569505496947
998.5853349500749	2273.343428395373
20903.181407948658	46704.1378020284
4017.158553239798	1579.4455931210598
4927.162673165568	11595.773349142062
6405.5215870987	3886.5351222532972
6628.717656863013	18974.10435132011
14195.566735612	38461.88840324942
577.5129255687481	1637.9278548570196
165.26242842074257	1284.050770832925
5586.966640369932	3447.2305189590966
1219.4485988279384	1431.6950771805764
9188.611532313385	13763.403658129504
479.54819151923914	1017.0043831492735
1419.5889775735845	542.6476538543469
845.2786817127628	790.5403861478657
4410.661231185182	5743.640953983515
78.6033501547056	623.7623475078973
1349.7217029722233	539.9448697850751
2809.147498691838	8064.633416884796
15462.527238272261	14489.39128697775
927.4538707601196	2553.909007995014
8605.914546158087	15926.893201845376
12698.519214927328	29189.115599773657
12701.4638610255	23781.420750900703
761.051578463182	3682.2643541020184
2286.0082597811975	3304.4829811191066
2300.9321352358716	7759.481421246275
6302.422045776909	12688.652838094684
2508.3650606571014	2234.49914642228
20077.711867321326	34144.09175488545
6068.439155241731	8815.402516149728
7657.9749902266485	24123.411862426914
9848.208760623129	24308.42613753857
2616.530400494879	7049.695024799778
8778.712328653832	9364.9433300158
5298.552679656644	21604.769660349666
2383.837178112434	1510.8612154101631
766.6121281698888	158.17102899099837
4798.403690236006	8440.384853238325
7639.687962074278	21541.602198853176
8220.180534307201	17387.025976022902
1275.1627731418566	7836.722782695062
3625.12181100811	3527.958994163051
1242.9233432013511	3368.0984058629183
13312.986365046192	10325.4741997846
14619.3259780786	9310.179807062012
2817.3171460341396	9789.168201159006
7369.464602658534	11062.760916991647
797.9679764609533	4132.24600368543
6209.760669564922	9405.7175064158
20610.716121447353	60022.139143210974
1788.8136240379295	1998.8543478772294
4661.951901351289	32561.705432546303
6921.5873054065105	29068.242471445894
1634.1562363776948	1251.6089157735635
1135.5724540911078	1615.451698046816
376.56714311044124	1674.1186405330222
1873.4414010235107	3095.596035239154
91.28759588577832	1915.2644922132
3626.0826995888883	3812.3399668751445
22325.867767198688	41754.456436714776
6243.879703768442	2163.6280885068345
2642.0144662967377	5285.808068118439
7000.1087920334485	11279.533868749955
5155.566646517791	6194.948430263294
15411.50291671092	32014.86011513032
597.3431235649931	1575.0782479256916
16720.559392730895	35329.828184163904
8791.077962376574	16300.327503815457
669.9792137033145	3022.5396986219016
5276.24586811502	6696.29320977374
260.1475483457832	968.6214309757694
2638.0258556373965	17761.998083158163
20392.758548338126	42698.95535465116
2732.029874047631	5330.863871451704
751.8856144069199	447.9964417958609
793.1958362632895	481.0400426766483
14964.144090660837	35141.88103168741
665.6236353266529	2641.5932378163843
2987.274457751524	8793.230373522223
5579.659598092752	12877.785137148414
6113.155278684147	13723.753498328253
10483.898497465085	9437.298077242887
5488.224400017085	4899.263084961583
1067.653286449273	1980.9235959333214
2485.5522734343103	1346.337356755181
2446.90155723525	2868.2269409886553
17142.510772805	17241.72408139822
4285.523952286251	1461.1076493681057
3909.694576946322	3890.0808509784997
14935.14420671764	19012.482870261552
1127.9176045773224	5942.716004458854
9093.83487043783	18710.80285232711
923.9323049509856	1147.0608366325137
7668.952309925353	12778.816573915297
3566.3020948225408	11241.392572440283
50680.56040709131	137131.68409383667
1480.0100137632837	804.8499416803066
10695.221105819865	12684.434223168939
956.6313909820492	1211.2424501114915
835.6833511295674	1088.609283522467
10085.714036240794	9450.243066032011
696.3241019283539	2822.2276183250096
11427.39224976466	22685.226958973286
10880.069217157208	25362.153290247614
