817.5371900431419
822.9755901163181
813.5478292559087
831.0169699614037
844.7196854297448
815.3835955548077
852.1791522618257
979.2265551934065
818.1218762393529
885.454628154052
832.9926237884407
827.8063839560555
824.2451889925334
873.1702338256898
829.9323920256162
882.642515337192
842.4247150881852
822.9363386436609
850.3749634810216
865.7688670543802
821.4154699988278
964.0676274060071
842.1152741915595
869.8185805269741
882.9978777582621
822.3097905180653
838.3504937805103
892.2421257988253
825.616019436515
832.7086362092816
859.8096666401765
836.4233428856489
821.7624248056319
837.2543986100243
837.1842532750076
855.1109593484057
836.150026119481
833.1197008906257
848.5919081948781
858.4450558408274
828.1820341381331
813.7476140896161
870.6223922882266
921.6073618577441
839.0919297435432
852.5659916624666
827.8738152469188
879.9486453145086
821.7261392482836
906.2420055956023
818.8202034243719
902.6527692656645
850.4281686657788
826.7874047318061
884.0569622651594
942.097668924598
855.8195328285127
887.628690267986
844.7856656721557
866.1875782374739
927.8202988713421
834.3200024981664
906.4856744720589
846.02642849824
823.6829742158485
829.2876578231626
814.8731579596159
838.8755904740682
903.2753897322925
842.7536870697746
842.1887366004266
813.0631981055353
831.6908456614365
813.5347093539982
849.9547942085146
852.9243440428221
879.4594091234053
853.4747147381379
879.0253139097312
893.0098654628747
859.9321377143066
837.1714684982926
928.2833973719622
829.6717437672561
838.8193096166243
860.0409692452456
841.2676636214867
809.9040977742786
866.628768850881
819.0288599425643
852.800607130255
831.3377017335432
865.2032463324804
828.5561090928737
828.9365888586586
835.6018400100843
844.8622292357343
832.4547292523616
827.1753864595746
842.99788260376
866.8681500992234
823.9282651039599
928.0742493198238
907.2496556271304
869.1194385920169
838.6408840697463
873.2924443184475
833.776733992676
824.4502655566315
871.3717357346422
805.5675871495778
842.8709109437216
842.3257736031654
822.1402172365079
826.0800376277356
875.3685425870193
835.7062854550767
905.709698899336
909.878426136871
980.5754082717987
838.8215060681064
904.304037714539
873.8822923996778
876.3657485763072
902.9042560356986
831.3163711261705
909.0611132053289
815.8089518015511
867.6481159044747
822.8968193044434
871.0161544484265
885.9446068148749
847.3916134025347
830.482469845357
895.5912243919394
852.0688433153418
817.9620687869874
823.8050922977203
836.0019722934053
976.6478977488865
843.6531361062656
884.1274620643277
825.019191236787
835.5434694878464
894.1378932428966
841.2390140166677
894.9543611619026
909.671563540385
829.313158456178
933.6097716726365
818.2977852090535
885.3446534118193
959.2817515593339
825.6136930562891
845.9774603982702
872.2565549748933
847.2894886415562
878.0340919954731
870.3995475840603
819.64983996596
834.586339770006
829.307736888501
836.2734107575579
851.6942306479988
838.5833982325738
867.5939577074308
856.9747476054583
819.2986913896463
863.2256363013299
879.6095825879094
824.7365993280689
842.0054274227977
866.0130783646824
889.168425921127
827.6063519796672
865.3191132959748
889.002216965914
882.2837498737397
811.9412098035502
862.249943024543
866.758389111974
840.2439362694395
948.9764041023506
863.9708132970887
854.9451253283777
860.2688429136042
813.2640822737064
852.4576495273227
846.5861033446901
899.9132166967527
857.5164437627461
825.9179599057852
832.823212893862
868.6114531385018
852.9524242266349
909.5418561304871
817.3014283967668
846.5790672170267
828.3033439228689
867.0222401825587
831.2332061585267
805.6952760196573
879.9063486189897
879.4959086692488
817.8675396281648
934.7603579811777
842.9708328513578
856.8594026475355
816.6049611889556
841.1739011964714
813.7521245635288
811.4329046880224
815.8342940392814
830.2292125819101
820.7991846577036
849.9704261515312
825.3592564080361
828.4832002671183
1007.669772198582
838.4306060494024
805.4910833391767
929.7916407171015
806.8324644911909
833.6990498939278
832.7864581084378
853.2208379096174
925.7440054350749
849.5016137497927
856.4747004258343
855.2796183322196
862.0759591632957
872.6049900190549
856.4844251904202
845.0305782670924
835.0577185043061
881.0962110738739
835.2796891355484
921.4345343604731
892.3534390859389
938.1561582621908
809.0390545435256
901.5497505474657
877.9405003419762
851.8781095233624
880.9194832629493
858.280668358687
853.9599263946735
886.2440893567262
810.0497536717075
810.2150658766308
917.5499125202846
866.1501823265037
840.7950763367411
840.3835402747459
889.7673849919511
846.7686208539213
818.8910282429545
870.5756573639438
821.6254250334691
873.0597829271975
877.8470365967928
839.7982622669132
831.3545150580034
841.2381520381477
904.8762383835549
831.9544875445292
875.1178237643172
953.3204702592396
813.9998746767717
817.3893078071427
848.8900958845697
935.5908422012914
832.8689467049888
853.1366506551453
834.2218731594005
823.1085258174497
830.0523339148751
824.1167210744842
861.5786562517794
809.0370262286915
910.4646701598336
829.4436579205505
860.4206117598862
864.2882887840952
871.4907239328313
964.7808328599526
854.4808547768562
893.99334035234
847.8646109584893
878.2415900031103
851.8090676424813
832.2896176965218
807.5622105949057
837.8458943086225
836.1905507940353
827.0971311389987
850.3917725300518
865.6220480355155
857.612501771953
862.812532190006
860.4032625157294
892.3002034886872
920.4922616405049
917.4822081635108
831.0242765484984
863.4885580931625
832.2601932566679
843.5454145572122
849.1802861397512
852.5905799128591
822.382838411973
817.5978473044802
849.49969835537
838.8159745086344
813.8917610484909
832.9394679633023
813.0591102015245
841.9613598602689
839.9380935624724
887.9955396159477
822.1498275568495
815.4175967141115
861.4407241803619
894.3945275725744
838.5640317429991
847.6475028028873
848.51659132309
848.0247616614234
815.8289606410024
835.4906269583879
862.1547314783058
812.6243542530246
816.1436877750148
945.7586475925275
828.4157875455601
873.4903701936205
854.3907854820062
829.7359203307875
835.3485045640787
827.8925734830665
846.3165449586276
885.5816717002128
824.2290526913678
827.6740696295832
816.6419696476921
870.5300869377662
804.0214736508309
867.3370274719656
865.7578290820232
844.8138228388531
902.7209260187199
838.4530124032036
845.1994533457301
854.4856088700475
855.4805885478918
930.7165685772695
936.0787041916734
817.0524074320882
850.4458982288805
851.2356331522902
818.6111862695726
839.243573104856
839.3032095391052
832.39249350886
857.2698671866782
849.4178349937766
858.3954438751938
857.9479840588604
868.9803397942092
834.8718649078024
864.57080251309
914.7076885523205
891.5193112545646
843.0705448962874
879.0239259072264
968.2807189772235
843.7768142178917
855.9103730876593
806.7564086991006
815.097207156987
836.066765574668
889.253698752984
824.5098415802967
838.1108764737854
852.1538298815277
911.995894898861
842.9691890806187
830.3836865020875
818.3824185800639
892.7019377081748
937.6139418930902
813.6140476421327
842.4376546912374
856.8812715646951
832.9357899863014
836.8878619718452
830.9680336617072
849.3956938423617
835.1012709378668
877.1728692382065
868.8711419812169
859.6347049460084
812.3769085367564
802.5945972706663
882.1011018577024
816.5553646933529
837.1504173921003
830.9286222215744
819.5998008939644
819.1516480113141
836.3433128504071
808.0874784314876
829.8901013139139
872.8885244103475
846.2296420300484
814.4045079324866
852.1410900931735
904.9045644033309
914.7882573927652
821.8906247115912
834.480181753499
859.7991713542717
904.4979784508757
842.7644554169945
901.0972393976178
866.3181165976539
875.3476216156305
852.2495476520666
873.9513019887738
850.5886484082783
854.428849818095
816.4403969423519
833.3428101793024
868.9150087563283
884.0046741140148
935.4216989362731
821.992467604092
854.2244872854652
834.9044921590088
820.3733891800547
967.1184217880098
833.4261895785485
864.1565161206128
821.8340819477904
865.8893707921952
899.8388214986563
825.4218321073984
897.6912485916512
908.8163543835486
827.7089119416139
828.9996308458838
820.9232026109554
849.0957781829953
816.3954179583134
836.1527779195089
903.8238332750412
821.2177494707822
823.507604535737
838.3811708040097
887.0305206849795
892.2781280427282
822.5138654570527
918.8617966798174
910.1686008396658
833.9604590922936
860.8729589657127
820.8786009579238
862.1017685584458
895.3233171976486
888.1197850079539
809.7744692199949
810.0553093055438
823.7566545648442
824.6418465073306
820.9228611240693
836.196877285957
823.6428784613125
884.4672704077768
892.5665015167777
851.5560506288798
837.6998666146001
853.8309923991202
988.5607911535128
851.9250459450778
855.6788949730127
852.6530264209421
820.9114928199479
850.9831704446075
823.3711046231218
894.2699836855596
841.8576942840057
908.7583952022125
806.3989857878643
921.5362203343702
834.0450218637302
825.8599044448753
862.7866746805587
821.3944286242934
878.9615665021842
842.2949926655028
