217870.83547615728	293234.42755828425
217470.91157929107	270279.44018042594
225044.65547300363	276252.3381770032
210051.24981968963	295868.95318317134
208440.8249432788	270181.8858722224
218712.92292563143	286276.58438118664
211292.09851442155	291590.4397000099
215823.7901677763	298873.96037150855
219945.4340058813	276456.0996535887
226678.84942484862	281673.65303424693
215851.67205964364	294449.47436658596
216850.56622125232	277775.7344027121
216543.18456833248	283958.16346011043
237869.42090136418	289221.9874402474
217172.10246502186	287596.01152161136
210998.2510919085	284692.0923184745
223802.1043289434	286538.116192095
211560.49302313602	275740.8834329043
220576.1541199775	253916.93733407735
220397.9916878508	293135.7567120312
220025.15026183624	280318.3509805563
228787.0413078323	309797.51174492156
219156.04359376355	288915.7396407255
229555.2920045311	275085.05190943397
220661.88597946832	299917.5904719301
208784.54355443956	279611.38291594514
224465.25736818436	300005.0523611547
226116.0561701581	279214.63562928577
217915.0262062866	275024.80879261874
228326.23785256193	267885.3524340033
221610.2850602353	276137.4388930669
232827.04923953617	283432.79159171367
215034.17869799235	286318.2613876766
239774.3673341844	267533.37766170304
221553.3431121314	318103.6832438186
207268.5659323504	291520.0227380425
222954.35051238636	279188.05966198153
231803.86606892996	274135.76353016915
226045.4949842951	295985.6828418102
225866.34956891363	271195.76643573196
226244.79522777227	278887.803990546
225229.59922646394	300337.74439281685
225951.76204927685	270630.2718916872
218019.15856437304	266777.9063928238
211057.6646261669	286830.9893293533
231372.51299219494	285549.8342969086
218006.80644123023	284860.3139162752
217373.22774630703	282766.5463621192
222710.30541788368	290857.535517348
227695.6709119833	280761.98346310016
211803.17635357432	280483.5954574436
226019.6976987349	301053.58555999334
230600.27439433045	314569.9330912304
219996.23350498776	276042.63679992186
215005.6316406436	268051.5354265308
213539.24745702502	271322.61134460033
220907.45697874302	293284.36864932877
227746.05249741385	299654.6768649126
221410.1448836922	280454.68098411313
226084.10800695454	274790.1044626053
221631.13974210387	278433.87930507003
227204.4503645869	280608.9767430818
227970.76866545764	281410.996175679
218539.47673934628	269262.3482045993
218757.61545325653	284461.0465868439
220274.78689090745	293254.998270559
218926.0425882666	288705.56131571037
209610.16257060287	281117.5790508608
219247.2077210055	290883.8592330111
211720.93577589796	288970.1751434284
215231.55969080672	291586.94309781987
214853.7023876151	280553.1394139879
210587.3895422665	282965.9295097175
218644.14968089716	295984.4686826146
226157.9932675779	294034.648177802
220638.59099872038	305324.70542371925
215235.49535200026	264897.6037215514
229218.8028520553	274419.59016182745
229325.4974227763	303725.3947697549
211187.52846414488	277364.15612573025
220148.6041434209	302637.66788426216
230716.88121769458	295156.40622413915
229666.84409918636	294982.7713402304
221134.66664901655	277291.76620600413
234597.07530656795	268243.4763784186
215635.06122874183	281336.76604614366
218733.86665742873	269948.9409791243
215089.107915322	286123.4275986579
226513.0754456027	296822.86816134973
220919.85041343066	285374.10114215343
235328.11031156278	287430.151228938
222783.60411703796	290130.22526326857
221698.83929817646	312921.77380617923
215817.4511528192	288052.3490728507
219026.03602978037	286357.4204590831
228430.57526029163	285320.46655752964
207417.07319296175	293236.60546990216
219583.39626558707	281237.3583925284
218775.41190377035	278707.91488086176
215520.11328304873	292752.4996813963
216651.60889338425	269439.897496246
210701.61549541543	296062.00439754105
223671.7776556986	276462.7263002934
224174.76010891946	306372.4963646939
219305.8177445726	283420.24127943505
219973.61585964417	282529.53725842806
219740.80150230756	284960.14190350776
229840.8217517868	282480.1166488103
225962.63302249525	287365.12855289027
219923.08101058067	263325.889961962
217743.49473772658	272647.56132408563
218573.45582140813	286974.3612182146
216513.93770058735	271868.30193219974
223025.1087320947	282054.84934500256
225565.5226607885	264985.1038430332
223186.32290688314	256087.04587596038
227903.41619014475	289853.0388707248
223272.58284026405	280037.6951950033
223007.26726965647	282083.8303399298
217928.47141700136	312104.84133738966
222084.19752299652	278216.5546623176
225059.8499251329	286076.1404669802
223468.04241953592	275107.9168641781
225437.48733871034	282070.8067457789
224548.6303465329	270864.2465741062
206554.37826149247	293164.0580765702
226565.52012351312	289514.3739803264
232615.0542819149	291427.52914309845
216862.92879560837	279451.3666253797
224431.5528414163	293751.14711114386
232443.221555286	290403.0332878442
229887.96525608405	283448.20600314223
219419.0584624082	299377.8811198482
218815.2251698739	260349.8873772616
234918.0196383692	294975.79257476097
225762.65135397867	270070.92658306553
237180.526307247	302698.99245819595
214602.55544011222	283136.5431778398
217809.3645044422	277692.4326505568
224537.07902942316	272444.9877638307
228871.4659036994	289483.6685561474
231957.7592045589	304364.62306622654
225295.37694916647	283667.6947011764
222502.11980609433	287283.54829319386
227421.03158992983	286545.23394644656
226107.15039029403	294517.1507937921
231701.63964274907	298988.8629165879
217856.47647987463	276013.4768918622
223831.70473103822	266866.0505681025
218006.64739205153	285699.5806666872
229433.75344417198	283266.9293318593
223169.18573365727	280190.51704128855
225542.5154411405	290407.57809185283
221866.21525791928	288697.2599066778
222863.57470702322	261008.47116272783
218492.21435972975	284171.7184441149
222765.56702976505	290429.1220505155
229651.0373072134	306872.8115021627
224244.3584453003	284396.5279085647
210924.16872019664	283213.91673278046
222842.61097916996	290051.7906938852
217201.01675985844	281292.8490985214
220922.14504635683	276712.62500734377
223402.27897496242	283506.8470162557
221140.5744481521	298603.69828477135
224714.7965486815	284644.9779306058
207171.81440857326	308752.2545706876
229834.0266893821	279283.65881856676
225307.65187868997	286894.10151701793
219120.2953589906	305291.7080139109
217393.19591455723	270345.9226791879
224679.58596202906	294944.07882683486
219377.7922609298	297548.2354015964
231776.76143030083	287695.3926337186
225001.92292795744	298023.0996992568
221853.09429718263	297492.74904371286
228043.78346656667	275734.14226105437
218386.4233604296	270362.00973727
221046.63671471368	302804.8014122358
219066.68004371013	281486.8964005649
218655.89592572954	279032.68486583896
220578.2729603367	251641.6687233114
215574.23976967885	291250.18187108694
219074.6166322034	307115.7012928862
224324.21238084606	271734.81039140065
215396.30444607185	273403.0200162096
225658.04989884404	287415.5659407974
224028.36432089994	284672.50266941846
213280.6208615399	296607.95409432205
234898.4591505236	310884.6875238427
222391.42751827184	265069.4181904103
222927.40686945827	304025.9366826826
219194.9585980851	298287.4702985483
221527.95067655705	291920.37166989193
216334.44520539476	288155.3589554763
220769.88556066292	279744.6051508078
216136.68311990058	280884.5779212892
221946.68483695952	286230.75063622056
224372.01190512924	290084.23003971844
219906.5796721198	291479.58967102924
219341.43346833915	290295.330092157
218308.37178564313	271437.8029838634
229741.51237652093	287125.59641008993
221395.97146029372	288358.70618075057
205525.81080568518	275824.44566342287
236066.69382168766	272688.4884178208
211735.23993726357	270887.13769142533
229429.64831070742	288119.8843377246
218602.1116282062	290654.5172239895
218968.71517665745	288213.03167920746
221691.23386216292	290750.42154066055
209238.99342619965	254867.9026500651
234488.1529065889	267512.4055344923
219330.83687685637	275464.8560800911
229789.0507663797	263980.8769584149
217066.79153047703	288034.81937853247
213145.34554474783	290050.5005797496
230802.02991379699	287869.47881161247
215250.7475384436	286486.4791362881
221085.3901843489	269202.8915107784
217729.1246560216	267542.7028757437
222384.0529513264	300421.67494307994
221582.31077472167	278111.55392592377
220673.35494786932	279983.57520268427
217650.6946795018	285169.22805502155
228718.46045049804	294835.15035901516
224863.75354768036	283627.18719101325
216983.2228470742	280207.4877747992
219572.2843321996	299596.7086394022
232733.94284439526	289336.14804761787
222580.62094701995	292516.63284176367
230137.98673991062	276033.21326513105
226558.41144330872	261171.77547602815
235005.0263724091	264491.2210686977
220204.2670968175	297772.05141938734
218129.74345467472	270026.51627059723
214105.8152614473	282203.336082482
233274.95895291003	292030.8631127647
228565.95478704083	266133.08859618637
218088.48159479126	271548.35364911973
236097.37949955167	299083.39766917285
224441.69527934838	300330.996431155
230373.0858556403	279304.39383078046
211327.41414817792	291621.61421549914
223155.1334725175	272823.7409538322
221302.01328260323	284371.7617749051
225685.80146487014	295353.39968485053
228176.50966042618	288245.5205035949
208362.8447341693	285545.6184627182
211492.14041371344	282903.793953234
220280.09736215853	273365.2949286044
221535.57154187743	260773.5108864353
230188.02022026188	301664.39941819187
226924.49232455227	305962.2277520998
226099.61429018714	284261.29524256696
229177.50899593421	276721.47911523544
216479.38000412888	273474.69154454017
220084.77094104898	274748.5716853566
225956.47148124618	281420.9796088726
222658.93204186985	283791.71720336354
221267.92758755217	304943.52294997213
224386.72030915495	284819.55510416935
217539.7848756843	277536.69274450245
214413.38824249525	285614.3023286272
218501.39451162436	294575.016851717
224477.563184021	279556.6838999956
217628.97723370322	293089.04119032295
220910.144435804	282270.24808048265
213854.30808103463	291917.5985729007
219465.53627248039	300473.6909278422
223128.66792931518	257580.11746913783
221520.4519671564	307194.6949662422
225365.63858309714	277579.2775977381
233350.2205419286	296692.8251612596
226621.7903715003	284518.63708647486
230772.81520110206	291862.933153463
221858.40532610257	294888.5008238742
222083.9460465577	284135.9309736665
221205.01469040004	276731.65456736763
219407.20999199137	283810.5118631022
223898.8881853616	308585.0187845191
219864.8894814821	274608.14569482364
209873.39606770925	281098.8909651034
224569.07889571763	304370.04797860555
212515.2615713874	277587.5074076984
232677.94289467056	279829.91315105924
235428.43194870854	306147.16339927993
212035.52307683253	290573.21109950374
221579.52930870716	284628.20130685065
236527.6136232972	281369.5253883143
220739.81678224006	268778.1615961715
219025.20228730672	279639.49940229417
217024.8782748158	267324.03701106185
220702.6053201397	281698.70875469607
222610.36206412275	293318.8262106801
213510.9089834023	279142.17389532115
225635.66809077465	262796.298228356
210762.82975082647	264677.48278405145
222032.18713645096	291187.5018498977
227233.43043030926	271688.6172732868
219356.00092626153	279300.16763137537
220348.57541531324	265125.68612057826
219626.82934419328	296142.8958617643
225690.10368496616	294045.3179797279
222296.38555383513	283952.0561529562
218192.9213577052	288770.35349879396
216417.23686366944	287598.6240359183
231056.9467101065	279156.3070461015
235799.1893983747	286370.6104194508
223843.06570713938	291085.61558512296
222781.4382903789	283591.51176851854
228728.38664244	282192.6012087722
223387.21278632898	282103.8761977088
224621.97486030182	273341.17517121666
220329.86611065138	298146.96783709904
218959.1850094889	284209.19533521705
213335.77219387176	274582.84974651167
215187.18815424776	280381.4376173635
215662.31152369367	290362.9063537676
219199.79053852678	285498.040092829
215179.26771199293	302416.515008893
223275.43116405327	270917.45261629875
219771.6166529626	313812.453206077
205736.84568783068	275011.68163418415
223355.67534652032	275557.0731549762
210981.6889564034	294326.5465156665
218050.80734845044	274958.99192444637
222976.1789047796	259377.48393740767
224270.23644290303	290108.54523100867
224385.9162193151	297117.841311077
221688.31404939928	326011.50792160584
222306.27588603654	278504.9326929906
215743.08692515834	261628.36525040385
219511.25970111927	288987.9610754093
220202.20592422422	272845.58128241147
223603.68468682462	283926.77215096663
216372.4088044381	291739.9347187894
225660.40734492702	275147.2761011838
213463.57949228282	271484.9793151461
217718.17561544548	289938.1901609021
215309.91652200167	272717.2803974023
220594.32727899955	280448.0597835285
216414.77387650416	299654.7197122119
215422.11018465518	286206.81399602996
210477.2539201334	298130.50944008614
217052.55506185754	295787.14696046524
213030.0621741541	294548.8909903139
216616.67490147005	271475.5430473637
227651.19344641536	283670.9903565266
217017.54393504464	294791.002073225
217800.5445121574	281748.764985944
211721.92226972093	274710.0613838671
221827.26247585024	279449.4892514831
229084.7364938759	288909.9529287488
216977.53082118134	290069.4698337654
230043.1844435687	266373.46511400724
220116.30753723154	268398.46067853866
228739.26195667958	282263.3300579512
233494.79394448895	278151.4573903472
218572.29287996475	270664.7417114483
230281.78402477308	274134.5637369944
220324.57913362802	278165.80884789675
207215.92637811246	308026.3855831191
228966.8646032837	307844.42892946105
220618.68154817674	295997.626885505
227297.28226244068	268333.653062622
220759.3709303299	274644.0981545813
223365.1929704416	279448.1197687544
221708.87867469696	287056.2771347104
218264.7679368921	284385.1660894552
221990.95505275007	264571.98794944526
226767.50502446678	291932.16325523244
223946.82902416418	279675.03518306476
234439.8873498366	289893.22667519195
218742.1543736237	270221.0048964626
219994.63091380283	296653.7403823742
226137.53623112565	282090.8915702952
227494.5289089604	276369.26534364384
220922.05198072526	280996.1497782925
213959.442035997	282782.7929427492
226838.32196099186	270956.35099824436
225265.64855243033	291089.9417955764
219268.4898086564	260070.28135288425
216428.09841673874	282196.37978926254
228693.46098712547	280523.3003977672
231915.31449437683	273282.4318024851
218461.69881668262	275474.88843238505
224999.4072222281	258655.43316836105
236580.35591845826	276686.99380230263
215284.2131138157	286136.2745407659
215583.98126234885	303185.5713260606
223802.24403858968	266979.7065103404
218735.52168165828	283312.3142865228
208986.31813352255	263151.0388384123
217745.23897680853	290124.5323927409
211156.04672005272	291753.474812156
219223.5614744274	283012.91012721224
221270.15710580588	280710.3121513321
232606.18817403817	279999.88114739256
217652.81318386988	269559.55245752743
221608.893839189	306848.56802004896
227622.01614340156	291195.5954043501
208126.60026610142	278317.76954472065
217473.3809616026	268538.03788948874
217160.4293072098	312586.9339538724
214085.6533594899	270614.61374012555
227855.54926760495	268898.90031189466
223826.3505874836	291878.193936761
218899.58660546422	267922.89930644236
223942.16407788033	289221.6374608431
216410.71973695507	293413.2207500537
225146.79865271208	284418.70872665127
212931.56321934823	279821.85697793076
241020.64450719563	298623.06780779106
231976.51716835157	281380.80477236246
229854.59500769267	294633.73727566865
224770.26139727898	281056.43799166376
228567.0087677354	270087.8656105893
230489.3718527543	288346.39275443583
214221.75360422817	289030.7974423278
217574.8541441697	290929.2430637055
220648.86353926372	277535.8433107992
234515.52671148023	285959.09244119853
224077.4655694848	269067.4205846107
213174.11536255834	261248.7537128283
229204.42647445863	281720.3050433686
221180.4298729547	283685.95729757275
233035.815696004	292428.136331841
217838.14613593265	287269.8783348321
221426.48096635882	303786.98362483253
218425.10472826633	301040.2020344786
226439.44446399386	271693.06023276557
219242.05089882776	275546.294052219
225080.47466065845	287229.4921168837
215572.6243703771	279489.3800757496
223485.07363251736	287993.2123023407
224066.90029970952	291025.0111463353
226152.666082858	271770.14484068484
221978.79924102925	281363.52712348325
207531.10325362338	278690.33988547587
223032.78140254162	295660.6111779796
239021.03551486117	293339.25636137085
216846.45130812685	290913.39662984526
216904.70207505312	268249.65996736276
218045.1694003963	273425.3476947952
223662.09199858824	281442.51095476176
216105.42813961924	287002.5814584908
225666.66507142625	301022.20243881847
216348.11427456053	307257.27287684096
223795.31201839354	273084.6531086563
234183.18091975077	293977.39475238975
219440.63254654198	295068.5420958343
218503.16811223753	264383.9000360727
222082.76538684726	292091.1967281713
219359.26378071468	289274.53283529286
223518.3532642626	285114.72506146977
227782.6039663837	284689.82963496214
219457.80510177123	268502.7378913439
219236.8233570851	308553.11153818865
219316.22728505844	271824.3302446955
213697.69827363756	275181.22895786975
212604.69261846453	281092.95846769953
231512.47372602	289735.54757998954
232778.73100002017	301993.9206248614
219217.42194075187	292719.970469311
232317.5091374303	309386.157409277
222668.9282490375	276846.57692268904
230922.96533085278	286113.08211736317
219973.88499719714	286818.50485864584
223526.60286426108	264273.3373300674
213271.12550137093	278693.1827615941
226902.32558002678	280340.61455553735
223819.7311253365	299330.583367293
226684.50993634574	309367.467932799
210272.29625105497	296204.852672912
214419.30694519304	298098.9709731161
220361.519278471	275317.5066222452
235760.93553720918	251726.63252933772
224410.37989409335	298034.47643382207
218908.86863389495	277117.60825898976
228864.947224174	276392.1103023072
224860.33467769925	312790.8602723687
225118.36351077206	278973.9354790789
225140.98618346752	276035.4308557098
214394.6062587706	292787.2038608697
212505.42575404787	271445.65862651746
216990.28931167282	294382.2366948288
224062.65851678647	292945.69779700815
228713.1104975468	277981.5880647442
225333.98961145946	289035.15796877973
219790.25527125213	284750.02015128155
223043.9893213511	280187.72146885446
236249.9962465954	276412.0591546936
228267.59540101764	283957.700259906
221335.8122871737	293854.8399480504
225166.8364827647	282414.92234667036
225394.97599639086	308079.5831895855
232476.0177943773	280448.61295595637
223672.08661017715	296056.52751651575
222234.12520014297	277162.665649257
