310772.7793407675	389552.86387463124
300498.6007708112	382353.26092340203
306041.67663045495	383932.44590593176
305857.175726169	386614.1270096225
292365.92108775873	389625.1565554436
299384.78960241296	388768.55990501493
299353.7168343323	404647.5009087401
301251.524918547	412721.14202231925
303514.5678779376	385717.8672488715
308808.4547147915	406211.7910129057
294783.7665748484	398759.8984685071
311417.4915409959	391248.26310287905
305699.05107012636	368066.78072885657
315725.8471559721	401760.16050865315
295677.4235032228	390332.24365334545
304032.4657702418	378624.6969458101
301235.9748073367	394667.20340552833
301197.1815846345	391680.7629010297
309113.4033226501	376880.84404534823
300843.59336443996	399085.2313979383
293097.95608166885	385087.17804204073
309030.7691417467	404476.804603143
309550.4367760616	409132.18346881843
312839.90861548216	369635.59000739065
304312.18017880415	416714.0344607227
300768.37485872745	388848.1465732232
301994.44816138106	402176.667614228
314444.1904452178	409644.4815682123
306585.3834633209	384547.05366935127
304760.20672783034	382646.8894618516
288572.71804828243	366774.0674881389
304570.04803464905	373871.3681037581
291495.29518413916	395143.42535523383
308256.15794017323	371381.19516091334
300190.84759635606	394146.9265339901
297462.036478298	394594.28478732076
304265.3623928973	396771.897079987
311571.5643415463	391277.2086467434
306520.33113882376	396327.055441143
311126.8387289365	371561.30315320916
313197.84082466405	398407.30265205516
302460.67614739906	394720.0770952832
314311.64449945674	407316.2816659913
300453.7479825071	397174.63774073083
300444.1578247956	400047.5830562356
308422.85834943235	397997.5700919781
294744.06654735253	392321.4682544508
292566.3244400502	381991.31098430726
319356.59140618646	399452.03311394126
315908.9157952932	392028.23884239804
287247.99774239765	392440.6852414906
309853.8721999468	397417.2965878219
305822.8323540014	414195.730393048
312050.0946724495	389234.4744710985
299150.0849867461	389951.82124394
304295.90592266177	382266.3652436605
287525.74303606106	395805.6431633297
315486.8643390713	397537.81395173207
306958.3039971674	378968.7630607001
299616.91217048053	386909.7931524562
303480.0312166732	379399.3732918429
296308.3266616304	390671.8352644026
312289.2173214797	377922.759769569
297392.2381190135	389481.33142577065
303205.5067425409	396593.3126030197
298768.0774841394	404328.1810232722
310517.3000336481	377304.69642110064
294341.20496730943	389603.72591973795
292598.39000976726	390048.62546415685
295013.2396795722	375439.0433497856
308075.22174545313	407347.81130960904
300081.00335374	401248.2679220424
291443.85200054117	384317.5452629373
309055.52513727103	384547.4668168878
305580.75399584457	402860.4380512096
305878.9931538572	406000.4791546195
297184.37692119344	375278.3330493963
316846.1531401238	393971.0940221343
301311.136340628	412678.62025858916
301047.5854141623	377652.0910861591
301064.8549182658	407453.08843382675
309431.9641306422	387478.5402384468
304575.17353375664	405210.68178400025
298136.56997660437	391037.65497845795
309480.3523555043	393963.91901335487
309779.7064848889	394148.6100459083
292314.8152536635	377766.85060869996
297040.16848481784	397167.8127415441
300539.8780875672	392390.2954845138
299262.8940089059	401242.9684740481
312504.8336745641	385261.71960527136
294603.2926069781	386364.45593466645
306037.1252685719	396430.8278689456
286052.2477441991	390284.5524244314
303068.921863461	388182.7865176004
306367.15790690656	403759.23179651133
292495.7663483422	392648.0453066284
310521.47730960906	389542.9551598287
296968.22509315197	401516.96815313434
303831.7235376742	398820.2155851014
312623.29036101256	383458.1335180562
292664.75899896526	396525.5476683759
305453.1685964045	384071.495422577
298076.48456348677	406135.8282565805
297548.96777629515	378912.28812685446
309624.78825737827	402409.7573865523
302868.4907773221	375662.4020381147
311276.79329358175	395578.7478251955
311827.3602198758	386448.9426843609
301312.02263853874	378453.81848106993
298829.6555595633	362938.22707678145
298506.1761137266	403923.70482859784
299785.7568013378	369368.31307998823
302293.67199485394	393622.1044454838
311085.50995431433	386217.96100599616
303892.07897644147	384542.3393672889
298920.2957397285	377972.38095900783
304847.71660997573	378620.1286833812
311274.98556641274	400833.86745152203
294674.90595118346	414541.21323771524
307988.2352210621	400603.7676115896
303847.691411605	386747.6543658371
304501.26448974374	375419.5145293768
306213.02616718475	390664.50019064464
308937.59700805636	375164.25251162547
297727.05635205423	393530.95212287805
309360.13366952137	398331.061916324
310991.3652246275	393535.6282217315
314842.53768772184	391404.9080700363
309432.2458343998	380722.39831332816
316753.5213706402	396958.8779260284
304381.73997697607	393792.96376357734
309552.17047701514	407616.319415273
304707.10348977917	368426.62611891347
306509.4655865402	391735.3924658412
308117.6543633931	385943.1875495724
316037.59162982914	414576.4745099763
296872.0782347106	387449.44850347145
302697.4065171465	396477.1745057675
293557.02174399	375389.37907322636
306469.97933129885	371516.51036660833
305480.48134724353	398717.81932685967
298926.86141395464	393170.1466990127
313952.8173256051	400938.34571555024
304781.1799745539	386225.10309112706
308854.06061087747	394672.58408359525
309155.94639867643	414317.742992705
300624.4549575522	400187.71644671337
302312.03727015445	368663.494736415
302281.01397284656	391920.78268307407
303072.31443872314	381455.00003096764
301886.71363990504	385951.422585454
315548.5673949639	403632.9898412541
307293.08198161394	385826.8791707807
307615.9545215056	367675.0078466511
303788.3860821073	387602.7865912269
299399.5047234995	390389.2843228983
302460.96119668125	402657.5910781562
311898.665052603	406410.3644086989
293832.20055712236	392500.7872791642
302426.0348613589	397346.39680134575
302878.76963087387	396005.7770369144
301487.28586664575	381838.08919147117
299791.23413265817	384158.62947700464
311601.09627782134	399394.3429731199
306106.05277607625	396305.4163093471
285695.42174067674	398701.1092076362
302896.5291914522	385669.0741851616
296149.5195086017	410339.3579328714
301193.37599274033	396530.2489787874
303394.604286851	372333.41011004057
301731.66525107704	393775.4418775809
304957.40112938266	389049.9511365411
301786.191779056	396338.1165646672
308877.85083823756	407191.361701878
305574.38969292864	386397.3241676151
298866.4703027359	373891.1626915707
303899.4774684763	390185.48406731064
292115.97539676295	397335.497149932
304112.6437847866	376675.8224666317
295086.3601005426	368944.2500076356
302183.1455674408	345422.8315837623
297222.2733379199	390393.47118645767
303736.749922449	392317.872826279
307367.7375125738	377978.02251591475
304145.17938864406	399814.82414611394
305812.02644320135	372150.3319407307
307944.6633686692	394655.01410006545
300474.686502599	387838.7615438035
318556.06575376505	402323.7010283711
313818.97723591025	377228.5232798127
305919.1014283863	406321.21865012083
308866.4039916296	389203.8420064419
303791.7988052276	402180.0071185147
296729.42820460536	387222.28717803524
304659.3747294691	376449.16495411604
289469.7490950974	405385.5541428682
295250.019830714	403899.70394725824
309594.20185471384	371208.86428992316
301456.6696757777	388938.4772712543
302238.0379575155	402099.34789391793
288587.39259687066	373044.8259188831
299932.3107948534	400320.241472897
302647.75019137864	402604.0045919163
301332.16660140903	376826.7864730348
317474.0808196884	387182.8325861758
299284.4456285014	371039.4994709302
308575.8438404661	394926.0499654137
309481.5613240535	421016.22409392986
300177.23496127	421196.6627540515
297074.1618239988	389080.88990485884
292622.2609836354	372074.91836538806
310284.8691023389	380160.7269754974
300993.8611694898	400141.7308231503
311220.83424953284	369587.31888036185
290491.2772360372	409698.0925595802
290702.4717255122	374058.73183928774
314222.49739736854	396351.42904261604
307111.4229461848	383666.05560243264
308946.64229195414	379124.8876033612
300865.7513027999	377905.5360390738
305880.24867306225	406573.93308709376
303507.54722041206	383909.8451393267
304207.6454829043	381549.21394272515
302329.35248436814	389975.572626727
309253.1751377045	393190.9173311426
311527.3688988316	383729.0501686299
300421.93970982265	411797.11104129493
302209.7859249171	404552.4664622642
306775.36062451114	375867.47611904994
310867.7740123437	408940.21680406464
297876.51861621416	384354.5258124004
304390.0925945754	385288.7446942525
311307.22318077774	385038.37519209296
299811.0926445464	398703.40985400765
302244.34645757335	373512.3551806358
303145.61537408945	387602.94047684944
296908.7501606613	395644.4934795573
301131.4680762156	364496.3367775413
304808.08355348144	381645.93489642546
314852.2262254392	407495.8109585396
304342.69741660974	390801.2427715441
311264.89769685233	363276.7297423757
293029.2684457615	407413.95204263745
307244.5632102872	362062.8561913391
298491.9374906754	396074.7773613275
301597.2510415205	397247.7679286347
318939.2543631778	388843.8375389356
294757.2408261865	387375.6924379648
300326.37814147945	408441.68995385943
299584.225067896	384938.5136886508
298289.8514133871	363222.71252487786
311550.08823013864	409200.17576267704
310631.9768346281	408058.3730306305
302612.76724035153	379378.71266688127
310777.26497127174	378866.75161265105
297205.7912068447	393789.8698991766
304639.0369624943	367291.1990914127
298954.4830027935	393535.58991727035
312608.95841211505	400002.20618203864
299538.8899586896	412573.29044037126
323295.7717947205	393963.71124832146
302858.39363867044	391044.208198288
304585.64401389204	412496.1251048018
299473.8760057058	404663.5645433872
302870.95626999275	393135.4203176382
305083.44438623224	384586.53631994006
309625.6132148069	400298.57364833454
299469.2982947246	399032.9296820534
300559.89998763375	401280.30076684064
307894.41273873555	382785.4890518122
299101.36020277574	376626.21030020184
302070.5628617271	368680.7338639625
309418.68451069266	403356.56417432625
310184.62488273217	394957.7691142141
310228.6169585384	386532.7225413314
301062.66403745115	408691.89172285673
297118.6589858217	394549.26259766356
299220.5148133122	409170.30363497965
298808.6994531404	385991.4931544115
298224.20653314097	409914.8324594027
306191.3203272757	368171.92613907147
290781.0470417146	378624.2030845993
307230.5880950899	403759.12809423334
298925.10240445856	380303.5752245167
315476.8414144484	402413.44127187575
295776.6411188223	386329.258303729
294970.28304032795	382145.87897069677
306886.4776301832	398063.6437782831
308848.99134205794	366986.52818299737
305186.44708359794	366793.91073482204
307967.1592791636	386922.67819722043
305841.7309575988	387996.47176340944
305384.0926267187	396278.058958489
297374.2814097847	409922.02016420837
309352.9990315651	404876.8210115223
314021.6554008636	383827.57929895486
303528.7408910538	382240.82286082103
305776.18332745705	377732.28987719544
312919.7806783167	391814.8362010591
308747.55710954237	408146.8575112547
304404.83217244706	387109.0061814977
305572.2504901795	404257.6067813987
303325.7150190868	393926.08089149185
297376.68049754004	388414.42261834716
291489.5914185053	405303.73243266344
299924.1569319448	386993.8516824682
314772.3052514813	387956.376590851
309096.5580216693	392017.39262852
306940.5536913737	389297.25367284694
302635.92411961505	401597.26009986806
319718.79288012814	379511.10623929853
308459.34029231075	387739.608641722
306887.1250777429	377361.37000311015
303673.1987703311	395398.46192437364
293363.8094295588	384744.3960030261
289762.8900960745	375990.3714472831
297465.1531791961	385111.74081090756
307404.08315867546	388288.0559141245
300606.3881040787	393537.0114750727
298444.575409096	399229.8075902024
298740.5397418116	389748.952884253
307325.34759973816	410679.87624325993
303889.9362077995	386440.5387114919
292036.93415209977	383700.1501852916
292869.1367668742	403234.1309867285
311583.7368201675	358453.66378041194
300298.03501784743	368618.61797410913
305462.66016663366	413697.60797766974
293663.292236452	392554.2331152675
306750.99358946114	426188.04071455845
298314.3201195469	375754.51725504815
300415.4743656561	372606.3821644528
298981.69791593554	406051.44644900836
308798.55819138465	395999.9169926752
299409.8888004287	405175.5730621075
301058.3606142905	390672.0546295241
304437.06451060984	362877.9138174774
304179.74368188286	379924.1848483509
299593.2830441166	400891.65799434925
293034.1272126854	374915.02487971465
301350.1905396221	391262.2463824662
302775.96686467866	397280.87097948865
307665.56985762005	390991.83060669585
293763.80722400424	391694.40679366223
306443.12409809994	399655.0704131507
290671.531272339	391896.5683107299
294892.0761900083	378565.26182973693
310265.3632640863	383815.74841579184
298816.3760092003	381934.07858117355
301555.99168075074	370013.11100855574
291900.7970518621	383543.7817477705
299171.8895793024	384783.08438570827
302596.9051939929	392318.2384906798
296837.8174774365	385422.2467320077
316409.3704399192	376114.956743095
304135.6672252493	397649.2042764363
309549.18779748236	394924.6158539388
311962.6082848426	382450.54406485264
299326.9202653418	391449.8337055823
313076.4375516436	399939.2207242076
302841.6187686231	391382.64545733004
296243.55153424933	406824.41822928615
311689.1189707237	404832.671761711
306707.44780313945	408804.76066914137
297479.1624923033	390026.7113074224
296694.4155018902	377048.80483387853
303579.26067691663	383081.78197309724
310316.2351525277	394234.2640957212
303976.3142122587	384047.17552288005
309226.76955850056	379526.1693544666
312484.6544214783	406949.99272002
313667.0907419841	405863.535892872
309018.39764308487	385079.53440373123
298422.120050856	368152.8511184492
307136.43956992007	400454.93099594756
307452.74520559516	387977.6424112788
306356.14497827063	387601.3417702709
305230.5866686987	373800.8725558239
302962.0094383427	378004.0256053981
318373.5191868859	380943.45904412447
301359.66290570947	401795.9974772638
303534.7855569896	354858.89687312406
293040.09686111717	382381.9607507228
301828.81237779884	373409.063589395
312087.54152138386	372047.80589120026
300284.64809524117	392991.47959929134
309231.3133076989	370701.86057899235
306864.26182954817	381259.9489858075
303061.4809883062	376312.4361326511
301269.0830173934	408101.7039218888
308222.12730350276	382179.0895762272
310034.56406695733	387384.92897313775
297499.18108453753	386526.2368338597
298132.7665284914	389287.05558750674
304496.4438330808	381590.19514537696
301707.0693497639	383129.523441364
302432.05276006914	399058.5105711743
310385.5956359351	379748.79624505184
301186.6829104889	392883.7658743312
304956.2457340943	392661.2674350982
310490.0368282416	380660.820479628
295074.9343908529	385506.2785397489
301344.4862903309	397854.1766574547
303847.40414400806	410255.49662291084
302414.5572326073	378409.1132500387
301535.75305011484	380091.42468422855
302155.4972619958	396959.8950753108
303949.2302212642	377416.8408216884
300217.6938613447	383994.53516359197
307750.0428365414	393696.11982750613
312787.2181050061	402968.3121297407
299989.3448713334	394953.80135383375
315792.16702981753	402209.6022931091
312627.90700948855	400938.75413135655
310563.5586497802	376358.27741663315
317431.1663621929	364281.2504346154
306036.8466089813	368351.8071390935
310518.0313515845	377841.7927093009
296066.1943037148	390812.77958093485
301756.64265405014	384744.42325607745
295817.8050096864	389783.18034153094
304564.80315604527	373981.9241528697
299535.30912644457	403138.1157818794
301019.10289036075	372608.6665618277
307988.6864828707	392115.51176122203
295805.51830049563	393591.4631295962
308564.55118176807	392572.01180401375
314307.2986915365	402807.5662744975
299466.50656330853	410450.73990265
298969.64773881936	404726.5711908246
310373.9302765408	385522.4857301931
296734.00107453065	382152.2069202771
312933.2522884171	409302.0941170126
296196.3077218899	377893.8834418695
301292.33255042677	387493.6474400218
302281.2243673083	403073.83246990526
314672.37499976705	377366.5772561267
307786.9661131851	383352.1378472991
290699.1817703943	378473.3058986728
304327.62691457383	383826.82656678197
317124.9707277613	393084.2867168233
306166.36496339296	397272.90313841635
304453.06191646477	383979.3809550827
300438.3716364749	387086.0259099645
305618.3096068829	395507.0217625543
291885.64901345933	383002.5075524838
305919.1741311059	397647.0661995501
310908.0556138748	405707.7720924075
300698.9762144057	372798.4584517153
311383.4254076187	407550.57163643395
296501.5467559418	383402.9662995846
296358.4708558413	397515.46181467664
302183.3256893408	395652.84767377644
291621.541545612	391522.05480561993
309725.42648071994	394293.8460948727
317031.7114297173	399143.4519504904
292082.310150984	365687.39350289747
312105.7674687156	408880.32198309345
296753.430802093	386342.01125373825
294080.6663735179	377066.015168673
305133.01873319724	382988.9476875701
302924.2658879622	390915.9142501989
308251.9507800325	399490.83982909576
305395.3182002478	394625.79439312965
318616.4450067497	399877.6803080406
298709.7691476827	385926.8096027202
305374.48694751214	401645.1565836418
301475.9749680284	402762.08261726866
305634.0424422197	378144.6364889982
300587.4620744153	388537.8892893318
313716.34503643075	380991.19356813666
312750.1175027392	397940.9303491792
312151.99309504556	406074.22753551323
297563.24354495807	392707.46092432877
304539.9330580577	376035.6954045567
310895.97570273315	383901.7035113344
319419.9593884965	383128.3591250633
305451.3045436264	402318.3175294357
305817.9595950001	403854.5236273451
307375.67634669115	390816.97717424313
310388.64702115767	412570.5286748274
298158.3936886946	397250.45177154994
297729.03819563275	356782.9937155509
293654.9914551396	392746.9057818281
297328.1599148542	372015.75129613205
297270.06483126886	374223.4846367182
305115.24303559284	401352.2286063526
310429.4688002368	381945.97245003906
309081.3542699993	381732.3099337819
301391.9792528992	413452.3600337561
307901.8125056677	388610.57925642084
307650.6888734262	385618.4354353474
305708.4446600395	377113.2403247464
301937.5105180357	372918.3643578568
294976.5331259084	393422.50373084174
312124.2169324341	398463.863946578
309029.36807127355	402716.09546453925
307889.482563591	382712.6328893639
292549.80269335327	377656.1462352833
