247148.1320191154	297043.68937893846
241315.92317099177	304026.95277947444
246915.4817233007	311608.0276900899
247726.5771942829	310445.8485996381
241543.01746986446	321531.29949567333
245216.09122140106	305968.1597149346
236293.06769030058	327314.0292687771
232198.11544034118	316657.5303419354
244638.13512894235	317317.3551146673
246941.3297757599	325017.1352634056
232334.47999592032	323483.29321813356
251416.68694959933	320250.73536605685
246677.22538361017	300919.63731180294
251408.68326261325	314327.139118228
233131.3711470766	316952.5508220679
249832.25491233863	299042.7735487349
241856.79170684007	325483.11976054986
251331.39614247784	333601.3439973146
249982.72808684915	300385.8926919832
230374.8741427753	316407.1307594418
236034.97712392622	310067.4470461651
249775.9140598441	307944.2446258306
253559.339546122	321764.5028141893
253389.14591930463	299595.351783691
244576.91451048682	338102.8748874331
246003.75952306486	316059.69985960063
244901.99368007432	314684.83422880585
250459.80971630913	339122.06887075223
242774.18148492332	310475.5909874487
247818.45337944245	309595.7176564003
220970.3802297871	291787.31546449626
238976.99564962808	309652.18271268916
234415.78822070986	320440.1492119273
246498.91751186826	288606.22298289667
241599.79570433014	310492.8993630805
238853.4883704543	316839.30146669026
249431.50058829205	326583.6409501281
246883.30760420815	317644.8581250979
244792.96758143947	307241.83952225203
250606.5694146278	312024.36693665147
257457.7520060125	327357.58439860505
246523.8247653305	320408.32766698237
250391.3801321295	338391.7276046744
241035.7091804987	315664.5942547341
244791.0769913452	316713.03485329566
243412.66473845064	319198.70148103416
241615.82496362494	318782.0377978075
231461.10013087228	313918.0083076928
250878.89636733336	310002.7827768521
251879.07597290858	312887.5550230093
230572.5991536623	313432.8336245745
253542.02140643768	325239.80622346886
246980.05821576476	343172.9752799495
251585.6922682178	311327.4920628984
242015.08789524515	321954.213365207
241905.16853847442	311096.89485292125
227362.27874769858	312196.3569809365
250778.10534803293	327540.32855698204
246122.48519792545	304087.64207111514
235927.07707244914	294996.7783775054
243766.1818113269	308491.966295495
238423.37977805198	313338.24025263125
248972.2209079166	309115.94733512495
238427.70167080668	313036.2711162273
248205.59155563722	324932.1937236639
243180.46853854315	332247.91507050226
249607.60397804232	307327.2686552046
239614.05231874902	307446.46981262905
231122.97324005084	307099.2951736344
234399.58654542826	295599.3979504673
252492.8723825569	333441.5224992522
249318.1640952244	320359.62959505134
238680.16563278355	309266.21956532745
250139.53866148303	302171.2238938437
239287.49046853697	325129.68747410504
249188.79122216895	330566.6127837743
236853.1921600919	310429.2347247532
245788.57528425058	319242.9836754054
236297.00081006647	329551.8381924376
245495.9333459387	310803.5107162808
240919.33491921396	336998.65111122426
249909.46397715196	299860.855443878
245907.07525088137	327984.99791940226
234164.73343607926	314318.8949566717
253536.8710869095	327369.3301205569
250128.5199996279	322682.8096020728
231152.67954574584	289676.6931272148
240296.0727948089	318933.9903832687
237926.83108598177	308028.25840978726
238969.90305213755	321442.248691422
246961.14482828806	302193.03100176365
236889.41047219635	311849.74246040394
242265.1495730385	312379.64015926205
226489.4517061743	311857.78305671696
245309.47949063714	311999.2718059277
246912.79945661838	333078.3807306549
236870.97480230144	311421.94647838
250211.09150964214	297059.9764715526
238041.46388543013	323706.2030843545
242662.53477379042	312738.5485574079
255514.97099545604	307266.162610816
240964.89336132832	316602.35436477367
243839.30697609694	305476.13915124943
234594.7698939662	328594.7890960269
237027.37569044417	298330.0486029057
248656.07406760487	322715.3133018972
242298.60141325672	306528.0728220078
249376.64834967328	311572.4482181039
253560.0313454073	312091.93385945866
243862.62605354562	303220.43149381236
249359.92176184832	290007.85238642426
238379.76882844733	328249.2369681444
240586.39804148464	307411.60630015325
246479.30396712938	318589.685828703
249226.58408483528	310665.48891848116
243186.37804867412	309375.13840639737
242910.2150455645	305970.42702819966
250216.77520563005	311910.6191214883
239275.85483226046	317170.16618699895
226159.35301357013	340994.7573661833
246561.9150158588	316868.389786902
238123.22405083824	305520.08467817784
244704.81973407717	302775.2668811601
250571.69171487592	313075.53731410485
252807.20368934903	307169.85758174915
238621.06976628088	321804.3178965574
241307.76763968496	312246.821332011
248708.3215884153	317981.07322520495
255354.10638178446	307570.78317611915
248126.65979931527	313527.53729164577
251026.04764469637	309979.9609556414
243494.43558458635	310923.7481054309
237825.99535010965	316093.44936203153
244764.41188054715	300809.47547074023
235412.3240969695	306066.7176786854
246466.55066198017	308795.1988562895
251404.13162206358	312444.5760993007
243055.05664063466	317283.7080269922
244023.6691023769	332407.49845969625
233191.1381609555	304281.87248498993
240661.09906876084	294139.9585863334
240229.51420313976	322340.95558261574
240578.20732014324	309988.0064158858
250180.50935798697	322129.9412080083
243164.35421025316	306516.0742037846
241370.51113586387	308964.97816456156
249904.32485289456	333400.62312188395
237407.7349485344	328281.5773312674
249196.13164051351	299773.5050987755
242209.03086334805	301590.21333857975
244549.36490706436	299699.2150155692
238990.86196166746	295393.1531486776
253954.74915347394	329071.9194686482
244215.6833465959	308966.1658129982
247236.4071083665	300400.7385631923
243425.36099726718	302133.63201043324
238299.97285446106	316858.5273790797
234190.43416963756	317660.036279594
250204.19765728753	324715.2484802188
241505.69919102686	322158.45350586926
247227.88588491012	304879.0553064237
241994.64468088193	309380.06504080805
246091.93449649928	313567.5572099757
237585.92164944223	305727.59702159965
251585.55717311744	321097.401698167
244547.47137548984	317446.712115831
232797.2987754715	312636.90360556147
247150.81216698655	317158.87625652266
237459.40570942062	328629.9162775077
242977.1797240966	304577.0034823109
246469.96818521136	300959.8300539469
241261.1516179987	312343.86652886646
245403.86433841678	312777.32803190453
240244.70408690174	327322.8215084635
246902.23082549794	329269.757370264
245813.98659056707	303784.69596424705
229843.9882714362	304989.8893572036
249207.7034897553	318499.505607131
234770.2784537695	315268.12958042254
240403.75102715072	296628.74566775723
237340.87796648985	292117.9756343226
240082.63576206393	277082.89274977363
239926.30857399857	300099.7848385279
245598.807257534	303472.81806361116
245558.23189124058	305571.71757567173
242337.89406724792	316770.68241376133
245986.4200736283	294265.1370054877
242798.26886160308	308413.04128003435
241831.20823213315	308495.06028889964
250644.78928575828	311262.207529924
253193.89579571626	309318.602112557
246307.2231337538	328304.1277330503
251559.12232303643	310062.5027752867
242652.2352171304	325802.7171274503
241760.7777944336	312645.6916415744
238559.08426704598	291676.4655704505
227429.44032596372	323763.0134425904
235278.5973688525	326664.07404766564
241540.8147912754	292495.6272301603
241639.3561038518	301550.8776156606
244318.6437652126	326122.365485935
230053.84845895937	301939.9036588234
243545.9979936123	334584.86738145736
241082.9367913875	322325.07862025587
240436.51245549438	314379.01669306704
248871.3080328356	313380.705463642
236521.40140702846	291561.6065618681
245232.62838713947	329274.5811161464
253144.3233781456	344498.62409852195
239097.9894318054	348658.64684304607
242321.2447335397	304360.628467903
237546.58284259212	298848.1917535241
245562.28891442344	311437.3713613951
240584.17632710518	336640.1251832702
251854.53319220117	292892.1574151958
231486.19122116175	338925.2964117285
238328.2346928339	300209.8241805915
253361.63765328762	305822.2917232743
247888.53418284212	300509.84843708936
246972.2040869252	310268.8030506169
247666.77931198265	312158.7071797871
243728.5594186391	313046.077957897
247608.49582982558	309014.767680852
246852.0360943225	316717.9519869134
237537.13352500513	311183.6687831223
245287.89256331875	301744.6900517328
245980.02768335893	299135.6929230994
236715.39846641597	335536.302813558
236309.08910838512	330023.71378756803
246212.01441001438	303266.75057022896
253953.50325612703	329650.5531049626
237403.6891759061	305487.8025794269
242967.09991516435	312667.02724750864
246985.26522448068	305891.12403968617
237034.12008596872	307341.34534392494
244626.16556417756	298099.5691284603
248677.4632925797	300892.6237450906
234120.30927309746	319985.1877541585
239864.41129437072	292218.4886288863
245064.16859187634	312569.5971660682
252866.1589230992	325904.8167710514
244443.20629236154	309375.90578287
243288.17476884322	297700.4016640051
229424.39189612388	319986.02204114205
247113.02904474433	282158.76368667634
235155.05265921506	311083.8939947084
236888.73912701278	306420.7267889003
254688.1583804566	321669.6928938957
242650.60853426534	308220.7736182379
244952.97881238064	321633.7512648228
239765.37923447212	313310.14586645353
236658.94926136162	295837.4831710444
252240.16499140256	325190.70766748465
250281.2639720458	311037.40983753256
235890.82461811433	284401.15075688466
250294.9932731161	291978.7800483083
241024.60629517236	322272.62111660675
244831.09151190176	297168.61440417357
239947.97104219953	320150.88460394007
231097.07952574224	314976.5584710805
238781.5666420646	329587.54152188083
257719.79177503855	313090.0444606923
244933.44866368204	323230.08528405597
244739.375889145	330018.18436823215
240915.88016123243	329112.46592926944
243271.58600420016	317003.22829883825
244645.78328368493	304399.6358091088
249455.18431512284	330668.8075989098
244141.6477153077	322357.1445546356
244980.15202982724	326604.4074805373
240802.56865840702	312192.02063067275
239316.29834464006	293648.2465347963
239647.85063793615	294795.3213655261
244857.90591283914	325010.77607543423
253661.13893068838	316081.5809170648
243571.188573817	316468.5376703744
241136.97108063393	316007.7653007104
245432.55434359954	319134.84061246214
243161.9211715486	350507.83907013957
240693.495184483	316564.44255794375
238521.78809904162	321827.97435550403
237672.2037948971	283413.24164465745
228439.55312762232	309745.1254601561
245761.2445831676	321837.91490741493
236727.67861560814	306723.9064570575
252001.60243465306	327172.93223832163
237777.01815113163	297096.16812812805
238401.33606234353	302566.07152717386
241539.78384664742	325791.982923163
247332.65181866876	301060.1956180648
247135.10199758658	290445.8822791697
244445.2392167804	308653.665355156
252875.48080169788	324548.2563580515
248901.42090256873	324642.9827936694
236794.04788608802	332413.5577416805
256740.67581005621	322449.4005113684
247593.2447722383	304729.87263237475
245552.53954578124	302870.9054666429
245232.82349627453	286105.7170779461
254557.6729811966	319914.98825402587
244880.79221348977	314063.0749610042
247408.5434304497	324786.27505143994
247241.10983423464	325927.81506681425
240444.31715472287	315098.8632002235
237356.12526255444	311913.7080882909
235481.75258280773	325899.73792950885
237873.59096302307	305045.877557953
249982.2961153567	305071.729794331
248489.35468248453	324107.161519759
248446.3649953639	320688.88004844217
246812.42741010035	317872.6011343463
259035.08640633084	299623.3555610246
247765.77204781928	321828.1024054405
240846.7192423471	299853.01912833203
247320.16593064938	302224.26717674005
230901.82141006817	303470.7054034849
238520.229390808	307795.4013624818
241466.135355744	309477.2585858778
246981.54946371165	307037.7494299042
246190.47826224955	319164.0602713374
237864.5225695098	310855.142244797
230355.95962644427	320950.8603013968
250272.6374822646	319250.83570238826
246597.790533457	308223.26696205477
237152.67035473092	309475.7298501496
239406.25117035792	328636.2351873397
247292.5507339355	288405.82724062185
241737.63276362713	301629.973397759
249400.65848884347	341931.94261026575
232745.65252322436	314407.5747187818
248964.54078319413	347298.03094911284
245493.1569236641	308498.1219083569
244153.31260146617	305536.50749591395
240728.54564136767	328207.0494243677
251575.27484665863	321786.9624062271
233317.24837348424	335761.5818988711
244561.88019458004	302262.3891339436
250131.38731086775	295778.1561172361
247234.91371751775	312435.4027921896
234481.99974042756	313116.43748012267
239602.47413683758	310467.99466814427
242106.64264327651	316310.68141374784
247572.01442825876	313137.628521819
247698.85245538322	322026.38655192853
236162.89288609242	312232.34533971234
248157.85342997254	325580.82559477835
230147.86707955232	318988.1606505576
233440.18269649587	305125.4152990603
247668.70228699726	304998.96992597426
237920.06519577763	305003.98404486256
242891.739677143	291820.91939461627
240569.6110387633	307566.5248877861
241130.64192909934	309507.6646410979
244334.57318678705	328430.33209106186
226852.97341844268	300215.70135567896
259744.52338531302	298776.9484763113
248359.56241262052	333282.91578753036
249365.44494557483	316462.0414045515
244240.5145859181	309688.0118168486
239540.3441221651	304744.64353346237
253334.44833296482	340226.137592745
242380.91455802467	309853.7983057575
235191.00004955012	318931.5552693262
245819.5070381738	317846.4063490472
251625.54620885546	330946.8888013199
228864.8840454421	313426.686320913
234513.09102296847	300738.96698689926
250063.00633404328	313695.7848616935
248305.86237812342	315548.9940971229
242965.7161829088	311161.8206984131
243603.9008901926	302707.61939501425
248338.37222998778	332963.87138672895
244248.10411606118	334375.91345807665
241147.59389968362	310699.12383565016
242122.48154302122	295669.86507403856
238850.06339047785	320041.3094292503
245753.68002469934	300549.4042647331
245844.76274102833	320685.97168439464
251353.74184824355	306096.2571811589
248554.67766427202	311410.24317133613
257441.91487612328	304858.4981075978
237309.4554496979	321234.96689704957
244917.52833314842	288899.7099852974
238748.18163169024	310198.7396961042
241802.57114824723	300818.52407402586
254740.29264237257	303873.2170470526
238801.995632132	310261.70353169134
247652.40417957996	302152.95689107187
248039.39288663695	299179.3773093735
244434.06587010558	308399.0484253015
243561.4673083009	328852.20754947676
253970.5210817664	314394.62408084236
255664.38817095273	314784.51896144263
240951.322779876	321889.0577313403
230716.4642390181	318103.90448095545
245514.2500888305	308285.82071811706
238857.66721809248	303869.8514363442
240865.1622267177	325917.5696290282
255357.66052000076	288240.49889293336
236589.19161069472	334714.36628994223
242866.83098299394	311432.77686000464
254855.76748370036	310019.0942032767
244467.4783005691	310749.04953006667
238449.76653967256	332588.39665880095
248311.69091481072	334092.5104606126
243673.0278336485	304927.54971565766
233360.5420750073	301007.4721454342
250265.46854819907	308602.77168604464
248224.63572231762	312582.1271176279
245368.77434234193	303427.7731998308
243661.6947630054	307540.92479793535
255178.87190896325	322158.50667239586
245391.4750536207	320395.6070711521
256449.43087918998	314895.4825360893
239390.3450892411	318041.8745861545
252020.7149232133	298410.34134499653
255973.8873109407	289891.98186170537
243036.48105141585	310205.77563777537
242010.09603561123	307219.76926093624
241274.52462285908	310933.72745131375
236081.68249019346	294400.6566852471
232196.89356385282	293990.5282637701
247018.64639867085	312305.24752732116
240701.3352291107	333279.84589946235
240617.006792936	290975.6921391621
238455.29733805486	310197.7050806995
240153.3653283671	312877.3140575268
240435.9431989115	313173.35446665675
254102.3406425138	329803.68448673876
232654.84418345505	324234.0593735114
238974.4486488853	326885.6542653186
253747.92259524215	312203.613081634
241018.11262960534	312799.3569027708
248022.39374516704	334115.9162100969
239491.97518288888	304327.6094413513
244772.21042452595	318454.0293342268
238264.110142738	318321.4231854886
256449.7268191731	297889.4945086923
248457.71288080636	309057.7251403539
241308.7862366856	309804.5867682957
243621.13682888303	309377.5730388517
250111.39088582664	305874.95977817563
245298.90762227934	308268.0381515016
249082.7450173451	308343.58499734814
237544.75744356052	319857.4578114414
245764.07145382336	315785.32463585347
233236.31323618587	321475.66210809
246433.51972974656	317303.3091752093
249815.03842661728	306006.93675012764
242705.89719181965	306114.73473382357
243034.1111092873	325325.844754396
235138.06628148255	310951.19491596473
241319.92552156353	330840.8672966069
244438.76224746503	320362.99162269686
232846.66847327864	304752.8555976002
251224.5813705553	319323.57647212635
251028.883590477	319264.3213853513
235797.13650988377	297553.87027320015
253958.67873436317	324207.86674123997
234469.41930913003	315661.32416905166
235311.5794108604	313897.31541960983
251090.6768043168	307628.53672141896
230580.34324505302	318562.48299237574
250271.8243128783	318085.59680175566
247317.162676555	321629.90032666485
258784.09039826336	316352.97074377676
240073.4894221294	320464.54245598253
247638.54737823745	311254.14865962695
243175.42555889423	326993.96581031184
249353.8245406145	311723.75000817335
244253.24171212962	314347.68631334585
253550.51673739468	319591.61713229225
245615.72221505715	312878.7690333513
244799.7390774156	309219.22273882927
240879.19696633896	302942.91558700614
249367.98403288913	286491.8126570997
250470.22182871978	313080.6425184731
250139.93620926366	323523.50736155524
246034.34703539603	325820.06036361627
247239.0502879817	340505.48093399126
250806.4880066714	315509.83906834293
253701.20054376122	337351.6907084832
238750.50736789164	322304.8484985158
238440.6913539982	284596.9044631833
226894.10674342455	315857.2905986701
236121.63334606378	295071.2512004648
237422.00600924663	299372.59944166004
238087.05332820845	315148.1715143363
250570.2252309099	300517.5754032113
242820.29589778258	304925.375010791
243914.25601335385	340513.92523807083
248778.0466546545	321761.92948603496
238018.1699579173	310517.7828159777
244453.13181711308	305387.83745090547
243619.70297972712	296745.86736698076
235962.10454438327	330304.50592852075
247947.45136851544	325379.15413567575
244275.49124661656	329903.10391354765
247941.60921151057	301567.3590291826
227932.68671370466	288506.27123442455
