381713.4312927333	490078.2932268538
372676.78744953475	481781.9217242688
383031.1870631698	483134.47858550603
379031.250594851	487484.90111676743
371122.1501421948	483531.6119082285
378523.0227233893	492181.04119753663
375027.4407875965	496568.4873924108
374178.8030162033	498555.20066446427
379755.55516259116	491388.30082488246
385667.42947655276	490686.44054844393
372568.86662296625	499175.01484599785
390379.6211195678	494400.2076945871
382261.50796968234	463919.09005159966
387494.64276484493	491298.1466330411
377586.0542148997	484890.2836994998
378581.09027389094	490867.5005622096
380174.57028706546	496995.5547523747
381250.7086258952	505191.2481741215
389160.4313005834	476840.32978596154
381509.699358911	506815.92925650044
374910.1383064742	465921.36110049335
386278.32378874795	485678.9307287845
386787.1824352095	517119.2193941
394815.59208674566	484460.84901906346
379950.3070925646	501828.1207365121
376059.1255128581	484289.1401387184
381417.51203666686	493976.82361103233
376555.28587184474	518132.0488319316
385119.88167519297	489231.0499251329
382295.11114720674	502500.6151112491
380550.56431178545	466751.42274893523
379930.4358430818	480213.8725091936
369893.7727792262	477736.22003044904
384999.28985054453	469495.0725535596
375148.8970758421	493506.7458141183
371978.4231889962	495993.4919506841
386569.59520738415	491029.5250959997
389927.9120955838	495862.8591262166
381555.6504534376	495677.2266156488
394491.4842484542	476863.6502242231
386323.1531710302	489029.71082516474
379732.7934071421	490310.5269798767
383829.59358161886	489875.3549660285
386922.9795786806	488028.6016819559
381510.5004708333	489955.25282556046
384571.61409547844	500043.02944606624
381120.8402934541	480078.97524874704
370718.46168225794	491859.83820695325
386600.8449902062	499778.7369197522
390121.4041494298	495131.76453598216
365505.97446234454	488535.80943781696
380006.929834439	498062.41603443463
381180.72989531653	506030.03276054346
384072.2198227872	472991.79552353924
371108.3551962255	483290.1230588036
378206.52655613347	483896.795260853
367812.3313828705	492772.48199573637
387211.4806319836	500843.06563987164
380852.10147592414	493711.6370285161
376193.4992802108	487383.54085246543
378320.3729689837	476637.9126880854
375344.929097377	475272.76691193215
390171.6649034289	467641.18944317417
380135.15167866624	480213.08769148367
385287.3897665451	495379.23646304733
375388.35566882684	499449.4774748452
385272.02565349365	488434.8166082094
368826.71855462185	486668.90915065573
370688.68619706156	477779.3815025843
375975.3460887563	475767.8744051148
383155.6307113474	501206.2523845641
380094.5293258827	518186.8002588956
381239.52703391726	496175.55626186053
391883.24812360434	485215.57705621887
380352.9451476546	500054.3687257397
379288.3712426534	492595.8637064689
375889.6178679122	469464.4935175037
375292.5366205989	479112.29137201223
379154.0565445117	510810.2150030095
369057.8541382416	473292.90202115336
368869.1577871883	505685.2626405262
382512.82225868455	483637.2503878784
377044.7789843843	496576.9992167039
381688.3931589364	491793.2992785369
388309.1123843265	486848.01675444614
380081.83385497547	501158.2166555306
384097.8266945605	463391.20770391077
380960.06484122283	497829.9426357596
378570.8962326145	501152.3446665074
375743.1089601504	489007.6727611972
388600.65057424235	490310.2177723745
376905.45389934717	494778.31365231675
390240.6924412336	511402.76677299006
370536.2337029647	483727.48979945394
377810.9810741527	511319.2587908088
386287.3111459897	497123.2743201664
374666.8590480774	490155.6023137528
391266.139311661	469419.82467014063
379306.50827913295	486171.5408058694
372183.99708675686	500932.7458900433
392426.2099395973	486446.687671516
369311.3105293176	487150.8636367835
382318.16593709897	491434.03302114794
371484.21790104033	491106.34115642845
382736.33537359274	490510.50923677994
379405.6741439451	498993.41190316447
376445.025083171	477216.23821038066
387469.1665219916	484955.54251557624
388485.1100639922	474500.8794162542
380241.2481274944	481478.1773981999
385580.5646047321	475236.32108409144
377200.7282563833	498501.53619993915
381666.35110646626	472853.8291085826
377707.98050741217	490465.6629318263
391512.0001158803	475003.10775780474
384883.08473779133	469895.47955071833
378483.94521563087	487996.2489288905
377281.64508367935	486126.0296334672
377725.9184482031	486492.42052844126
368819.27698112745	492012.9670120893
378037.886606914	497703.30238190247
375665.6135093412	475473.6622651097
382753.7281619378	493348.4961846465
383804.3239022825	479481.0387156176
392165.5677805156	474692.1709302015
373652.1848616393	504195.75467706623
381205.7357340978	498085.2983108807
383652.5871242288	481819.63649464573
386009.6156778701	499224.1952160406
388598.7941976624	484110.7142975149
389530.57092400466	504928.9847465268
391082.9320585126	497387.466432075
380077.8089123852	506073.80227961356
374788.93662991055	460604.806099617
387973.8762560213	498396.28549480246
383874.2009880233	491699.5397713904
388067.07785743347	486992.7312590593
373545.82867989887	484382.69364783005
380754.46155918663	491336.8857085641
375157.43495795503	482304.66046760516
389601.3647080405	495254.4629518628
385191.77139543614	513863.0336136726
383975.8970911505	477503.95203069504
386995.08771507523	488243.6013696897
381588.5761084071	467373.5702890983
378910.00755545165	491980.4799108531
387707.8850987387	512892.6776867016
375154.1157472636	485391.26963387575
376548.13846035616	475035.5122351011
375317.697533327	499355.4516540091
382641.39797395753	494223.7768483414
380824.7782082827	480333.89479880274
380991.8208304316	502179.46346715966
371583.14666791225	482175.81685617496
382217.944662117	475246.95265525754
380144.6334789888	480731.0932715679
381380.96670713025	501990.7997277945
375279.3586980507	502640.7721704859
376868.9022022504	497102.2047233863
377359.3957885889	507581.94316561124
378965.65780510224	493176.5783390498
375932.29167944717	491685.65373765276
378781.52546937834	487377.56748443213
378986.7643524706	466283.1174060811
384042.5054439232	505033.1828492601
380417.96508900565	493418.8376022164
371611.46085191827	495959.8895814991
390184.0996865565	497495.0958676677
382656.04256517545	509079.80574496835
379498.6436315713	489493.9960091836
389483.3910483712	472001.51132265973
383649.29302171303	488042.6603390435
380673.4566114838	499560.1245763731
382294.52090470307	502357.670691057
378297.5110197833	494950.66942434874
385545.5546314721	487238.9485297742
378411.36287533166	481757.47522634687
375152.0319824644	487059.24350919
381198.25757495954	505208.52769665676
375630.1109751524	471999.6298357331
378909.65930477803	484449.47509062325
376512.28118178307	458215.4554240292
377190.89022850234	498155.77579124103
387565.31887047936	493264.63425167906
382602.43420967855	476060.96297574067
380621.1015562861	484555.7319795516
390807.85316635715	487193.7557533324
378261.8377465061	492052.4806745142
372963.66318749695	492507.2266496862
388285.89688122185	490028.2374273834
382987.9005917681	471319.8894508061
373948.78054586815	503509.7182081016
376566.21936840937	499730.457689562
382230.53037264844	495861.493446122
378264.7097410599	502695.4813702018
382394.69627015665	482435.43830288947
376032.13233512593	501237.8476152358
376255.0543676978	501095.0835379133
385334.48124483135	473798.1590933072
389490.4909682679	488905.5273823539
380223.3483434707	488782.88675380836
381742.11666095606	466110.4136807828
379455.5042369708	488253.1053661049
375490.8025136278	498232.2354936765
370116.82527544466	466624.6129474126
376365.9772090545	494328.8435051376
370710.98955422523	454150.6038253234
384763.9855870134	501363.858918939
388955.16910770745	507852.0508775184
370149.11576295254	496278.86770195013
377111.3151071649	486498.1974163755
369171.53176517773	470647.235249736
386376.3889982194	479132.5090714749
382476.5983872621	495534.80193560984
393213.7389672234	472916.93448822096
370669.15402429225	501590.78103186464
368666.71191324317	490356.3932160913
385905.70975367364	486356.336223767
382056.0781992503	482106.14860093436
380483.6704350846	499577.3818184213
382175.1579630191	471161.7633225296
374057.41327200097	517357.3633114642
382927.06536138663	494447.09308975725
388008.3124114311	482303.43916540395
381561.1935558127	495716.8720737067
377046.14803456294	477402.61019329587
384105.7590449145	482229.4030632442
377749.3216654961	506759.5764948468
379017.7902541222	499323.91759298096
384556.8976519901	478396.28247313487
384584.6211092731	489461.48713056237
384958.7456147533	484022.99631868594
380856.52399848774	489799.01860045356
386686.77658990206	476170.3715129074
378264.5399045978	509808.96186043206
377874.12231712637	475461.50866852974
376564.2657113082	481560.7429256091
376926.49846584245	492927.01992379175
382625.30175930564	469825.95377140975
376942.0355372493	495995.8734299487
392604.237536432	499634.4410181114
384868.7674855089	485982.1597943972
390023.3931099806	475291.19661437965
369828.98774611723	490978.9839531445
382148.9090237546	472065.972537727
377866.0407283577	478688.6011507532
375051.62771992804	486221.0830684854
394596.6184284675	483965.9756424363
374844.0356621901	483250.4813535634
379985.600751113	491879.58591637237
372621.75029303005	485251.3848577634
379803.5858358139	479771.1087463698
392775.25914507813	496551.75648348744
380118.76192969666	508423.037531968
387938.44551468367	472643.34112901817
383408.214904989	472397.0091888155
375448.38673523744	499139.2454755906
385632.1309825138	471236.3904004566
379363.21975845227	511912.20027718204
378717.96578987257	487725.2752034528
380265.5554895457	508794.8098392449
389196.63636481354	500817.2401904578
380864.4362867342	483913.2591688032
382966.2496559056	497078.47714373487
379303.6163373671	502158.877800702
378619.061416149	485297.07664186787
380908.25614420173	500893.64705217513
381896.41080199584	486713.1227751292
376113.79161292105	494960.62254621054
376448.7021286333	511432.13031807716
387353.0040817998	470287.88173360657
389285.0492904662	495225.7605835154
379999.01649633783	477561.4643744734
383458.0929354463	498763.51485768496
375895.142875063	482761.47920633864
387100.1969817239	494830.4867267221
373850.0893102937	491407.8332878534
378293.96532225906	494828.8408652239
375550.6543792015	504492.6400950106
377427.99026834546	509430.29766009626
373959.95850604755	496810.4548132964
386103.585527321	478315.5955364266
374341.1921790422	472528.34812834405
390053.8798622024	502556.91356811125
374278.858452385	480081.9230336977
378017.77656638017	494639.32910675526
378993.67493665614	489081.2114011341
373667.9583387756	477103.1810613633
374131.4534927646	488741.15183581295
388051.62212206423	480640.7101939914
384339.14022581244	470813.35967939964
375553.5252501953	475154.9091278224
380345.6885770627	475580.78206351
376767.00838798785	484329.85125552164
378724.1102676822	502424.3995414993
386675.63934855233	497811.1710982377
386712.8406787313	495928.70581928827
378765.6730506398	478169.80358664785
378547.7120195593	480629.8696584185
385327.6172473744	479315.6605806395
383544.47604485066	499109.1631883866
378951.41495470237	490588.28180300776
378404.34828300914	489239.2651370823
379873.90298958047	493473.7946485291
385390.08381208096	477858.07979605853
371399.88586784335	499407.9687510333
377399.5786219123	483840.128362256
392239.0935131671	494833.40102774114
387407.1901333168	473543.5712153133
381654.7904251781	499363.38600515865
376989.87273493444	504760.2598175976
392791.2787430563	489062.1747818889
386939.1865723601	485131.3484770254
374964.8009581039	483571.97851702233
382837.3280059078	507226.24052844127
370681.8540125626	477916.7710900067
372160.9358455332	494345.00043286214
377843.71732491767	491699.4386954176
383992.8054258449	476522.95588797395
376579.3153800685	485602.21869895526
380000.3173809764	496568.7450765361
371079.06470287754	487174.347371073
387903.8268279107	504894.68566313677
383325.27124779637	478630.6293112844
373574.4583794698	477972.7877045391
370243.59885899647	494643.12969443185
377884.00421913643	460694.88747092505
379031.7686993646	484686.45217238355
387346.58370298153	514912.47408675513
372811.52569952863	485930.7421956671
381808.69098747976	507176.67594042426
384022.8863119931	482301.4122286765
387413.4593219048	482800.80873796274
374641.9188555484	500165.1003365091
380436.67687933333	492982.49647926283
376965.6855570594	491868.0877880704
378311.27749903384	491554.1791084345
383552.4134052785	467736.3187284748
381325.8898761493	478479.4313821326
383012.6185683559	496458.9096911949
377283.3098708686	480117.1688405066
384657.0673420304	478883.6803530071
376790.04472219833	489605.8996787829
372949.3668625564	492886.147650487
365865.8796984445	490640.1122293252
389220.80627364956	500970.12602542865
375817.64846888045	489141.80271794077
375743.332360289	474277.9693042096
378466.314759527	478217.2346487921
380069.0011362849	502074.9249794377
377160.1457867962	466223.950414581
377661.33631259325	483225.94888737844
375312.13113191817	482074.42219015793
383023.0077691891	499618.853708009
377137.6657055378	494968.7638233
382422.6196069392	474174.32147665846
381536.387271654	486044.64355157333
388382.72748963186	473968.2414399327
381470.0844701028	483696.4148488107
378072.4094059342	471801.3429151352
383925.86246747826	499905.52002136037
373071.77805918304	482374.4023563552
375976.5865655903	500898.17574085423
385862.5251506341	494838.8876827794
382089.78450320195	486242.1682439451
374859.4250809532	491356.4626757465
372783.01849039766	476748.6738559378
385017.080760801	475001.1080264251
385520.6846999743	496851.23143309227
379943.3469042145	486264.59470611636
381942.082957667	474781.82887550705
386861.3570550338	490977.53881573415
378295.693548783	502620.77637933206
388576.82885053783	496899.76781696395
376499.3318489463	477331.45416293654
383818.6899024456	491670.6573867134
392186.8156837927	489981.7419605013
381604.4757193334	490599.10346217436
388191.3689049331	484119.0078580087
379774.7877361232	487418.1434928437
393571.47914352885	485577.1145841935
383511.40100322687	497475.0042196908
373781.95090966806	468985.0805160176
374552.6171413765	483996.4401601335
381715.11374220357	472952.56518017815
389272.3856771494	450621.1847368969
376803.6193115145	475225.5215759995
388814.62324838317	479429.5400110914
387815.05683370685	477711.6396947213
377500.0369147829	462732.14352528355
378940.3868299796	498474.66869608103
393237.6231845045	481697.39401492046
386262.493125721	492728.0637895914
371962.3060872444	483289.0372713454
374278.35839708894	494291.4490277384
381769.96922637976	497412.35518947185
380917.1302309301	487656.9511517569
383376.2017555251	490308.70696981595
386194.61026936537	472108.11723936565
377612.97489094967	501552.8135705722
383070.6328076984	503197.2240949047
382447.61023684544	490057.57133641205
369893.2684289175	484580.9032550099
384925.1476653153	477143.2100569187
381730.77996892296	516739.01384256483
381756.75328503805	478146.68961379403
376367.82423002226	476778.4429200828
385353.9502098097	494160.0368712306
387854.88802485843	487455.9940694034
386111.60557772446	480782.94247441954
380280.9818857638	494120.0176516335
391310.316381322	513364.4973021406
384185.73799153976	491736.44355265924
391150.10292912566	496545.29987789865
387649.69251296227	488350.9534485564
379022.21103114355	471766.2226205494
383808.9769050366	477959.2911266463
374023.89704781433	471667.6106749802
379317.88495033316	485232.7668509063
376284.53953669366	490067.25934429094
385187.98893774475	477057.9714006443
375884.8805908933	476107.05329496844
385063.96896018006	489130.4165752761
374820.2982872366	487168.9599263817
368860.4780945255	468256.5632887741
385058.7891173308	490086.3095373353
369133.7608629974	484013.75406196737
387337.6236841781	499344.61623177904
382384.6933787612	487917.77944152965
374366.5377117225	491891.5308993992
374396.1428552708	483510.03505100857
390440.3832808068	493268.145481217
376544.47086782084	474023.1396724457
392587.1529819626	494565.7950185651
376363.0783878363	485758.45785821136
381006.7721234189	502711.43213573104
377922.0092916795	487583.22627227654
389070.52632995916	472959.2115867998
394974.13473314897	502637.55664365925
372272.2870595285	497689.3494541494
379101.0112817898	497302.33013998525
384884.5434224022	491543.8433032455
374879.9499941149	500648.77840693574
383847.07974290644	482984.63330519135
375664.0500555802	493453.2957665398
376601.32799243217	489572.7792632428
374180.74522090994	495648.6716772371
387824.8450931892	497908.67400446907
381706.2454227352	480322.8273675676
373333.6645372635	482019.073518364
388468.6091411259	508078.86639615614
373930.98415212176	485595.96840954764
372061.33622790105	500858.97060691705
386276.0712063644	483198.56891604845
372742.2052880495	497640.2367439355
372380.73065274826	485080.3944621417
385248.82454727264	506234.0294753881
370905.1964518714	467403.0354815801
383136.6933682571	501986.1346140794
376270.776050576	485538.38961697917
370550.94417237607	482896.8892715527
388158.0875421595	494813.48276965716
377014.0477613994	482290.2397079528
383928.31001402054	492704.28457413014
380620.3211572331	485770.1936214871
391801.8205980145	509172.8444824361
381650.83904256753	489276.4779928815
381462.25260716915	480383.14373163856
383435.7383096659	487581.0819276292
389019.18140115525	488367.3052070232
371745.4516820114	488263.22995319555
384597.61998407746	478958.27077633527
390284.65632775554	495004.67888191517
391720.359414238	502108.31160079536
377599.3025018604	481456.3449923239
374959.29540360894	476668.7314881494
384308.3338735063	472637.74304653413
386223.76152657275	473739.37558890006
373140.4845246953	498299.2996119561
387182.8286447478	493837.4304897835
387625.18829903053	485144.8575792891
388075.69445296313	513715.048116668
375197.1670844413	486323.4974252889
377488.88312530424	477431.69323428057
362356.00800525537	491780.9269273636
374561.4942109784	477520.64568993205
373769.84902195906	475589.5548319982
377568.4725266084	488490.9337842128
386631.2614999596	468294.03950139857
383181.6992195022	487000.34149060893
374577.19385707314	504734.23908039974
387854.1750028761	498826.49808632565
385537.41331695864	483917.70379243226
377499.73766948114	495688.07342181436
385281.98671248235	492496.64831664396
376766.59630209644	501060.46904787415
387179.3249799694	505689.6423682759
396186.9183027082	499114.9581632813
385113.31337446254	490846.1224801447
372249.44388398563	468879.7686429408
