31387.389564760837	42825.28912964153
29058.66782726674	35481.98820746481
32053.25357745685	36750.93373031582
34295.77054587704	31312.711977165334
29689.7807595699	47229.93215289414
28062.484722316523	39611.12705447932
56008.43080454227	65609.13832053382
54376.02131591647	72596.51309611705
37552.201095171215	40906.33817880869
40939.72481173444	47310.545075588736
38001.717089225145	47866.27259882589
31624.774212553442	47013.006299880886
34570.39666797876	42819.908648505254
39229.88989958327	55614.35798017677
29437.844032617268	49290.28701243843
42707.43522294963	43891.06350341626
35430.881673190175	41477.60096605541
48010.73326606388	53606.90741600781
29625.429663335337	45138.20558051985
35804.44902529236	53262.73420832212
30192.17112100936	28307.05628428919
43442.8595029211	66252.80674143128
36068.82440797049	50571.20341156557
34053.56134057486	39195.144700590994
38446.515412953515	52788.27202941164
33896.310704736665	40849.818862777654
34132.18084635845	51220.30724343459
49678.7993326289	47888.16873315302
36476.56797660583	42981.24373159344
29002.45497780826	50427.21341624703
43820.09004267463	42002.40334328709
36726.571729306765	34704.59640482496
33765.420542363594	43494.55359522433
31829.17979160634	47168.01837230745
39068.50970910401	40567.97215729518
40142.04219470592	45274.7863258451
30966.621704677345	53708.35339080584
29410.4057539745	51557.27198229478
47399.13735411037	44689.01564518951
43499.623798776534	39504.995774357514
35239.201879669854	53595.28217269774
28680.60675563642	34073.54593870141
43987.77676509087	54094.62428368808
49580.00762094604	66756.92675097472
33969.43228709565	44555.669412965704
48548.1216795971	57822.96102313617
28993.41158319937	37719.17791363647
37912.95594505385	45111.590133844074
44096.54005580963	57937.154825099926
42435.24174415279	58418.85171372834
30805.709959140706	49058.441556720245
52764.236049201165	75597.67233735144
36694.22805125868	40945.57036684617
38354.42484090025	42081.76507951293
39111.08453265435	50794.44211983716
38012.243200092664	48034.444600101844
33557.252567315954	43089.30831389962
42335.76279894415	54297.457372278564
32969.98047182734	34382.4196340299
29976.60211906637	45072.328504813224
43229.33189710879	55503.751160765016
27307.468090399772	40522.29468063652
36487.22141135347	43024.82589864392
33797.01016773198	57438.864125323074
28846.778353295045	35327.26154577474
32722.377035803765	45724.61388420779
36603.45323479963	39571.56058971722
35742.71037378552	50565.79937231812
40044.77947062051	59238.26091075012
40383.25214576544	61897.48516849709
39116.75192416352	47729.246815414655
31683.528864305517	58785.589464906014
30723.752370832703	51233.471544170025
33939.608999478376	40651.67579862106
35453.1528282388	35612.19228536902
38698.40583883548	62233.33714392861
37886.922674704314	52321.212609815695
52544.79325499426	56777.383054054066
33905.6276198438	46477.36676928879
47979.92897329489	49082.1129256908
39429.54161774171	46743.55663993036
42293.064940319106	68067.9692837665
38035.405852376076	48985.11152770291
27425.391760079314	36390.147477820494
38043.21287354254	49660.4424579796
41033.201743776546	37934.763759712965
37220.99113141285	46720.98826554886
25826.68189285687	44990.873232940896
35090.147544013904	51596.19143826857
31668.322534852578	38058.309904175134
33407.29738930174	46555.99435378795
30334.3027012416	60418.6243983056
33952.28882162174	34762.94951830883
31935.164937888436	45785.40090811029
28081.522867843778	46922.960634640745
37762.029920402434	37194.5267926278
35043.46397345197	39933.76381507557
35795.389116279126	52821.574708777945
33194.42076662708	41638.58871234683
41783.11455996922	39980.82516353952
47315.44999694874	56494.89085403615
40480.804600536925	64455.84816331409
37704.3924329577	51687.55069614234
40535.80169340223	45901.515017261656
31682.802264300004	39146.927222666425
41939.29859790884	64101.882293553994
40789.367207124276	41857.47015385425
32668.36169644972	43966.204035648705
40633.226378512496	49432.77589644393
36005.21149120822	44244.87485379657
31497.045966036116	29561.894353339423
37537.229245741546	47013.4449651963
40274.074174853566	32708.105266324925
40705.9046648885	44174.91692750069
34535.965374493855	59757.12438668802
39554.29202506684	53306.50152127365
30567.0234003627	31504.522465734135
41206.07778982345	56238.46052571383
44344.143139092586	62869.28853087596
49405.08206289321	74911.74844768997
42504.89500407211	63691.556390285696
40675.23196083473	58028.3556511449
32390.376320068553	47380.51594571716
28399.591935502514	45104.10395454914
56974.16724367066	72288.78954305015
32753.721793970748	37311.3111224857
33264.06376809571	59303.26895796612
29911.720639126976	38112.595500907526
49353.46939790777	60016.18075793598
33785.48638198658	47890.037222562205
43220.499807722204	45130.49188965106
36006.01716945639	41127.382403679585
41904.84770395036	51787.742980615774
40434.88547177668	36506.40649140076
47566.18601278041	75938.93013246212
34165.49912552381	51970.30884833886
39883.258901674984	58048.85301951671
31477.087130116746	40865.228334687774
28972.214257315674	50734.56626582252
49531.48428224292	52827.72151500637
37903.88241333008	35966.33743427349
54986.92329557389	63510.56213069706
26961.099150000402	32223.652707680554
37448.37234299502	40903.99664064906
31403.50884104179	61841.641039320515
32548.979288845025	49946.92178397194
43657.18688135019	54130.806167247196
32733.4093798748	76886.7226006357
32591.333473296614	42170.83473205091
55495.81077028645	59118.80127504592
29327.33317044296	32663.27259984255
36787.80495627928	42991.32033205044
57069.865187065574	96505.82589012734
34412.64752484532	33977.37724744026
40482.759895473864	44661.60977097596
41609.04376172654	62959.6348051347
37315.92713696575	45799.98808151648
38594.47636611706	43599.248196118475
46773.4340160928	54694.46995888272
29641.20193608697	43379.93154274306
30963.605246625666	58930.45945993819
35016.7459076991	50957.71355069247
36790.94846681753	46244.34807662537
54256.88672611994	83972.50446619629
35531.76928863033	49066.27448157164
42218.46665254959	45019.951139207864
35947.970599129316	43089.34756477617
27844.683985186188	39554.41205525621
27240.34899818961	46342.20015947167
33273.68222087469	45489.06484721681
36116.038512251245	48949.3925309784
38585.952164694594	47735.88730196944
37928.32350762233	45371.4613919111
42171.61791674704	55140.63627639693
32910.697235349966	45698.726038191926
41620.455999880796	52233.68201200415
37713.95502805749	46699.72687492525
35889.256962529085	57548.20589824176
27154.2438728851	38900.55096925338
36721.85699438328	39971.32144842026
34786.502392909766	42568.48317762405
39453.73268513192	43486.73826490531
38023.919984650376	56466.70199743935
33352.9739196558	45770.67491057887
34223.820510382924	54462.435432873695
32734.141852038843	45884.98444255147
32186.710245105656	33591.236351478474
36614.228887386256	44158.193158878865
46715.96813348789	57697.21390815
48980.70551912476	62834.065310514285
34902.55300395479	40675.82805957108
34637.487888168675	42282.54885050864
31558.89321873959	41833.72049632938
31890.399763045512	48256.66844478785
50271.636405319165	57628.7992846348
47474.24747034898	48021.128424960945
29335.17276194621	34454.15040417936
43270.39382717366	67344.88412565127
31700.70092460893	43773.49399482101
43566.735863722824	67230.73320511787
38510.045847501366	43926.13013345376
28617.82925125175	46107.94421169969
31854.980062360046	45117.68558308149
40855.60016583514	63626.428792842366
29791.1319225748	31105.528492566747
43974.26884781686	42449.09314307112
32779.54829922544	58774.94979488717
42361.52573369509	51703.10649839716
30951.78224110901	51074.44761456033
31496.19201771554	51741.075767330134
31511.405148519883	60833.37525950047
36454.02105783961	40920.534090676796
29165.532347290864	51431.07318878006
29891.128617310707	49512.003993932514
34066.27820223798	38002.587120555865
28907.055196283247	46032.163271483914
32791.95276177977	60607.380780142434
30243.581582990402	57143.41485822205
40810.41738471301	51588.41471329765
38653.461061335714	37654.951216561196
32457.660201732953	48141.171294766835
47114.00159663216	68372.80233223902
31177.199017503535	42163.634270655486
32272.496412329703	40791.336898481546
34318.91015818894	42391.05598719038
36202.880325756065	47103.87262898049
40402.87029672132	51197.82832817253
43669.139552857814	60427.56950875178
38789.080942335306	49584.77358294345
32625.041633603367	42004.443971371504
34659.0614992812	56855.78305862838
29763.966950001857	34280.58418854419
36383.32735727164	49647.67180682019
42764.575853434224	46176.56111386502
45552.72811531707	62806.53529970876
41941.114688319496	43952.6467944873
34241.842245011896	46232.06572085065
42828.780046399304	45781.77435332059
44079.96126036821	57212.473802109955
52374.132094825894	54981.13226382467
30526.67366917013	40850.43753366194
34735.146232168045	31419.685413339103
37280.5266775011	34916.780277096215
34800.09281927324	62841.466494105545
42706.75930687183	42549.37949009002
39394.84625861759	43501.6985156667
49122.83749888382	55071.09702129305
38572.85413476064	48129.60180206116
34643.427402782036	41777.783268825275
32501.721394483346	51983.53760101387
32688.12427532507	49361.64123631042
37881.79007418107	43745.51367253267
36730.26635858435	37962.380704005394
36960.31255879044	64477.374120753324
39832.81138276467	42128.53976055778
35792.28908325225	40242.769727135616
32989.870885622935	46871.248637020806
42192.44640174732	51656.16967965688
28590.674876685247	37739.027681751344
58582.758269820755	67410.79404722336
57371.945289141426	81570.85568976072
49213.365240677565	44881.14364335087
32019.635518137795	33714.71254421445
33572.61644693377	45937.9881722166
40542.7393151232	55227.250915465236
29773.047596241162	36731.09728698377
37031.16389248217	47752.49124774007
43441.370896261215	48036.93849372074
31058.89250605412	39858.48042433245
30511.829162094706	36515.69441501847
35668.03425655069	40687.919706845
53956.01785946562	71788.86824148713
31981.705897045944	33707.809103076324
44038.81840994934	76755.51102770885
47059.31062482792	56235.63086484088
38020.58444281186	53256.1020067435
37358.67119264713	47182.32795511168
31346.484034981873	47566.0689975168
38587.8418353992	38512.619758365945
29316.259047552252	44239.11652482408
41102.234088513076	77757.41374885767
33048.36004210192	37713.430529811194
36459.56223775235	45593.26217773837
36018.60464396727	49901.8661069969
43038.90180642021	35049.84276639056
49041.70622265063	60869.707868452446
32036.254929172756	41203.85919592484
38913.79790427543	45455.36188400225
39894.530323533094	40624.96435621558
41189.47716093466	43024.82782165003
38320.829591312824	32090.183107147528
35006.31843741512	33593.7393609572
29558.632416452703	55346.785230330584
34933.25062560952	33276.875101116726
29303.487938897928	41915.20864369578
38500.07595821957	43187.45344483043
47155.148045481896	65220.87624934061
39005.83243192268	55544.26755858757
36756.34290227094	56732.512336319545
40284.00911246053	51602.65220873283
52760.69210938442	70312.65532505735
36245.765469400096	49847.58285459495
39064.768618627306	63716.69271452575
44036.8979263143	46882.470257388704
31890.33692740055	42943.59848354348
47233.2936000532	43842.79924256527
31636.888237829997	40255.61444123943
42246.39884357292	52395.3253187177
35260.75894488888	65597.91201966861
38520.09662201721	41624.348531297495
38324.80815910553	50141.52206018118
29784.09097918253	35310.103187159526
35211.80865306906	44571.11780300454
40230.00223702045	49754.42481568664
37205.67423386185	40359.19444032841
32966.53819483733	41346.75558619502
31416.72797640021	37853.6648607608
27962.83412169255	44402.602398844254
37337.18745130568	54133.90850553719
37313.92168734045	52386.35105943366
33389.03751511136	44646.74503141936
34465.78573784096	53025.255954961045
45927.3986988505	45403.540043920795
43234.85957435024	55400.85438395088
29152.91952449148	43248.96886116978
38224.74428243624	47153.52962502923
35263.43021947352	32490.064708631115
33902.5662381514	42407.18118841804
31321.1310919356	38680.720901987275
33474.503594117836	50941.40296396421
35382.23567464401	34481.851739327954
29122.186792314304	39764.35152320358
29117.907353989896	36771.93827723238
35887.014175720484	54100.67204578668
37510.05042241512	47192.64447629914
49717.90302758622	93609.97701422653
42828.10112222201	48078.88005842809
56839.58281334955	49906.452867891174
30428.60111835804	47334.50416280459
30395.433063467313	43057.42846640571
38184.88322797281	48668.515944316285
38130.24543337623	60714.402488776315
31861.277680271665	35230.71131714368
40457.050321850606	37764.721379613715
34281.18920074336	35318.970901359426
34035.86387254529	39278.94136720098
25594.114586110354	33243.66600665443
33456.453722783604	58678.9035825396
39308.64362771975	39367.18827319591
35920.89426843578	48544.75542693333
43641.55344915256	52892.86103048847
27419.489150058133	28390.755098771246
45917.46086024269	54664.03884375993
35190.23038397766	40620.53106835311
41405.70902064322	62375.51861678041
47690.87125685902	48026.39522066231
30726.094553434184	47314.84567731731
28444.02919315064	39288.65568033173
41260.3084505295	40444.405673075395
36714.18946766927	43466.68696121735
37453.41456100848	47388.854574573415
45022.70420450175	72913.57524945354
36558.80674162095	63207.15311112987
32168.04377626535	42775.90188383171
30518.69825274624	68000.0578048975
38586.497145240966	46898.551437821116
40602.64748849898	59945.30107132989
35751.67059266295	43843.44041120537
50454.99388327751	63856.65718249616
34015.031349388155	40116.49148648246
45492.32030962162	54370.91729331013
45663.11980966567	61733.17395905738
54166.31170489725	70581.95039921092
37985.2566020244	47510.29390269027
32582.28960569429	39337.49784265326
44662.23473243112	48640.91927443921
33730.777057891355	36803.24011904186
36113.4852741703	33159.069846048
29132.29409638222	38449.021174366186
41627.50746532772	38290.507925438964
31511.36133014536	52460.070712844004
35254.695910138515	53046.29470269185
35929.03002013388	48287.07193374099
36577.93140728818	32209.613163690232
36357.38018040307	49796.38643234653
36384.24551720946	58955.422555645826
41388.05859577918	57700.56755573086
32111.481528952274	29461.285236311167
29878.55693124966	51124.7428849341
37904.973001074366	35849.85497349258
39916.79020655014	48964.863973907835
31203.046442843308	37394.31666247022
33473.22228665554	36735.31362999566
43834.949289275486	65531.52888508351
40204.91306038992	40727.74815081475
30761.975421401505	42504.10855980527
61221.56837989964	81917.97481159735
32353.790202346463	47824.621984614314
37240.06715374162	60300.408802297905
39807.995802353966	39239.23220385663
38183.885284324875	47480.99758370706
53077.916133624196	68363.02869175891
28234.411486097546	42370.567414416095
32206.018020917236	38200.26853692546
48194.89512100791	46295.66499404497
32870.63725755741	39669.843445573926
33244.88135673675	50057.53132842271
27805.273263239753	41413.62273660505
31065.140539547712	45674.951103738
34208.600394143294	33499.71440044022
39019.75561777374	45240.777901968286
31542.436171562043	34846.07456607379
31628.12418503937	45103.89524275561
36281.557914983314	46139.86805374372
36414.96989798991	29839.443563316996
33770.0330792178	28572.904646439478
48386.38307726607	44856.63025624633
38813.30781744021	53563.07888651339
46778.29433905496	46830.96196731317
32085.757169280325	36493.15666167636
35266.72146046875	41428.03472750003
33555.572458152375	52834.05423905157
40630.43966416421	49249.588065410826
33698.70090336833	47730.2772688364
46669.87883700484	62006.34149822624
40442.64200549682	43116.253375920714
36935.062513697536	61405.86145093339
37454.88037543789	54359.878346000754
37299.1559979358	41623.29997981295
37097.669382845466	44246.85402870816
38316.12917534409	64143.913970543355
27999.1062764931	41392.475703721626
32662.067738974703	42596.87698039297
42829.688573589025	38210.751904469806
32303.997872904434	40478.05396347598
36778.28523819499	48425.47171984823
30142.907820437034	53981.62097428417
39015.374755395955	51384.18146311351
38286.98408392517	48453.64583393935
33738.15908880319	43322.384173863844
44047.50656801542	43645.30066531299
30933.41498106408	52317.38797676393
40640.39632548249	41911.22270876337
34460.919331803016	42738.520038025905
42339.82579859967	45867.82792700375
49185.5309469868	74351.45942560831
35339.056561162084	31843.08828984675
38785.99664911715	74820.09409022868
39711.15295992957	77777.68250215899
30507.99722760682	43888.20132827549
32360.60324438767	39962.808046791586
33723.75102011036	38085.181791155774
34758.97581800079	53403.5988939993
31207.521948885438	45628.65264053479
31536.328725443294	33926.68119581402
39976.99131295226	51486.64018923963
38006.76945928395	40737.786075479526
29024.824876985957	36757.96079933416
44796.5311973917	53390.003492029115
32523.979536539933	45799.34953480867
37943.460023998836	41257.1828523041
28345.388497747823	44217.28737730831
43085.089388577195	52205.30440295198
44581.19716186246	58902.71232849524
38691.62399830349	42878.84330836451
38132.43800646765	39935.55340567464
33546.4722724249	38986.63229398606
30304.433680728052	62908.7609728612
35408.963305257996	51031.80825973484
32820.46555089643	44592.15870562692
27860.751241156322	37204.622201445585
28869.470230449555	30800.258025799525
33090.24538790633	45768.93604413799
33139.451122617356	34483.850906738975
40592.361728109914	54745.512685299414
37995.99430072679	47138.279177479744
34974.702386589735	55679.79941511704
47581.45563076206	59265.57674888094
45587.146727343556	41382.86592186786
33333.74675540519	59080.392068797955
34254.007578448654	50699.74973300387
32881.7558384968	42156.04654142966
40977.599819719384	55481.401744181116
37475.90558545582	41483.30905908512
33115.61790158869	45483.859861575875
33453.47343559038	35581.32411894931
31896.081168165827	34598.50391960928
42903.4793073535	47395.40714762754
37602.91363528565	40641.3069034558
33728.09901696874	40978.77554560149
40156.66639111927	58839.140808731885
47090.17574534295	69023.68184739398
28028.397692471517	43892.2527018007
41046.89427229819	43922.881462039775
34482.06886155549	41100.84884232846
31690.19198386089	53006.03484233963
43879.45851428206	55722.680963359446
26653.511544096986	58635.87768079086
34422.16351996069	49493.03189333203
36264.59302779794	53846.20961018705
