119596.65408066713	137316.1793406178
111583.79434375971	139226.93159282638
110416.91790009715	135091.15971229287
121935.52537083167	135153.54994251218
118060.72366883492	156956.65370776027
108065.77220661084	146686.26623500718
131399.42609983048	163831.2269323159
122404.999120693	169053.68654152186
116935.54858911186	144330.4640184919
112525.32209712986	156127.69450438456
106053.4276206326	157705.57735292535
123070.76496437658	148827.85546168772
115115.99491262768	131706.50513503424
113623.09035226934	155104.15636868292
106532.59643148971	145850.44189861685
125814.99194384072	134087.03500425484
108778.07235464844	146554.3732256292
119267.03945495682	153286.91680523986
121247.82465109203	162079.1694262331
109883.5302332825	149704.90804469262
108835.56440988748	134205.41918526037
114012.36951493591	155677.17821573545
120418.62419133789	165275.43247725355
114010.26743952632	134684.45999856843
118796.07953902104	164723.75241549645
119359.46575177484	140744.94748367654
116024.63322484505	161166.75514887227
119090.57219147867	166336.51804564224
119785.99070311384	143981.6308835274
106105.79157995619	145090.337988809
102649.19248263238	128984.41090600016
109197.95292138167	133297.42256665445
109936.35156410768	141876.74199366165
102647.94872327568	140540.73857604983
113148.33610360409	120346.94975382973
118097.93482534649	140334.82656992873
112973.71934930899	157347.35364374076
110662.37147153221	155366.6530346724
116769.8786886493	146164.16716745173
122230.95674092235	145670.9135657376
116662.81493626	159825.931073022
104878.54981428807	130953.64253388473
123437.5869002355	167805.4394520997
117912.51208745636	168666.40685859672
123326.81389078134	142406.91837548945
116509.41035117854	158724.9053694319
112671.09943304464	142346.49307414054
111442.80595528113	146770.51245891678
118725.8591679772	152803.83205597737
120276.31342222812	151357.74375171907
108947.33631430226	159819.04371491837
115966.21829774794	142770.68774162486
112360.2455299495	139532.20144545217
122637.35766692605	146261.51136562097
114944.43290955109	160195.1886388329
123156.33752873547	143860.7903560325
103845.26500671142	147320.1360507186
119185.81183470579	153513.8239978893
112648.80382944406	144225.17237648508
107225.5891735935	148287.56301662358
115632.93267481176	142569.45076643527
98700.32260345083	142827.42086981205
113471.7936531896	140521.07998486998
111353.3665233214	160591.27856899422
121388.25256583566	146466.6286690832
112350.92546092362	154875.66778494295
121950.17902497624	142257.06362498167
111454.7984848636	149734.3830022188
107627.19800054436	162451.22312602517
118566.01378041346	144577.62005263535
126308.9625744448	154920.88038541126
117319.21652323531	165511.82060409247
112645.19433498534	149771.02242650563
115039.33285176009	126616.7830330095
115624.37925457582	144076.40347471
117130.25434178067	156387.67902068116
112365.80079763352	147449.98429507334
115502.819405342	156881.82059259684
105970.20725491636	152065.29975344482
126677.89977216019	137794.27949388078
109782.41404997962	151112.6879292002
117937.77812950464	156531.25473491562
110458.84325257855	154409.270977739
107446.21432697593	152943.0883253811
113887.90345307016	162200.34387360018
123014.8440489081	154070.65399623528
110006.15966481045	147777.00716604464
111403.27785328434	157948.58254632598
109008.01281952139	142074.1334541621
111128.53024872106	155200.99833591975
113419.22176283065	146243.8536137652
104757.54016174765	148828.34973869362
115307.49043400038	132857.06897715898
103264.99093718726	147189.80207291926
111690.78824394022	156759.22617403703
113790.30839960842	162592.15321136807
110973.2816128837	131924.10295068644
120666.30106854794	158924.29244564974
112798.86151823579	159303.5099589905
118154.51134553144	144488.5634701048
130954.11761658358	155324.22425926544
110593.58976411566	154918.26845101704
116474.06150705999	155002.43396084645
108746.83135156715	146677.86105123864
113279.40435490603	144824.07263175363
122937.3324972799	162050.56148474905
121832.55083378393	148231.84348403374
113286.46257155603	149505.36284319923
119225.54797969651	141843.84089723523
116720.86878304381	153372.54235094663
114595.61193052007	131681.98876486137
111300.4137867896	162246.2017821633
118033.51091795572	132755.66337176942
110431.44091900508	145012.75117131788
117883.69481333782	162452.3027971735
113810.54086548451	173074.87997070834
104663.42769138564	134056.03280690082
123176.07680636989	150384.21136792607
123637.87450647175	161264.35266195028
120982.56639595018	175187.29315007245
119986.38993145316	171055.16797695326
118591.45028935095	148658.9528375825
112914.64413486712	145232.2774984424
114404.74471587781	154656.16404040818
129727.52687461612	153237.10006312162
122566.78611954965	143217.70717379812
113167.78035223582	166448.18929337768
109780.4591831106	134527.664093053
128010.4395525429	155558.75265839451
111904.44209628951	126738.87101212367
117335.1239196032	145124.86755967978
111646.07746932682	169087.85142380898
117621.47473385627	151815.66002660745
116774.9083191845	148295.48643193423
106944.18250412497	137058.78504951997
115142.76799745075	152728.18104747985
111326.33166636112	165159.17112689072
108570.01756355968	140728.63911162954
112431.720658872	156726.58188768383
115101.63299852615	144636.16652857838
113861.03374254545	126910.22340070759
113255.55981235861	145109.17068902994
104078.0868451034	137651.08332393097
120308.34030002222	154435.37549198532
106302.50972222362	156553.35314842674
113854.65447021183	150021.34105685685
117714.03103433411	162360.84518880802
113267.57501700983	173511.63734507095
108976.43179171567	136025.39112504828
126227.5812202867	154912.03636719877
106069.41162896692	136220.32068736793
111544.59267112523	145964.500477517
135024.9710290765	189853.97817693363
112906.85946818572	132868.06067706624
114923.5989970857	141105.4275342197
119614.71879854667	147265.42001978992
115707.37409166948	146012.7489644799
113608.83791427861	138676.97035051908
125338.66400729331	170767.25451639056
113271.61114587284	150713.57479671887
111654.56147306733	144372.67696465531
114976.34186350528	146188.47425514582
112498.41589462728	146082.7558080483
121755.32182392478	154473.85632917497
119363.3035624854	157683.73920068276
116345.8027612245	151920.96406492637
113390.18476208951	143078.57008276056
103896.81235867643	149719.17096192302
104818.21937368758	168361.6567832093
113277.10005623332	129000.42033118028
117337.52758249434	142547.77980481763
112174.12252129999	136221.05450477276
114405.67068927396	133617.65853302195
105530.5922517575	146940.5273489023
113321.5835234308	146081.25774215805
120581.38683127417	135677.73095995854
110127.52886828408	145042.62031884937
116169.41579849526	161324.53576632222
102383.62111829122	134299.53536243676
118641.11862447875	137933.43982124524
114203.31164342053	140654.6954802706
118180.24112453152	131111.39942294697
113411.93179415085	148797.0964167632
110597.7435942736	142368.98636056713
115749.107348144	152166.60451683702
114321.49820252144	157197.06497275174
112434.32068145325	128553.33903662227
116091.13155940743	150421.29932381582
119840.52637156175	131607.3696166662
128082.32967550517	150376.71774805445
123841.87867960823	144288.4311380694
114056.88475164793	147255.1889054992
117385.80447455334	134376.90902825617
114048.63402008536	158100.2199072207
115524.18584530144	150534.9768602734
121958.22820272658	145964.4475522719
104229.56126444758	152549.81663757432
114489.0287001509	164224.60080075727
113609.50051114665	145254.75086837195
118737.1419011571	151242.42215566296
115589.13480048152	147339.7428045182
100122.52866725149	136984.40256500084
110178.15831504074	156792.63557922127
114048.4776914116	155213.21715385534
120032.5936426204	132203.5491370431
120557.78668243787	152205.99262644403
116179.11821761604	154324.4291723587
119457.73733762816	141408.76426054543
116230.40256841658	165401.8772499477
109935.42596067808	179058.56790103312
106187.33535537378	152048.17655476625
113969.68793746445	156107.02313736742
111664.76827443471	155894.49961402646
111985.86831560187	162544.11718863941
112409.06709195381	138668.48957842804
100797.77922337684	152243.87048434242
106636.97842790911	136210.26379293544
111366.10680334934	145940.30554503298
122658.40733883978	136932.69129646296
116961.63891400126	147652.49442431974
112885.33363970698	145333.66183914215
117023.19078996702	150988.4928541538
110307.16949525004	145046.80023271265
111791.95293929157	145240.02987180633
114571.4257202639	148104.87870422326
110743.82888779885	134871.58859722503
118957.43895162182	143761.84237815256
116735.47945439568	176155.80397960963
116952.05563432327	140195.51820801446
104721.43662514587	133765.49097433803
117606.80275016338	156563.27760957516
100964.9319453924	143354.34699006254
108769.58367256439	160895.35147181616
111483.67497650009	159365.13132682303
110957.83341487957	143273.81918269867
115262.31330388249	142402.7650691915
118255.89040880345	152070.95414735688
109890.22622011355	147627.53903136298
112610.67101127365	155490.9870346594
119379.22182997054	157697.9418181514
114646.70156958827	144749.6890820575
110390.69587357456	121263.60392129484
112800.58305302612	132390.82248869998
114706.0092447072	167585.28745415685
119917.51840884855	131486.0864080431
115654.34463630617	146032.32173597193
115756.72939242458	149027.95090701492
118271.83393372191	145805.1615938353
113649.59517189508	133284.41403715112
116067.28312216734	155014.5235649821
109518.95585097268	151141.15874363197
109681.29974600076	137082.83958799735
116736.09652800608	140513.68797021906
114229.82675240227	155117.29394088368
110340.46935030741	137544.2628916353
109810.68137405877	140020.64479902002
111654.67655259222	159185.93768897938
120099.02977700261	134907.58845227087
103387.58385703422	153597.0416498669
131848.65424741484	156133.79693576528
120693.66156258584	174983.5855053776
132600.58797287635	151280.59018850295
112947.84677209705	147186.18945363924
119815.3977143525	163689.78092161877
112615.43159976945	156770.73324030836
106929.33218530277	152106.08320501226
119052.21919316164	147688.1309304431
123801.45205624492	164964.929634854
115128.96283815346	141850.161164963
110307.59090074751	142490.1241041296
118102.6124520307	160919.42268816187
118286.88788212903	135233.38287539626
111193.60089683832	124579.28652519354
116709.35807270394	167399.24387794125
112482.6782264541	147580.4398351666
108358.17180088663	141926.3797434862
109363.74893288134	151569.06433465527
106761.87026993095	145213.94236483934
115795.13768724966	164223.31883589507
110848.53363551102	145132.82329236195
110146.24915267449	160843.19739902252
121102.41595828268	137976.3385545974
114675.18445944792	138848.15635546242
117650.19769749201	157984.41487182013
121343.7998549657	142849.9066658353
122697.09264455274	164042.43396937507
98651.72170135012	125129.28373239453
118908.64892913625	136907.63778807237
119501.34031358745	156250.0176257453
112433.00090377347	131278.79721806504
118832.50569968164	145894.46200872192
117213.69052632272	136051.43627486375
115509.95566625462	149724.86926362044
113729.57293944086	150103.8604587205
106601.45794318011	151632.37882663333
125003.10950512573	156291.44919536755
125403.70917137759	170611.45137256425
120815.70385249073	153151.87409601294
112708.77439227974	136813.78800323282
116357.0915869478	161634.9543295206
125895.9632256712	161426.39060118372
116610.89006828389	162602.85099945933
117382.55829706363	156023.90420077997
111829.36750508705	142978.53519837576
112240.52292198554	149641.51281509953
105911.0994446864	150248.22748098744
110685.39794144474	140642.44748952996
121106.52778928235	159994.35779717143
110203.41429470073	148121.05541976332
121325.07570651086	143035.01147946334
109480.66043435983	150858.39304726693
117220.40425479918	131920.0956025211
111725.86206153361	140921.96828881683
113236.7458206893	141011.37898656167
115701.32488293265	148800.9709520651
105068.17895950458	146051.63057125628
106043.88094104835	144929.9052026725
106394.30264643715	137537.21024735132
120652.22810792454	145483.27682902745
119800.20606231969	149941.71181367018
113200.09288394084	152829.4964480338
103667.94896661058	166138.92845159618
124430.15689049446	145738.72008642516
129197.04721712045	156526.32451354913
107044.94157406403	141600.83152919568
114312.74544125155	148839.5769978833
118891.06890777356	120883.12627463171
111715.28689727867	157149.35908905856
110742.15478183009	157628.63451428857
105316.15324201295	141634.5392539005
120212.67422519166	137281.6661017993
108140.59923021912	140964.31541521862
115736.19244521775	144785.88887220022
114237.8507699942	167070.5837227964
116867.36360221356	153484.00382007624
120354.59771078659	180890.0603992027
122966.10700620932	143892.84543776477
120378.48629098339	141048.09813247126
120927.75922010402	148441.298727579
115879.969724225	138398.47146296327
116268.05439738507	161077.58892017545
122742.74159389507	154608.507835254
111217.99178773609	136627.97802999988
126073.63148643498	148965.22295412968
110307.32571009998	125047.10915370603
120794.47458572802	140185.60458328054
104863.02614085683	135250.26264073927
106286.05894102095	148474.90292301972
116697.88571544141	140439.4865389456
114632.0573829196	143683.937030448
124331.74217215783	146646.0476496222
109077.93061183042	140358.36960925016
111773.88273836512	140660.7900284306
109181.54688051311	144167.02395314712
115679.94454534826	152385.99214400502
121225.32687916153	145081.58822608623
108364.53308730634	166646.6882046742
109913.00654108886	136381.95933598443
114561.42803050946	145625.2452479529
113370.513660683	154529.2487174712
111296.6501728555	159476.7683560529
112622.27041058466	164491.92987722316
120959.13845112032	146073.38983336874
108236.1731957403	137806.30600646892
116815.84920999839	172567.67852197948
110904.3324756879	160895.8843697447
112706.10140092688	155248.85373127964
108455.64969939741	146323.98172590707
126315.18134140609	151472.88374067246
113246.28574657302	140950.19344065088
119309.6319025082	157813.5661701188
121295.97671649311	152701.3605555951
121687.07780562085	168308.59572335973
109584.42998502002	141691.44096131428
110285.93554011593	134591.5956714119
120549.72116922669	142319.55053805534
113598.42246440449	143781.8491247866
114235.745763828	148828.34547917024
110604.63662644601	135750.6641531408
122032.20257038706	140197.71190737767
117754.52769059963	149794.17525572167
112799.15814843553	145465.41942404903
112392.85971820372	144579.84350405438
110738.956656497	142562.2312313787
108109.00192478187	137663.41675844483
115251.09042517387	150436.71523820196
118092.42917156428	172263.9202899388
113818.17446253588	140379.29474256083
106571.77188311127	142497.38519757258
120676.35480128636	129451.43949519523
121533.07750279244	139689.5861821059
117239.42975251788	148961.90736707728
119953.20855511374	142808.5925033649
124428.98466505295	168824.5640010931
114775.89189653314	140001.81327310152
121085.60821185473	137244.49467006113
121476.09299209864	151090.30230272043
114418.66494630923	157335.1674490045
107618.72781954177	149022.42631693278
116459.02964766353	161875.23124553077
115335.31545774343	140727.85476063262
121764.69551954299	156701.71955566766
113144.672930455	141006.1765866249
112179.18068739514	155274.3492713835
128231.2929921004	158191.57991581096
119032.4686399572	147503.33155959187
108767.07979540489	151249.8609688888
110766.79160512514	142478.60507662926
115183.92908315815	150268.90111838412
109995.94220166445	131928.90327003007
121227.18584239547	150644.07734923906
116679.79435256943	158348.39996520948
117815.39391507208	146753.81701793664
110335.79342846118	154846.88747382286
111909.48294453073	144854.29261901573
110901.77737399438	115588.66764943204
124452.73179255784	127002.73856772776
110117.91217455201	153874.42560891894
118824.29106537518	147928.26204097143
111137.01100338489	137804.1228798471
114881.73234780249	133476.10127235972
109577.36925628924	147466.72348863172
111235.31732818681	137874.66481450014
106632.59033919321	168530.24602288514
118661.82354574659	163034.49678472301
121864.83407800965	148494.53242522947
111267.20774181274	156550.94002382923
111659.47041371377	145384.71292524086
123764.20555734707	142193.60491866447
113886.46816997361	147085.14847652504
114981.37281983203	150787.4901136994
111855.5944170171	148257.42500293822
110741.65424346866	144781.19139509235
122418.39413208814	160947.406118482
108755.78526385897	149528.61520481427
108977.5831505353	151772.11533963334
106547.62658659392	155409.77752000417
118184.51821713077	143039.59008151595
117282.90096394	151086.89611283038
113419.53384535933	145875.86968822405
116070.4820244254	142555.50815557828
107226.382172033	149211.24938380462
120824.55785690199	149761.27409419726
118546.22151776619	152907.92032792215
116763.98163229185	152129.2097841504
110794.50258460609	150543.0416981729
107323.78422259327	135157.01933401797
117160.2475895588	162239.96712895427
126588.68578859049	169936.7601408597
107966.15240764596	139698.0808976664
107022.93243648057	150419.40877654444
109233.12942017656	138925.49422477448
110058.71472499674	167793.56537891657
109920.49075135624	142772.45916038717
107929.77772504701	147890.36438053727
119220.81473073972	162107.84952810645
116106.0252250854	155914.6003768047
100931.70617431891	139844.5860465653
126505.25617975509	147057.32155464834
109780.83201116792	152375.17948772162
111624.4355497132	161044.46964003623
117526.92084181466	141983.0555806472
111518.71984101823	143643.0033022532
116182.81545545314	144932.8085933671
119392.03441388693	142843.462665437
122199.41620315463	136060.2060445471
108341.94873711489	137491.521202252
106621.62683834402	160400.03826121724
116883.67733851516	154644.48271292934
111453.13344083875	149907.08374248186
114982.5399469201	139302.3421897336
111150.4517050754	131583.49648931334
118430.28781309386	149373.62833828322
113697.5060726561	139323.40506188528
115047.66897259705	136758.96253834316
120227.02575807946	133270.3410782062
119649.6954614768	151210.38785125958
119596.76560984139	166858.26902294427
116240.82436012672	143348.84065587068
117250.80827396983	166283.86969965993
109907.75084456353	155642.43933155976
119807.44514104511	139282.88514497064
108889.93751381183	156559.7428188094
108640.71110827343	126375.4077693499
107741.21389101972	153057.1176342002
116889.70155499723	148454.71887808034
113037.91110348486	128234.02675049819
113425.4093733905	145801.80761640437
113889.39225635167	142584.65590496326
117421.96781521474	132703.77315025192
118172.72428239144	174747.77153080792
123017.87988422357	163157.0103847888
109375.4557388412	143095.39887446782
115043.03596845563	135562.29658376751
114550.53273035145	132538.069959477
98968.83508573365	152485.62396281265
119742.5767878787	139206.469826151
109739.07890503478	161166.21360968333
116792.24864180552	139675.92311098194
104262.63061759147	144438.340798841
