114343.66042907277	141306.07400277312
113569.56578733609	140356.038453058
108742.19174061425	132895.75394189736
121256.63070170747	149503.76616245118
121472.85239918606	160040.91316083894
107563.01488364393	139643.36662726532
119210.67276177293	144308.17713391143
114243.49499458677	161319.9507070818
106556.76322039928	145624.13801591092
98997.51767111474	141173.7881499434
99281.73646379009	150725.90964081124
121196.21962050881	132499.40685486764
111456.98057577776	130113.68507057053
108622.53370809642	145455.25775805756
105437.37619987578	132223.6740942188
110767.88767419648	127032.3919320799
104653.6808377546	136303.6162277661
116325.8825832041	134595.2794657332
118951.00997846297	148974.97372145488
110410.4385637173	132442.00256809613
109179.12244188867	137988.76354948126
103600.56772808751	158208.62837250734
116858.07177327725	142533.25088211452
112573.21583975057	135450.65133073519
114490.75606403255	157760.0535421295
117081.77605991885	145351.0286392833
114224.86164452141	158218.26940033733
111113.02430726634	158505.55983041716
110227.21106213855	141516.79688949755
104296.99612637209	133691.59835831137
100598.42556350169	135057.8398537389
104804.0532501511	136593.40806297335
108358.15043883254	137293.7830596876
104776.63320663502	149661.7027652122
106815.40252637517	118960.00804090803
111236.8659207968	131261.7398073807
111489.00084551799	134216.01830056842
108196.88516211964	148049.0834177737
104150.77965063864	138587.75120286114
106365.23605144216	141530.02537076586
109907.58835040819	139949.26174275292
106806.02619020309	136293.5463606068
113607.99721290598	147070.47447841245
110305.49053566606	151900.90379795444
115077.12408434106	139829.5790248636
109063.20124446438	151332.4318570631
112772.56861992151	146767.9556989083
110120.46208215482	144698.17029760953
113201.71570043129	137688.0773293222
111102.00721588722	137382.50199135774
108713.41500559013	144249.20917213103
109239.84723276057	121725.39011853182
102467.22830739012	134301.7208153804
120861.08795847505	137634.2001123462
109032.4976877477	145254.95148341445
121673.20793958509	139061.06049507807
100169.5879115263	146815.6590913248
109576.26003328715	145916.14137293684
107316.81747528623	152756.36699045487
106697.82820418169	148855.14324796014
108800.69281381795	149675.53233492136
102362.0288241542	157749.91535063376
108594.4458558968	157284.67654229712
109469.91443385891	154836.04825039816
120553.40414416659	148457.74455610945
106068.16710415765	140027.67439461238
112760.88065199082	144021.9851006557
102174.20617877663	138097.9092512819
103578.11122229986	156709.15685199655
110906.76363406098	130718.28683826851
122892.75918556852	143736.76621105208
116448.01334656966	135999.58570512114
107581.49360822057	142229.16835601203
105672.24522382354	113650.04489925483
111740.59112245045	146063.83800635504
109061.03130665536	152791.6215485714
107963.53158940765	137725.56238070806
112447.19646174303	153903.1907913427
106543.04136686676	151778.72705510003
112282.98619029252	120724.57213412899
103769.0353879277	144240.44844731002
110513.16710879601	138486.82289222063
100282.25867665777	138575.30379209373
108420.98218860009	155193.22626400998
106759.28182068962	146164.1867589978
114216.34139119295	149485.19651476148
108487.86003250927	149406.40171562563
112716.05199479678	147741.79589661618
97854.66462775611	127965.22179419271
110165.37546456532	144747.31093518808
104717.65576461467	138728.96009027172
105378.74213547978	129553.82915807921
111272.89068688515	136453.25119884434
107000.87316930626	145594.7184966268
114152.7952820619	148666.42380356748
103005.2267920426	160771.66315125802
105462.95618689035	128274.96255327229
114950.58688401313	146330.3164001189
106819.5626185436	150993.81736924994
107108.52826085628	135656.03767469467
117516.95150047026	155361.3235177333
105032.04494457517	145818.05662528917
108527.82894580596	142040.5512274009
96686.77106141283	138292.83402008083
109857.41649527509	138944.50158839257
108466.02746211784	154092.95047453238
103003.18047023904	151836.42207830772
110180.50042115481	158349.62713556038
108608.34252076404	134838.82140044356
116077.67285607997	142275.0669344934
108204.36890204786	150310.69826625127
109058.56276458764	152191.84829964946
106001.22815611861	141918.51759702474
105354.85009207603	142093.11790008727
113225.36686801029	149150.34589548234
106011.13253677657	180079.12935824768
106403.75896115322	144864.6394043587
115031.42964002413	140974.4710265077
113138.00900775671	142791.3280320621
109628.72593839603	156531.6788113155
108309.9018500904	152055.1233284998
109546.0139396803	146762.79778057267
114543.44840743883	132357.62212920107
116334.56656219471	148201.47432893235
111038.85163400379	134584.31570308696
124450.63183919608	137755.07300088735
111240.0276838321	151430.6962980278
107248.00905334263	134960.7410571169
113281.18121839169	130449.4705449896
107093.12776946076	127750.78581630196
106959.64583180947	130897.79960410524
111428.70336503892	169264.01248920397
112743.0775158554	146898.47017713948
106272.30445997385	155997.8308334482
100486.29566916848	125632.16892002411
118666.12546089501	143794.68097011032
104013.09380496218	146429.00795022136
107352.49755482085	135497.47504286887
107771.62851065295	142342.15820086125
107059.92327402483	141718.31720563612
107266.02564714375	132266.9370068641
109034.22552938042	138684.906243474
100402.01337973894	140997.73009945004
106433.10630838206	148792.7787593233
100936.80501919892	136607.96478710484
112078.05900083776	138667.59049964574
103200.80321677528	142838.48694483
109557.15183254148	150167.3200901918
104293.49655184062	142133.65909407169
111187.61954319788	140900.24622569515
104605.26912032126	139272.85457428484
105812.58658654339	148956.5608696267
122304.53163050795	151985.4594329815
105919.95822536523	130741.55548663136
102280.31611273976	127840.23168407078
107376.98906976261	121092.85727106592
109770.5649415734	136808.6557048554
112656.16950830224	125697.80266723954
112519.58530273427	150870.84548171778
115094.31720028177	140499.35753606813
110969.46145506912	126296.21762169589
109677.9918598842	141959.39194246888
109551.79744170458	140003.69364413235
112446.40240526326	138738.99232269233
109547.182274695	151007.66728567428
105569.83516248825	137390.4689698103
106715.94974984284	132167.41937372094
101043.9545004188	147630.72863073455
106751.57821581859	167991.70949023098
110840.91928513694	122431.48478149137
107273.5113268157	140892.93334303834
103030.99680970606	133233.33236941762
107097.15225946791	130129.47878529114
101326.27421449655	134518.09619833
111592.8443028174	135689.46436317766
114862.66411786784	133635.32680369684
108026.35411269334	144306.89563580634
113145.10711641636	141000.47944462864
99957.4064643641	130861.51039436918
111650.39421468854	136394.7355638632
106358.22440686198	138616.4406643006
106965.39214393776	119172.22903731065
105403.16367149282	136609.13231864103
111262.71576638421	138655.6982629161
115401.19733290972	139859.0871807489
106440.21194324573	147662.7399302216
102985.25235734953	130630.95585414582
113855.00006232083	145356.92921350827
114517.05365361719	125757.98782796018
109243.3094721926	132665.2928847348
121413.06494822635	145870.68750627968
117940.1756297604	140663.68533941955
111161.4065683575	133308.62154795328
112739.35196899288	148086.36389579
115854.85973562772	145742.04899724005
113029.7668998572	131772.13372101448
100111.26830657152	148957.57463435084
108028.74189848444	140255.26948455235
110319.31831208037	139626.69724261883
111151.86328214905	150955.27578063039
105549.26509234493	146455.97458074905
98952.39618291162	128399.32756816759
108053.18684844926	150123.38202817625
113863.07865693499	152123.51114668063
118744.94234987212	126574.2835639567
111026.1613509988	148169.37965477572
115482.61328846449	153335.59601007996
107262.95248425075	128929.80298511844
108140.10057563386	149722.44827269288
106274.70610530846	158149.26991683317
106397.92670682902	140313.16545619408
106193.85781223993	156221.71151705852
112657.47337910434	149846.84689340324
109232.33506401189	144630.10344102353
108577.39684275782	138556.34661536806
97638.19182702564	133641.0805210306
111957.12168531597	116812.62636704865
109258.12602796794	123584.65146791085
122899.24956616107	135863.7812311839
107237.31826276534	140111.71653994694
104276.4286033875	133176.6775777412
105417.1735761718	140287.67593235362
102870.8367807139	141893.26649847158
105850.53552927468	133674.19021523392
107993.3775914841	133239.66959203355
106867.46130671604	119295.20785829378
109759.65248846638	135487.28045932
105045.07589772748	154701.50005614726
111776.6211774235	131332.8864320806
101539.09700445845	134699.65015647927
111510.76852964821	138219.1099839467
100242.08176832428	155933.27000890145
103292.80970019937	153594.04402344362
97395.36678115664	152580.11405115333
108477.64299365768	132719.8655683992
115619.73820363713	149736.19926056569
109924.78982252107	145771.79310272777
99004.77903303012	142693.10626294
103146.5088006951	153100.43870276312
102858.22388375734	146959.41319143373
112239.93195874538	134562.83417872747
107367.26108822104	125140.62257496922
104239.98274843192	138158.77507536107
107384.34959575499	143717.13420186302
111034.67374803164	134372.43126332483
107512.54935877555	131799.53372044343
103179.24594976104	128577.17392581873
110731.55979291712	131470.5744914431
104983.96484678163	121878.64469198779
115963.9385001263	140852.45674608613
110853.23041782642	141346.89188138416
105669.75543206406	130878.1214652411
108587.72625047155	132702.96923222905
107951.41217748137	139028.6052026842
105319.92630176162	129131.665854533
101631.55030624865	136833.1948366022
109882.16652248238	148493.83557817503
109630.3350641878	120206.0327292626
103767.59905846303	151333.67168531963
112098.26766448712	132805.8607971982
108095.15945669264	151188.39265578258
113907.08551230263	144551.5995507894
109272.44715744405	154262.7649841253
113925.1997738757	151213.07834170008
104242.853113309	129116.78740117933
103855.70594413564	147763.83756156603
116652.72439547448	134079.54148298607
112824.45885648031	161803.9010073801
114509.04381915904	136054.1115302998
108659.2760856297	143566.69837967024
109754.44585055206	170033.77380283544
105403.60149174283	123723.51609861244
113225.34986905465	132391.55835680707
109691.31945895907	149543.1820609003
102122.16006697301	140433.4574523108
99697.66023999095	122372.24182629428
101585.11052450103	134823.9459512108
108364.60779743826	127848.31996346723
106397.70041582908	167497.48344972913
104091.9728547864	135679.58359608002
102857.84726250143	129535.22388333608
116077.29808380119	149589.45914229262
104503.01138415073	134018.5652501303
110035.6521486634	148315.03963070508
109070.98632839641	158314.73266974397
112854.43103295605	141737.42550464877
92601.52790992265	118631.58983109737
109591.63194673759	132538.85770743882
110748.72323594647	159353.40940761563
114505.35550552841	138663.2607869013
108117.1075248195	154293.90969174475
114756.81027721017	141778.3499019796
114301.31745795728	121925.45720455068
116488.20863335255	157160.09583105583
103292.66820484765	145959.72791808363
110159.96704702315	148594.05983079833
109626.76280327281	153706.8620389044
110511.50534518805	148228.46085954653
105734.00877641459	136175.75031859486
105904.82725618484	157552.42671745794
115036.82262928892	134342.67137452733
106767.47618137917	155868.12337013253
109101.61496301743	143113.01803113334
102702.73791119238	143746.62340819446
111646.97124715353	142044.67510320578
103180.25469002407	144763.61164494444
109665.59968522922	146257.70057429507
114527.78917251564	143157.9504682416
111712.1938717555	125696.44970206865
113432.52843681339	135020.04799062115
105597.15441572818	146143.86430691858
110277.19323109751	132128.3484294673
111568.6312671921	134821.0999206102
103901.60762571823	130138.77601273643
109976.61422827534	136854.5450042375
102637.07069572767	145159.87161404357
103613.94212130623	148408.77480820275
108379.72532426435	132016.12450392195
112086.54879214162	141280.3436812985
115839.46347375156	136261.29366722013
107808.04571379935	146841.78972599693
106509.3343317056	150113.16274084745
105063.90098218236	141340.4363797611
121284.27181976862	153107.63511736918
111269.85422365999	136980.73712964982
103768.42080679144	131976.036936346
111558.80327457668	134863.58482775374
102808.55975782698	151770.5458109277
106141.43611434422	150186.57394517597
102939.42162115958	129094.55669755723
110115.94618162137	130972.57603817299
111462.74171894898	140675.10499724522
109952.83329303074	143294.53633402687
110699.46518402532	139502.48517465984
110321.33942289051	135855.58705339913
103571.56193794106	146698.903871058
116756.14566984537	145128.27807414252
109201.97742304558	150253.38005712678
118532.1223683095	145492.42188492464
109637.22756192923	136315.08800847354
107070.49431728877	157848.83171769523
115952.7957113455	130652.64342016139
107853.99545333088	132796.5495628326
115298.2294273889	140098.4680619449
103804.40524359568	134225.88874909698
114521.66613296696	139449.61243531504
110865.71883870778	152741.68851408755
104153.9222236306	130408.28626672683
109300.49208847046	144401.68839929334
108147.49294262443	132597.7591192954
122036.39794891258	150723.31559361191
112155.51579363279	147775.9686654875
100161.30284068169	138246.1026416955
104719.94292531298	138565.33082050487
105504.44956316506	133320.3522254398
112878.70517551643	154438.2286076842
105670.30219749613	154415.1424665447
112805.21493610251	135749.7009741353
104078.33944004534	145679.77823089593
111592.37707171342	159196.00475647725
98948.16031659232	145155.67325253907
106811.09056862892	145019.47203642223
117333.03270556341	125707.00105341294
100954.63024279609	134070.99670902576
112069.28688414255	167079.70020876994
102940.3489863625	148001.91899383996
104878.06153595174	138241.21478916245
101046.0622576995	155739.71627280884
111107.38274869273	143954.4522642657
104385.49734339843	138536.93592933042
107475.38435820624	148029.82483494526
106827.94872141618	138092.57146106998
107747.2040328925	150315.0264920947
106438.66640503038	123976.6927261294
106455.00037386247	130193.86029928594
118441.81331544169	138350.6367296701
109970.53233128197	144320.39725682128
106590.3612860195	150037.6860637318
105744.84746255635	137489.58425610472
113220.47154910711	133176.6506871222
120934.12118670599	147506.08476285747
109268.14481981282	129379.36061154015
110063.57678553596	134990.88189082526
106036.67452052949	145716.4176516925
103274.23550821359	124995.87334613403
105856.479998158	150003.38817758014
107862.63720457137	167407.74427878874
109611.10629365598	145817.63128123543
103081.97549036541	130249.76765552029
115571.57833096468	134039.1458424193
111411.7294234456	126413.83179436711
115194.90119183107	160238.89020942498
111742.56248921872	140150.45429721664
113674.37466947273	147140.9949031867
106763.73004452967	139264.52158429465
121464.75792636951	129984.92168457003
104786.34837081734	154993.04258417388
111405.71402769876	143353.5312770178
99046.6776331279	132347.90540803954
106727.23411015818	159056.53654294007
106896.83453243063	137714.79360810062
116981.81315484698	144691.76685173227
115664.6422648518	126659.37104346218
103585.44162493857	151803.54994047954
115695.85913901718	148426.37112769956
118071.6446767217	137483.0795383724
111382.88921376147	141698.12796662128
110129.4101112218	141578.53617816948
112340.80262976506	138754.0034217378
103889.03387816122	135602.1276673086
114649.69272111265	139551.38348035794
108071.1985186817	148067.52612970388
111505.54668081965	133998.42709867973
105446.94721838256	146442.38378342765
104981.72551977992	156082.79645253834
111217.57518421664	122057.80521413902
114179.95666290665	126278.29609126679
101645.4404675116	141048.48786353774
109394.86046255281	144978.7780451818
107960.5947828296	140894.17152009983
107200.75497242759	130204.82991685427
104067.72750349568	132027.2211818118
101930.09173526542	127356.38382303908
104677.68985447726	157255.19196810047
108930.09185221946	157809.9135325284
110248.34498807587	145952.19495403886
111901.62360874531	143943.495202645
109627.41137829276	137346.12788375188
117506.03989665938	140994.72435849678
112004.12595687364	143111.83728211286
114512.04041844199	136829.14119318564
111331.25111604811	133757.08137087684
110782.73991137781	140118.01750411568
103318.9319338324	159404.50208981047
102568.20193478718	143387.52657671127
110258.03699579253	146257.64147704808
103448.37878896002	143771.34752586944
110080.07955958962	127660.30245604907
109816.76252588694	136674.70427416393
112111.22156387387	142548.75968606217
108881.7660354234	138249.16508703982
101977.46171071939	139208.79243732267
117524.75177314453	148696.89621944842
107710.149443517	151837.51228115015
117955.78167997394	144932.13415453403
109024.257411208	142303.83917412776
101426.67918719834	127565.508317112
107109.54685927692	142579.56535483134
119875.52632308277	142908.5937973896
107444.85363204216	126352.28959606367
102725.75203356968	142711.12283471724
105951.4198577395	140144.58856149158
108079.28945023697	145539.34704404234
104453.40154734661	130490.47459629833
103578.53118157075	140674.62067672345
111349.43615174241	152347.35334561934
107726.912815074	151599.2720733427
100658.68175112344	143669.85748914495
112660.79631443307	132461.54241731315
103780.46337352261	138746.2898048026
104945.28529803404	154602.83378652134
116920.17385214366	128628.95512447983
102903.82282728524	142695.8473974026
114081.41339946074	146172.51850738484
107254.07364052655	143988.1025044532
116159.09461204376	126518.35296224704
107225.77688158241	140075.38793142032
105630.04162253762	153290.99306258498
111690.89207418289	150557.6737501384
111874.92271830977	148216.59733233822
123332.13620733749	147283.19602015766
108495.06101352422	146610.57861823164
115718.54147206002	142262.3522536159
107591.03387882776	137812.27644429746
106936.24418256346	133536.5077989828
115058.141432704	127801.85675545689
113323.97391234235	132485.25932575925
107508.02806917921	143201.99090626085
104850.12539927484	132011.51814429095
117674.70364796367	153424.9174120271
106755.97531724459	147280.15598331697
120455.1421738039	130145.47422707583
104467.63010328998	154437.4271751572
105747.12058432438	126424.34535956517
113889.49060455256	143388.59235293334
118331.40088473825	150515.05104716017
110129.08877265925	126908.3951517615
105272.97744796885	143423.9704335021
105145.9559389559	144811.6875048563
113512.8916061131	128760.65761562994
109862.80006665205	161496.18942910584
108206.87249046264	130457.25526320485
106686.86568106795	138908.10039071646
111584.39083863783	141978.2688970459
108621.57927591882	130568.80384813494
100687.28335750056	132737.29271228338
108729.14951724038	128881.28004278264
107788.18974455238	140752.51247239855
112394.40795185111	125856.55254649153
100661.56464768127	131754.63834242016
