905.476730822137
905.5455476218887
913.3079257045276
914.61496878686
965.2471448586923
868.260191176263
945.8582603730526
1242.153395830006
914.7471787208974
962.4075181352919
922.409989638813
954.2036217128401
954.7154256296769
989.5368061730843
914.5874458200221
1077.2855041316661
969.6875810069162
905.0314932561055
947.0458000145227
950.6344936992157
890.0460007410081
1022.440174666637
948.9129798060652
954.0587173465352
990.553080841935
956.9352514350865
964.2371242703636
1048.004236777941
923.1688352501861
950.727335087974
1001.6822196452957
937.1393161397482
893.6588362882508
969.3706310093982
993.7588328978807
975.3434032732368
934.9669735417012
947.1012949255974
976.1879248054444
1013.4269109080026
883.0971831343845
869.6878922334512
993.8088101507138
964.9361263846313
901.7179658039915
1064.5549589592192
922.3859333869525
995.4353499037138
987.1798453381591
1072.4986470402007
878.9573863103229
1103.377592515079
916.6524985303829
936.0140741135386
983.6016550978612
966.92807193684
920.7953807221088
985.5989504874151
947.0111606260793
985.4072990988128
956.1115493572196
878.9619215728193
954.9592139046159
965.1011873549768
845.2357984203537
929.1338367522497
875.4905529332436
898.7832953937245
1040.1108092825973
962.9936007122244
968.3661072008041
884.8242487762432
903.8172316200508
862.5624505682373
940.5771219224852
988.0684009335722
981.2997827907478
958.2846496067773
991.6704592320431
1076.9694853715073
987.5378978785143
975.2402494992283
981.131240259676
869.7889175728455
947.2374729148519
948.9238156438879
1037.0351508442998
863.9279843904027
954.6629528310527
881.3989620041114
978.5559632240214
912.5985906079428
940.4090511282005
916.0536108028285
907.0745128801632
961.4186857354007
919.1410752946095
956.7976729675701
898.3191370572464
937.8077190371391
936.4601238584803
943.0212736803941
1015.1091492428397
962.2036550256174
972.4718684314016
994.7290736987729
1068.2726247940552
959.4978625143017
969.4689023171893
972.2828829967856
849.5212394838029
1033.1685219422059
934.5548022783543
960.3248435358894
933.3360183945883
986.7221513573761
911.5075379726784
1011.8709798893733
1017.9617210973494
1061.5090385347019
992.4143628299099
1055.5531791272642
990.2624450132658
972.054236393842
955.4840155118593
965.0418599148994
1062.25931858889
886.8796426650063
964.9971437412175
904.9033076082508
1009.6374508797003
1018.4822773792306
1007.9772306510042
935.9433631624149
1060.1382944458871
975.685512616192
1068.8433893833085
895.1086878797795
935.7534335287394
940.2714955931968
962.8435514599624
980.8992229427855
946.3869427803692
962.6920781915063
969.6277497045899
989.1919275052068
989.716499252022
952.3554157219326
940.149292594635
976.1352562126382
883.305932195951
958.6776011460411
983.1431053475033
926.5297018162315
933.58376578439
1065.2583058085327
947.953950099407
1007.4563747487255
1003.7277647989209
872.1149755712532
921.0694946211544
910.3457144243047
935.000831144304
985.1503603887107
976.5338608076967
984.0819580149322
1010.9925976790735
820.8971239073667
965.2999149080473
977.8016585161578
971.7519151104584
965.9109122040563
983.1458566758159
1027.1327347570982
927.6833964553138
964.556947909754
960.630735662226
955.327246067927
882.2407409914449
958.670224081174
934.2448908087486
999.4057982054112
982.7168213368449
928.6441579175522
962.6186950642652
942.3960996688901
859.8294477981808
972.7161106296684
981.5355138582057
1260.4791530959433
995.5159868304445
976.4839682152885
938.9457783971839
998.7396396996261
973.1462900698914
989.4121093422694
887.9844884396023
991.3729300668531
922.5324115781804
951.7600485907153
941.4873684784127
862.6970311674708
928.6384593288547
1051.223876760829
874.7176439979343
1054.6209815289308
975.2100142265637
985.7324932064536
877.5544631799935
997.1556977999068
878.9503403930586
887.2376751440486
929.4452413843146
918.4933919034526
871.2576208161043
919.2442635908935
891.9811604312463
919.3270034886219
995.0237979181657
899.1884462932131
872.3175384380436
1014.4693606902208
853.8171800820855
940.648369664759
945.2170695105399
954.1517716027743
961.5564066619576
1033.7654161409523
990.708798014129
944.7156460228423
945.7795840627507
987.691809844802
941.2088725902393
946.416673886061
933.7477961879023
1006.5194862152774
936.5735450260987
992.5070971164287
989.5512038316737
995.7048799599517
849.8197644086127
924.4844044875256
919.838586529274
1000.3011044653551
942.4380054076984
982.9298317926626
930.4789423986144
979.1905572181414
870.3508251165322
906.7878462664656
1007.0963080774617
928.4216486251789
993.4354817675712
983.0817600230345
891.259215187836
942.5614012010644
917.5986881824285
1023.0986942015056
882.5166638241353
1197.4829993105213
1027.5614142952943
1001.4717850584159
953.1404025973636
905.8495212358685
967.1257035451963
902.7691369430108
976.5898092452479
987.765877945884
927.5190395618241
856.8397246569474
990.466806134556
1170.0257909903507
947.1545838465743
1008.8984554892066
996.2861112144149
915.1368733947274
955.5421142168426
899.9982517865244
910.1758116031355
896.515079731114
1034.037601844731
922.6067126055535
933.4715236849721
977.8709404610479
992.8660985118366
1140.2721308118907
917.7405290430594
991.7448199902942
941.9147056338587
977.520368655639
952.2217136127217
932.7044931495427
873.5869658660474
936.7477474432749
921.7550567162991
893.4794855066707
1036.162737040168
938.3503498383213
965.8684660203787
923.946178292899
1091.0857624406567
971.9236061873069
1016.3235415589272
977.3441724081702
955.1567333245179
995.4220325591009
953.5689126252192
942.9758526404884
976.6268485641912
1019.8097785435084
905.7476434553071
853.6133783407812
930.2589948655855
1008.7206859071812
937.3093406978501
955.312213164284
908.06268688708
883.872408461928
975.6453697945988
959.1723510764416
877.6661535616083
900.986081585297
1065.4758956522062
1028.7529652617666
975.4338423348045
970.6012678719474
909.9497786400932
963.2476760331906
880.3266584335231
933.9707510231804
985.6779510817322
846.8755352909724
860.4524575749357
975.2426075683657
887.3192054942464
939.48652364492
1031.4648621915571
925.0428688920747
984.2114609375052
906.9351400211323
938.2777462431092
988.2134950847015
906.2069174367439
951.8872939835658
891.6394333735237
983.2930551816239
891.7637089891651
1012.6665500102325
1043.62412138828
968.741178551784
1043.8225037013062
953.4267695290457
954.1494462413526
923.9397780968261
1041.1429326926504
974.3926031415
939.3626186404333
866.8176856881242
951.3279975101414
979.4504682015228
893.0947720053057
969.1514033338337
986.2923653608735
944.8575919211961
957.0467132026074
958.0129546236014
1005.0715007647939
970.0306261129906
995.8860645676242
906.9038954757827
1068.1099186300683
1037.5899826250106
991.5003303881813
982.6233925702179
980.2718707644456
1078.3042457096367
935.1475925343084
997.4811168210896
841.6121974373358
893.4988426667253
952.0609156900308
1004.9735912820116
912.114213765109
864.5948855982527
974.8722260744312
936.9065933061142
970.0407554830447
885.6321795642596
895.3844057910566
965.7350482882364
996.318048067051
855.7314200607829
885.5096420213016
1197.079467929767
958.0220064249685
904.5509334006285
980.0668900863087
934.0589345200575
983.6560312686665
991.2039049770327
985.0346066218686
1013.6989388814075
850.3756700296386
812.6410791240611
965.8250708466588
875.7650449462658
969.1909567982652
916.4798135691589
898.2051359950285
880.5502924501844
956.9371573290147
823.1229144063078
930.4028890681416
995.9115101386683
907.4574975234495
912.6564670895023
1007.6878008880386
1013.6987667784217
1025.0844384210716
915.39257866487
913.0630671692231
935.0196598833951
986.9558192026826
942.5215587609022
942.2855968584657
1053.5704577475615
954.9935344658728
999.0336188790627
967.7819972883932
936.4295042832282
1002.1844246605195
855.7715586146155
923.033619638144
1011.1317066893322
933.9777314090848
1051.791831625569
907.0519964386455
986.5551411344479
899.5873191003018
859.0847277365891
950.6384604711434
957.5281144335178
989.8794448953573
899.9134839042495
959.2356286665328
998.6603710765811
869.0158601733693
971.5931963085329
1065.2731198619938
903.495764273476
914.8020677994084
919.349969446818
929.7909946918695
872.9757284687544
966.5226648062594
1016.3236366815693
929.6160278851403
923.2430136336131
965.6299475647938
989.2410280816171
990.931515502016
895.9547976565475
1112.6323547003644
964.0974207570721
985.8726596867523
996.8635872510474
882.6744693777163
970.4436902076676
989.3745652356625
945.7034382944025
883.2236056269278
861.0484540563975
942.793295212373
874.6063005596943
941.1038789474801
938.5702126789699
916.9712872888252
1069.8874387551673
1007.1992157212576
992.2438410275946
954.5839374672872
926.4054401808378
963.8661782955014
948.7302805855632
962.1234012459863
938.0369723181155
936.6503652272895
1005.2736048807049
924.9972886011192
948.7223764812503
980.4859208407628
986.1880328226634
882.3413013857469
965.4926865798506
939.8035971072301
881.8683395607246
1081.5661686277563
883.2641599719067
950.9320622443514
992.9141447895626
