2940.3457029547303
2949.170047625842
2937.018404803829
2940.8023452577936
2949.673581430742
2937.904895672161
2942.6082784760006
2944.5023396584675
2939.191795624537
2943.0357895296197
2941.684078716259
2943.515680869933
2940.7496844857806
2940.0942982517568
2933.7018693756304
2943.1999785673625
2949.2897419929473
2937.5094571034906
2943.691266731488
2938.0160060992375
2942.3895686175583
2953.484073260561
2941.090823034296
2941.9869689634115
2946.7679917095134
2941.1340449011095
2945.6821223034985
2941.259223861888
2941.1941924032226
2944.0695571275314
2944.938500937319
2937.9078696608317
2940.7235433732203
2953.248440933683
2939.3126288108524
2942.7457358413512
2950.904335824249
2950.5322902207045
2937.2948710877417
2946.176572001832
2937.8505601548395
2940.471064508508
2944.7914036560755
2949.0795699290206
2935.3124064664
2948.5527669162375
2947.5202839408394
2937.68567257045
2944.758032320501
2952.118693620956
2937.57700986462
2943.9375669477954
2938.026927482994
2938.850807804709
2934.195497854564
2945.223929763866
2938.8618260020635
2948.0418997618654
2950.7013497991156
2941.94347511076
2938.69777414467
2942.143277173648
2948.4149868346876
2944.2950001655554
2935.978052328603
2942.7495121926286
2937.9077866563134
2941.2986872116835
2939.2843084803526
2944.233968067225
2945.607750283244
2937.3142501062753
2935.5040073195364
2939.378752226316
2950.837696689302
2940.478897898199
2943.175471634733
2942.552905056662
2938.967297066477
2941.151559271516
2945.0170133335773
2935.696571682158
2941.7932569650097
2937.233734059996
2943.7065973640356
2939.0447361471943
2936.629805830497
2936.8918333089778
2946.554864501234
2937.4124922653364
2947.2092719088896
2948.082141904222
2942.5788885720053
2947.356623644478
2937.0901799720277
2937.534509759752
2935.851317216322
2943.150210167125
2942.9232680319483
2935.3269199097213
2944.4498344122594
2938.4902616390964
2952.8788146554402
2943.2902059333974
2946.3349546972886
2940.6436763032257
2955.3181829450723
2943.1706325067726
2939.704723069026
2946.7534074983582
2934.2946052709813
2943.462931545474
2943.6228291939406
2943.456552294304
2940.8236085436974
2944.687507551598
2939.0429312569845
2939.972984199163
2948.503258610432
2942.53378533988
2947.7974292747786
2955.6692420699865
2939.6207545165084
2947.9141166560403
2937.1244379069053
2948.590692610328
2942.8201693384126
2936.9379553484428
2940.262957969448
2940.32922154797
2948.5755949125996
2949.588215484976
2949.7376873086187
2943.233926317024
2936.751275188194
2945.6453299231553
2938.1512848054917
2935.8637546542877
2941.929869692997
2943.20282842134
2944.853745008363
2942.1671943080755
2942.9826924525487
2941.363732306343
2950.112307965452
2938.0225053454897
2952.3988434086677
2937.1727520989457
2941.112425628008
2939.1682167877334
2939.721992797503
2952.1653462006634
2947.069822005495
2938.453508655787
2939.673059762478
2943.065796376802
2938.5043927239444
2952.910490095956
2948.997408638457
2936.9394890341173
2937.4953520370454
2933.1306956207745
2942.9398721981934
2942.5696857459156
2938.090994902697
2941.4504589293065
2941.6464474354343
2942.377724833123
2945.0944404043344
2945.0815784221577
2938.0419247011623
2940.45041125653
2942.9513152554064
2946.704596183165
2941.2299831688492
2943.6891402071105
2945.0636876823382
2945.176956158106
2935.636657596399
2946.90634869758
2942.855221420439
2946.729345419203
2938.072336044258
2936.7490999603788
2941.876882764973
2939.457649591642
2941.1379013559254
2944.1656780471258
2943.3136619093625
2952.9479814118267
2940.317474787779
2943.174847460014
2941.3446602807867
2941.2014810083083
2936.986181568577
2936.019637201809
2936.701733491664
2940.9071331274527
2945.232536033756
2939.9666164483046
2944.0041474220134
2938.4760307072506
2940.4994492710734
2946.3544084021923
2940.3427339789914
2955.5972786195125
2942.6894222184483
2947.866068010888
2940.369943008305
2939.709820835258
2935.6717186935207
2938.6415476048232
2939.881323222716
2941.6828242682614
2940.6767772209846
2940.206119777913
2943.6926456096503
2940.3852615074197
2934.7858846808704
2940.6383600248582
2936.6362812381662
2941.600465498314
2941.4043833437345
2937.453784455575
2946.061513143519
2942.544109998308
2947.777972710982
2939.2634556339935
2944.8900898835664
2943.1189992669415
2934.2150700327306
2938.6934343557696
2944.9260729096004
2936.7713481727887
2940.2848136847606
2945.4924995517763
2942.9825877284684
2937.649966977453
2937.957772568213
2943.7150656776985
2938.2679956138145
2941.295474339771
2938.9158530262425
2937.780777213369
2940.7875417338482
2937.1611001199017
2942.8146078929544
2948.160386108315
2934.5211341409304
2938.608074406353
2943.401147657217
2942.1791989946582
2945.5355682766253
2947.2756845289814
2944.3898739289057
2940.6346191498487
2942.6745745726826
2944.711234104627
2937.4892826057144
2956.900181082787
2945.5568433970075
2944.6862969482427
2939.3945030463947
2941.811514979184
2942.4142251488543
2948.317301408165
2939.697557738818
2939.6043944080348
2936.956442757427
2936.0923599087178
2944.6090191955414
2933.1541952483267
2939.7537735357964
2947.7172223594353
2936.2369108992225
2942.3290550160314
2948.073180885338
2940.453469138693
2938.247958267698
2942.310537427966
2942.7222156952166
2941.5047262284347
2939.7569804147806
2946.673752759855
2950.1205949195937
2941.2849214621265
2940.248606056647
2939.5589690469897
2944.470310165172
2941.1532396110083
2944.458251877222
2947.518277508469
2941.4933195364692
2950.091514567266
2940.527473608078
2938.2540928983594
2944.8369294124645
2941.032787816652
2943.316494721891
2943.551204675872
2941.0112714321513
2938.304673302201
2946.581162474141
2941.8317067714715
2940.9830535912606
2943.671330263985
2943.607607205973
2944.789291815735
2943.2679907177
2948.843474535459
2939.4729052159155
2940.339411438437
2938.9979665718124
2954.026160065405
2940.8817711378856
2940.3779123089225
2940.555749884557
2939.664984165157
2941.3073640618404
2943.182489917462
2934.7586417551356
2935.8560164637347
2948.441232990298
2939.8038677501495
2941.643640295152
2939.890033395428
2944.1273288800944
2948.931009522489
2938.98911960018
2937.7134744832915
2941.888908971565
2939.509596934034
2939.621147463787
2946.2059988181068
2933.031221782899
2941.1979620358907
2946.091622854101
2940.269494459383
2951.139437345256
2938.8849366772647
2940.6590213504433
2946.1618841508
2941.737819885043
2940.3240799436708
2942.3908451537386
2944.6458727277277
2940.8128066209406
2945.80384898793
2941.4056552409606
2939.8419686355774
2939.4522339607934
2944.1545153746147
2944.8866936376194
2942.6160039357583
2940.797791827773
2941.199932889749
2943.918165317633
2938.739733245891
2953.451459600942
2943.48376638573
2940.6266148978557
2945.2567636665467
2940.035174972133
2938.7900697306377
2942.4814145391656
2943.337353301174
2937.6893333587
2945.4063949963224
2943.94621749559
2937.7375820173943
2935.805726928399
2945.502901420744
2941.5963073988582
2947.0190799351712
2948.0457066687354
2942.673692120944
2942.672230993281
2943.875808059033
2937.4485181702757
2938.068737783146
2942.877406404503
2942.9241314341543
2938.4424739526467
2939.5670171524594
2942.9560960185254
2942.84342822431
2947.181338393183
2949.5960227049754
2939.2251300523803
2943.127302311943
2941.8250250201045
2941.539450607341
2938.587857450544
2940.0299943055243
2937.144298882147
2943.8751797242535
2942.575977226336
2940.468891414352
2942.339002694868
2939.693948544914
2939.695620038198
2947.300268619042
2938.0675271519676
2938.4878447847855
2941.308722360695
2935.1157006241765
2936.2274597794576
2946.4856337798487
2941.9227582385374
2942.9578668323347
2941.263814866776
2935.784540556634
2939.139359340459
2947.6137597154748
2943.198411923758
2938.8558457602694
2936.563398088513
2937.8235243459894
2938.8767853818363
2939.854155273747
2940.672033969393
2942.5895696852285
2948.6087959009847
2945.5350632548875
2939.2883376243126
2953.256237038131
2937.97355493787
2940.862097559072
2944.036962685031
2944.1133963602033
2936.271584089014
2932.6333341311283
2943.6904755154305
2938.3617425311545
2943.0871252453544
2947.3823114876814
2937.7693072463203
2945.53551882159
2941.4993806713405
2934.7343648221804
2937.636895293183
2941.8624602274567
2944.743156476828
2939.3206215670693
2941.0895953810277
2951.983001155474
2942.6055506048124
2943.189237069639
2951.0804464002395
2941.284911624994
2942.916703154052
2944.1312109906053
2948.548254970925
2939.070043757346
2943.4372359377394
2938.646682416296
2941.8177952910232
2934.5309180985714
2945.1665593688726
2939.423133231478
2941.098936192296
2941.5640050938614
2954.108740894977
2934.4970332464354
2939.544558082892
2941.0499778332614
2943.5509957024346
2943.908180829628
2941.734380792445
2940.5958446797995
2941.612245074258
2938.9803154216497
2945.1350935788896
2943.7199916290147
2936.6672590903445
2945.8574558997534
2943.1677983880973
2950.0579746582116
2947.5965488752436
2945.753904450511
2946.5499796740987
2943.604930742167
2945.5805216358012
2950.176703667681
2939.5526568483374
2945.1035316417115
2937.662380735977
2948.8674635876077
2940.412759776486
2939.643302492533
2939.792996518739
2937.7284101634586
2940.2888328497843
2949.7633322451106
2942.533547578224
2942.6614868428396
2944.741811335203
2935.506711593578
2945.9289826633685
2943.5593979001674
