1880.7028064030956
1886.5167348481953
1871.9833259552056
1875.2558504083909
1884.8431867445884
1871.6295047410524
1900.9155947003262
1894.7535343426302
1872.9938731866878
1889.7763886934729
1882.6209189937078
1874.7416689596675
1881.2016623450088
1898.995751992658
1871.2137930304343
1884.5906357998979
1898.9310585165504
1872.865568953342
1882.3071006721368
1888.2272426337736
1877.5819349237427
1892.3483034100807
1886.0349957473213
1878.4235027727746
1899.0186515384332
1883.6252560743394
1888.4838142501308
1881.8806591601856
1878.7694920361791
1885.1690762155222
1882.309119208663
1882.2528633967818
1888.9317989777778
1897.6612789417986
1882.3936902797234
1896.3596328221588
1895.0949593406403
1885.1647104260398
1881.0075897019653
1896.8739486896488
1876.2577575144846
1874.5485675191594
1888.4480293578129
1930.261787875313
1871.579849270204
1900.4632431119178
1885.7450505394638
1884.4960530874973
1886.0013128075511
1898.3576416363044
1873.622922243158
1885.6617635823723
1875.5831621730597
1879.511740899737
1878.3031918751644
1899.3253860628474
1876.081009981415
1903.1408318321612
1888.3421633304424
1890.6012475434495
1893.256804225547
1884.8019029259265
1894.296507026052
1888.1779934887832
1869.6348712899876
1881.2334998522829
1873.1805677654147
1888.3285422960912
1895.4244935908237
1888.4045135269848
1888.5456978934753
1871.4333640366622
1871.8815494929936
1875.6073446778375
1889.718606220631
1882.2609760660353
1886.6974326833129
1882.8150761950894
1889.4230133767087
1885.6000977534995
1897.4215766889906
1882.6057725061648
1894.2124866534205
1880.8773066615938
1885.8952759456083
1887.5771087798967
1882.021363048273
1873.9551361585948
1890.731029680035
1876.3149932437718
1895.135458012708
1887.2457754720588
1886.5472754501561
1886.382785436242
1873.4623373321433
1878.0443097908665
1871.878970741426
1880.409682977387
1882.086293014263
1875.9639474200003
1901.631940807228
1878.8741022378013
1891.7600206450584
1893.7901697426287
1895.1334614752702
1884.7338283694746
1893.6154511541442
1880.044299659488
1884.7497850480959
1884.4134698615294
1870.9062415342619
1891.6041350060982
1881.1769297562128
1903.6922654386112
1878.411839379232
1904.391212983103
1876.5958295716466
1878.3971150882994
1899.2580216655688
1885.7947871308356
1882.27585469229
1913.4289880033743
1891.9146356733106
1894.3709303246828
1924.1401034794487
1894.2265839509935
1906.8937410861574
1872.3609521629578
1881.0901798346667
1874.565650987068
1905.5997743338996
1888.7256085553972
1898.1816411940617
1878.7010470490864
1878.743985529547
1896.4304723193766
1892.3060638634665
1872.2842213790163
1885.3638511695513
1896.9757140044173
1889.477601067803
1886.355379167448
1878.9732022875987
1885.523789857342
1898.6888012490354
1878.3986279867647
1894.2157377801113
1879.3124173679548
1876.7908421443085
1878.2703931149135
1878.1835585695867
1892.0108862729326
1904.2442219611473
1875.927922644741
1879.2826346066686
1885.007854786994
1879.5871429336075
1917.4215248488445
1894.1260104838043
1872.8338165235832
1886.5009664183817
1876.2665749939802
1877.5395127286572
1885.6131295348148
1870.1115267901605
1891.4256243791415
1885.2228876811234
1874.7015666119255
1884.7221408008918
1890.7419148342417
1879.985948876195
1884.7719695595288
1886.7150789204147
1894.0924793148938
1880.537152878997
1892.739858745202
1891.67731811367
1882.1153283049055
1870.5252167673846
1892.9262434926582
1885.3837328644804
1908.706704727012
1876.9532969561196
1874.3968228244507
1884.2704187022848
1878.8349698544243
1879.8465821448126
1897.9749890044923
1908.4467222553847
1908.3762429884437
1880.9016648835382
1884.767682561438
1880.1715466208766
1892.1946632307859
1898.0227138494633
1888.4207959165474
1874.5306534013564
1883.0795560929198
1884.0508890510005
1895.2442165452899
1880.8953960167714
1869.5817352438003
1887.5977998682329
1889.4577989178915
1880.9377059651156
1899.7850511357121
1881.9997588697954
1902.430056487392
1877.5911567929911
1901.1989495658345
1871.9734232141564
1880.439189330872
1879.41620372709
1882.3255753236938
1877.8764440854409
1876.6812424617685
1885.218899199613
1875.6671499620502
1889.8443294399383
1883.691765570492
1870.3647839372097
1894.466732033704
1874.7850470650203
1871.443977396847
1884.9455257940328
1885.699609586191
1894.8883478709704
1886.9590104138815
1887.885312924411
1880.1703457882686
1876.2041947781886
1876.2928558897138
1878.8581053084415
1888.7670544575226
1876.8116990231988
1889.9124960750446
1886.0845133823552
1897.5853666131834
1895.7461151282369
1888.2028767862348
1873.6149918612653
1878.7060594235784
1898.1557798143322
1886.4736861119445
1891.6431887391814
1886.2658810869143
1878.9154005790017
1903.200721494925
1869.0862069685957
1877.2948097575245
1889.8221250746678
1897.0296247566512
1886.6774196844458
1902.5472788693091
1904.67960201169
1880.8445030193402
1887.5070592939237
1885.7742691228962
1872.3738102695083
1928.9278342667885
1902.3843498253914
1903.3829212794576
1872.1827239344384
1875.8277047741876
1889.6771406410544
1884.5975696751298
1878.7159791611866
1880.3889511213479
1873.4185404803775
1871.7319431965132
1891.6459504676886
1874.5036123991663
1880.9501469938614
1909.1049949034843
1879.3705280440288
1884.9450491437656
1895.635898122789
1881.2014393834402
1871.3949053957426
1879.6509459114504
1889.8304121319911
1876.1784690440584
1875.0872594603109
1893.243800527181
1903.2876395760309
1914.3265483212044
1883.0118548158957
1893.2147448027006
1888.1512467189978
1888.5555847643473
1891.1245250974775
1888.351041028627
1873.5874888770059
1887.8857769380793
1877.8577810340805
1875.1146085146815
1895.28070411839
1881.2211402682283
1886.7474125739323
1888.636675058077
1891.2455713467893
1877.9291721121313
1886.4896898215818
1902.5354862212512
1879.589103764487
1883.3098996950948
1881.4451977935028
1891.0931459408625
1890.842647685071
1892.657526161514
1874.8249415935436
1871.4498384943736
1878.753654359466
1897.3566655713362
1880.919750033279
1883.6862246288747
1877.9290077263186
1873.2642759265393
1877.565752770075
1883.0289127114129
1873.5997563345331
1878.4174947878732
1895.5093170521418
1882.122273136913
1884.740302735404
1884.8549528338979
1878.6762970466639
1886.699468263561
1872.4520969292362
1875.5324531016092
1882.560994333512
1875.5257512783908
1873.175417332906
1892.3325805898926
1875.7872948282138
1888.7784463002392
1904.1595456679506
1879.7253542904025
1895.6592244800281
1877.1656533428475
1887.3798581297715
1897.4253282304855
1879.0983600672669
1899.4194714897537
1878.5688261138525
1882.5309492255578
1878.9170200442777
1890.1233795675676
1881.7952485829837
1885.6346769049187
1887.3540452963562
1883.8078323537247
1883.6027638793475
1882.2791484370177
1898.7592118520747
1901.0722924237248
1885.976256387577
1877.5216850009567
1891.5165354072697
1890.3957897925507
1874.2424046730298
1886.3652200608637
1887.615115327808
1878.1523071112651
1887.003526484204
1888.7058232299942
1895.3016025409215
1881.8397959624047
1890.2373210258534
1880.791380245173
1895.3301446624741
1888.3322364706328
1902.472601943105
1893.8893113096792
1886.7096699710526
1909.2235909226001
1881.5951761484853
1885.9448226524833
1872.3305218808182
1872.4182456611254
1886.2442398463668
1890.833213827998
1878.3266003058084
1885.7719907978435
1889.9756080147213
1884.388584690444
1911.2625457089584
1887.345101909161
1881.3606706209289
1888.300551941261
1889.7454901880717
1876.7642332864962
1875.9234895677973
1907.058114995537
1884.9949791697031
1886.2834751156465
1898.4499342729014
1886.9295014319664
1895.5064621857657
1881.5872591032448
1884.28637835877
1896.662778694365
1874.404473014126
1871.6425271104833
1888.0254440704457
1868.6601861680588
1892.8405689874005
1885.1921798528629
1881.9819684687586
1875.292165165718
1889.7130609495114
1870.1199615335986
1891.0662884603112
1902.323355016521
1876.567300914267
1878.4477780359773
1882.1694373671762
1879.7477911367027
1905.7901886356963
1874.3846685859544
1873.7761401415537
1878.4353261085926
1887.2500910534723
1888.8455081978404
1892.8718389501219
1909.0252586880492
1898.9725260313435
1881.2905404063856
1896.5026411653052
1890.6069999864667
1870.5429709508767
1869.3931756954617
1879.481683840419
1895.3794929786327
1876.5328239281725
1910.2850350152448
1874.4814478171945
1888.7671612769443
1876.9623201630707
1869.5543115509536
1921.1591897419314
1886.1830590824857
1895.014184637033
1879.1589456892618
1895.7516925348236
1893.9202576611563
1880.761652538435
1886.1550674915884
1890.8474909237834
1878.3396863079645
1880.2926553427296
1884.4608822900673
1892.903853068768
1874.9506939421667
1884.6556743999145
1888.0345510762947
1888.7901313957814
1873.6568442546022
1883.4523698026228
1890.160063230001
1878.2746180031381
1877.6768377402764
1905.6304499992616
1906.279086663633
1892.855185802876
1891.6619444330565
1877.728044163729
1883.7732662893554
1893.3320832581944
1881.5886650101156
1876.293955125403
1871.1068469755899
1884.4695105549479
1879.753423540199
1873.5088113172014
1886.181436710447
1884.3165389583114
1911.4831907034034
1889.1596235377392
1886.214370368552
1884.122745315724
1881.2626110587862
1890.8851856739707
1890.3462457113792
1887.270565280329
1888.1160358700092
1887.3950193496867
1905.631348190088
1876.8230003742779
1876.8870531957368
1886.9882219001688
1888.6458146832215
1873.5620167076522
1891.3290955724742
1879.4510725496357
1877.5647822119763
1886.2783133726566
1871.4424182247626
1887.31078003625
1886.4401413251476
