72843.1659293367	101871.97757229846
66259.99023021833	87197.52655495696
71422.80759243053	77762.3099689352
70507.19861304949	87509.92845683772
63489.97876083493	90318.58131177712
60729.45112068956	95332.72665865772
75705.12281581736	90002.30630118573
100569.58599604628	144424.91324275685
72922.1028363858	76573.33527300382
75084.78750297843	97364.93364743087
77140.74015220493	91047.10452867077
70383.73240970222	101839.62775417573
74725.56699101743	84380.57234113614
79502.99520030309	116630.37924618815
69897.2633755268	86574.96349598069
83111.91032876926	119241.48441718958
71303.85165453723	82449.28541039786
67156.7288716112	69970.73127996438
70479.16001671324	93360.01745164639
84725.20780825298	105354.1867096806
67780.95998343024	79945.38592733456
79899.49226553946	154836.26620510916
68520.5070164233	103608.8550190787
75085.07431200228	88827.81240131412
74302.27170244619	99328.52763801135
76052.65546281368	84537.0787130706
70522.47533663595	113692.78820076749
91305.80208486528	92642.31958110217
76964.64839436626	81772.63352543031
66150.87247469231	85329.20558695596
88038.73979643342	92579.10582366626
82525.04168421894	74928.1691203708
65114.944164515706	79895.79741322003
77607.79703614167	102539.39692987541
75567.67172483142	103370.2706812229
74588.78601133414	84510.48998506578
62894.58652969067	86547.65181893078
77756.28714754955	110807.3387468311
84735.6764968759	103437.1965049977
84478.80071202402	75994.22950099605
63983.101319448804	88585.2003256696
63648.667507537924	83233.98183992426
83637.68428251606	83348.88778857369
66258.47814554695	96616.16921318394
64611.28169117469	92547.34241661026
90477.6403040185	104571.24912880808
62968.158069051584	85001.34453146228
83983.64008378086	84511.51058531998
87078.64589602477	103518.87412081756
87252.56798131582	105249.20560102092
61652.85086213412	90640.8626749427
89591.96966840106	112045.30562330617
70295.41044006655	89215.71608648173
75543.34138909233	91107.42673699767
71742.02821439473	88357.79092735771
74932.01420340539	88756.52211100393
69651.87380927666	108277.37379356887
81524.92354519348	98781.95570572617
74993.98331546903	79408.01565211988
76686.0105352427	113820.35338082399
71946.11889103276	90583.73773602836
64964.70225802532	92061.6369154467
76305.87285777676	82774.01006191871
67058.22288789076	109521.09741618426
62375.476447649984	74651.64750190046
65386.330243744174	87736.19830206032
65940.58286545289	76071.25283407999
61298.154422465595	105430.81721045903
79239.17942918907	109990.1889589033
73072.77731927097	124494.15315213797
74908.77676675	94760.95867752936
60025.54552122638	93287.15558400666
62146.37584961364	97663.54605975533
63567.32681817768	85711.1520209402
80025.59429723823	87910.96481920184
66404.1731812277	110720.49629777271
69700.09762374691	93992.17306784447
92454.8775550042	91136.82347770961
82663.91236985935	103238.5493453059
77589.75914279977	113358.80026553822
76934.52686481203	94183.57551772667
79705.7313908377	109624.60391904041
69668.3449514986	94544.66417110013
68323.21034462503	87266.03604297685
68725.92243482858	81993.74036824377
77485.86321802846	81576.23523992639
80838.9548579321	118448.90319929917
62464.824638057755	98834.99838250513
74459.85577788053	105595.45307196163
68539.48029117953	85652.06307246703
75492.46047319677	108171.3257616806
66550.27470241766	92679.08597896154
77045.05249957288	91516.04303431786
70055.11844386226	93324.68789037231
66069.53523969126	88063.89421213856
74710.86531746591	78086.4901438081
67368.62376315723	88382.68157755428
75425.10364746739	118821.4959139747
67072.16458763713	89728.83520049317
78763.66148579409	97861.66165008229
92075.33026434478	114255.41424532233
66076.13690569479	115027.39129116107
81844.89035618989	113798.39731201019
82440.71486974992	108905.84974409737
73789.02739393964	93492.970860637
77111.58154227256	109608.52947765157
86157.28171649465	97011.13344759654
79447.02009770472	106298.7967479062
72054.8671416233	103705.24145413146
74625.85521891966	82752.66213095083
52945.032531269666	76890.78420650281
77910.67525548473	109492.30065011301
75610.94543106665	71493.37195172526
75329.46950933106	87654.1019088107
75091.02945435348	104783.6723601522
76981.91870555039	92924.3984688216
69682.05155419772	80452.01824475366
76594.47625866927	82863.29409925106
89124.5933173293	101781.53876203904
85042.4357762051	100938.93302277362
78466.06811077747	114488.07040811014
82355.5794722939	109006.8585749601
74745.07903136784	88022.67069383347
64786.33572758945	112622.87511020398
72885.5983266733	86022.93045273029
74723.78237292435	82714.3849787807
89813.78860334857	119387.66564145843
69758.05393402069	81993.79851595117
79651.27556101314	102639.29541407544
67359.36961615976	79433.2855607773
87973.23304269151	101367.21066328103
82966.87998821173	106765.79572024308
82245.63180886443	114413.33764413856
76969.67904788349	83050.44630608757
97592.74952088592	125607.47124366529
77764.93064436744	93638.57437276175
85271.38971899262	164832.70600639645
55836.5758601713	77015.98910217748
66354.38383628038	76715.11382132815
74424.3533774154	81884.96022429338
81896.79689612679	88290.01727585365
81004.41847293152	97173.34878645925
67475.71173808094	97337.4891215941
77675.76825616698	95295.16405426161
69797.31980942833	107526.0513634773
84931.6103447644	109489.67797477428
85417.68648656717	92781.66066226862
73473.36918667342	116873.72062025452
67824.0282690839	76596.40216529329
73118.77192826555	112011.20363674103
67081.32645653408	85596.11460365639
74532.01258155644	108384.89748150854
76239.21543969304	92591.79008163608
75214.28999148932	87219.54816653172
77488.74463325592	81948.49817555617
87427.99308485066	125968.76291838435
72528.22650433509	85325.7143571246
84509.44509578428	98418.73509478396
81829.456373226	102657.98076503476
58726.45954171318	82316.000984548
63130.983247001874	118490.22533547142
68586.4267735523	94545.61822858805
76811.920692634	78494.35962407655
77692.11268081603	115546.62014478461
75163.97381170596	122518.05182604883
79780.38648850942	87563.69083776591
70129.9494748722	107320.77588077512
57200.52545059763	75712.18113246164
74172.0567573443	111474.62650894714
67525.16313065845	103457.21322273082
71409.00056061383	90592.8818696971
81330.59490979821	97736.14093942418
75813.34221882248	109284.76198345331
86913.86862432752	84580.58512397838
75523.3051954969	89632.46193860586
72962.35034871468	107360.3480582882
84446.14463410797	85133.8385810057
67174.38872296613	89174.94706243282
63731.13365111035	85343.66487510563
77396.17024861899	91025.7235824772
77017.46916323467	103729.997772635
83886.18507629448	83171.80968811655
68286.6214611172	119150.64255207675
67032.34561102421	110724.5318053857
76513.39458906397	115672.28452790497
72797.5487285665	91947.24683645871
63502.73373916349	82637.82547600936
74866.60869712921	106363.2748659163
72287.89282729669	97569.05267531544
110345.91274445484	141559.91264809866
74443.35150004545	84388.60231020788
78546.73620543821	90045.06366760108
73783.10198145162	100505.5217616334
77625.68398183954	103341.23546317035
70716.00988097914	103870.09693363929
83506.57304187043	100980.57063481398
71264.7146385718	89514.10362266835
79627.40945783845	102775.29360947035
74664.93646299365	102197.03104646728
73190.10474988847	115796.73331013866
70047.15787649152	82303.19916270842
62768.52692939555	83735.51911619636
64769.74183903508	75363.53491073115
77128.4243048871	97581.23145912
66598.23295703204	66856.19157010411
98615.94435030172	91917.16243017447
73568.44504177463	105682.12976705807
83801.52944119091	79024.81146641573
61803.36713669542	94228.6375037871
76855.5042418204	95303.86156709622
60085.288311006756	101294.03807922603
61023.854280670814	81575.49559871804
72982.29825043268	79571.28291804732
66029.98191472374	73348.82742065881
65330.814214085025	80292.60395076155
66476.16693436932	82771.60136832576
59274.101935104496	91003.13913894587
72922.08192772437	116839.31726283843
75241.71035448839	111767.99862865101
74013.01401998037	76204.95868387407
60193.07886661851	92944.36733600925
78451.96612474746	123947.95616344194
58783.66142384431	77560.99046186422
67182.94899963916	75511.46178112898
77957.45630802956	89984.63504770712
79896.20144275902	112566.3765795414
79431.36108838042	100818.21779743241
86101.11805352132	109260.33123382863
78422.46256044993	92988.25229728731
68884.47604898007	84689.08295991199
67418.33358435065	118417.09887302182
72368.03112513619	94549.79222298726
76302.82289942757	86282.39262784764
78629.96471737989	94426.36537587087
69826.04508506898	104557.72473053404
77876.21280753432	88754.16234217517
66140.0090729319	110545.5232668661
85338.17797924922	94182.95046168075
75659.3337174783	100397.03485737857
76773.59009989857	84781.78188539408
67396.12471365886	86798.7661729325
70392.21137367675	93121.08923957296
80283.3399448522	70280.79031136831
75712.20140268985	124851.93951087915
70591.25103594878	94827.85699209302
84426.17260014583	101346.41100144757
81865.71368488777	97487.74020055043
80837.55450654101	77810.54601826706
58628.207519132506	92065.91917735411
62252.47202263112	104071.60554586984
74896.67290485858	92250.24476532878
70017.90014336052	76909.18254462966
79974.0302166731	100764.7005742077
75022.7245956833	138945.16040895236
77637.33253501658	104921.9533953498
81019.19396559647	101381.0261284262
66757.31656646167	82829.48186634907
76857.52280698126	98679.0464495531
64914.53543132887	78148.95133606494
111461.5651382746	119516.97823070908
80280.25124433197	113588.97251478728
87320.44327711654	96252.62186538223
76215.8503994171	79277.92087995686
68343.30344566604	110853.10731389273
76958.24885696924	93492.45211316584
67550.48974511697	85319.64789079655
74002.67987254662	101532.24992017105
82866.70060223047	91184.60690433133
68027.35365668838	84420.01504607013
61901.05275423822	78442.56214457558
85954.12256300828	96748.97010433323
100805.18848974547	163514.61270307092
74673.9951337713	91928.44782540623
81999.34656855103	108057.30630176584
81580.3248706275	96299.10108282554
72224.51627369264	85790.56687493547
74645.96864228866	114423.94629123383
59551.14494480862	84720.14876867224
73097.21084252244	72974.46921506072
65995.21485857725	78410.92921672227
82899.6694860005	124355.1165676005
87501.57688003141	95755.74501363192
68741.90584559804	79193.92915837007
75282.5229490752	103865.87002963357
84549.35302398948	88563.82288001783
83995.24062222772	85456.88536645652
68772.24256937599	101650.63289912442
75876.40700095009	94839.50597653906
79285.94972256308	84058.39983127252
81465.35060955837	84352.47948431023
71559.7877839597	84719.19692673408
79062.67915319234	85281.7239596
60640.45845566523	68878.33295729979
64676.492601553604	82865.02042940097
68495.37589802878	92350.96098318667
58058.180836732616	89577.85243765546
87350.98657431493	107654.37022475687
69108.60738144023	102957.36483783419
70797.79223449086	117035.99003878582
68142.23237606601	85817.0328209622
87679.06124590477	137000.46941975324
75736.27962289323	90716.42653829955
77446.81874789493	127574.29504972484
80192.3732851911	90418.17218021928
73266.2264198953	101030.56735983865
86634.78203916871	100988.89372586059
73828.43551879871	94542.50766502638
79887.5628231404	96648.65899982872
77987.6125444778	96314.36102282054
84032.35331150657	82080.82366495293
62834.544647897026	94528.95306662975
64091.40744164295	84394.7490230761
78130.05910802168	87163.44505224627
86398.37203229906	101357.11350906441
68972.20197934954	106814.1769288782
74454.12616896484	104687.18224926924
58145.773798378126	77117.97419251417
62422.638124057485	87252.93855276414
74300.6148784477	108394.64701701142
70292.09018483537	99211.74413800819
65054.37541600978	104976.08144755138
79538.52380236314	100927.96794039647
81975.8548280068	123396.76659955939
81810.95930580478	102649.38736090618
69158.84818713446	91008.0003442325
68309.19316669137	86956.19449551962
73734.8242123445	78975.20213709658
79175.2069150798	77209.19343233595
63165.95579259551	78808.55338472799
69920.93139767626	97501.36901801624
70823.68930802365	96881.56817309055
55399.59705586388	80460.54471956148
64380.618987230526	70355.44493973088
79928.16475191107	136682.01905416153
69279.84226640669	79568.0653038577
78578.69378464017	113066.57546375369
80395.68670763381	119458.18940881765
69256.07595459219	80265.28729970528
69433.52234927757	83701.33813851862
77893.83948865127	96529.62339448655
64501.31069969689	90061.07984792699
81954.74063541032	92967.15702500421
65316.01536739394	91276.8134596645
80436.5373969526	85463.74654328317
64539.68900830993	83938.59248419346
69185.48971046059	92678.57187776957
66948.9615478959	85673.72575583655
72685.24738084525	86781.59833480991
88061.4706607907	107244.28284015054
73070.66658347033	99217.86665132735
81659.50938681763	109665.69666452178
62470.484950776015	87436.1647767244
73027.64982372103	95184.04811169814
71052.45169220843	79929.55285363283
92369.25369299973	121947.12611489558
73125.55998780261	86657.03251058511
68771.722458025	80108.71022866218
79907.73768787115	112038.53447033653
83119.47639972341	79663.90197295566
71085.07747615883	106909.30193265989
71199.50791665511	65912.57585849076
70907.9126974908	115260.8489129022
76248.24944622611	112445.52280042823
77715.48885637411	102415.15046109776
68874.70673925294	119420.14294003476
81258.62759874763	93316.64954081833
84396.5604765629	109236.67552965893
73813.80680807409	118489.32022871937
83750.80081067671	97027.7559484238
67649.61663116395	80669.65662611107
95408.31656859542	107591.61495503593
85593.73830621045	122052.73684550414
86241.97519752546	84840.60494393221
80487.1354113411	90217.64024898625
78465.9541962766	87557.75479790363
92519.13530939602	100534.05552383837
78110.04181399636	102332.58421486041
81310.52598794886	80524.40971990486
56599.71290053704	72388.29301149347
68069.77664542044	71027.74031299523
69361.45320614647	105095.32936870262
83012.04251722977	94135.20723928498
68432.72591187828	77922.15478845817
64451.93915090905	76716.39769878508
74357.905452119	95690.3393545511
71149.08965665265	90557.06399641847
76019.95550130731	107309.08128192862
69604.35011024257	76012.87589327645
65440.635954770434	95947.24594039333
77007.86601305423	82433.20114219195
77397.76918957214	108916.3325536251
62650.300493167975	76455.40384974184
63313.20281968244	83277.2293319411
98806.3248991961	125540.32230913374
80070.98921798481	81666.36124565605
68930.5514174535	82164.40467607198
79174.87849081596	99034.94876988261
78711.8920155467	84605.87397577638
74109.5520746196	120780.76624483665
83365.79290565972	77070.27710822476
81962.85660909864	105841.14041698037
81868.95264937171	84520.18430942626
56755.091265510586	81161.07581348687
62930.245488837994	66385.59259539723
73290.24822528602	89641.50738572546
67630.98233249423	88144.62939431208
81330.63857242867	103827.52807997738
61307.492877774544	97601.77943465514
70158.59136842079	71915.02911894133
62857.09065482392	90589.42333530587
76979.54085541898	100493.54673917414
60284.366051845995	93825.16841369141
63464.747426449954	83630.12225062858
83246.29674591958	107829.26190001536
79916.65934301983	87910.83426018285
71003.10272332688	90964.40836739025
86318.3447512254	100547.91665245862
82338.34595246795	89223.82179436983
89976.79944312689	102405.33169898429
65114.41138911547	106183.84373233454
72032.37184791984	102776.48258555013
72509.020127137	119189.32622640426
80357.45188308491	76341.07827383152
73970.68845375939	86707.35310145892
81964.8276533372	120132.33043220348
93544.44433620934	104752.81314986778
69444.66715401284	102179.6571710088
87803.97983031534	104472.45195538577
76334.90320554306	96522.28025945803
80685.86258042514	99013.85300152446
80505.51071122382	134176.23983002605
65174.00529048755	77897.11610976589
70109.74081079743	75254.06674026819
83686.94649526733	92181.45914035793
66894.13156819441	90002.27043557988
76467.7411044029	96857.19239083902
75945.58383168449	124338.70046263833
74887.88441732764	89870.80662546771
67037.24245170034	85456.2608699872
63096.621793039856	74016.12816622051
76315.06469463253	85804.44685455896
79555.90739583485	110961.14697550471
79245.17702098968	99554.60423019416
65728.62292465824	89263.47863884312
77573.15575157932	78427.21984283603
78433.43643356476	106698.15406757632
64953.66066104439	66543.46565485954
74950.4630077193	129868.9697863333
83645.84100289417	156809.49498515337
67014.99993020981	74133.05328582483
77843.7985385469	98293.81663242163
73228.36866766137	89034.20182815974
68794.15834696623	77369.22379930342
62569.05479790642	88264.52916376745
77130.55803697345	102846.85917319331
78395.31269141662	103377.04767282549
85628.81790840306	90147.02351284
64068.74799397873	81959.86278097573
73857.3930280212	106539.02381127645
79561.50290299756	83735.48336934847
76651.77085131384	97859.03604122301
58365.26445826424	87094.31076250094
96144.94553684193	108251.92215312774
81864.73959838878	104098.20593139454
67792.22158039687	90524.24095593185
79856.82350358335	99396.08514260835
64689.19729602846	82069.86950680784
72146.51524100089	127065.01737976784
72586.39499179965	98210.10093874593
67942.47376455471	84442.52012085734
68655.56912353897	79510.26401154442
65132.612037130515	63541.79638081662
79832.92051027612	104781.01400056834
71226.40700361492	103025.4461299461
69178.35584746025	123464.20024206421
69703.27881321256	114844.29581919039
71477.2960707855	78714.80807750838
87774.35957523918	72537.44219235415
81930.60575374372	88376.96782508302
69873.68939039652	89960.61109377549
70502.68417722013	89784.48645276936
68016.78800770135	92917.3985123645
77077.05885058167	85106.70296633431
75533.41337346606	83633.13998420112
79149.13266459058	88779.24970545112
70812.96969705715	87831.3223354909
68446.85795794	86122.5667054577
88489.22281204621	108073.50760042161
72256.87537900834	97448.35687020958
81756.95383362407	98307.75468969333
72069.18103347137	102855.46778723317
76769.8620529769	84218.7914803027
78572.50255863836	84552.26580373061
79564.99434898395	88015.43511197742
70404.76312440241	94968.49759332211
66288.34910502846	71685.82550875339
92384.66913363442	107870.82433226724
71614.45332574793	82363.954347404
75281.27849707013	103436.83065025663
79432.22163954074	113197.94544113369
