63716.39258752332	73642.70551115794
61353.172294093	72072.52333527117
63966.692301655785	70738.29576318679
67407.26486884811	69359.38909107128
63560.73765722158	90430.74363634834
58770.892717131486	88894.32783571718
80868.92036801284	110457.76216923537
73497.35024767529	100460.36803819079
57825.856054024895	80718.62652708506
59398.52358000086	90627.66501496988
47487.63721404313	84158.19305692846
69627.8678604922	70263.82180984937
61727.0725920978	73625.93538775455
72987.45289654628	94760.99938648281
64800.38206646105	91374.4273657322
73892.52951839514	86188.59255037321
54990.74951504409	75423.8868366158
70813.64447310608	84186.81885560289
71610.24666295803	88048.01702890368
60410.96740121014	77231.00343628247
64162.91318082038	84962.94647503262
74647.66920006415	127386.6404956733
67054.25309657674	90901.61870828869
65018.56003196749	69735.25291137377
64894.95143290213	99724.66512830801
69042.9980534394	72645.70589946279
63704.15288214899	97882.37073355839
66802.93559285227	86905.10972088877
64294.105879144496	72830.88297966801
55661.993796138835	60401.20562322143
64625.76997239645	77994.4763300742
68922.42803448893	71201.0759679234
57949.376392419916	68711.14051461875
64685.464435706635	78348.11090012103
59152.60858295212	60592.5141254303
65944.04487903626	67364.05050724024
65464.97037682372	82261.57767986476
63827.76416642718	83627.35607754695
65897.13146088358	83009.75733587505
66313.2092349213	78994.60684641439
60089.686208804116	77499.60958562716
50114.58574365253	67733.15800412033
70282.5827317819	83144.33310442926
69453.7422508481	85492.19322792947
65726.31597255531	78057.25119041253
73337.13164424605	95112.91581543628
63393.49912879112	78425.52717608886
64577.52391816613	87394.24296046986
67122.15712190737	75443.08966441917
70047.81942238804	79164.37053872175
57197.63014699107	78262.37298424798
59072.85893811779	77187.75322809878
59368.35746664951	83221.19701024401
67524.29946280658	78215.29441314586
63938.12017452408	88983.01850700955
72865.9900816203	76076.70504499468
54753.56102326949	84605.21802390617
73365.63666004575	92548.8079527464
61501.24019430354	73487.90756142008
57878.331823000866	80794.5273672834
79555.98985678467	104195.4521291791
49900.485539015994	69827.48696751689
59891.252838921035	78841.14415369148
58782.114468788546	105555.84867843856
68895.9780377144	77129.19261035124
58848.18181358227	88886.75456733702
61112.76285949573	75384.55332747508
55749.919806916325	82744.40314010275
56185.63943696191	98506.1905563465
61192.18187938124	79773.19824802432
73365.95693908058	95653.89126106532
60593.737518040914	81724.43526102336
57982.52943671879	75105.62233769713
57270.16794043936	63761.32199770539
63601.3582981503	82020.58169431465
58510.52220384079	97278.35727380675
57109.07831192465	86747.31821151022
65424.941692886634	80826.87012463303
63466.70906788913	85154.06936399773
74122.32122475914	76592.58157788547
66818.36772041183	79899.00405795717
73260.14314854957	96284.11537376512
60311.976762595055	90783.62880375475
53981.63522086786	76507.61934613094
64995.465230115005	82703.55922208355
64140.69678938844	83441.15725950069
62664.49035671858	90190.97013956745
62999.25338248052	93915.9478527691
61237.33055346686	73763.75517955491
55407.751121246234	86953.28273087724
57774.74836858928	84934.49002185279
55623.8231938995	74544.26729760131
70840.99466434913	70258.71113293275
55462.294379615574	78702.54508755072
58523.65874265797	80509.64902142444
63963.86938450526	97817.87644992647
60046.996026835	66058.94321676249
64205.69820971585	102363.61110271924
58237.45518705917	83668.1044274821
61860.5042388818	78898.40689595205
73801.01712209638	98634.98583889792
58513.74602759259	103634.16697135016
61044.530683969366	90763.61661385771
58249.46832064382	89841.96582963108
62536.36896829967	77167.4805977009
65019.2782934603	84438.14078812684
75348.48487392324	97458.06292657647
62993.81185287597	78642.34247029644
56532.683053157336	81773.4807444319
75964.6506372935	82777.56084625889
52983.026046281404	64493.97811856471
56322.10955965043	83751.14694257693
68034.71865093491	71903.76597659847
55916.68847011323	75649.90539040322
68524.50717932479	87603.14234736386
63456.57294358813	97380.10209418194
59671.729982296296	75443.51421856282
70506.4305387687	72763.7340590066
75000.83702109488	80054.23474601733
70216.74354861838	103725.00361988686
62953.56420635276	93372.64351834971
67749.95113806565	89233.69566528626
60177.70532256012	76119.09775499286
64726.6366447112	92718.24779776779
82719.10671256486	87990.79570639631
70078.49497744266	81848.03849498175
70955.4807900656	105138.0843543555
58937.381977704674	67439.07594075619
64009.503701297945	79160.53744328771
57453.41120776806	56081.29164973121
59427.71586071652	86692.986232773
61708.5275665504	103674.91723565117
70428.64698910147	91125.82599712719
64028.62835225651	79014.64910690868
60094.16379010404	84570.16243219785
62274.884754577615	73509.36941885135
62481.26620924664	107193.15724558862
53523.092276133466	73611.20711562563
63771.133548907994	75078.7984629598
74679.93125385413	85273.54589238513
63865.018719043685	70345.73167579732
70690.47340051274	82697.5155198221
54948.19934571376	79125.07724629446
62628.95669175848	81672.73769860042
55024.72797734785	94404.55848694287
64608.060975703316	85327.5207372445
61181.03389899888	89797.39206462527
62408.04729759067	107276.62729004936
59459.689107177575	66169.49981184142
65180.02361751741	87748.46186858726
56564.078825178076	76749.00795191409
60413.78232572494	89515.0690862554
87323.78684880087	129884.36894815585
63985.71905859835	74884.22777066602
61644.31318772555	73149.48716371192
66281.56955683447	74882.4270304117
66212.84382601848	76001.52856369493
67317.78493198831	85968.83177579824
67034.11261638024	99595.43782416782
59930.04004046497	76964.43528735022
53396.767621891246	75889.55869583835
69631.84394164906	75104.93327160552
62655.13470399154	75583.45467119411
75013.46227192387	91104.1449372937
62197.0694698852	100845.48938833298
60674.072454522	80939.62967041599
62540.33982834537	81643.67397495633
51368.25837680301	80212.13164123186
59969.60565323519	102015.61555910812
55680.0408403436	76940.94124466532
61191.40956047757	71752.70808128179
60761.38182507035	69171.32216290556
63350.912469814975	76555.97794725883
71098.11206232186	86873.10383535035
63757.41809527132	67425.65981864193
62829.03621325896	73161.13958236242
62462.7340997156	71916.18102411742
61409.87620941704	95556.59703759331
52435.30121200472	71117.66291243595
65477.551637607154	72472.78544066455
68271.32833318348	78421.92448135922
68132.31114493684	72673.05187055499
60105.45219456781	94492.49635862527
57207.42285790287	79371.20812638335
63673.76191320834	86294.8158074641
58746.05447801971	77892.81440638239
57703.114633567384	71977.66007684641
63802.0738063974	91271.38993487993
75028.43311974706	83948.86454070786
80728.9117055799	93345.5897577883
67662.85827736068	78211.21722064013
64221.83973179578	85892.61724712176
64508.892584164954	68584.57052756869
65743.20191900399	89497.74378692728
67470.68949716895	94016.2531623076
71939.58958573258	86790.84113289011
54802.680220459966	83178.92706876984
66100.20933691505	96253.55169516888
57566.297858178434	90297.37053709618
67767.79081774654	102671.12656750334
60055.8199398328	74565.0964449129
54176.14895543971	69145.65195018558
63144.45163036135	91673.84691912138
70322.78026595707	101700.18579127982
66910.93301226769	74034.26325629489
68442.76818159217	81607.53189256052
60137.34635606823	98011.52853634288
69327.66277313133	80263.78275997059
62082.61638809475	76726.23886843046
64441.324864334485	103730.33420202331
54212.291882859514	83520.77863357926
59690.40836538744	89793.98106875946
62489.37532939596	81904.025251135
62474.551073888666	78014.65064030842
58982.50693558167	69734.92319343887
52000.816350448615	77764.1508996414
56468.42593487112	73498.15633330254
61178.80654994038	68050.26427615093
72151.90949304108	85818.14569537035
56395.84445976329	72602.93660923827
56142.34618609701	73909.94033745247
62251.25465761275	85410.50739992864
53949.16660125161	71498.9966598572
58833.00859494513	78537.96929601791
63714.85882921563	89398.09695698912
59247.5293392601	70170.47306475283
69577.35999995068	71977.18102474767
65701.17198394792	118131.4054911531
68257.87802797282	66868.92877108256
50182.183477222396	61997.39143359381
63819.44388220312	81471.50123958255
52020.30003702344	76435.92408105457
65780.24073569287	93386.94948245629
56186.82323592013	90347.71664747121
67627.91266175981	91560.0386652489
71105.8817877199	71566.17081171878
61447.41900641344	83554.13613843014
61948.799589517614	92528.90999998932
60618.529454409276	98469.2827301137
63514.26932507991	80832.69837955009
60231.885074460806	74896.08088184686
55418.50051543801	67557.30253742266
61769.2118198513	70642.17927273083
62967.45205435925	94859.47554343056
66579.58444634776	73955.68349689424
62150.33854239585	75482.40712267176
68582.22344974676	99128.49744499318
64380.37806763506	87509.79810181398
54825.63302613922	62582.12641192834
58779.235187787024	80290.6124082506
62524.26045532808	81273.1060321957
52538.56257355379	68103.45479992084
68302.85681716476	67392.10234133544
64098.176754946566	91779.38312853736
56984.71333724211	73752.73762696075
58870.07975638712	74724.5035693772
59126.300651170255	70537.41937273719
68645.18616544461	73004.97756673978
55054.00266071441	79172.7907946387
88195.65313634089	88758.18552961879
74109.24984242795	108169.25196536683
70933.81588101119	72783.63924726327
61397.14586316381	77561.29196868933
63075.326278069864	98367.22797458014
58622.31106163017	81782.11335135039
55273.914985185256	78438.81048903789
61323.61923829376	81654.35645239752
71378.62460153074	84602.2781495279
68016.2988439085	74145.38828040884
56435.37528571425	76916.03655535913
71411.08807417475	90837.11211768123
74119.53726950043	84222.76075166753
56293.14754423933	71180.68577261857
66289.36099118931	106756.4672607448
65460.046880895396	67644.64117648517
52395.38819550918	76511.97478404848
55120.06210026081	81781.53296688054
55737.750282302615	64015.877204985714
67518.60727393845	98340.81104377964
64600.399548920395	81102.66169717902
60660.643623439355	81903.64077226611
66622.37542950042	72169.19331327331
60943.69152221617	64871.41912975527
67082.27770619343	98307.61397091261
65222.33256269243	77193.03401478441
74874.6448106	90481.34739007427
56654.11213736779	67291.93633740001
66785.15346792032	76776.4184766026
63790.50503865126	87329.75439895265
62240.83841379288	76789.57908816263
63618.27802058113	80011.13101256629
58105.45086211512	80255.26518140342
58526.68146513614	71276.71991908168
59686.59283704463	79858.93291861113
56047.1539497274	87195.45889899383
65431.21260540641	86004.69405080039
72931.07055215325	115066.71249646245
62344.90608110522	80798.46147941258
60115.984301243516	81607.32699107667
58447.60343310349	94429.25792093984
75955.31865094014	85631.06121876308
78201.16736696586	116254.0022906376
65160.0479981519	92947.46885024737
61282.44657296186	72545.3618471098
59919.30135629162	84229.58868618835
68822.69829540081	83880.3419576427
61799.540332418226	76471.43887497568
70088.63495142286	93571.59409684881
69127.1232555735	90239.22503281113
74837.1855823106	70735.41316003138
61070.02169042377	87576.9185757079
62164.17555539943	66766.35016190898
64003.45687719982	82125.74664856007
63017.25492792559	75510.74323275569
60344.591632434145	74962.98753996004
55722.613197493876	81090.80467678476
53586.55796002174	76617.94940909518
60950.53794579006	70760.98257182841
62566.57447258379	90801.5028046917
71223.07979429208	99459.13427535939
56999.6523386394	81400.5325341175
51745.94453557629	93065.70367858352
64871.91215571553	83360.49277593875
74791.85049286971	84454.77882086701
57414.37350860307	77885.58121485844
62566.71027854206	76669.85830972469
67062.30479636864	64705.331626206804
67745.18914194763	75672.82529705731
58704.8942140886	77254.05087651384
54130.25025817474	74119.28189922236
62701.875948201734	74866.8526334848
56104.761781735084	79711.95625708462
58138.63544009875	73056.43759142247
62205.64176529736	93872.61539419685
60061.856455570836	78007.48563179171
71240.41654485826	97122.03341073418
74858.66303883654	77865.15503388109
73627.10536926027	92574.56645281454
67744.9806015137	78453.17402182927
62041.14620591547	70955.96438371536
73696.80066920619	106594.38987270977
72993.58147588363	80611.29690100852
59604.06759107842	79557.24591822206
71161.3610891796	89164.40189267402
56824.85600388967	67529.29803533397
68238.11704392415	78474.41886945335
57231.26960743744	73282.64378546411
55167.87890769239	74486.0441039478
61831.98372192144	79709.63071898754
65568.1777806681	81200.69541293157
74589.72714529454	92510.51532385814
56396.76807348769	74981.88101358771
59609.45566361756	68719.46270305506
59533.496518863685	79729.10475164825
68152.64003004078	104371.74019028907
67030.30313694329	77520.5251426094
56024.60930685205	96048.68855076893
64361.38575848826	84809.3986931575
60952.774551824274	73065.43859697558
63350.95371542509	92220.01444207378
52859.41732653002	79575.96412031623
65820.18247953273	96836.44399552778
69063.24786756106	81879.78536747085
58399.30817604251	78131.36699131377
67776.88795972201	106287.37378865328
59199.012550078915	79799.43157654493
68885.1027652334	90932.00044709112
54706.68903209604	94351.87867526973
68741.32720507997	88748.85651115744
55867.79937895501	62996.508701217805
61884.087892284835	100122.25287427467
76619.71756457555	101922.4989737826
70947.0825689015	93538.38526942271
59700.561887802105	68274.51158269047
62110.13093249632	73344.88634232082
70958.54795070714	75769.59496695192
57122.342968312514	77257.76410660318
68172.32632488108	78941.52284665087
53922.72466158587	68441.92969417277
57199.774059901596	71343.70837750135
67778.58521370072	82690.41238295137
66179.01895753948	72008.09852416925
58581.62716259569	74765.85913863017
55171.86624002451	80907.74676198745
61579.898448445456	75376.13620046104
62621.33198548829	72603.99224105338
71861.63553190621	109659.29379076447
58314.98224797836	71411.85448941882
57783.58489210291	76884.21721403432
69255.28839154566	68012.9816407349
60153.90813447912	78751.25250785364
53040.32804076459	76883.32176175127
62688.454582495826	70856.34081726948
80061.00719305551	98561.1521172437
60254.70919339711	79882.9007649561
63248.05286845552	67701.3399602264
82848.0278109563	112970.95843158473
65075.74759388773	84829.56801766905
58847.03298197563	90109.04806101223
62849.66888069907	89674.03666285463
69964.68913424372	75426.86249204719
76514.99072609743	93358.01138743831
55589.80552605176	62310.87703798734
56715.893360105954	85036.88163683939
78544.00960261439	103023.35463491868
60914.06935285406	72479.42546158735
62288.06956397385	87258.45604397063
60375.28262058714	73830.77637238447
61745.06461465699	77050.27139106032
57168.90329544807	70240.36799372286
63776.153913133974	80250.91906136645
58081.62661136102	85102.91941659169
58242.177624367934	70612.7118479578
60196.84954903101	84141.0297609146
58608.89083116298	78228.89581183165
62947.35052496157	63516.26456200665
75880.95518638025	89112.95935209702
58609.53995435186	85300.02142797978
72712.1639074905	93554.58448863917
50587.9523101781	75318.50245387736
54953.78557229633	69318.70681571367
50285.7327724087	83075.17939044297
60831.30117692382	59571.353195731725
61966.408331758445	101497.80012939275
78812.69029103787	119264.09631809808
66865.61884151629	84570.10783718112
63704.74953482968	90174.1350571367
69878.73552084567	87450.70772361495
61486.689835281	84455.61842697223
68288.68089170182	89834.99078858852
63501.78192526534	81697.34449231334
55997.201775491056	72198.43665515207
59492.26220632892	70865.40925777428
67355.40203509803	96713.48573527912
54862.518276180446	80086.2130879697
62576.11560851254	77172.52579688595
61163.36486684648	103855.18826784959
64350.33042875232	70944.75654541986
57656.7635537547	79126.64476227663
60324.818186631885	70337.42197901517
59843.620687971474	73130.03274384601
60715.41355605498	80243.16140393635
67608.86339120612	82147.03964116206
61128.08439449198	76758.2702074285
65090.845941863765	84611.26615990311
77737.33386067644	117251.58456756514
57974.98694095097	71188.84423270905
60114.04614272337	104781.87236253398
69511.40423009142	98483.00891120832
56991.184851080296	69305.49863881647
54855.13981881513	74441.27315465332
59061.50011402751	72880.41614635359
61986.174302097206	82156.17897952044
56573.1070156402	81488.995408039
59066.68326820621	77854.07278927685
66615.79713654707	99434.58337253262
61646.63258531784	80499.28732197572
53014.872170487106	81587.13900402751
72633.4396492058	82042.91123356305
63895.48190479789	66301.75147931337
69933.32183213622	114005.74148112806
66011.22585176179	73428.96558002199
60162.58637151148	83357.73044876267
67919.86175196737	102409.68976928917
60441.6223019135	79770.17035939511
69206.23682683185	69814.50034681376
52588.992889118665	74223.0980065041
60382.93599037874	101695.26437131762
63817.24270775942	90511.81838283276
59932.0522499412	86457.24760827661
61521.67967200072	69395.92027029191
54091.615523558714	69380.93409291333
64675.5190141763	84362.8917464219
61246.38318685106	81270.82383147666
60661.93499013857	82306.77406074716
68306.48110923209	77592.99825794154
65046.2491174363	68099.92711719431
63655.553507445235	87363.00519139254
63686.82099080041	80105.47504621836
61734.67735050212	83605.83986435468
53821.14208174359	83346.12038690578
67039.03152294245	75261.3671930439
60965.704833749136	84697.41108697017
54145.034709175525	58148.64828052823
58435.77337998962	85406.5036048947
63651.21815078497	97709.20525029786
62072.02704927832	67706.09330144811
62340.04064812674	88580.0253572429
56629.15027949484	71133.45968646902
62294.82179973823	67688.21925531657
61672.60242695763	95935.34808280811
69878.7282509435	94097.83444257105
61049.957768514716	70239.79108166897
61644.00117805722	83448.82125437038
60070.41099723113	76894.64804856184
50716.704389116276	69193.38748845432
63370.08374760964	67827.27823785611
58569.70806570181	79683.63570598193
67193.16907945354	74015.42956268133
60368.443022431056	85276.68138661984
