2689.6609894130997
2685.589066373087
2683.267864879853
2675.8548398915286
2684.987573897779
2671.6842050874848
2685.541821496367
2701.0104898896693
2681.328615581573
2696.636087035372
2683.3339019966925
2682.608791306632
2680.9780154989758
2684.0700964716207
2668.825357898522
2689.598090702468
2694.202466224438
2682.7390399540086
2689.734825048093
2677.4112654974333
2684.5330427736235
2686.126011520184
2683.017548749411
2685.348971435179
2691.7615010653562
2691.7412539400802
2691.1390913585246
2686.104110210408
2678.4822198503225
2686.301585516025
2684.6949632221604
2678.867859617299
2686.7456190282496
2688.539180679971
2683.340144680844
2691.103521975302
2691.1503075049022
2693.7348507885113
2680.2648035921948
2686.14215375615
2675.088401904735
2678.4951922476635
2683.9319005771927
2683.6436868454534
2676.3789892016785
2703.3542909396697
2686.9687035649677
2690.51861380814
2694.429837636344
2687.2694279696134
2676.9164837719736
2692.679097510053
2678.065494653018
2679.2059620036657
2681.292779643025
2685.0007116511097
2681.171715539909
2693.584946662475
2684.962523919721
2683.5666456733666
2681.4571790067575
2678.945417187507
2686.30354132328
2688.196526506051
2668.2693261082686
2685.4900055889593
2675.236211075443
2679.554333353067
2690.513674179013
2688.390845601307
2687.9615485601657
2680.2595815415953
2672.0827625102065
2681.5675749754605
2697.21635066993
2685.1182425031548
2686.6030877496646
2691.344696415919
2682.6240866110497
2698.541241781237
2687.5864790461374
2685.5721139167294
2684.291862013348
2681.019386861088
2685.5911285408074
2686.907713125026
2687.828333898522
2676.8930323638315
2695.242026240692
2676.3339672256716
2696.4950720411734
2688.6058942423288
2687.5286190697493
2685.9555425878975
2680.9312174380198
2685.961241003765
2684.0617363377287
2690.491494301549
2686.946409165721
2684.1833370576196
2688.4338639128023
2678.8360926134824
2696.43690941544
2696.662812072479
2688.9128176860186
2682.493933775541
2695.966515155048
2691.1395173930914
2691.3456869116367
2679.7893451030277
2674.843024206502
2690.6098041625573
2685.0291554506694
2679.8463969366267
2687.3542200547317
2695.7555234812744
2676.281847770444
2685.9705595759133
2694.0305001649103
2681.7210418770956
2687.766373693843
2708.6495310173727
2688.232237030115
2689.8843716992487
2685.492298547463
2691.8649581540167
2696.365796078333
2677.2943542297626
2677.3982503207644
2680.460458284563
2706.8395311472486
2679.2832640488587
2699.366111370242
2682.3356910295724
2686.6141636779967
2689.640596011799
2688.3077695635347
2675.661718658451
2683.522693722174
2687.657813491731
2682.2022734938573
2690.583717244236
2684.746347073326
2682.1520597587514
2688.9271261392296
2677.2273272567218
2705.378732031707
2689.415578800324
2681.1641976469436
2680.8932356895434
2682.973152684759
2685.6231774313137
2692.640132963812
2679.6570786350208
2678.8527344134254
2689.0930001466445
2685.864078155965
2692.0005885464407
2691.8690122541693
2674.683831574991
2676.9713940952424
2679.7083520924934
2685.3018687380836
2710.673487804808
2677.6833905087838
2682.241539046953
2684.0174566558017
2672.7293515511938
2692.3915674385375
2682.1972446764817
2682.1104266235934
2684.5369898776767
2682.6043720536054
2688.9106986876886
2688.478569658426
2686.363459496906
2694.8893302849874
2685.4187710534216
2675.710618959894
2687.550148443816
2694.760343845149
2692.734000595291
2682.4535490436815
2679.173778942735
2678.422706267103
2675.452804030975
2677.0708981278576
2688.4470003494794
2692.0946142974803
2690.636364040874
2686.5393313568775
2689.6368969905907
2685.6453948773196
2694.604619441271
2679.4048696364907
2684.4231120089667
2681.3517123806737
2683.246691079088
2687.2846755425603
2677.3480682746995
2687.7058580421526
2673.4762305640215
2689.7593289925617
2688.7002081975747
2680.5673963175595
2686.2684039734586
2694.209703448818
2686.2278017637964
2681.51656716421
2689.5923922139773
2676.0440185842735
2683.5446421002052
2681.898694062279
2683.799241913227
2683.323553021515
2680.5064542259797
2682.389375969634
2677.833410031245
2684.8582746556767
2679.357604806073
2669.658812085263
2684.6062563144856
2673.338787682589
2674.0410207651057
2685.2973757198397
2684.119243145576
2695.4838378518843
2684.8295091818964
2689.3999866128797
2683.8184237633336
2675.384206858636
2679.351484477879
2682.367771604968
2684.411968346839
2681.6084636723294
2683.2249389225035
2681.2334792659162
2683.26987531299
2689.2100953404424
2692.09278645865
2675.6335887003092
2681.447895349984
2689.0525567810173
2690.23823200648
2685.9274154925597
2689.625651952903
2674.9169165635503
2685.1046699595136
2670.974500041748
2685.1318691786696
2688.078720995639
2692.190339177164
2688.3776755381423
2700.976777232433
2678.980448380296
2681.028852239353
2690.6207924544924
2685.348853047632
2672.9171763150416
2707.798997231284
2687.3217981177895
2703.2288432602386
2675.6699623996387
2680.046087741702
2684.148647760644
2690.3032819835016
2687.577704191121
2683.2830558006067
2675.947598658998
2673.399699144922
2686.549157915014
2681.10674863856
2691.5873409885558
2697.217746422085
2682.4393785721463
2684.627852919678
2691.2797857928526
2682.7135109312676
2674.3730246422365
2686.389819103236
2684.5238924314717
2682.5995458964926
2677.1230469966813
2691.8502259850866
2697.4457630398247
2693.62392415018
2682.0206211261693
2698.6541326866527
2688.143187939379
2685.1031857911494
2690.560691042526
2686.7610163918134
2676.5014547150754
2693.4027325183215
2681.5127544261845
2680.193302439532
2701.2518515140637
2690.1953774429435
2691.2923334247716
2685.7943934668447
2678.0218988484803
2685.1867321913123
2688.7533929367332
2695.912189354265
2684.36301433794
2683.4579415465278
2692.9701309438105
2691.4731973715375
2691.7835666863994
2688.1861526548646
2679.515003789179
2672.4106991934186
2680.285516247727
2698.7047232942805
2686.4270893946486
2688.096862452655
2675.6310374114164
2675.6460255050742
2684.92767388404
2685.966531952645
2676.1691694896153
2678.532923522427
2712.306936085025
2684.0047656536135
2676.158175989242
2688.8381461130084
2685.4174585219744
2683.9100060618575
2673.8753773530384
2679.7236275706628
2688.9713681477315
2674.9083201375865
2674.7353665440332
2691.6600366832295
2683.041323710993
2677.9176578800534
2695.6137314008292
2684.3787128299273
2691.4342439993507
2681.962109622478
2682.1675239444357
2683.0013119088435
2683.4523370242187
2684.838169713208
2683.4024758774076
2680.583023677906
2682.2258357971696
2691.4389009114648
2683.955953920325
2685.0476131792548
2686.206416089473
2682.488005131586
2684.8527565231216
2684.5248442055513
2691.339727506914
2683.8839649327297
2684.8433188973104
2678.1864883094786
2686.27641446471
2691.4145104898453
2678.715273366783
2690.724342740913
2685.619968427646
2683.1242574856433
2682.804712139031
2692.8576861940974
2697.0585836786013
2685.3245050295254
2689.006965700388
2681.755078722039
2690.911211786917
2690.3101639093243
2700.375523009061
2689.896891866088
2691.100435839888
2685.0329004689665
2685.1703313050757
2691.268075187547
2677.1248066443413
2678.1793010475717
2684.881746898992
2688.7758710026887
2684.832730296822
2673.5602713360395
2681.5949824805502
2680.8315141221087
2693.3718070647706
2684.1509851647465
2681.88129943543
2689.1139132785274
2687.317108072247
2677.5753228968256
2676.6001773494254
2708.776304478765
2675.990061755468
2691.2510737355874
2693.362109319083
2688.350820404603
2695.145320381502
2685.602282027173
2686.537731764928
2687.7479432966547
2673.3029662127346
2671.4456021726337
2691.1158702405387
2672.13271181179
2682.7339775989353
2680.361935395549
2682.774397699627
2677.9738057781888
2691.9362272810754
2671.0337040029513
2677.265785964132
2701.443433618204
2677.5572080208176
2683.2455551378916
2679.33691932289
2685.7583977951845
2715.7479449535786
2677.8797334665473
2678.1478338691086
2681.412975154786
2686.8850722637835
2686.055083406059
2693.7551097801997
2699.313988669197
2693.928068758971
2692.8969827795745
2692.422194675262
2687.136059842235
2680.370785269626
2669.8344817944626
2682.2141216285336
2695.618075914873
2683.507488786175
2709.255624649775
2679.953928613928
2693.823399039325
2685.769716953503
2670.961120256351
2721.224378235297
2685.612771714352
2702.7920297625074
2680.9880277063653
2696.1412168720763
2694.7839057482306
2682.372093818049
2690.1581549910243
2692.433801720638
2679.0783031073424
2681.891122142263
2680.1203626081387
2686.4462904541833
2678.691444880234
2687.1863480285406
2688.4714952544027
2676.99581774746
2674.6904114407434
2690.5013376553397
2683.6602037984217
2681.829125745772
2675.6718631750873
2690.7790251390516
2688.8975793378295
2683.3381753615595
2691.3922706131693
2674.252684048999
2677.8283224110014
2683.6470802819754
2685.0315693938014
2674.8123654476713
2674.4471731595904
2689.692910809054
2676.8406827292556
2680.158339915432
2674.629277069242
2677.785181094252
2698.25095665149
2699.314478628892
2693.2181436603723
2691.621057419804
2680.640251684035
2688.062084346781
2690.949470505233
2685.5300697226494
2679.6899577763793
2690.964923329254
2687.7774694062737
2675.636338429864
2677.8064787989642
2687.262230806592
2683.331590922371
2680.520935051477
2693.43841008617
2687.3223533788146
2681.707104960262
2689.062328969505
2674.9158878588896
2694.8686346691093
2694.9979269801156
