80264.90254310973	114854.95869626914
78277.7926179997	94989.56344911674
82528.99219736026	107233.33215899295
77612.32887993698	105068.88027074005
87556.15123820568	106195.26801991943
84461.78901200612	127268.29531382307
84606.75762780535	97313.32264602516
86962.27828677921	116232.92108444791
83677.80969893205	99711.21584764813
85699.34286769386	99346.13822587428
81611.12068478626	109780.30354386642
82843.82148314672	99314.05793131072
80444.96594751856	105727.20961317742
78796.57127336547	118699.59200901972
80523.60352632182	101557.06429022228
80424.42564065321	116833.82439585676
84813.37523381549	112957.13762454403
77668.64399541572	99569.43009899365
83061.52075552667	102645.45961952147
91617.48419049456	100226.62552815891
82885.1966392431	83887.73682692078
85541.6990294774	127260.42413040898
78567.026644527	111672.62337856284
87629.28178500825	106752.0275659856
77301.97637765069	105170.50569610832
83005.75047108837	92182.72930605357
82152.07834105933	118915.30527012018
78935.96957378648	101593.04145742547
87169.33330155585	96501.24097220121
74334.2910725516	107166.67282208134
97800.55301893796	93873.84753980643
81021.63929653873	110338.88698640068
82995.61817095388	98071.12929055188
82073.55056861474	107537.09715258244
87561.52495865768	116789.25298755804
79636.41115072642	107550.62152809066
85196.94693666315	110989.78757073308
87374.87683413687	103721.15030243156
86875.90851247429	112303.76112523151
84294.80763672345	99797.50368851083
77124.22285894689	101882.28827721709
78869.70563083183	105503.36215619875
82838.9132391241	96078.08385506924
79762.25121937892	105173.68112186264
87196.53609523039	97511.6649879158
84921.44515856699	108064.04567801375
82055.26678907589	97902.34175828822
82947.62232250259	108782.94417539134
77403.93527218224	117255.67829398716
87194.6788842037	114703.40414828666
84185.40814328461	110399.5837552905
81517.6106783897	102016.91193585416
84887.47998243614	95484.48475863089
81588.57776121362	103082.28032152042
79551.31677879496	96946.79098770197
82075.45514821896	113056.4632319986
86771.60946409903	113102.72933982911
81317.34165054311	107915.43349564353
83042.36165033787	118583.97388034702
85856.34639793684	106871.75819922045
79688.4921850806	111727.09346239435
82631.76799219954	92401.13420431971
87696.79275005011	99707.97136816625
83661.88404942432	103491.50563998825
87859.0381800441	93282.31575221667
79337.26731400413	105100.4274526011
80001.37287136834	114021.25788141854
74522.41208923822	107539.8148508983
84199.21302167689	110022.24358822858
88257.87445186054	113627.29793026161
84930.51903480935	97123.8849269091
79095.52720273765	124092.90746884188
87832.79535229114	108180.84119872219
84640.389391604	103949.83831390314
88200.72166131683	115167.9042648857
77568.14461730284	100573.89661381945
79402.44274015221	97560.32922559751
75091.38847470819	97986.46148894334
91650.30811162834	103077.38902298737
75147.05353727468	92836.23895307315
80402.85210957387	103057.75513068681
82823.12013978683	120235.08189886091
78765.12741665324	110681.50687764025
89914.33990701626	105158.33280597039
87684.04503611769	99093.5008781637
77454.27510708441	107350.016639806
90683.97447204281	96425.73789711451
82294.2941004959	112021.57557076347
85128.29951632483	127219.86478825017
82298.08238725131	99401.84530396276
87994.22975936682	102050.8012677581
77204.63435379611	112470.59115413451
81142.76242205553	126289.37639361403
84776.41833152577	106148.68570276059
76794.41865579732	122939.9959724975
83692.8157403064	103148.2480605876
78140.55451889412	105456.4822781107
87414.48420171748	105393.81150961363
91109.43224649043	94290.11502396481
80434.26242272898	111895.64232679456
82949.26884888142	111576.48409518407
77144.22324708595	113244.56904915176
86772.67191322942	114328.81023456696
85256.28320776092	93652.76369961764
88358.55549025879	114443.54492931519
75399.28074421192	104391.74037412828
82996.86877469109	110639.81473520571
82081.2918298417	104620.19299806654
76591.53453131246	100984.9032089378
89765.5264661613	109720.889088853
84018.21960688678	121270.87033598611
84331.7559553725	101408.76294268166
86696.20786773473	98057.38772991239
79370.76824260215	105507.84371172651
88340.0819682394	89258.34412884491
84621.97093996845	97912.69266238398
86339.8202730666	110251.09784290414
87718.63457554788	115544.45580971702
80440.26978140525	96195.94358338654
88627.24110196187	102894.2145950411
83892.28485357428	116172.9021885242
89724.69523743351	110682.4296469839
81150.50340720078	118807.29119023423
84356.61253009645	105282.78958653336
87828.64293700922	101860.54386379536
83534.27191338272	112829.1596415018
81735.45707685444	119331.07076945937
83850.74543429576	100278.3746162696
78016.97849022641	119889.16729404789
84547.29604661837	105549.02910913245
84368.89695108206	105353.39018534443
89953.56482914915	126453.2200410334
80070.33653778073	106265.81774344822
84043.17707293731	97209.75392697338
86793.60429032285	117804.56181769402
81636.3267824399	102876.25211655242
80549.80418630526	106469.83406176673
71610.26134937914	99612.56411297152
84011.53406579731	83031.3376191535
83957.69565702853	116030.48988885598
91124.32462716711	139979.1995187702
87527.1797020493	118015.25347995751
86847.38216126295	89412.49385910091
82510.80016775834	100188.48633379657
81736.69779395423	118292.52016367095
83510.32238082857	112552.16118625736
87672.08661962264	118966.07610669712
82008.48539124834	97357.31415517321
76557.73546199879	90320.21456724765
84174.41378467795	118223.99629696227
82874.52373618788	116191.7167745902
86685.644225052	120881.46757622289
74904.67603929256	106791.49431890374
79031.60801861348	101329.9347083282
81348.77134383011	101165.42961751191
81362.25790589611	105295.3297315582
83149.49138541974	111203.8567626019
84866.74303263598	106822.51058436424
79501.74434628658	107707.8784555599
82158.52454946986	110902.38051409695
82446.43202184506	108193.4056956019
73901.85348885664	111835.20298978305
85779.27097426634	117927.68583396001
93171.30397022114	100026.83980805722
81550.3230385202	117810.24313313291
84939.00942141679	104937.17083522362
84561.14237032799	115181.43759380383
87727.21841127521	113953.73977954869
90877.73812184657	108620.35026924618
83430.59056655006	110305.16512511445
86579.29038262245	102736.88952305664
85320.08636809186	112980.00714959146
81174.25634233531	119289.93751228183
86814.1101991495	106121.35061541005
78111.57531227998	97067.61525166618
89955.91766458983	111250.65390523104
85965.15538535856	104288.74955179749
74723.24692218054	103738.75924959878
88131.5930434009	114680.26725150566
83793.41764465273	103937.34265220765
91093.66462554122	121758.26294238272
82117.56371447296	97598.2767421303
89853.97235666012	138285.58970913757
83313.96714878031	128196.70025556089
84525.65917789884	111310.43173049121
81257.11368251932	101208.30839012445
90700.0812497693	120537.04794430552
85559.68778635634	119706.23200570024
77588.12955336785	120252.35955083086
86277.5951822575	102353.77074458981
81124.29118398797	94461.05754247284
74268.32594605316	110794.9640103079
77780.06502907077	112966.86627110626
82818.01529269113	108250.1831377744
82150.3278379497	123089.525787928
86897.20122369897	118736.16643181074
90953.73098355677	98701.5470849966
86019.43049409991	103126.36510283739
80831.74319261499	116122.92435819133
90597.30882215695	122621.12716221336
84963.15756880966	96719.91475753288
90832.48075740601	92058.04253718215
82941.39092326573	94542.62381028183
83973.13875846453	107551.29333093532
77796.14780524225	89012.95870629813
81854.44455139412	103942.7834536314
80008.14274925634	99999.26188069138
90421.1171002695	101398.52093549183
77015.15821044051	97230.07609740537
79346.47197923764	80028.63007138784
83978.52468105739	112237.02055718417
81332.88365818845	92418.00915018
86786.170313765	108098.37666212546
79440.77641848492	100737.7738152047
85227.48864529021	109673.7916953048
85688.9386371569	102567.53594458723
81559.83260414388	113620.10502322046
73142.13325904541	104134.7366764145
75976.34236722815	106905.93970873451
79991.0759790611	111616.24440381362
79226.31319978458	97280.85799043949
79268.75762938813	128785.5173426234
81042.55687138505	119235.21082486496
80666.72048213248	102091.52884173032
84643.34506773725	106463.23663435191
81934.38156117815	112833.22675037972
86108.07652213899	112679.80775558358
79441.20623605084	112151.45260599366
89160.2490967736	96858.39666959025
81859.87190358175	106704.72492452845
81257.79493917763	101368.8305166982
84709.3129345774	103413.41402700843
82125.04764856954	103223.52342235776
91694.5907073009	98288.82834123753
78995.31014678036	118845.46858139183
78333.42752567184	106691.88644194604
71770.76993565058	103962.01855135015
87936.46580732096	107347.51533848976
86434.12078323335	101037.27781939616
83586.39310076395	114898.54836764318
83340.95799497611	111868.18909828634
84174.52374590188	100143.3325433729
90590.82136680628	101649.3052081063
82034.98511364553	102593.78360866861
83117.46460851433	119002.7121178053
87599.69046132182	90814.7691386499
89027.40386056213	108522.31879833697
84760.19755373042	108354.96959849168
80967.8903015633	105810.81019044932
80821.58283924911	95884.70181711552
79970.68483695021	102008.25003827052
87371.6842267179	107669.2267825957
87961.61029111169	108756.59477648367
76808.64620869269	111040.0873247008
87792.40935162577	110154.37294333622
78555.31887472636	107114.25986590356
84355.65696706306	109593.99826347805
89821.93894142468	98296.70838477797
81077.22888337077	119002.66959541786
85488.94263556067	109321.14356845614
89978.82411031087	113968.87033075857
77726.55609633958	112328.17401850768
83193.09534015975	94759.96025818147
80628.70943594327	97493.04150958937
84661.65332098759	110228.97637636404
84668.05727938055	104850.50215844982
82207.32422666275	130789.00529768656
79122.02503945857	95780.29299080964
76056.80049766126	109468.65668515254
82303.15013527274	111827.93689130775
86311.68478447027	93997.54169758363
92349.65818724842	137800.18641747313
88586.1487721456	102292.59549293295
80479.1436733935	103246.02094252748
72200.1196493138	93231.22716363132
75380.07970429453	108971.45165435183
81999.65402046462	114125.02179633455
83563.75047580479	92241.1645503039
82815.9469470962	98617.38358054317
82562.56205769727	115013.73300354906
81536.58178192208	110399.12160347175
86698.11253132577	121336.2424384716
85814.58515596927	98894.72158729639
87036.5743383645	116074.10719476729
83796.00502191733	111317.08880851264
77338.56757343253	106112.11607257859
89294.92222278839	114274.9645348909
82776.64408522425	104872.31458964293
84902.40746409356	104781.6316030489
92294.98928318387	113253.18144651085
77605.90050600076	112693.71167353833
81555.37935896321	96871.61993842933
77230.50694830691	96484.32945095043
77291.3221350564	95574.63180176151
82967.85550550563	112264.01601230465
77004.342857104	100983.17512802724
88975.08025600256	104726.27398932361
74991.2281572277	100098.25544305815
74582.78338052523	126977.14752273427
86599.99279935988	99862.7532589001
85439.34681184993	108878.44153043798
83935.87515810953	106521.29214451533
82585.42896997389	119895.57646375264
86745.90032846754	113328.18433577228
89086.75566725589	108177.6391326628
83009.71310342298	105305.67931761911
82484.83008561998	108106.10677187958
85927.96726387378	113354.16517729021
86039.94478475142	88356.20173458353
81849.91266856174	114572.64253408005
80242.59431256534	115388.25198805652
77520.9305985015	99768.9932059881
83051.88772530394	89277.39902322792
79869.46581188154	103321.37852499413
84438.03269920548	134266.42290990576
82705.7557138472	117129.32740999472
79742.03442941338	118902.79322587106
80926.58928642163	119839.43318933953
90518.14570665934	100127.93681578667
79999.61294549715	115237.1952060869
84218.27905141254	118922.1528040561
79493.98203699525	106318.43501753343
82657.59671146362	106565.28596961634
86059.6753846702	114749.87926894685
88409.39696490156	98768.73684877236
80839.82428602882	101350.74285256892
78223.356194665	105604.68522813938
85832.65926303758	123179.0112494766
83838.00680421962	96954.30573568503
88377.84990630797	106272.689354424
88039.19818671378	98993.80168372746
86087.74420382857	102093.18827881374
84897.72783198432	113851.89920699019
80111.10939738169	122648.59491939022
73460.1724592792	91583.66331111883
86283.62723297588	99077.91964023023
81415.17379055105	117219.94187190187
86938.39211423285	101089.09281034526
77070.96075127185	102945.0610606916
90518.61366713922	98023.3092526266
85060.20262793195	101432.16658234093
90270.52382687741	99129.17993268973
77943.87291893708	98103.20715082645
75424.17878738271	119596.57062260249
80109.64646946985	105971.09333867961
82147.34085705702	102920.52918345535
86236.80214189058	100535.44483375459
84998.2848213535	100372.53986113505
83902.60753230218	105998.18920873795
85703.74363671934	122498.4446582217
88247.23430087022	110612.42893342886
82070.38606696072	113293.81445393203
83617.6665621271	106439.42069983111
89543.6036476497	108028.31405244002
86905.6720437471	122059.15921070732
79163.64667450434	112164.31447133598
76674.37354391882	93060.0254939359
80425.16386026575	92185.44736955086
83138.6135034315	102395.52494679869
86491.46614178832	96934.05690190026
79732.58038106165	91473.28008666165
75812.73352778118	108734.45221043899
79875.68358875667	114279.29323728036
80518.64681828281	113263.26319304947
81269.99899593405	107109.17807687746
91687.87363954601	114621.25955914149
84128.78103968088	106118.85977206113
82409.96519922242	99119.94949615502
87592.4366504784	127363.36536415404
83543.43932305375	108036.97377753723
87125.99867282639	107306.26994635022
88362.6777616189	88179.03295861054
83902.57491659085	95501.2903488388
87820.38985585354	108892.61722881607
79266.53715521526	116568.7107938637
90392.11531676554	112289.95410680203
87922.86607204675	112269.29136352497
87457.73965903065	117140.28428245761
81507.85110801493	120007.01487806297
78402.1969209885	103645.27232576805
80065.39180115936	114942.66052314483
89385.86244574211	99533.71351276847
73281.4629580524	100716.09615174006
82449.15399044448	107743.57651529655
82565.72645807757	112990.42071532655
83489.41681191487	97443.7095346136
84750.67254640056	108870.27708484292
85683.74119448799	102759.93130120065
92754.75078684208	104690.3427800385
77902.54593720494	93417.66602282584
84942.79996989337	101487.16250644819
87429.36464357446	95638.51635308003
81713.00797835781	114028.75796273725
82590.69805843485	106520.41615410875
85074.85134692412	111375.93727311282
80427.80146695716	115325.6307333367
86408.13506872099	108243.59903808558
86098.97318543185	101628.39932895667
79111.17834250847	114454.70990565268
87878.77608610988	101894.95426767183
81853.57919585393	114265.61401189746
73856.58264958792	108256.259364362
72866.43858484006	100407.20146147604
89790.8987594695	92254.52064750981
84446.22146837448	114540.54459978257
80855.18271944179	100934.08505954337
84188.45516165864	106484.42796223819
84082.64239133464	112420.46733940807
81842.72196247493	109826.53128871189
84905.50577215654	116818.20955829334
85996.79017080556	120593.43554189523
83997.40945035836	113245.68572951574
86208.10874232378	106591.90578929993
81335.95289517342	113436.93881079761
93316.07548760774	91621.83884977711
73524.31609955168	89754.72506915468
76525.40444263635	121054.5639371398
74222.14269561536	105432.86299429159
81876.04659749672	105372.03346362215
83166.04110386582	98494.46539037135
90001.95482617822	108758.77099600724
92026.89592681637	119131.61182957035
85556.54525168627	99688.53962813174
84886.14446866323	91487.1911531526
74418.17869572551	111061.33676171023
91706.6023571993	118297.22877966326
76529.21699342041	105569.83800823218
93722.61902975941	113356.9334807355
73344.6936079894	95945.2444607273
84443.64133735833	102428.68940436268
84550.40900167423	97404.33229142445
85649.56653377079	112475.48807504341
83132.57302371839	98900.11173632139
86794.44061707277	98424.63717594829
88283.58012687383	119310.88119842377
83908.60898276858	111419.93253692561
84349.31025105293	110456.66064340476
79964.44373776011	99193.3489942628
92935.05570356348	112747.10052348403
84573.84297818606	107205.78658419155
89224.52568719964	127568.27251876744
82507.65288756159	109272.32474876917
76023.76327785978	107091.86192196554
82290.07632925948	108938.65943688233
86651.58444159939	102152.860311114
76888.02065478865	104766.33309907219
84975.6499860824	118091.9539586353
83700.82907740053	104770.26872189603
85105.0569544454	110544.39693193836
80032.3562955684	101124.85533942255
91219.76989505341	105236.08858874615
83481.12356318822	104056.473841359
81983.38629806778	109783.1664219382
84914.92663381298	97377.84546928601
87381.90378383597	121716.6439889555
78641.78030403677	111486.30399481177
81864.66056316896	111038.31793048655
82190.91758450805	108943.20785620665
76344.71508043558	111353.48078894538
81826.51332932583	104803.63498887036
81946.29741027583	114853.21258240199
83517.71141803732	109518.94972413381
93861.35076656283	104542.4568350195
84691.92192394237	102944.39780682701
82678.40694040185	104244.5859280563
86814.67817759578	107917.64385288107
84687.237877976	97540.72558526507
75755.495198567	104406.71883969325
81147.91393299386	91539.89637827
82491.06624400616	98559.89711259601
74534.75470941147	99161.3555298226
74643.14547018798	91304.78197699047
84076.53908966167	123177.34693441799
82906.63339431307	119304.50349505045
77413.70902298961	100240.17869580086
76494.56851696735	116241.63369209423
81025.78795502955	99003.74590282515
79268.37622708397	90006.23996407767
76486.10545587014	95873.05445758445
81857.50146143901	93521.6223881417
84333.25972536596	97242.7067993025
82674.77418352081	124032.67501441066
85162.98672323023	98622.40296890397
87915.78826615619	114920.51309567747
85210.7373374959	116287.82821602307
86372.42904869262	121363.38546000388
87503.7448754367	110933.66887217358
84368.48592014611	104128.38092635362
83580.6461461118	101524.99422521912
89125.05565368632	109041.42802200811
81047.85154798355	104338.14221638867
85531.01963272083	126331.9979756743
88926.22615731627	95790.00916484464
83848.6255871586	121272.2801629824
89624.24068914595	122307.71292198612
86354.91669549968	99984.08999301262
81903.24114825558	118168.58168829522
84716.140876305	94431.45261080093
82386.215088015	114881.28949606797
85568.4898409368	107558.93548185965
