26627.24753333853	35947.476477413795
28650.644163353616	31657.79144152344
29174.857760291037	33615.956719205686
27443.0971728093	32472.94069918425
29132.143509310587	33992.347029268356
33718.85572513317	43696.59553162262
35726.00241530935	41330.96608523186
34002.321137911655	40694.06373233994
25911.463732898355	31422.908822562793
32628.182706311658	33587.35326921428
33074.09373344996	41257.965031385305
27631.80829418916	34660.26574562804
30396.76900298379	55849.84151197782
25497.50478074247	33148.02800612599
33101.95700620042	42434.340192641816
31177.434918022194	40339.57713564449
28928.40762300144	36253.46878603251
28934.500387031774	30570.095321308618
25547.25191493336	33364.98121122116
25031.14324511963	35133.14649955238
27222.760064383074	29333.62292017604
27837.976290591334	49804.94859839986
24757.046463887385	33635.06569817294
25274.129882428646	40471.99105886072
26916.788444491343	41358.38766640022
31430.562772293626	30330.42213430176
28836.11773608302	34778.61425691734
32652.625049556424	29961.69660924427
30965.41963967318	31722.511827213042
25217.005912547265	27953.536308864623
31689.810715221785	48722.187448840166
34490.74810943997	51047.55828758134
25390.93055751334	34156.86788318398
28977.157788450004	41376.703606892115
31866.080312388352	44749.31197247087
28136.893817500822	33089.24364663815
30864.400866674645	41421.776024308674
28383.65593723683	39952.45334578792
28662.354803560665	38975.715547474974
22721.70450384981	33976.15809828506
30716.945723178906	32907.34363882001
27698.637080540815	39355.848390913314
32480.184203016994	41678.79131262501
33030.270939540555	41912.74867224509
30118.72078191795	34347.20391547007
33563.510445091866	36419.24469581156
27246.45896197392	34932.94551776986
32684.4608871389	39601.50804087731
30510.230209101846	41294.32858600742
28111.485067572125	29516.288183027773
31597.960232080015	33007.48300639586
41001.410499877646	57385.36360552391
27629.3160275361	39499.44312137748
26562.22856673556	47899.23626516833
33318.39207635942	47297.89245282386
28917.25748552563	59381.01125039593
37330.82972863692	56809.27509694765
35325.42056077005	51498.13439012775
29818.086283916255	29449.8327596628
31477.61659619883	33534.536982041034
32101.0805797263	40970.55118928924
29506.69935972122	36231.51710189845
27641.42722742467	34784.55804477966
28261.34448415454	38323.69382077616
27938.34747858749	34141.595089959184
34092.84360521833	35590.39881504525
28592.694946863416	27079.07093544076
36078.57251378802	49544.85340471608
34780.15923026584	43626.47402834534
31150.539856394604	41656.931897108065
30403.818824444683	32317.99242037814
25826.506407342662	34486.05573364971
23500.79232895194	36372.82162438649
23673.789616337	33895.354569659976
30384.06054323014	26395.935930470907
31480.06001262432	36846.08790549614
29307.19164925358	38336.13352465291
29158.912552810514	34880.053049972805
25880.15209921066	24910.640161834803
26271.811590124635	43202.55008279409
32075.22605442519	30970.95232806111
33035.94863706906	40824.57244165611
31035.77412735358	38411.184132024326
30805.423474558247	33418.043850137015
31717.830777859126	44150.731588143804
31155.74712552126	42907.12394479588
31110.416726049756	41186.49049317875
29446.152979147097	37242.416646859565
32365.306862676327	37534.55017133082
28853.840928893038	35030.6626542378
31401.49045731869	47436.031442340456
32376.839095538024	49818.759997724635
29693.93984363474	46893.63703165529
30591.549797156877	37766.33182687963
26547.48007910975	36530.59460691395
30428.388613545256	40031.8271121038
29641.409089503893	32323.955425928227
29481.182975870528	47239.98991250177
33349.40172944236	42780.40575973923
30564.365566605135	36834.535687817304
26614.54646456278	53072.191073630645
31177.175965626833	42102.144602928136
33673.4203017945	52717.95224427255
31363.57858104871	34981.83778598343
27222.24077580537	32013.527353909718
35588.33208102851	43791.32597752097
37156.04473140657	48628.7270793453
32157.688614504117	37497.021137487194
20989.561799357994	51992.70305522269
29933.322051336298	47270.95253820897
26840.28376094049	33193.789749903925
33241.730872330125	33769.02609165046
32068.655063383685	38258.12889428454
28077.69120391715	45370.34199559715
25667.192224803883	45454.814702843
30359.72423974255	43631.670136009474
27964.025964514654	45111.596278373036
34913.31839809811	41056.66427381053
29654.104691624565	43661.45236511729
36643.5530415503	45012.788500161754
27051.717346550173	41482.46248278202
27752.9309424908	37746.97885838268
25474.143598388222	36652.67245913907
29421.484469980333	39911.35753213965
32099.804780238577	43924.01088217736
29259.808323944875	30362.5520598498
36164.60108230327	55193.99664959924
27704.70947665585	37279.73073220155
27372.07774704504	45677.81820732651
24319.473076497634	34166.43315953788
31942.154934986527	37611.58784490275
25241.09794837635	44098.51749057924
30141.835103883088	40718.23942788053
27661.318571508928	38869.37256096389
33203.08727569738	40369.49614761359
25821.639221039884	35751.04587777808
28009.530934858187	37471.68709149752
28053.83317120909	33207.936692308685
30199.672528345945	36979.84359426707
36605.468746138096	38398.46824864266
25130.93015251682	34282.90297555039
36812.14245182482	39493.852979248026
26281.348341280755	36603.93328837338
24905.304685620766	39182.46045109148
25930.541895839822	43435.726919816974
29685.574584367234	44649.3371974139
30680.698648700585	33437.63133311222
28899.47489560954	45238.298285985984
29947.58344922436	36981.18025701965
32592.434943712928	40657.48227961677
28697.248178876947	26831.814363992016
30378.853642293903	41999.56035329616
36352.304067577614	46955.88266517908
32471.503172976347	34806.95487157995
33425.64835241694	47025.632587904496
28039.186247615387	41401.99299053353
26513.49576450281	47022.60107339651
33630.963817331576	39011.345732654394
29806.768333740914	43927.426522700945
28636.31761896408	43532.95455393478
27598.427385254705	30019.386581319115
28781.857558506315	38061.08902494723
27881.078841483104	44955.807244635434
32354.074760857802	57990.36929655021
29849.627923593478	32884.77520614613
32731.365914655387	41701.046098669816
29662.966480916322	35281.52727193188
27451.742567425463	27111.766449338073
31065.35687668704	33155.320825770956
33880.169601363465	40295.88934581976
25333.928307092778	44822.52660933653
28505.980660771016	39693.20357779789
28195.65063456483	37385.171605398566
33329.5403159812	45282.11218729935
29492.662294106078	38071.10487648323
29959.48926309179	44629.661699894576
30752.845328747342	32021.59508818074
29213.842990667945	41028.49021453234
26331.555547790216	36430.92569683182
32361.06861441031	43541.97658371069
29739.198238761885	50546.26483016487
31536.927754025477	47205.099808119056
28513.091289468146	40910.494831542856
34005.472818422284	44472.059882525486
26492.233021707296	37083.57869334741
29930.963030453528	47491.31926228239
23805.526265037013	36951.14909699515
29345.534248243366	45082.590341097246
31633.73655939982	45676.5800520573
31943.19932815754	37178.63284045555
26056.092067440582	33664.58100187428
27488.869153152184	32996.657476268214
33896.487340430176	27143.886666603503
32316.65692014898	45458.72940606767
33692.513012469324	39015.082021504815
30433.445532244383	37612.02656585737
28626.135428363246	28693.03625763247
31163.69963807099	43149.20637865507
26356.183809986996	49323.57785436409
29543.39669426329	35199.6936750752
35227.1831072137	37332.79204912277
25904.10741389709	54351.81388435979
29485.56033786697	37156.42944856271
33116.72995383854	37870.74916447374
29668.272493759883	47281.88642037758
34506.29494447664	42767.31892678665
31990.142339852755	53657.906932050464
35412.78121882262	38886.15427331684
28659.374887929065	39062.959625277304
42237.79536776782	56485.30310363821
33120.04942426599	43910.24563772865
30082.5837142905	42283.49519947505
28577.592383527834	37205.07437137978
28816.945573984904	25320.574068453287
24788.197526465072	54605.23142846419
35404.586479054735	36684.09816470027
34343.22343805258	43258.65116605753
27453.176739534094	40602.98045724204
29968.471638567575	49893.8304476935
31353.407317328612	31768.90252980207
27217.146648267197	43773.19915889731
36380.093012114165	37441.38287833332
28006.304468172355	34826.69851883909
23352.6806750532	30774.598500960812
26634.577401064606	35784.796550448664
32403.835076439776	48961.50362628939
29891.893941821916	43149.14893630079
35825.93078648889	47910.58323437031
31885.1469902687	35064.91202741845
25032.08798860031	33778.04972420608
27335.926206016255	42305.02641658092
27266.31889351883	34165.38303155339
33123.807647120615	37544.08792014727
25179.669156149706	45091.64695617647
29391.32269061461	35975.2807503561
30686.859467692128	35929.44623480099
25753.79168034104	35577.88220850802
33730.50452412907	42332.12535248166
27499.44499604437	40300.56273424905
29284.847551625695	35499.39556291844
23855.784018736587	34115.08356404454
29021.887794369235	35121.813691609816
32252.633936938117	37515.438226148406
30570.565612544633	45913.407099320284
29093.35411786689	39525.81459415723
33509.9419919986	57948.292337277024
30822.313961167136	39689.610525466145
26438.298437228164	36818.2327394442
30299.70713573576	40369.13025405218
30005.168672099455	37747.27306010381
29336.746617666468	42238.20437652137
26643.978987585644	36735.3067910527
30395.799412286742	41912.18908169666
27172.924391755383	41440.7957963018
24147.62738907081	45099.07386642
30329.22514489234	35215.26231640277
30431.578532055322	39158.28473462956
31822.01869239205	43217.70949529502
24711.40511669915	35695.68113003132
37016.678892597316	47440.23444969862
27078.25922622111	42347.20368430216
34236.544434929434	36926.75069117774
35441.36433825317	36730.460377126205
34270.71788247126	39900.625298540705
35191.32167023758	45441.58010769545
25939.06385936721	41126.5108462071
32163.600361403896	46450.70995351443
28061.2687504337	25592.994200171775
27911.430577818028	38379.44557226715
28196.8724536141	31177.061747285923
29650.355934867373	41693.88779835033
30137.187259743478	46936.50257476224
27371.610095414057	34377.08430598493
30372.00873674359	40275.36400154241
34546.85410167669	36317.56806331814
26329.73272385922	33343.26478660838
33510.01884623512	37559.234906805665
28513.231549684304	50283.628298084666
29674.452287094522	30551.606386412204
29651.452026681705	46783.102460546645
36311.0935664699	31521.134215465696
27255.967684652453	42176.420737930566
27965.115141978626	46628.890293310724
29573.151619021966	43590.664256314136
32633.156860135117	47044.03631453485
35399.26161512078	43381.40573422164
30750.753422862694	38597.6091689391
36993.69759396161	47351.50512996161
29485.177220692814	35960.024512761425
30649.396627087786	34987.503026418446
28041.089378114637	38298.22151077356
26660.52743489441	38078.26020105278
29676.36946621198	41724.66928342195
28740.724095865313	40038.66391917291
28003.18113198412	34411.85058663087
28922.563034937746	31705.062205513623
29808.48780586711	44361.691533514786
25736.59678821714	37516.29169001741
30112.42728418621	46478.08313802904
29489.196465263187	33717.48579003041
34151.688731500886	36786.909593356875
31972.91697603453	41690.52069263811
27707.579168892866	42866.720582998605
31311.827791760974	39122.8117444542
29580.80764806406	38215.864228995015
35719.55378302224	46223.528494953905
24657.557819780683	38587.19589622808
28548.3778486816	47155.17782138912
28868.00792075511	40989.57499420937
35597.39776254064	38016.63031678908
34767.008514370435	36496.39872340628
28973.645912546155	33925.9729081948
26244.357799744972	27530.87931517257
29764.174976513063	39439.49280652552
31551.552001797427	37017.39317893635
29865.521787068556	33946.24274486491
33791.760759604076	31075.418537917867
30502.41417513715	32269.388828911564
31966.244131627413	47175.63305709921
29395.779492413887	51069.40220493335
28481.08799130267	32462.219408593126
27693.246915673015	41639.59201004129
30052.669568977646	35163.11555706029
31760.20518773335	48539.28718783309
29032.898749856904	33747.70120752963
30064.495464197535	38874.27738601736
27645.137520032302	47289.590162128814
27265.91407798406	42337.70638118328
25867.992653374004	33713.37471019623
28974.757832989348	32088.79248486081
28056.456600671052	28771.36352820614
23360.238031025692	39325.84358386969
30094.71598992373	33415.94176481769
37244.27691662175	53725.29780586074
31648.96946086501	37056.72984564882
33558.06235989761	42567.2391651094
36359.641400553286	40720.09321028636
25133.119129171922	44257.32834360143
32028.306038105064	51381.033633923485
28543.38121737674	30981.293415269964
32772.469400540846	44638.1943466721
27003.97859679024	46383.16569919484
32022.741616012954	42568.850858376245
29407.33780973823	34219.78142296281
29824.553658137855	26788.04555375986
27617.270840860976	30238.444137295086
24941.862056720136	33521.21418700183
29382.395360110982	46818.0872602032
22869.021425805186	26489.938996593515
31297.47491122919	28027.544885629213
32861.47029420753	43868.05002095711
28673.41976314608	42654.52197517675
37363.74695730753	40251.19638422733
29168.380602030054	37381.27705066136
29874.408982280882	46759.62435324669
30513.92764528771	39155.21106317309
28172.39155178146	42257.54032572518
25191.39417740736	43195.9801801437
28630.648184055448	44856.289734161764
28954.731039692088	44817.8148254034
28109.707121268362	35524.729771873666
31061.30837835627	36066.20576156161
30186.58289290431	45797.53275169729
27167.718175888705	36593.0656643912
29115.292239357463	41820.16986317557
33851.964507570796	35101.348096776375
36746.05997960617	47491.98529016822
27290.60090941262	35768.75322680065
31408.84281535475	44408.887480306585
24097.30022710785	31855.922016072793
28881.674025282482	44373.603436336845
31023.851428667098	48288.52509548255
35416.110096278855	43873.24105910718
29703.51635934081	27365.23754981187
31115.27083209854	39928.21226403965
27295.67975401439	38910.79544131148
27460.132195040827	36468.57473000623
28376.883004567495	36941.491682661144
27921.74568131338	34991.93175488603
23008.744763764298	32042.65142094991
29653.71209723586	49215.96973226161
24141.945858981137	40470.99321867983
30409.984115524592	48614.821104642695
30507.555658677702	42500.80553559793
25495.369905343985	43035.01302574197
28657.490705574222	42167.89598368444
31411.47254780241	44082.607991704666
28163.019681922062	33564.55952616781
24228.597319486875	47126.50743273273
30226.5476933396	35870.48616443999
35115.29706513714	46542.905140485906
24725.258902515343	34009.94468247184
28719.73715028417	30940.486567400723
35547.3113255602	43504.88673357662
29568.929300631014	43452.55055746182
25721.572056991732	32762.54482928667
35228.284877059574	49825.673856701185
25484.146845035895	48589.80947569725
23891.189766472402	43734.3870696468
26803.47456628714	32058.987788164723
27465.365957990125	28221.834906265787
33145.54171730591	42395.67253359378
29767.521870713997	34776.788953607385
24781.548391785065	39030.21749974728
32920.01216817768	32073.513017167028
27666.79497309882	45840.84942155326
32963.25321318956	38862.946056863315
29637.173084578615	42640.54454417902
21412.462321075596	34483.2464977756
20635.01255905595	34554.502437674535
34068.4265441839	48331.82903548742
27515.197918358124	26549.73565116759
31486.12549121085	37965.447452651686
26898.78415781526	36820.06135386569
27284.965538600605	32070.04691356475
27199.517998369094	32144.67318578692
24424.77731994271	47996.39705501479
30691.355541275	43961.53197348885
31900.24583766339	46381.59029510974
28793.490709286685	40020.71301500518
30190.98808940458	41612.34290213833
32721.76477506984	40118.91207993484
27575.6256964499	34893.82355662726
32438.747810745183	46108.05842301642
32714.817462620787	43931.52720355651
31997.97642713576	47006.084864691686
29967.751741260123	41961.95086444714
23606.77482757706	48471.5381418479
29005.291331534318	32992.66687296632
33985.87616079608	49645.26987054151
29347.837673898874	38390.531985101916
25585.48098415313	32044.780975645317
31523.810389996444	43739.5984856748
27909.079057130766	39689.729622065606
31469.37228174016	44853.94284737316
27957.992278131584	36938.39246068333
29875.64920843817	47717.781194907635
29974.366169553483	50906.176073183306
27437.37175094056	36811.17897483591
27706.204062423614	37074.85407816986
27160.787815503638	38006.698887881656
28053.211652875027	43804.914152287216
30459.12966400758	46151.73364954417
28688.626979097386	34072.06398106113
30787.73400729382	35562.551919448415
33218.87993710693	40099.19266907753
32974.396284703325	41011.70929566593
25754.783539391683	43587.50379915133
31443.24884658677	59332.406995012
26399.63925884183	35217.01552526492
26537.16559643698	37138.784205075994
32849.37706319353	36915.46208499543
33998.96115560198	32355.447160631145
26946.90287388587	39515.21229922339
28022.78807678083	39514.52399255678
28145.178801251623	35751.695365494656
31907.521757444283	43400.76823231507
27661.226127460002	44449.11581049887
29466.0488704819	35011.41505491841
29947.80938389831	34516.9340972205
34194.72321735804	48349.27840717694
30343.606280846012	32681.236856678195
30952.035958552464	48535.89454392552
37112.26524448318	48462.625731054904
25543.57001959458	35528.4233546122
28800.57251867402	36000.12482258102
28562.310477922358	27887.19571727774
35844.16840017696	48633.44093657617
32250.537551917652	45584.79308367848
27667.576016834988	31447.797207535972
32473.26755131766	33808.33500132753
27643.50996293232	35631.75153473676
31224.58511383193	46989.23290555996
22804.767097250835	38071.40030524839
24756.88582341258	43420.806366175435
28339.155440966868	46117.5239342944
32286.466554653387	49991.68578060461
30873.055412696383	36683.09915759359
33452.822144933125	34680.276628817934
29248.503971992315	33583.68695861175
28749.02262650998	36876.11787245575
25632.244037028417	32726.13735504812
33069.995462915074	43147.241380656014
30013.33229553044	39103.49526106537
34418.54043471822	39876.928283175694
34825.11882415751	55307.423528016574
30348.592781003645	32812.24043437309
32946.47651078277	40085.29757209814
27969.902785137536	40341.34629439768
29856.509966973674	42344.544122396925
31944.368735917044	40652.92092732382
32502.478531787383	40017.46169312952
26847.796671913948	31884.392524968476
25519.46232386914	36146.158914388194
29404.22111419571	42374.34522611125
27510.168460844106	47017.548260701595
30836.27890662501	46465.53700041916
25035.19400485798	31109.618558156057
37655.03056277785	43482.69404074214
35537.43975920268	47027.561921440676
