1123.8098084099972
1112.355788997424
1129.222557099965
1108.717490082069
1136.2791401415864
1088.6791173822496
1289.5299717937164
1273.2354005203324
1117.150938515025
1137.352671572468
1117.73810176096
1108.6106596671334
1139.4443545303127
1243.2882692167998
1154.4728121377038
1214.6974860988032
1141.5152402227707
1101.8179112790276
1148.4504681912028
1123.4496556564752
1109.7742180618047
1169.0704458803036
1127.4945480590582
1116.4677564512317
1160.5435566958326
1142.1382039096934
1149.40627494826
1153.8613037559326
1121.512238131539
1134.5200789654675
1171.6876226949803
1146.5043309587065
1129.1501542454778
1145.771694243581
1170.6885967601052
1197.6454487788083
1139.8130681301218
1125.4159973198293
1158.882097346433
1154.6164148917196
1107.1717417855766
1090.9245399388346
1152.034224174966
1138.8347466073003
1118.029398504896
1219.6493485129354
1117.1642420606422
1160.3004401618564
1149.5288965986103
1177.915916490323
1103.7710954340587
1136.0251879937832
1118.5525057130367
1126.8204311856819
1125.1977961491348
1171.9373267219469
1119.8971343524595
1221.368020891639
1123.479393749019
1135.4385780347598
1243.323538036218
1098.2600221426594
1146.0726688607626
1142.3238489926655
1083.9977376542215
1120.2299520661036
1112.5615729111255
1104.325187145675
1180.8999059546568
1152.015829337416
1163.4467919573585
1110.5893400607515
1109.503079298239
1097.7230192445463
1156.6549338765544
1142.6675074517084
1140.0960424752711
1140.2195511987827
1157.8933650036136
1166.0613511366678
1141.8787302531823
1199.1928923286027
1139.7224404330257
1104.4727878482386
1160.0767982972843
1137.1558924309297
1150.4743426184507
1097.9807523180777
1154.3573760547824
1102.330976455737
1162.4222951624774
1156.1806926704708
1169.9654608321844
1116.519957037439
1132.3142587502948
1139.2797967797553
1128.9256262194504
1133.6871252333067
1116.5754623357811
1122.9922607552257
1202.6253680127652
1174.6731340749825
1181.2657255994257
1154.6960628338002
1137.9272352552675
1178.4418401108346
1224.7875959937671
1134.7909149695697
1137.24684302086
1148.414614153008
1097.0049808256822
1145.299798358527
1127.6045219538996
1111.7119973284491
1139.6824358489198
1150.3363343007027
1112.1489313763468
1158.2761990766744
1198.052425934753
1224.0436504920754
1174.6858545169537
1163.610648686905
1154.439172350728
1134.1082221872525
1246.7506023603974
1125.914627889456
1203.479059168589
1116.1375272090727
1137.0782240515011
1110.3959373778248
1164.933292018362
1180.7741421352625
1192.1696888656788
1129.136085794244
1140.9803935582756
1152.139568801717
1193.407000552137
1112.079484769638
1127.1913075144976
1239.3522880592361
1153.1397739078004
1147.9138065516197
1139.4788878346844
1141.065764495504
1135.4238535780341
1143.2107267978674
1179.841435992918
1138.6182396261397
1124.3841079447827
1267.4521086378068
1107.0885540207596
1164.1123442845665
1345.8963183260948
1129.7552228043737
1144.8036489324882
1182.9135474001478
1165.4658160931808
1163.0661264912728
1160.3230916461412
1107.1144604779379
1120.0259213376698
1152.8809110019483
1116.4415094132123
1268.910389068849
1142.3554849219786
1140.7697170567708
1152.4211320538468
1079.250579518879
1162.9419099319155
1146.278867214985
1135.5213689243385
1143.4909494453602
1147.0956772405389
1164.9699958782494
1111.910733910174
1144.628382647552
1155.0783856543596
1150.5749063727117
1103.4163485774077
1151.5598783496603
1158.0416198706816
1156.640519773919
1130.1528009634203
1124.1191867231264
1139.504962322542
1127.2938316583184
1096.9701382083572
1145.7104150983532
1127.3654505792629
1129.9137444826324
1150.7519763745408
1148.9233134981027
1139.3618113696043
1166.1612586751346
1239.5844716226875
1185.2777670340652
1108.8274255840656
1213.5165074357485
1122.841433771166
1170.1261665292195
1127.109684647342
1097.6053558152896
1148.6362841913824
1215.7132405268799
1110.4849299258417
1164.496571159862
1153.3153096051087
1137.4670223549924
1096.814180541408
1162.0301452748213
1140.3949327044993
1113.45911272397
1133.4895757819424
1120.7516117246296
1106.270983194967
1118.3262833837027
1124.4999902402233
1120.7761564591308
1182.6160733333413
1118.498543177844
1097.506567788858
1190.3167312601365
1094.8587692336437
1130.7090675903078
1124.6154376781017
1137.503714535053
1182.8650065789616
1214.54740941122
1139.8214470136618
1160.3702342522115
1117.579408442466
1113.5888738200224
1162.0795267226563
1137.626262254389
1235.9612242527637
1160.3585399197955
1125.1034896943252
1127.0483172128543
1204.3283618920707
1191.2079111529238
1100.7663605601654
1137.9563770982058
1133.3298488064218
1136.1002069548163
1153.2164898545484
1150.5316541948907
1203.486422664575
1170.094553215175
1094.599248784918
1114.6359486071246
1140.0038242101255
1135.2603298941162
1145.8469199920285
1169.2820425670134
1131.7456301731054
1129.5574806027635
1133.6967005648157
1156.3553369602514
1113.935473259894
1271.9677177198082
1251.2591208635813
1166.461120730325
1145.8920700715453
1110.6287099785748
1156.5879018638595
1116.2228951206152
1140.8643053748945
1147.8299028715826
1117.9003536767327
1092.509783169421
1152.3758457143226
1234.9623668429008
1138.5997183060113
1211.4066440872016
1129.3076283172854
1119.4113124154421
1141.9959000487643
1110.485242481283
1115.0424185623187
1117.1554785001008
1207.5140182655887
1122.9350200121614
1113.4199296803804
1168.140735290779
1168.6880789116938
1156.417673019756
1138.138841958967
1157.4429422205485
1127.547078623329
1136.4771684581558
1143.7602476872028
1133.6747866506848
1100.6722423965311
1129.0693597492705
1114.0724559118435
1125.6476270059004
1225.4495144381783
1126.1037528880129
1164.5382857713148
1145.3666569880943
1208.8446222556395
1170.147326807109
1139.9190783967929
1178.0760783298883
1137.9538156469023
1160.498716026505
1165.2472992201056
1181.5368110522943
1173.2675800404454
1173.2996129451658
1150.4637537663734
1092.7590408497954
1121.569859778553
1167.7378629556442
1141.9434895170493
1134.985659853743
1112.077121875992
1142.5422809619954
1151.2784692586524
1196.416065812969
1098.4234682578835
1107.414175430738
1171.0134794577434
1178.0479788837615
1127.7928791753825
1138.5663648498341
1121.5313803760032
1126.2156366500328
1096.8983286371408
1138.1621292015782
1141.730069439519
1102.7786957710514
1103.2598988268783
1189.4253342118013
1105.307951103895
1122.8102689254072
1143.970496542227
1214.2502616841616
1140.1008642484449
1110.5271551066085
1249.0068788109634
1165.8715814137618
1112.625026094415
1134.0624345790166
1114.7698589691208
1139.3848716397174
1114.321215309708
1146.9850975538377
1159.2570007274626
1169.864258347936
1201.5917540654764
1136.0387851247349
1130.1233650603526
1159.8587625955938
1223.4864458260217
1150.1876939260005
1129.91329002472
1097.88658918072
1147.0907181667203
1153.0304341590502
1106.5554445564808
1180.3111575654584
1181.2892427398613
1122.11382851683
1117.2420928200931
1146.657202270238
1210.2066745706188
1135.648750634561
1153.8009326097406
1122.4051634900975
1212.5297749226202
1233.0676683361262
1207.589364544427
1144.0398133788676
1146.064615590343
1144.120430520793
1146.8670680119617
1137.7816811344996
1086.2704852195257
1102.55006863598
1138.0151849107438
1145.2546509632316
1123.7506880278715
1114.2259758131906
1148.8676256567785
1130.9423800317209
1145.4258762355958
1108.2811213308626
1119.329257144594
1138.9142955449524
1167.9057453526907
1091.8304081257268
1099.9418679654468
1237.210884913465
1145.8690464572228
1121.181884823192
1318.0199523342367
1120.7755730981403
1170.90167630419
1143.5315154431241
1160.725144926692
1261.2019246146187
1090.8359219438344
1074.6404156027056
1210.828120004905
1091.3997965674823
1178.7128613413552
1119.7573271821166
1123.3977426624583
1103.0999105041428
1144.871799846926
1074.0620174763626
1124.1568241178722
1150.6173411837044
1113.5572567921363
1133.3576971333323
1160.2784449158207
1150.1973469574145
1216.2809616522275
1124.7695273435893
1123.4991190511762
1123.6390795304364
1148.8637797778272
1150.3332873403758
1158.722764684347
1176.4899331872693
1202.9963850094616
1203.6935437298785
1155.2995208343805
1190.854343643111
1138.2727707593717
1086.9018264259225
1115.6893981540827
1168.5504881562886
1121.6656328941426
1172.5485383275925
1133.2130209698566
1145.9634520869845
1119.112608851203
1092.3434731812226
1173.47412883899
1134.4548395196514
1162.4012357259771
1115.3551188270035
1158.8762056706037
1288.7727735982264
1108.9205106933484
1170.6653401126873
1170.129438381297
1117.7983982317426
1118.2181285387437
1136.9330863548785
1127.7494076423427
1117.1164805205203
1143.6100744236844
1176.7204602469826
1130.7475656465917
1113.4763609981765
1205.7919185455671
1149.7729014810986
1157.694083790438
1116.0556312005656
1156.882148960655
1127.6956603723343
1134.4055138669362
1156.6995991758722
1101.0791164900465
1146.857848504218
1149.3900975980152
1122.0296433404696
1088.91167978324
1094.5395239099385
1159.792491542743
1106.2693923724796
1134.9440507158474
1138.082945127192
1125.4468176989799
1190.5680829035819
1154.5374040602628
1164.037266430458
1134.7990900265518
1120.927385048794
1181.0430976749403
1135.7509346809084
1145.5964908593387
1124.4110620085671
1141.219710018338
1155.9441058673156
1119.2194785871861
1138.940839872203
1173.7710705656964
1196.9653967259092
1101.2896906470762
1202.61226921957
1130.581032915753
1101.1856563266042
1158.8762636063175
1092.7380971446983
1130.7650433247707
1181.1615196899404
