1337.7932948943987
1342.1128222759694
1333.1315510655118
1336.5219458401643
1339.3611430786732
1337.0954981342359
1368.2323217662656
1358.6288724231713
1334.4551531552556
1345.5806068689326
1339.5847974704106
1338.47335149659
1339.5537070311757
1340.0795178819785
1334.514597748292
1340.4079414961902
1347.1847824914423
1334.9258510207167
1341.035375245783
1350.386861536102
1339.608756083569
1350.948433206409
1347.2713689777822
1345.795693308945
1340.5685042674781
1334.8201853870373
1345.1096181332402
1337.315748853737
1334.950367307841
1341.331293442239
1343.4760919264281
1344.8096846621565
1343.7981047706076
1349.888814156609
1344.041575285448
1346.0001269654322
1339.5388088207415
1339.3249704331022
1377.2893074487129
1347.8129188485304
1337.9581287811004
1334.7116923585024
1336.8885792631183
1382.752896434019
1335.6358361173104
1364.280914392078
1344.4063973947982
1343.1647264152089
1352.1606135687093
1359.816631347362
1336.8757525909482
1357.7017251411155
1337.2148784899825
1334.9647213454434
1336.0339462970467
1350.6490290274305
1340.9705102363434
1354.9175049746023
1350.8525011026477
1345.8725453936354
1346.632683873332
1342.893014283999
1366.030077121416
1337.51268730131
1332.1166008343139
1339.9046842566404
1336.8839593009293
1340.816775503482
1342.9476590270847
1343.402680513814
1340.61227468193
1336.2534118429153
1335.0476925546602
1337.7275844690976
1341.8741237239453
1343.841510661373
1359.984981232498
1337.2135176464935
1337.5121520639345
1349.7152296235256
1345.5714448727667
1338.8936601628318
1350.0593841655696
1339.5028057192355
1338.3442742512107
1346.9653675271843
1337.011882701141
1334.9710820848686
1340.4359105663734
1335.1435095399634
1369.1075839692194
1342.6505643458743
1360.9393091366176
1339.3795049615965
1334.8762389351336
1334.3228422273296
1338.2032141925417
1345.0937670944002
1336.1919090915308
1332.2919831405827
1343.9818923025196
1351.695195465446
1358.5800187039697
1339.957041367674
1343.5541663511285
1355.4286667493102
1344.8750541288828
1341.2275690666265
1341.108497418583
1340.5358428634092
1332.0387581271361
1338.8600654845313
1338.848314095685
1348.8484914089531
1333.269475498877
1354.603574788462
1337.0600636565423
1337.6724256669859
1364.1001598272146
1353.0170980476385
1339.6563868398898
1363.1849594352918
1350.1658560913038
1346.9027384074504
1352.8848552955958
1337.6083076936288
1349.4177717684229
1334.5358169411265
1340.3759897158743
1339.1334768618262
1352.4725816354191
1344.9403503226931
1356.6748603600845
1339.279987368306
1340.524662843451
1356.1459810464844
1343.2092685688792
1335.6289670876245
1343.5742549329284
1336.9499233853435
1344.615271351784
1373.2691727661186
1341.567565498621
1336.293426413295
1348.448604794727
1342.982214058511
1355.1723288000458
1349.3267648296728
1340.1523085953768
1335.6827873852762
1340.9884945676745
1350.2439280848916
1355.542649469915
1336.0743814908085
1336.0193646890025
1344.8542951509812
1335.666931067648
1369.3456121206464
1353.1237724066668
1338.1587977341283
1351.2557771994825
1332.6814588558382
1341.8985991406748
1340.9580935046324
1332.5491294171452
1341.9909893991392
1338.1408020411454
1341.9164374078136
1341.0008291239988
1344.527762071205
1338.0460040156968
1338.223414577401
1342.4905931829257
1349.254936487052
1336.150160935187
1344.7637013595165
1342.859479632682
1333.8862419734983
1333.719603527927
1346.1429031782639
1339.8800355744972
1355.5366646090997
1336.8922034081975
1352.790442880756
1338.6190257375974
1337.998427444998
1334.1139895263957
1358.8592198624212
1374.7632700913732
1351.2665925016088
1339.4994141480233
1341.9215940228642
1344.2819413058571
1351.3795704219124
1341.4065020313797
1347.4596684788276
1336.622194681575
1354.9484625494833
1341.7055511637118
1341.5087694628378
1336.188925228801
1333.7164252564764
1342.1295980715493
1357.4399093362936
1338.6364548940185
1354.8311852211614
1338.3710573506598
1342.0827547597037
1338.6635664793323
1341.0736143632826
1334.6962666511954
1335.8357184706922
1340.778008275742
1341.442686094571
1342.8242843108724
1336.9991791624266
1341.0001798318162
1337.5336395808413
1374.841808014479
1343.7215938790682
1335.393609545206
1342.6031089269409
1336.8396960473924
1340.7412142857718
1341.6113545797712
1354.2959280147566
1353.949683194068
1349.572884152409
1341.9668060437123
1345.976492688975
1333.9881546953104
1337.1067786412236
1339.0366573085767
1345.174909522453
1335.7506806075087
1355.3670979256826
1339.4710482770633
1343.5288889456644
1351.9226074074122
1335.796654706769
1337.6939644876898
1344.918004755502
1345.6393857646913
1333.3022769337065
1343.4364154544369
1355.6554439614883
1343.1461062992712
1355.495965081112
1336.1473534343313
1335.5204408751656
1347.8450919464335
1344.784363428458
1344.5901071406981
1361.4208463785194
1338.0457907109949
1339.1599712668708
1338.3298675431702
1342.2933386703216
1333.1888779242543
1365.2902388954442
1359.8452404605325
1343.8252148742322
1337.1351971322365
1339.4776904498635
1342.375461009392
1347.2852905860618
1335.4786781162484
1369.4770946010435
1334.4877439101383
1337.8545370260917
1346.1163687682379
1339.2282224873977
1338.2235128917334
1358.6662802981887
1337.5792853113417
1370.2731148443008
1344.9664205423223
1337.3329137823152
1335.391344180805
1338.969746265112
1344.6457871456792
1339.9682128771967
1343.826558190166
1343.6561561999004
1348.8301864913835
1365.1835909433307
1341.1741863454504
1349.3829413540034
1337.9987648365304
1347.6630101963078
1348.4497358556605
1343.5534722365437
1335.7458063056276
1342.1108400864778
1338.05368669975
1337.4942266025569
1371.191676930458
1336.6447749144227
1342.8746490351189
1348.352118051856
1345.5132284693534
1333.4475012904363
1341.4425547616297
1362.082895842023
1336.1599635779107
1364.0195519947392
1339.8076638317152
1353.2619161413618
1338.2257022099539
1340.100984829917
1336.6497499340744
1335.498875654902
1340.1083521305873
1349.5331458928922
1338.1227864938396
1339.343636735392
1337.010010551517
1337.8823708656582
1363.0574556565389
1347.2213003517477
1334.3227558723847
1335.3976868191999
1342.955479820207
1344.3805758624428
1345.2473286788286
1339.1016889272769
1341.865630957569
1341.0287773030188
1339.2971105807924
1341.0338313138532
1339.805152500686
1335.8906337757257
1339.2742816258165
1339.0578296162118
1336.2338923641464
1348.5528151139372
1349.8694992328944
1359.9963079214226
1354.053736250578
1337.014759855349
1347.3065362927532
1342.6727246325863
1338.963018340898
1366.5710928336644
1337.607723945186
1347.4989542931776
1349.6180920141996
1342.2690748849695
1338.9761333693748
1336.3186242755753
1346.030972115651
1340.0381020373588
1354.390804784423
1341.548067430859
1351.2271147771362
1350.4145804519237
1337.2319957465352
1335.1216744440687
1341.4650199874172
1337.860867554558
1337.2853687459096
1342.9931979484045
1341.5621578477594
1339.1278763233147
1338.3333194059564
1340.0277155505714
1360.929244903899
1344.1480123982706
1341.4354036825655
1337.8945379421757
1349.7995411250147
1344.3533467420027
1345.005992117418
1344.9965976051049
1342.1165042980188
1351.6764318831151
1340.453768468672
1339.5852800292437
1335.4027043148808
1334.5244337098525
1349.2967403311534
1342.681399401733
1338.540103956163
1338.5890853099972
1340.550198759278
1340.6547178763817
1376.0015290286083
1342.4456500660222
1339.6809616709597
1344.6466422782137
1342.2244265572758
1337.8094439095553
1337.581600010346
1372.0015558159735
1335.1283616504838
1338.3267658537611
1352.2702360915096
1339.3716800986406
1359.2610617848923
1340.9293844619422
1339.0894469067957
1362.500224538551
1334.7950965990854
1336.7049731487605
1343.7018909230424
1333.7278420728592
1343.5689155989571
1342.6221131237699
1337.1561012377754
1340.4662207824272
1351.1790074250723
1335.283932968479
1339.9242831025108
1352.0294932667305
1340.7748611876336
1335.6908001612214
1336.294825668113
1334.929070455617
1352.489606013457
1335.7070101232498
1335.842579288978
1344.6765218966677
1350.767989375904
1340.7755191823903
1344.402361933695
1348.496313740925
1355.800999659059
1336.506106466506
1348.499135491094
1349.6076354668485
1335.6805151135477
1335.114929025976
1340.6144199746195
1345.8337860661186
1336.0331498855253
1361.8493524306386
1337.1625282833268
1344.0833797082116
1338.8425905677113
1334.4872353281685
1368.9679550657916
1338.4095261598745
1347.9601966919017
1340.9445805779528
1338.8306682152663
1343.2208952236374
1358.9437077694906
1344.2404066127506
1353.055361910343
1340.9203082839274
1337.55320468638
1339.9442715567516
1343.4664915507205
1336.05196657323
1348.7771703076926
1333.722300596603
1344.9003432630493
1333.6757153752305
1342.4017568569423
1344.2811466883868
1344.9786595200562
1336.0878835232763
1356.62616164461
1346.185162347714
1338.1083787034827
1342.621767323426
1337.275401062071
1338.0097184077576
1380.5002762047575
1344.79282452377
1337.0421231563705
1337.1989419202077
1366.8319339685897
1339.867494851862
1334.8661024494286
1344.5955853349797
1350.4915223062512
1353.206051689729
1344.1958243834697
1347.6181747889345
1339.0235253403503
1334.7726432428426
1369.086786919208
1345.198430974002
1342.4041566491533
1341.9169606522428
1336.2516709607012
1347.6553395596595
1333.2185335807494
1337.6136417337043
1346.9268271155397
1339.1608823500178
1336.7444602128628
1344.1269651837436
1337.066077201789
1339.8125789692467
1338.5742034274328
1337.65210331143
1340.9196387472218
1354.3515712310189
