53557.97722839695	61258.60942564083
56285.97489587171	72019.51668812617
52540.92388682718	63361.97418600914
50757.70430332473	62913.57765126066
59788.16870913748	62023.00123113102
54997.92451346524	69038.91254983137
52089.53786224777	68507.06197576919
49183.747626031254	61051.90500260309
53036.99116850144	67084.68445512361
54589.83479130627	62254.06626128207
58085.64195036472	71475.67411203493
53824.202244898945	69652.82425077926
56098.58141685703	88314.52581708987
46068.16178095329	58126.94517159147
52675.72988768411	73583.24635123576
63224.12913429327	70041.75598134905
56078.300244175516	64430.80899881166
51360.953684105356	64144.13770172276
49020.3396409332	75449.79979699022
47734.50398166729	65110.80597752949
54666.39063068365	65504.708918587916
49169.752289695694	75157.45292710538
46548.78477758185	58169.53551401605
44432.410273072295	74813.02733436895
51256.477453622625	78228.8229184157
61231.94455739005	66188.89997481892
52107.63419317927	64160.183220746
55044.423961490436	54435.82523133524
56811.313164919295	61087.475845824694
52584.26954107947	66133.381820966
53137.40351444154	75268.48303172697
52309.05878874667	71102.3262734161
55527.69697242162	68484.10485393247
51061.564350445624	84782.08450236988
49476.51520025252	66899.1794227156
51343.95912808684	69165.06206144446
54428.01069917696	77599.13616454172
54385.97068096744	70035.92280715195
50531.237100204205	67804.11618606385
44956.53440920287	67635.44486993959
55913.99197384518	70780.8709548814
53942.40282594091	63543.02560000582
58350.30331301095	73965.09487133811
50226.91152560362	69453.66826159795
50568.264216155854	66976.3415241098
52858.77223213894	63547.55684902491
50470.49891155308	67992.9710427806
57996.28229266357	65557.60842290241
56378.020325051046	68535.52064880608
54118.09179127922	64374.25087187971
58585.498686859995	63241.83092503549
57588.01314452149	79678.76226751487
49918.09656279166	61767.73585262526
46717.380820235514	78979.75368111684
61644.06444864387	88244.07980588061
42749.19715226823	74113.16018204062
57186.398720297686	74367.14167728026
55303.20941910143	69041.16042211595
54637.07297645195	61206.55579857083
54634.81119531149	64953.42873570106
52394.80146245524	63510.01851628409
57777.998790094025	58855.291043870595
54442.2923585379	76268.16688019385
51674.8214501973	68903.7174267757
45379.4339514071	57580.30336796425
59050.392764382355	74056.54175370916
53546.22109969394	62286.73648932149
59056.4220799546	71433.30312399786
49058.73181472892	59367.19626844513
58403.32682242122	76426.50379207626
46675.169760713725	57404.31308974493
52750.144423699494	66806.20066711858
50327.57706274933	61104.40930498761
51043.63079461189	75340.25414221163
54614.39431798653	58375.85869673547
56776.812338704796	72110.20540475508
51680.97237696664	73960.36268003113
54298.90040653668	66171.55542711717
46212.71646279466	48693.41215399565
54113.052735603225	77135.79423899078
56044.43959365763	66280.24930837678
59363.243576762594	65200.38046918312
55757.2851549932	67915.55260927677
57905.89322827175	62620.955188747525
56348.62865392614	72995.92556327602
56085.53927688734	66600.73217323105
53799.569909813436	74938.21142474309
61097.184427340835	78918.57373908782
60357.490974574044	73082.56305898352
53536.11984258626	79976.17627979859
55166.62581555582	65694.16885022903
56380.535267316256	65837.46045288735
49739.21646686727	68756.6336045078
55325.55488986842	68431.58984241274
55560.17721794922	70371.82547681771
54708.981383958904	74096.17698055765
61504.749797127515	66381.14563989546
54429.25198509208	70365.21700851791
57716.36530587963	72565.89236723355
57957.331389712584	68497.75704532275
49493.35333987411	75120.30524212122
55100.04483457208	71529.34435228087
60543.15623601682	77659.17767616687
59795.09861049762	71308.69430805088
51974.66062629618	66757.51726720828
62167.64596413901	66004.14175620052
62534.95479181435	79417.4318778659
54841.33926662404	64014.63471694733
48105.104680321754	94089.34780999809
56389.918827384085	78115.35198242197
51755.693250922915	65367.90490163458
54037.1908556873	63876.041123491
53695.74075262822	69734.33245050673
45998.67278863447	63877.78795152511
50033.3103278519	79881.9469281011
52874.37496679106	67685.94715646829
58323.23414834312	71866.43364666353
60845.56930735119	73316.8985545133
58337.22234269799	68949.43678180764
60359.61308316888	66457.96185721245
57700.05801775507	63006.98669232842
50597.462787723445	66161.35443064668
53641.58671042941	86328.781457563
49915.832092133205	66843.82066622777
51381.035522401435	87803.44145583473
54030.86778840347	66675.95467996936
51944.60206884878	75941.97300247243
53813.991947712995	70660.37476962207
49205.04291646055	76951.61701927499
49317.053977339165	63736.13861774526
53775.16848404475	73093.76374989148
41108.39778098448	67099.9932482511
55468.75846344236	77212.39953981126
54014.0444475104	83763.87138269907
54581.581799761654	59107.40072435509
52376.19097831569	67778.5500144349
50823.049679303076	61098.401324300896
56471.23282420418	68877.63954017221
58809.606549704295	72298.17996546418
59050.39396620923	75445.25656998469
41877.059373221695	62023.16116306378
53035.83412616206	62559.55766912888
52482.59314852929	72565.94196492131
49137.32537097251	69578.37577914505
57319.54175278841	79825.90829280854
51405.84814437285	73444.07812101212
49089.43002323007	59520.32088501411
59516.949355888995	69071.522492575
61945.605827466075	71267.95732731074
49016.69754573117	62938.30142217052
53514.47806972971	57754.14837639375
57998.769559282744	81627.83046381311
48360.97393037102	60007.40571046045
61556.33907935623	72939.7923330296
59022.84042465736	82425.82433608838
52416.14085171108	73296.33223882533
43863.081535168065	62550.52215165935
58214.14420317	68330.23236124944
56427.21344136944	69563.6427253979
54783.85052488769	65791.12256636213
52469.48020160947	65329.49884730886
53367.2292583172	62312.91613383092
49241.78840209683	80179.50044908356
47429.76996886221	80859.36519419213
56291.16887110038	53233.22974858125
55433.584980054235	74699.28029296026
55095.595101551546	77525.18845889853
52900.94351037727	63718.23013287617
53406.92055336615	55558.436593176855
58029.21086313928	77646.31107050931
51767.89134050757	80165.31229821188
48310.342959328394	61616.00547773783
51996.80926287735	69759.62865785972
58487.23529921424	74056.78698695172
55796.079089589824	74955.59595401608
50219.930915637364	78082.37093418438
55236.68040054717	62064.470043743306
53120.112061147855	68172.9196259376
50377.7366696321	65047.467201613974
53379.50728687037	69358.63341403533
50934.37970969983	78813.85321459085
54607.17217242353	79744.71930270622
55815.42587540281	66079.39338198396
45780.409921578255	57866.95411616519
49130.51583762447	69477.82162840379
61318.92873321109	73638.22911062367
51874.37996427969	74926.93339574242
41548.010130435236	64133.67457179715
55162.74725732751	73421.36937098861
53803.620687369024	63151.41126231891
54662.85670921911	66371.57950999081
52158.931758226085	65766.57233215852
64320.80494336434	56130.55549253225
57092.2881273129	71631.52624684923
49597.270196580896	57538.29289836836
51159.149453528065	74352.35470491028
56293.777081131644	58799.98086535516
51021.35455177223	63986.94545286514
53296.75956334184	78298.1425501528
51938.64368197783	61592.46447307464
58565.598558650876	73920.15963539187
51913.75418995207	88915.01385539155
58565.57332425444	70171.0729900327
49073.167108992784	55954.438496452756
62353.74850748605	85959.54256357453
56865.10670721116	70750.49242094797
54841.21128449025	84874.17235159755
52265.00373418125	66248.57972644932
55381.27982217219	74776.81671964203
57495.84608222786	67613.50344938159
59642.324479306175	73577.47288588482
54307.53039777397	79482.44770443671
51255.18871662855	72800.16049913794
54870.48955929636	57316.079627733256
51301.208076645715	92610.25155955987
60294.287529634435	77114.53549722939
60059.43568634926	80441.87689892015
52494.9238127149	84807.64827987229
44609.15601304306	71998.48652218672
56362.24257350497	74473.54104702498
55245.489369563795	68276.38364443273
59870.10851850393	57529.41274764859
59177.99121019879	69636.59301282739
49208.26987026926	57442.27305242396
51546.594766075315	71200.55259590724
57682.567067915625	83880.08160215578
47409.716800133916	68647.52318638623
48865.50882443692	65276.41972778822
56787.03613509016	67163.14519307099
49867.53879341528	63541.683380791364
52788.40753654073	73173.35837530044
52590.82910115553	68943.94255694746
57691.74844740677	69991.62624291088
51233.04264118385	74373.00395542446
59520.35682812611	60035.625829024124
47191.33811989291	61357.56994985505
59398.07240125636	70113.70182962994
46600.73748513471	69400.19761117156
50420.13961244122	74301.82685930919
54160.350281581195	73824.09505654276
48266.010214468464	62060.733862256435
53115.30665251656	69705.05613554377
57375.92338467716	71044.4175165524
55377.0039595578	72308.20205584695
52154.08148208348	67350.9267708945
58556.18618586473	83483.81146931546
48598.77572416699	66859.59082103142
47505.670731514925	66947.40266718647
56241.0461085026	78418.3059790531
56292.50594704838	73041.25241942234
53171.71997100931	77229.05776629904
50729.776580274505	74112.48691582274
51590.85297148705	72218.32727623057
54204.76208216405	65990.97796768765
44286.835669222084	84271.90435511782
56208.420597994234	75278.27132917817
54232.121978977215	63185.15195524801
52038.80832176664	88196.08189592334
56521.03359882005	68277.82270994852
54816.08023806942	80408.16061334887
47989.17670056341	63245.71875883545
57067.3005770443	70157.43109501294
57532.80774055157	74135.06439264667
60251.86241656098	69867.09600199085
52861.904538696894	66583.43104135663
52467.28453064269	75555.24979175621
55926.74527369434	72641.33548181356
53642.84077819182	59977.68592109842
54005.13918999028	71302.23789841602
55690.0457780267	62450.52247837845
53533.65565115621	75612.94392550607
50760.50005424331	71874.2433863223
54637.53344837159	64248.26935724473
46606.99348405711	66561.01733187499
58309.06158276512	62903.048022501425
46793.78582908976	56538.71727184757
64022.946495072836	77744.54335428849
55927.383549977945	83411.07918584473
56590.2714338161	60404.31078671818
44196.71057828958	55417.6543175675
52573.786895225356	59314.475850983195
49334.61498191202	80125.04170208896
51776.09772293279	83941.86393171712
50441.05139171476	70380.14010541966
55160.44327910048	71536.19563368226
51912.26027460721	62790.46540017809
59926.681012715824	72163.50267387892
52865.822595737336	70388.41573937633
49427.73469716979	73122.70540833428
50674.3505900818	61986.26909616372
52508.61534641597	69219.67558102166
52794.16592147187	74218.32099168352
56006.02246100342	81742.45657456291
53952.30887576566	74387.61832179446
52569.97752032759	65210.96812510239
53898.30038824232	66614.15936269017
53812.401301954545	65957.17427838912
57793.94350991557	59385.659551180725
58013.41355437593	75997.70043371772
54535.57245554475	69517.79180954788
57792.23870485553	76753.86436299316
53294.19001809	60031.02163101002
48818.13957986745	68170.1276252222
49807.95864464734	60807.49817745171
55768.9298633498	74004.99637781586
63745.94684994446	73596.86302965606
50314.02726363369	78396.6805536799
50094.86985428322	74820.93860929333
54737.61688934217	78284.50189362804
61609.47361484835	71710.73136740278
63064.2758320752	73564.97805384702
55254.23354048911	72777.81690768716
49561.48876347652	55162.74146304007
59335.349969798874	71834.49715415473
56313.707134628596	70081.09878307082
60039.304711163066	64888.510998757105
62653.25372344948	69052.2135524338
53247.122674523795	70011.53322025106
47822.6988390408	63181.20599165635
46385.881003713905	76878.25064405856
50820.53036192873	66679.30046103953
56381.68144909414	72223.92933133618
50136.33847225388	59090.83114628919
52164.75717669187	83481.62615706578
53344.34306378667	71135.33433862275
59166.7066859396	70404.02280223828
49480.24002844469	80621.95198105495
51204.44619692874	76830.45884521423
50563.02647613024	64017.67487081971
59317.686269420796	68004.40832876429
55110.78573942548	57726.58753549363
47665.52360385161	78216.80225396738
56248.993429214876	67206.84819147982
45142.64846966462	65351.75085242701
52959.077117656096	70177.42932996844
58717.20570308895	68351.72227729994
55308.13851832291	66709.19644753903
44564.59871805992	78263.33801350392
61633.0084787109	84187.31919038747
53095.35509025669	69419.01724125726
54902.42575248379	73198.38033425566
50625.99135590119	83959.45339542686
56518.780333001225	78417.05533921065
55692.22472434127	66407.90793236396
61472.297909700625	65659.02213130027
52510.895811536466	61757.32791711242
51944.19489597464	61659.42200772597
56447.89940993531	88500.37271704739
42867.1749860142	55618.08004054765
51351.74276995388	52320.452518659884
53008.612164654754	81034.37129047008
58633.084267953534	67959.34238113665
63067.520990819554	73512.71388519807
57125.31702487677	70873.04057393642
53916.749238337245	71240.88324099316
49049.80161403607	64841.463671240956
46317.636008312795	58763.19467909994
49154.26711278179	82632.34457838966
56716.321145433474	79202.49958814043
49454.267471785	78560.47127271788
57151.95861292578	67644.65103162831
54403.903737615794	65063.17993567601
54293.74224108883	64674.929934054824
54348.194429311654	65508.07190003104
51901.548311251114	63648.107542714526
53428.27537809381	66026.66022536725
58633.86543844019	87964.56670404472
51542.96448163842	72412.32528368774
55206.818811832345	77112.71366126064
52103.34747874729	79810.2805739174
47603.446382812865	68555.73312680906
45866.38975677919	69023.43978234056
55735.701189466134	70790.22860848594
51580.21283216949	67843.86659356096
54415.758054671	70690.7914320956
47364.02721914009	69738.18494310879
51265.089451157015	70947.06916492312
50335.77833665021	71740.38290723304
51677.34614846549	76712.3297980772
48762.612668812115	61877.1325536177
46754.96437097648	67840.09325289616
48788.15735169182	73936.70596792756
50260.50816516882	87233.05429392551
60628.26561381033	84380.14674908928
50915.3399791454	82847.31151321527
52359.74906443073	81889.4604908046
53812.58728480593	71752.6980560489
51403.750539521265	67488.11695219639
51628.98967842896	76948.12026732476
53311.56763328596	69386.33226347606
50471.298315366184	64297.97383326956
48115.388209986726	70795.60284314159
54390.72509645278	66342.45695057524
57081.32105285371	74355.55836954247
39794.43640489297	62622.62977002962
47856.619519435684	67739.45992578102
57246.344834305026	66645.6591494365
49505.375600097934	75210.24234237743
50999.774046193386	77049.54728994842
53970.25623705602	65251.305966988766
51963.36980329239	54309.81570796088
49816.82242995125	67481.46681148862
57402.77214884585	71306.91625986403
52449.42746615141	72293.06770589022
47866.16494702402	58116.50976429212
49579.48824939123	86001.80879706236
59186.0782596038	63070.92441052974
54216.34219460553	75877.19538817144
47324.985024438676	77452.26995900457
46687.656956804334	66720.21252769425
55160.77742013658	92319.62993704106
62016.86054126749	54758.28022906163
58777.732611724176	73893.0693863603
49198.59611809477	69794.66781908406
56281.08982219636	69532.39461379823
48084.62765758633	82651.10217539965
47935.9596654241	70976.80996698326
51679.848127138466	75583.97845628043
58285.051738727634	66186.13727903694
57360.81009181267	68038.76915958239
51103.77811818752	74392.77489333192
57457.156820825854	74449.34633805652
49551.92871127925	75614.01357163067
53868.0721309801	80402.43029049516
57590.61000164093	79267.62597372096
51810.493791224	64827.126650590115
51587.49939743029	69789.29846086114
51748.12933203184	62775.32249064553
52847.6283265065	57278.73322523822
55378.03395467437	71942.74465343304
51578.8730409492	68825.8892810825
51582.93193430541	65519.978360033645
57413.95636198686	74549.53794108708
47278.499492250376	70255.0765392797
59278.72637608323	74207.53905087207
48604.95825357812	67528.26154954942
51994.404392121636	69811.82198765027
51758.414453708705	93490.95635681557
48972.21906386677	61998.61287361935
48462.66895668046	65941.29227741896
51996.011007563364	69232.94261165512
49847.45317351661	72718.9895821449
45305.95158543718	57411.05692269975
54086.091338596074	64394.41042413621
51981.81855149804	66062.69013592096
57410.2645092747	72439.88242700079
62539.16954023755	73564.21100253383
47855.68351462252	71208.8370276127
54139.5144078585	84276.08900226137
60653.823752826065	74081.73423081424
50872.33159265349	63812.91010524542
63023.54383502877	65760.2213566335
61725.22880657273	65691.46084098944
57061.05157910988	72507.40321469722
53192.792948509225	74781.73758973365
53488.8210806679	61760.14188083003
56984.17594044398	72403.7830423406
52025.48553714747	76260.09944374258
52428.17026332769	56382.05165789932
57007.73750440739	66476.91352667462
56765.30181265905	83532.54952386083
54265.17078171575	65698.01057964242
50635.18843681243	71073.50150447727
56263.916049536085	72245.38782718618
52963.30593362712	70751.9080471232
47800.942468286594	66028.90339349983
51277.51734317628	58156.24074046536
51575.48893534525	76605.86982838728
51002.40739997312	72516.42434557024
50407.98864631534	61487.954413719825
53458.668853911964	79541.27725951774
53225.346108383965	65863.68853985443
46986.39500465915	67818.97056714687
49613.525131094575	72758.18140885944
51236.24700036601	72508.047580948
57061.04996939039	76948.81619035765
51250.19607868085	76726.72917646404
52191.152249412975	75136.5821072726
54780.648006653864	62390.936278036905
54970.84168269047	63727.54565523196
47240.83829658794	70854.47501796678
50804.450181229084	57310.44665473438
53246.874585298	65060.00534361886
58043.18491762355	77212.29788893966
62557.964841096764	72619.31407433948
54684.23519628182	77651.19040250042
60504.62846221624	69443.37698827605
60449.833193416925	62715.88664689742
57838.3922249277	70789.1504789118
57921.06167955061	79492.47494801113
59753.16178128778	68130.65203511748
47873.019624523455	59430.694447317146
50936.370351384525	57051.803240154455
50970.722084351866	64362.559443429476
55931.70544823577	75014.25625075471
51303.812528903065	66473.77355407189
52267.60858969031	70136.16133085877
46381.30109155092	61676.69814752889
53598.63716040754	68692.09741366234
52121.54003945715	70175.35062902328
