196477.56477522146	229621.27231126023
201334.45795214752	248518.23098980924
192405.1664747253	234805.8467508742
200702.2766201885	246519.5087303776
206537.6349719796	260879.59285742833
189467.75105861836	245713.1600417401
200324.25391149096	246471.6997517127
188868.6010742868	245110.7300728405
188784.4147121972	234635.82005204505
178552.70015013852	230586.5866325085
183781.2672175718	253201.02203515387
202454.21807985572	243378.202638867
193224.79168938112	255548.9852303961
182300.73168068862	242436.1269074594
185482.7366102148	240684.68049655744
201123.90637340205	241791.96525759823
188525.22793250903	242247.8165382989
200023.6251902528	235104.38804754766
194319.94697093836	260484.13602230424
180717.4952152737	230806.46006336302
191338.19279698466	241343.08631680036
186634.72840297312	264024.76867738576
188413.28586865752	226061.49320390326
183271.3736064231	242953.84841763054
197523.54349750967	270426.6942030395
210307.2169555794	250557.96722730785
190981.5091481247	257156.68141543007
193896.56801726023	242832.4916727901
193967.5868917773	239171.56924498864
189518.1903190341	234268.92861941218
179762.94266480132	245358.1689706723
185207.77222768252	248665.66276283417
191887.37101831133	248722.3815723058
185570.05785687355	267759.9072919678
185580.8431788318	219561.4749183063
188195.8411102197	233056.0016513254
193864.232027555	245704.69977577182
188019.79355318693	259814.56529902792
186933.48143228068	237214.16918185708
176632.73401152046	248899.1669762746
194639.34319535643	241054.91490898808
191491.5357276802	230494.47577193327
195939.7058082306	254644.54337164096
186991.91082370363	261640.2421657036
196839.9601580985	245438.16022093515
195672.20247960504	256263.06558584783
190003.97922225983	255803.08585919818
195453.17423991085	246426.42289656668
195190.4713551324	237752.50781793016
189852.32332215732	232254.62864534382
204292.68798695534	244644.82752101126
194135.6770402735	236254.17968440798
175749.53839388117	234817.56935248792
189476.71562151826	251183.8787424898
200259.7855867964	266880.23741318285
203219.54863109015	253660.5292774549
194871.72443374794	249602.36483535025
190496.79164833057	240612.0650409512
188555.9673430114	248400.33509769884
190638.49713582057	247588.37795522407
190345.54174448407	254403.64124522603
187063.65981602855	251972.32048628098
189325.84595714964	267403.88078786625
187759.51269826118	258984.34973550212
199006.90977261667	244360.3878921886
194065.5216930128	246281.10554002234
189279.04043564582	242813.52626628097
191938.56501820724	239941.17458093917
183599.11211542983	265819.5813010479
196695.73542865994	244942.06621269413
199999.54132756486	251563.50110453425
198989.5204069151	228050.31583522187
183097.1777293543	243743.33583253494
185400.41288229445	229032.2293623999
196246.33997089052	248662.71871002688
193179.22359238542	254985.12376390208
187217.78827066507	255333.4263051647
196173.08361875807	264172.744671358
188593.5630607854	236613.7806023957
202253.02777764492	236017.51581831794
192251.97839605634	247828.05563825057
197347.8079288841	247724.8057344451
182159.0781818605	240212.02054613276
192702.70595796139	245236.81412245188
187187.58968820667	256121.39904792822
195438.23031727265	249181.7338593183
185090.2099514057	263731.9733652265
201695.79953085986	254982.61535035088
184665.82409030688	226082.06971829894
188648.5079441759	260640.07170018152
186872.48372741241	237028.50490675838
187827.09356258975	225412.18530660728
189462.98900884402	228503.5275896803
190744.34643288184	253060.24244668047
199229.42406593187	247670.31430007232
189941.5195075805	261279.25638064172
194801.995561827	229060.26475695355
193732.10796134727	263893.6418962164
187966.04116008076	254042.97111107764
197003.55117216267	245062.22538076184
188899.6359364349	253610.5349546941
190026.1893104303	252295.0280080292
196401.78031790612	253502.3371923546
188864.84543839548	245492.66815707882
188496.3374152105	236046.07764395227
197287.73314317566	252932.97586988728
190105.04859996686	265959.5576946422
193865.53349026057	252342.2206969923
184153.73016609193	265318.8708678925
193902.35326425324	257682.95582867909
190072.56160435625	248913.27913588862
194986.41993387532	253100.86638604605
189262.2221115585	257374.86615659756
184999.89071706776	244481.20238741385
188295.81805970107	260890.91069653878
186579.93773697564	282135.56100640283
190340.6986211475	256202.57609885177
203392.62923881918	249849.5460623586
204385.06722438865	243454.27025640476
200050.33205870725	254314.73347102024
192234.35303371327	240779.51996257313
188420.71725509068	245509.8453417907
195777.9748792628	247242.33988140628
193574.00054117263	258390.8221627162
193159.37075206212	247129.18146140588
207326.69431364018	238060.97041975814
194493.91890764088	262774.8338342114
189542.86391367594	238216.04750806576
191201.02225436218	242427.10204221212
183802.41153411282	229756.0394378878
183777.67049875893	230324.8094635664
176137.45553004032	268572.4499085073
195379.50741169078	253033.70873142302
192671.99907730956	278731.54115764116
180834.27388593077	211166.0977464068
192212.76856794953	239095.53770175308
182276.68203433766	247442.94037410605
191824.45504546975	243897.00649856598
191150.08451812452	246260.75512901723
194944.49782831606	255790.09987854247
180865.0417631916	227834.93275026832
188223.723141947	233983.84574450797
179371.1764267293	256657.48785142857
189842.02310586374	258883.8966949931
187457.19737995235	253501.82089532327
194939.93180984556	242552.85515980443
179101.71918976138	234971.1769189451
198032.47829653881	255756.10797132232
192228.823672113	245091.95883671398
191716.0945122114	246594.4848263785
184521.9762434016	227412.23259557417
188491.05364618506	264384.9970228683
198975.72081562557	248893.52971720052
195333.77905453276	237758.56089445378
186010.468823527	255694.11245844574
188339.49956782977	230986.0676969242
193069.09608871117	240458.6072923774
199877.50180374875	227635.80804893127
197017.4747008473	254004.5811678474
195409.34861577072	242818.7615493393
191129.71816076557	229257.06189187104
190061.07379180077	243387.8468886008
192238.15842184133	256409.23043055215
186417.99049669981	245788.93990374936
196941.8939424141	242979.2731434528
188320.87924627017	248359.560808165
191598.88777697948	240350.91824044136
176730.19231861745	242400.30530421063
185903.61685777077	258969.4439610595
191292.76833693968	236894.3265617975
185690.87737340102	263895.3261365288
186820.6482833133	230612.77609408568
190144.209718843	228128.55518792136
187756.58845470642	235881.3471771218
199705.77794420475	241225.51788410614
198019.05523386202	244544.56434936743
188519.42001826502	253400.19850171512
193559.91554813183	244394.80963836526
178300.9284406888	232727.13932632108
193431.21661542216	246283.02893354904
187605.76182688453	249022.2644661832
190580.94358639937	241968.81496610335
187398.7922528634	240437.1174829633
186890.67891266997	240285.32016383906
195106.40308282903	250104.51614594934
191221.648820652	244259.0544265814
184124.91052290628	251474.0084760099
187363.01807609713	255056.29292891966
200455.43179818912	232095.76534166542
188470.85845209548	240561.5946832581
199872.64759515596	252904.00175578197
198222.19547965884	230560.88763451274
207874.9219574029	226541.13418153027
194611.86084043147	249855.3630204479
196327.384233196	239879.03852770414
187602.04630207317	252539.90366821975
184375.37246159482	245705.20531598182
187443.80351293608	229964.88482993847
188965.77263487608	260508.4734253179
191189.89941996106	239442.93539566814
188449.94958281692	249381.31334678733
180881.97265450703	250947.0998630912
194481.27567536326	253489.19562574918
198588.52202504035	248451.36322828586
206923.1306230001	261743.92104445107
195211.96998489817	256823.70456388142
194885.75353039854	270817.5801990033
187258.10915731275	233854.11905061634
190513.73381102065	251335.1365581637
195874.85376773326	260402.09261146604
191521.03315530086	246517.12162010893
192798.1716716335	263614.74090626644
192610.774372102	254855.25341572968
190810.88175317133	246775.11689674555
181285.47369196755	268856.52664063993
188331.70753562002	245135.14153922664
200125.4032906508	225250.65718013924
191510.27654641532	252293.89081828762
203423.69679104682	235837.96333973252
191354.6217847088	251689.16862323735
187465.98155559765	240104.1920837428
194976.1996674167	229693.13030679937
190024.0821827696	242858.62029347837
182263.53825790813	235946.32028157142
188126.72412892606	233788.39865229005
194383.2860986794	236170.44918607624
187961.31974597485	235100.31289498816
190555.22637503143	249050.5597924497
194041.7657211034	229477.3809821576
175362.5855515448	239948.6936795442
197657.49120078678	245993.273208128
180109.96036303986	255735.46745893115
187239.35675412437	257546.95780945837
178256.7427275426	261734.59035718825
192766.61097058008	230261.0870190122
194013.62085849606	246517.97545125926
195879.56134465395	245298.43228101594
183433.92412685713	242131.70998946595
177673.99879232742	262067.2147683791
184809.9379787487	248548.35362204493
186980.93806939846	238726.36898006173
190673.42777809306	233441.44582397054
184569.47928435245	256045.0654254736
196339.1201369756	256335.82837937918
190319.5207138564	238377.70958525824
191678.13220408786	257049.04981945257
178210.8419745776	234032.7157127354
180271.23186507076	241141.90075602362
190031.56217796705	227457.1660273027
201532.85061068155	245444.9070393314
194744.37612243893	256902.38093045558
180370.8503232518	244806.8648600781
190897.7178282917	236392.8770807289
193371.53116842452	220654.55841236658
178421.3798565704	252126.66555661103
184821.44934128702	250410.37209233886
198311.1031406258	246650.29675292334
191262.37438128283	234254.76319417628
185884.33528470388	244982.58023422735
190134.751619445	242651.24742560348
186626.9261484802	247507.21702081576
196253.77973693295	248633.06605809258
193183.47345595618	253030.44238239774
200552.9596923121	254545.01179555155
183650.11627590953	233767.5951633227
185435.14436836058	259103.54460244376
201172.46160353528	242714.93054426083
193577.4726883977	267164.707096895
200259.51256789424	243523.80608367437
193174.09622993096	236475.22792461177
190177.86176420574	278734.76742411434
182991.24737480772	215649.56239463462
197183.3530701352	228781.70519558113
186997.2380497459	249328.45365397132
188593.91180419258	239338.33640033443
178522.7240713563	220635.94852032288
195092.14777878	245743.42902814248
193809.82929091755	243234.30497722645
191532.21604213916	258245.67190771215
189461.71894004382	219971.09900609497
189621.28252038453	220025.32321675436
193063.67059778684	259077.7282102743
188949.249594459	248872.47614450048
186482.5283811981	251071.54609749583
196703.61574082891	267808.6433870117
195461.56232057873	243561.6903623615
178639.58310559907	224088.28388366342
192498.86168868453	237827.7647700238
191751.46985288488	270712.52054983424
186419.39343133173	237703.93183028733
190520.75563171238	264423.95206021727
197716.2292205781	256348.83007116895
194097.2034288212	248848.99197364636
200344.99979365405	265637.071223756
184773.23064366827	248907.73521136967
189159.19143284173	251281.38248133985
189909.6476471062	253638.40104923994
196949.46141887474	234764.25501410608
191046.87175860011	242347.60690608725
186949.11691738426	265385.37007841334
198018.24402803282	241589.7917921144
194540.56843568507	250085.8403036371
190724.46398548174	251055.12363344754
183982.02147257957	235644.26157453642
194423.56459020093	265198.977909454
197522.36557969393	245349.89577141003
191344.47635025764	255352.14411011996
188144.15992931003	248302.96402410025
192162.69492673903	247968.70155490082
201041.3837623811	234683.99414933712
196775.4774748914	247052.59862813388
185531.64422859	239214.93669309394
188226.6969230998	233324.91644331865
190945.11119001562	240165.75946838583
192932.41063998663	230781.96629698033
192555.4605332304	249022.69438774
196960.37080918247	254165.8836545347
190501.44170093018	232263.32959721127
191050.98862948723	231848.7198690787
194633.88248357835	239994.13164595066
186511.06700860403	243143.38615823095
189371.07100713757	254112.53408210835
184914.3991959833	235269.5063733922
200089.39858122275	263750.8855175049
193454.52353649196	247507.19450746634
194193.62906581664	234379.31097560946
195652.50831364698	253952.72807196027
186163.3174917748	259821.6953433252
186224.22053604724	248275.64635951188
187982.17977796606	233531.63131195295
195510.37418660137	226362.94808172848
185061.82084212446	255271.9446871296
192375.72828397632	255964.5705696033
189358.4153014929	227599.78050339626
189203.80681754492	246028.6736357858
189245.7654500144	248354.69402825192
202169.58132281265	248228.82870312256
176606.99144882814	250672.662038074
203080.15261960664	261845.70621158573
194042.8315979283	240391.64998001797
181209.90341352334	263723.58013945847
195185.79750904028	253395.3823613784
194226.84907448047	248064.56040761014
200197.47327601007	244168.19940660681
197426.2295056695	242763.32835826365
191800.50983710238	229452.77035976195
192207.57344583256	247919.32313781607
185345.3633499043	254140.25827379932
183742.3076313804	235296.86816371322
186186.71443307283	217162.98824145377
198082.52048340888	267659.15616786905
200573.38210623316	261830.93332966312
188851.79525713454	255727.17290223925
188224.66212408693	239266.35295449215
189992.95507546066	242542.62226379773
187657.96793690618	256374.68558570906
185058.96413976	257500.11582511093
190522.62695142138	248296.26685439638
185722.6228445152	261213.23941184577
188672.81489803825	273446.0902354087
182308.87141548295	248072.20972552814
196173.71604272127	254592.05776379353
201153.02801340385	223511.5091382596
187472.42270082346	238564.6068124949
198937.59358548207	273305.73685983534
188332.6105506291	253535.55378462787
197335.13276486692	259854.59804883556
184631.81726124883	273174.7113214717
195851.34706258425	251030.70005087153
191851.36913655774	255291.81841885857
186141.73154522	251844.6028925279
193592.95874081194	251802.5554147227
190210.96432833426	250025.2659132693
180733.16591635667	230939.22309927805
194259.7668616991	240449.40553370977
193632.07146165348	241811.3442406256
187648.35996801098	256925.02198633563
186996.2401153205	249048.1959621188
184051.77445953002	249605.9290008951
193773.71034601307	242983.490557125
188885.82316018292	255779.50445423825
186601.3429078818	233703.30160367425
191726.15422517128	255021.94649120868
190853.68015519058	254735.02581026708
185299.2270861632	241699.95051390163
184035.36434194617	263736.2534194022
196576.2976389722	275603.4885239102
185017.88575249194	247720.23879315803
185376.89379083196	240858.5273408188
198709.05693974777	241389.08667987492
196389.52033052163	228646.75999405546
191427.40136201843	261247.9355468588
194890.76731669198	240323.91907566923
206321.50970760963	257380.03380315262
188965.88831169688	237685.4782417209
198023.32005518177	221775.36921601152
189975.42883454426	255017.74522618047
184458.66545114043	248877.08711924724
176599.0264599769	251027.66942617972
184774.67396624197	263443.93046082463
185764.07736837587	231464.45466574622
197617.48657935677	240510.06133677275
201144.78180494698	239133.04810607387
189237.22761164547	264173.5302231138
191672.55958286626	241627.03600157806
192365.79428340992	252776.2630776006
195795.6970195297	248210.01986703026
193239.19592962248	243994.3341091043
192913.94824763082	239251.5838642485
183312.60159039847	237879.06550352057
197144.91474582677	252230.59437876055
195640.0019088279	243853.8749590707
195622.84671346692	250818.34308210478
178720.474407995	248640.19769289778
186275.5267270392	257178.76167090927
189619.09584844115	234739.58917905248
194397.48363690102	235447.26884880164
182613.28124048107	256916.79063809017
194406.1474504118	253571.51530362834
194233.1360513374	243364.84535480937
186921.9798586343	244536.50751106086
192741.4346182812	246797.09215100965
176677.05407973094	234765.0606626609
188012.01382527448	271673.23228236986
196372.33811847743	273180.85684650997
189325.39226797107	241257.9287866234
192133.27793108864	238677.7063230413
190579.8919174408	233368.35673840073
198513.9077413739	225739.30734866846
196420.89136532386	250498.22816673282
196041.9767920809	240594.54060666755
187596.54485592648	240822.39251840825
196159.97562855436	249010.33592371875
184230.3630733053	261905.7655141782
187785.91567887674	248822.44507426908
184671.44749650272	239520.66223344818
180865.75762079546	245478.02292571394
193223.4566128308	258766.43262653137
187023.0660165609	230569.1136868311
203718.811429133	237136.4787190106
182439.8577687663	237510.40905908792
182574.59200365623	237070.22354858933
198898.44505287736	238233.00557328953
188355.94139305205	246829.49327795298
199943.974207231	241506.2410240594
194710.3391892625	242490.67629858293
191921.98660472425	231562.68745905647
178325.2608895238	243112.3914286868
202942.67785903707	265288.2533267227
192129.5748127106	240279.92847007647
179339.16787979443	238589.00948783947
195489.82372367577	241727.46642373278
195722.04350552027	244710.16896507723
187364.1053954793	233495.63483485536
191567.28710416317	241858.19645669192
194667.40634940402	250236.2792552003
193625.0470344774	250308.10448209522
181527.24308879318	255636.35743285128
191340.29304707353	225216.08929167624
191761.02806913186	243186.86518959844
193368.88512705592	286678.9283733875
198129.31961757387	230016.90542067942
184762.85394393618	245857.1627025283
194998.8023808543	250753.1428050279
190866.76131603605	247221.19955868373
195589.11034980818	223867.35069876196
183127.83450653244	234036.8034431918
186020.21377160278	265096.13776539656
187151.50799640437	248323.4126567067
189200.9508548646	251113.02947188963
207134.9735774443	261219.9752228373
190099.72671847578	251162.5074534565
189002.32417607188	249263.34362421752
183067.60765172134	237932.93562434136
189100.72230630036	242502.0904965937
197719.31988415495	242342.29693504132
190310.93669733548	246993.29346905125
185908.29309289236	266392.6817834601
191293.04472595255	238055.66109034096
198270.82896672335	256172.17534490128
180455.3481121934	250568.37405857196
198044.18248464237	215056.5080939503
188218.02847915597	248150.11170223163
189712.48166243473	244449.38729672623
207734.00094402974	247895.23951404236
199751.82913159474	258557.14711332464
197894.65120855923	240681.0796306451
190449.37975028285	241488.5119824537
191504.53572044004	262690.22367142275
199136.35350896502	240242.86842666703
201733.34538717018	259041.20333549642
190453.30045763432	231499.19519657403
189379.0257180368	235686.50712195394
190259.6764642115	232752.36473700125
191068.66395290487	237732.14045726406
178479.7703349442	235176.83598406147
189723.39936328674	228813.93881126645
180353.60607747757	242094.26785406956
195363.4437470087	233558.37555004886
188977.9426033136	246466.33985552876
