305203.4642215088	401152.3642733506
294001.9718678734	369742.0194229001
305244.76630952826	389233.3608509304
292145.7670495936	393964.93189870246
293778.6371025747	384508.52040421736
298074.19287402055	386400.630494787
299728.6326322792	389412.7747919646
313234.76423598285	415165.36229187157
308440.54718970374	380712.102086331
317239.8734614204	388255.9828095512
305759.11371681734	403501.4612110783
300941.8447389498	398331.3790662696
306454.1118293691	379241.33011000353
312680.85162807954	405410.9615254747
295982.7553752182	394590.43810545345
301393.9737769986	392116.7327295782
311537.25166461547	408156.7384072249
292727.47978717764	389063.81654231827
302470.32842919324	373910.29809283896
303978.76781085896	397653.3743402411
294014.1311975037	355371.34487896936
312381.6586118301	405104.6725647757
307742.63647162623	410469.4917043382
312288.62964429765	376407.34610791475
303783.92831546825	407182.52249839896
295006.45836914016	380588.1788931012
307644.4669869881	402932.6251628481
311306.02357448917	399506.35729658813
307981.079992075	378398.57092947606
302345.86824491684	392447.95098531066
308945.641567374	363060.7895007655
304260.9474269105	387802.417411546
296943.3200850935	389925.6483029155
311740.66497263906	373857.276623428
313723.8242299164	420974.0829232474
300674.5934876447	413439.11730509414
303794.22150987806	398782.26644736883
312081.257247429	406172.57370046957
310685.31331889716	403804.4617040745
314757.98292852344	372564.6856459292
309491.2275612926	397326.72739613126
309970.0454196689	401211.89106965123
313499.28897038463	391243.15362770663
304109.6146125534	394510.9534082832
300214.1233114268	392105.69223219313
315327.4087005069	395350.4653718471
297701.0748912838	384965.6231247102
298190.94275136787	384619.61697845906
309893.22168534045	412479.1750398416
312861.21221151145	393211.92719981656
294181.936727614	397390.3693755573
311630.1005539386	408183.3672182213
314325.90136785747	415959.750523017
309703.3257860164	391334.957592284
295852.2407364286	373438.887110143
300882.9848691093	391621.56472511624
296310.0584617004	396614.19989429635
306938.8456612694	402535.4930386968
307039.346359171	391735.8901353956
308421.4333569261	384313.7608694703
303895.68542800355	384514.69506630435
303783.66315504373	383357.3072626082
318918.59534814407	379754.04986973683
304596.91069905506	377202.17219660815
299543.1382703346	386041.9109837712
301610.7237624711	395047.62385843764
306011.3326319348	386460.16981505405
294803.81720559037	393367.07269879454
303537.7526396002	396014.30738717027
307481.5372318489	391074.59681027295
307573.7173275497	394169.08605217934
301342.58739052084	414790.4888385105
300724.19386462594	398891.2806404425
309932.1076634958	391242.97736711893
310524.9866825538	400911.8269402449
307660.0152274375	413366.94092344644
295696.1671695048	376082.29865917785
313892.7528338714	386554.8286020495
314747.0800278693	412939.45667025016
297863.0435701576	382494.48196986166
303052.4885944534	414813.93466577784
309620.12736901967	396984.82568744494
308007.90594738617	391775.5376951564
303577.8864949413	384886.5696764624
311583.5343473427	388827.726604013
305246.6066997634	392791.01452950557
306407.07825072226	376062.6148275986
291891.5092986963	390940.68760577554
310437.43135544355	409961.73429186444
300594.5871524404	378580.27046178636
322373.04082028376	385718.4845176769
298891.56681925664	402943.1773264155
303558.19197793223	419204.8420666908
299457.0582397257	394348.5605340041
297671.7666214569	401172.31440286915
311760.50168215006	384143.55590918136
293365.70983190835	398249.2409213841
313262.99433234055	381968.09755355696
304855.1552572849	386804.8655742046
307475.3579683394	392477.4793502968
311557.9046248861	380669.8959492472
295212.39063952805	394362.9381124505
310438.51942666085	386236.855203776
304483.80493636976	392686.4040328703
299971.93911078863	387793.10451142787
304305.2532765523	408952.5743616128
302498.28884430457	385606.5411288942
312721.05961125786	390774.9362827091
318551.2025165212	387242.7015304064
306427.36204517883	379362.4233157539
307343.81220156763	381318.3084331121
308874.3595518756	406153.6490490938
303862.85971700045	370360.3015403979
310457.0657959341	393709.5007592846
311336.89282161195	377753.73837802175
308089.8888938444	367045.7765646417
303950.2961773047	382405.6136051903
306061.5603107091	400266.2739609496
307250.487269746	399194.5481952701
306475.86065657344	413687.72868016013
309828.7636601263	402823.456219117
308313.55671135325	388766.84640760405
306422.2497276139	382746.3205753857
302219.0687641623	384007.5027559544
315153.1631139438	383084.76378729445
293639.3931952125	393099.97732288344
309103.51339299907	395579.4170303426
313553.7578029245	389822.9327139463
310182.3688440049	395465.13482342416
313270.0225734435	402350.093803261
324697.68094352004	389602.96646433073
314412.9216519309	388372.89652343694
301913.71888246585	405483.3822083208
306258.6001333807	366921.690134133
315815.83914604347	407647.4890569485
307333.6393640917	390247.17569664697
313582.1425625838	401633.7515766482
295221.00415055716	389277.6568661557
295198.5688031415	387158.8114746486
298049.84677123907	379287.7896567838
315906.68343394843	399914.35918828595
315442.42013715825	416598.4156103141
304847.9837914447	378604.2127901081
311061.6599181653	396801.2616590557
308473.0021378172	393352.73997657676
309392.4539944863	412466.3933491096
319990.8985839884	417443.80625390983
302171.16214644443	395266.6853925886
303844.10731762083	372212.56948586827
312144.8337441785	407464.9218999344
310843.46574749216	383222.86492301105
307455.0772321616	383742.0885350716
303933.9231069507	403712.2625218338
305148.94592363853	383051.49555816967
308497.2230896177	373575.1923434777
305142.9264119044	398527.868996597
303825.47715801385	398448.35391682223
309603.74610193673	399255.68826784944
310200.13234204915	388145.1513108013
292791.1793169815	398329.2314788522
309195.05786397454	411819.9716900062
299111.4374070715	400859.6780796802
310687.41349489626	394208.58040966996
311319.8616456971	388045.99153188907
305478.4319214389	401467.11518896633
311379.4503889248	390427.61519254214
293074.31825820886	401236.61038804793
310595.6202461487	386882.7709790874
306399.4674068128	399586.98980342335
306675.97753170953	410307.2327099251
307443.2851947933	387903.4944118487
307620.7218604665	404393.23642324336
307626.50789318373	410287.0385832824
308860.26473110623	393885.8632922198
302796.2597577231	405304.51139891444
311738.71127625846	398815.2936637242
307531.45485035016	387168.8912443416
302344.9562668486	383562.17494476115
303761.8994601223	401966.64124512323
304808.2155234541	380101.5165936379
302409.2143598206	393725.9286979078
300668.6946316172	351240.0967945244
302523.02515636315	395246.4949270105
309814.181371831	410803.2273476657
308980.1769169213	386142.9761425521
299374.66132758	390831.8364958494
310803.0605333425	386820.6977603828
308512.48497282626	397708.8152005196
296842.3914737627	398401.95871440053
318537.9378635603	403537.1778825332
310167.88948418864	374625.04311176145
303796.8551095779	402664.3710078831
305476.3176259804	407612.1911277802
305089.9064134471	402436.4907101082
303330.39539401396	403267.59176700696
309026.15942397114	382308.59823282814
301330.72900390817	388284.14616475767
306396.49019879405	399214.3156082338
308235.768747175	389917.50364878896
307470.3044714282	390280.2599375616
308845.87697502406	401685.64522050385
300800.15217588807	373278.5354112843
304324.68075568345	383558.3007847955
311203.74080220016	399986.4555201855
289291.10483884404	367070.8932919435
310559.40444150905	380682.97001653205
294690.77823363047	380338.80032404733
313810.1106673399	393490.94462621736
305500.3385982155	411671.5140762606
295081.0890175906	389482.9706593617
306053.5498617261	397069.6669925075
293270.2359320653	356497.01797198714
314343.04328600183	379389.00764184946
295269.9499768883	397760.7998804335
313430.9362571248	372474.67274278286
299256.3471090476	398760.36920411413
294898.79590373253	401033.9334008419
308836.4047453258	407741.0877741246
298690.82309493085	388015.08558869315
308631.4293514953	394247.4206577218
306351.7388006958	379324.321907339
307681.82178637234	413947.87005770404
305311.65012458444	390249.4529580298
303306.3357785058	383690.37830930337
300662.7165498885	378079.36519895575
312831.71095792064	404411.2023716059
313855.0047337985	395668.49015430664
302136.26789618284	395006.6233879728
304974.63949492027	412895.52010178426
314567.07830993866	400425.34850796347
305255.85244434857	400753.4939954579
310332.42166909156	382785.0545569837
307534.74132883066	374233.1034763355
323823.0471083585	376088.64561008336
301967.03436341754	405361.9922116775
296455.86542469147	382134.09174794273
295444.85539114324	385405.03653958096
311113.3471551265	391640.559629386
313876.35365460056	363352.5466035954
307772.69614266744	397566.0308108682
316567.4467550467	408359.72302606597
311907.8879108081	392433.4476608513
317674.69342234917	369781.6889868268
293945.2974105873	395545.2776468077
309929.15972421714	378926.9226493155
306965.840128988	389950.2419736438
306881.3832425793	390214.17460294935
316400.7446842803	387757.761853771
297755.0422753154	396264.76662164414
303723.1545434274	403337.2151875003
298266.4119447887	380660.95303429826
309864.1961674226	374427.62211932096
314914.2201592811	410364.2181089797
307470.5247723954	421585.6108527874
314044.77013990306	378085.7887611566
314062.2949344845	378053.34816705494
302227.7517588523	404732.9709884631
311917.2042656673	377009.624059465
300226.7414918206	397999.3180693767
299498.4623416873	396615.66869076464
309782.1656738047	417261.63381627825
324280.02653826645	409366.41073117626
308130.4420018598	383106.095143069
300188.78289639205	389169.52015999146
308086.498820125	409243.155881433
309010.750012345	386852.4134601662
312857.97995995986	410039.27701025346
309646.73843116104	393213.70137115737
293325.85236522934	397967.7558089632
300919.7972776223	405062.61012262315
303295.81865362515	366760.7617104262
313530.0437748234	421985.72618025524
309847.56923257007	375851.0186881543
317048.6944272909	398706.9224713088
307668.56816715584	398048.77090392757
313241.6217174374	400000.9332887886
307807.7110713692	411222.3366679799
303760.29796045914	393436.74905957637
297893.30251377326	383783.17977973254
302799.72679738083	402372.37189107534
307105.3123130433	417871.37885197316
304129.7495041553	379319.60029024194
300173.02554232685	392487.97358636145
307888.86238766136	408514.1660925442
306660.31908054836	385492.4483511755
314331.9390592983	394389.24986053194
306894.71560654417	396562.0356603477
301279.8860033072	392150.5351309785
309775.26895920665	390340.90958637575
318703.8139232631	379956.7437270447
308667.6743802128	367834.3438165383
309279.4081455278	367498.5699784219
301235.250876526	386635.48169544793
299885.1429376046	390179.2085788363
301224.3216373302	406287.22486044874
306926.6579396953	391112.00240049814
308937.8112005774	363369.4571066926
298708.2428023999	384538.4565273611
307165.4935960908	407922.96084559197
319161.0228352491	377211.6827992504
310423.8132374583	403847.3450779052
309721.1123527674	387403.22105183266
301089.7012126035	404014.1794421527
306307.51316315867	399031.89855971566
309378.878475563	386127.3585261356
303595.22156327864	396481.65930824046
297677.02185007726	388104.5223333727
312393.29302634485	389497.108344847
312881.8360025002	388655.2301173933
306052.31042400905	409102.96932421834
301556.8604626038	403985.19076233474
309238.87621329224	376635.20929859986
309007.2568208	380328.91150646796
308136.6557228149	384009.38276292343
310212.2250051147	416658.262292785
301206.8574072975	387125.81218042935
300601.6241585358	386535.74013176246
296685.998343599	403293.8935099649
312279.44739495544	389122.3302742251
301323.9963636986	403908.8556998465
299622.052318181	407531.87467746215
301827.2859307467	385341.51538935263
307268.70309198636	411993.3128603434
302873.6380209784	401120.05288770853
304341.9777471699	390246.160162081
295193.06079824816	407057.8967680547
299715.28652880463	373996.59003667854
301317.9340839518	378246.6361048451
311427.47537837655	404238.2948608609
308129.05231535225	400549.6556533382
309771.63636322913	424118.784596939
306206.98103459197	381865.9296038105
302839.7972429575	380866.8385114694
304650.3548684531	410796.6280953798
303195.2322381381	381865.0453886159
304748.85099470825	407277.2763888001
299089.1422732474	400167.3156860911
311430.3132255577	366199.54213008634
295661.0424834696	386432.39281790843
308589.9798309357	388153.20044536784
300895.5008506016	371516.03145285964
304949.3842940992	389538.1645130685
299812.8944635518	387463.5741709255
300788.95026989863	389346.1618559276
297954.3937234642	394769.8501824493
302704.7188379852	390448.0235901369
294997.4799827549	396229.84346534964
297038.33717187715	384910.1867871342
312208.26195996755	383700.01438332605
303598.69291440386	407188.862885559
300740.8175031167	375045.53876887413
297554.04511682736	387410.14799719094
309769.37693828123	395229.6008021139
311635.51320181665	395657.41122647794
299947.5970616634	402155.479142537
317626.3414298792	377775.6180352662
306437.4876172489	374149.21676844434
305128.7780642952	379820.80348982074
314154.7316425217	385026.9247496767
300133.27219909325	371720.1378571166
315933.08183916344	383169.87420144386
304916.75083016214	404819.8665885448
288295.0394989873	416837.7456631013
309009.66054711794	406921.6715433112
298293.88431884616	403493.1850976629
310137.5001544091	394659.38113703916
308737.19323340297	386067.0179415111
313848.5976087779	375852.54370356805
315673.46248812356	406872.75145634613
304063.76711581915	401130.0335483633
315410.29947386833	374431.35672890325
312498.1430505953	397576.3860792512
318934.50254464	402919.0990607519
318393.74817407015	402293.5101652824
303817.27259587875	385202.6266022449
311864.5169315258	405876.2548007913
317304.5036833368	392901.5761424308
314796.7985376193	394215.28131866036
307843.44971822074	393521.21400046395
305789.7287557621	387350.2878906063
308835.04984485195	387314.8799980031
306686.45763140544	402789.44544894167
299507.6410998746	370178.0029462223
300473.9130747474	376270.89388533344
308555.5240223201	390744.82855819096
313318.5549482283	382506.9800064746
300111.5488390306	383897.01239547564
312605.354590483	375293.2739599233
314510.9514572219	377625.8340994692
299878.94546978455	380931.645816045
308791.4997878581	403997.7403113142
317089.2610227638	374124.78745915095
304728.0580226489	391880.9908305949
295784.1077463985	383238.39176234696
304611.90020894574	391228.347167144
300987.9358716177	400300.4294325746
307702.6562410099	395196.8929139412
309504.6430868307	395009.5536753784
315687.6257062116	386463.403214257
304622.7784336988	378720.13751662296
303858.8607350511	414123.8783461179
305815.85209326143	387107.0763111209
291319.3068265769	390053.4379729211
304624.8024173687	379417.65492097975
311520.6966346283	410869.47578894167
301515.63903698034	377349.15606384166
304037.15317657334	378227.79183618526
302623.8874210499	396796.95372906723
304186.60464840557	384668.35615509795
309380.0678868286	395095.7607022321
304455.3788191875	401400.8981951014
311363.91981582594	395291.0441211005
304566.538516114	396498.61542567983
323898.2373667905	407708.54050339444
318931.97557842906	386363.4647223556
308073.57850831316	377621.01571316645
309270.03332639637	389857.50962250005
309368.2481291288	382938.5306136831
308807.32051428256	383810.97439272876
307135.4398740778	393741.3068168075
310837.98499020457	388992.71154089365
308640.41455701843	389596.282807439
317937.76448978984	390482.983287247
300418.8582236741	375915.0030088345
298873.90599757043	359878.7468549155
315513.6415367747	395832.49310470594
296312.47400713025	399854.9102510539
315259.8482151236	398396.74213245977
310147.07845375617	393738.3556940469
298357.6524285741	397460.49986746826
302362.5034799617	399181.010528351
313771.4395729051	388028.2853002321
301468.8175107817	387676.98201397836
315681.0944531713	391848.38265127665
304852.7733221839	392619.3848670467
306106.3088012998	401383.59065797686
303908.3658021252	394688.4305511452
316312.32179591694	383758.98615055124
317966.14209567657	387142.42549230205
293866.7365521275	389650.54603537975
308405.3306321951	406680.74477119267
317893.76016889705	401274.87622090825
300736.6408967147	398048.949437157
306264.682338211	385698.17563394195
303484.3160704154	381905.11530090857
305297.12244154594	390867.360927874
299480.38764860365	396192.2678852627
310527.62290728383	400561.52241048013
305649.7380695895	410090.57689612766
302742.9508161663	377852.5298403849
315830.28542037547	409093.72887088306
302123.56090472644	391846.5657048957
302862.79757443466	404493.6393430381
308994.29152806953	389216.9206554223
299730.3930060727	406934.86258431437
310853.7434764455	396518.42510476615
315138.0042311556	395813.3780467381
295848.4366792453	369418.51085812895
302784.13237575424	415835.59522440087
299276.8705226943	390654.4468754346
294481.2631466114	369003.98712802073
297914.2929295932	389230.5105493832
319306.1242141387	385262.50251300924
308607.04597360245	386168.31079336005
314033.10367321514	388625.8566657583
316689.99913775746	414368.94505485694
306681.47806586325	378922.2025368303
307606.97880130046	396098.5235268484
305294.11993720743	389179.12742565345
308846.41221047245	372962.60698241636
294663.6914715407	382145.1331331333
312664.71278856316	376987.92953173595
310954.7478293906	409515.28803403873
306513.71307188633	400113.8750329682
296204.53178657836	388329.39749364584
300073.7178112287	399172.9408188324
304308.96335538523	392254.12477803725
321771.43135751423	377120.108820449
310579.8872974213	398098.25366141874
304236.82860280434	397466.8697535276
317670.43420324894	382552.7430023281
308837.16662114277	430371.35345944733
303416.9596037533	383811.7328750767
310642.74229065276	385064.6118075446
296974.73434598366	395682.1115242365
296754.75266032957	367624.0893863673
299499.4220365228	392747.4499847647
307221.33180153905	384864.3301803813
317989.0996573109	387833.8793148225
310082.427310865	388062.02024884906
305885.13487223466	397450.1353065353
316011.853450709	407295.04050947726
310684.1155740429	388889.5217493158
315418.68489121203	394987.3545637447
309706.63632906106	400021.50585113437
307865.516036559	400755.4957897526
317093.91038661567	429667.9740801812
308458.1656394594	391784.0373136391
307341.07502726687	405328.2942205179
298537.07627636904	376803.77661683346
