67943.40254498471	82849.34260171684
65003.80916280571	91110.22012191209
77338.37435290923	89361.9608568268
69612.42880716934	80230.99605841395
63999.426102290854	100871.09867200178
63125.55543325858	87084.32618372876
78738.56747882278	88563.22524019436
94394.8848608881	107397.57951687944
73966.20004823273	92762.93484612972
80707.08806868084	103413.5677999828
78983.75853109165	83599.8160717184
72689.31902196884	112277.04183534936
84052.66731081305	83075.37176067525
72379.15119933203	103249.49489258027
79559.42578157972	92868.51797151653
99863.41255898729	149976.7126986468
76644.09643079845	104256.73166142346
73633.14778257979	89133.68303391246
80679.71464283986	101428.12498483915
85303.60074384828	113108.51075766668
71231.20484242542	67106.85326415123
85046.0774393918	159115.25490581733
75302.5428656456	106885.62226835049
73973.10016082565	100111.35816790423
85251.92550530797	108168.9336541512
85375.8610412631	92714.07840900801
77992.1916469032	113637.48362769051
89351.29353333358	114948.37559771487
75711.19556576389	84918.22596121259
65539.99089581531	110218.27489697667
105289.08167842163	96007.58844845617
79548.19466343586	88965.07700582838
72247.52686210533	64896.72547084198
70445.80844993753	93635.29034744587
84409.57975022277	95811.77416291695
85343.42294595914	91843.91806422076
69845.45637792577	94356.27111927136
75288.57261894978	132677.89455115868
88816.68470736156	92444.74928364065
85529.81435039548	90356.10089877006
65074.96718224081	89976.4661630129
61666.55169479767	80370.66124694656
86499.38724525752	81528.06110229279
88029.39865655125	90737.36238436228
69633.33348567848	88732.91548414803
94582.98144104826	120903.43294940484
75536.423437888	81365.12062678796
95946.43396104977	101644.18631640947
84314.37827401201	85088.79068602303
99575.02473737203	116675.665455591
62796.30661092633	85592.40508399077
89697.85572929878	124248.34532467202
69417.70659334693	92808.95212693587
80185.4025078718	92831.1136697799
75948.5691082667	103967.74701217312
91269.75853512436	112781.1919289526
68918.23214427284	111349.72306010324
80209.19576151017	113425.99284402322
75284.95597604857	85989.49942664558
78283.30688080439	112844.28585982099
81173.86708236742	114804.14859680535
68248.53697790511	82564.3836189267
75156.81588668538	78926.27243218813
76442.79178241995	126713.83747156094
64218.77049175737	72887.55165674939
73749.30057949689	98700.32630500596
56553.14599900364	69857.8243963677
64327.18087090333	102363.66063000055
95359.26985472713	116415.35034611351
82075.75641461574	136361.82221876783
91712.37716557924	100826.37645337658
66441.65420619588	108993.24743774979
75806.76821801954	107569.63652244132
70563.79382183612	76407.39234534124
77942.14833228353	89103.23321356653
68324.01010998755	137057.78299631673
74802.66035013722	111904.87867034377
86763.08754259837	85238.47113836491
83198.5778266043	109666.73141776591
91896.63808103504	135570.56969127586
84122.66647841924	110990.23081289693
84081.3487140214	103485.41130414486
77369.02755231793	99006.76441329763
70136.26870868453	101038.29150933279
74793.74262742183	95133.28998750275
88812.13677250539	97634.25712742162
96122.9207444831	121405.59854564369
66253.31647292357	94845.26237679707
83940.62887157805	108909.09360922407
60686.07373643903	64670.57337875587
72443.06703538993	119132.15314343189
75384.34822990204	107525.47931226589
93732.52499337854	91021.40428422928
81607.35126560758	82539.16926581402
64553.217602296514	93257.25757547084
84858.91747099096	72685.05061100946
77275.12235015232	85662.76881433361
79460.75035559229	121705.05826362906
66980.6522590158	75784.58040108604
83334.68060357682	87418.77899321482
101759.6686629997	130846.74556753802
79950.75338494589	117267.01891091479
78183.69164122388	123319.0997301748
83398.27892006616	108952.36351460786
79040.64233919868	93172.72366143788
75035.56840058324	119628.89384350837
86645.09035784013	103699.35111090641
80337.02990406315	94176.11568740451
75533.91832162658	109947.855196195
82985.64934140386	99184.34236323884
60825.619813119716	80646.39882793228
93937.06767158484	119065.42294106899
86808.16228238407	84851.55477259251
79849.65250552155	85946.62237673743
84567.41690267797	126298.64951309972
84572.06697477444	89836.21604560732
72085.31531580418	77721.56705184281
83521.21767902724	96012.43103196527
85943.86794759255	87559.67368004883
104015.68223896317	121677.15931197164
79558.49372714979	123229.92478496359
88185.04571391603	121149.26709896122
77811.90053820718	103326.65292442738
70095.79279826544	127033.49673621294
112602.537764429	120883.87285792253
81985.34080532358	94287.93500209825
79682.81278070324	113055.54248634036
60186.38047157199	67081.41667183806
81837.42150453199	98250.47453487097
67733.69666953722	86793.6263492691
89041.89857897928	107603.2824372374
99835.50443510551	108228.880606459
82670.88825550044	119811.3140223004
83589.61954133918	83603.77303725743
102839.33547137785	149901.71293644514
77849.29172977695	109788.53080940412
63235.49290814414	112998.13095817415
64335.2079007734	86534.85800682072
64922.98902624716	80263.29389563645
134999.78792882903	135222.4250170162
88035.16369985786	104789.25714043871
81269.43927824154	102310.58789699586
71501.72125722058	96927.92253147066
76316.51975721474	95593.9121784623
76121.56403014944	121159.13174401925
78940.6585758265	114771.02148504883
91172.44986988303	90559.28863783073
72292.01131284155	130832.98946468596
69926.83088336454	86093.66115998711
70331.05797549237	116100.82802217803
69683.92963125903	87239.02818228032
75590.29865820619	102476.3399171514
77224.25381364563	108927.73232885932
74017.08395086884	82929.07758832276
83094.07792723441	111568.94814181456
97526.90158563622	127594.74806621367
71850.2621377353	101694.1985878776
86321.24822121799	95099.58066079073
81656.26172710162	103906.613215316
65114.110250324266	101039.8349404558
71976.63082112471	129604.9442252793
81107.10755618771	94815.08858449604
85491.22708931327	83212.32990181078
81826.08183374337	120182.59749182446
71979.93964742564	142253.56429442283
89650.56322228751	86634.97284550758
88633.7227562775	98612.83875724011
60292.325196774254	88373.30460988329
84202.9997218758	122152.72766544607
79883.15782546316	105704.37244334904
80635.78072098106	95795.98494079364
92012.05010028121	93523.68801134414
76098.70580151558	108359.55206089723
99680.68564029972	97577.26617622218
67956.47026947334	71088.52342383486
80495.11300306456	111210.64978525667
87566.45114479543	109395.36850662353
75128.44597330174	100090.05156458591
71183.62902561917	81532.61144499568
80679.07666793399	84973.97298834236
88096.29337609588	115372.15163429189
92899.569199469	113649.85938505454
71905.88146824493	123328.51023478678
76510.93438603873	112527.64414964027
73231.21924736265	131096.51616785172
70032.67867902425	77762.44248596967
65410.00243444298	89453.76374669684
69776.19225565519	118083.78446159321
78442.09206485725	108432.12846417772
97424.10760764418	120818.94754949247
75151.74554494051	105575.11375042585
79950.89894244808	89603.10644082172
77345.2914364589	108446.22888607261
87002.53056237227	110533.01318126275
81652.05320794362	121899.9130425162
86062.28495259541	96740.52410887183
70434.53530102965	86869.58960564251
89371.94655399516	112391.34193187887
68461.85635060076	104997.7722591097
85293.38743525195	127047.90888398432
78108.05199797379	79340.12302351293
75026.90850204774	86306.38575734488
71998.31986829377	78892.899259166
82116.50681859997	104466.44451290727
67221.47864527462	68718.03854733803
91787.50220587084	109378.74684011759
72306.5116087301	119374.58898010958
88740.13691857657	102899.64609775586
70782.31061236493	97425.43322534605
76898.72987637192	88672.02282635213
63612.16410088996	89955.96554539999
64887.47632296971	91387.78332606614
66791.52481540295	82121.50058485456
67640.32175783222	78084.34462530816
66120.51848667354	82517.3664333339
68463.2182116319	82041.5343423298
67908.79659273694	109732.83187625099
71995.90984778221	119414.85232772262
88361.90061716783	122746.360003291
68899.22619011585	96072.85898270551
66628.33873064187	100673.93136464324
74771.09360588016	122774.73462444489
59312.27763724751	81123.20982128139
74023.02937237913	88251.86063533202
78976.93293754704	97628.14103321709
77129.16336880095	106641.8577995592
94776.69224377212	96241.51811309169
93567.01575569075	123209.22591074069
80583.50145713199	108614.76699887599
66240.55049981152	84654.66477119313
70119.86058267826	112412.95179240445
80377.58368561657	99529.5951497173
83656.56229947048	94921.12550995563
81083.18088351787	98571.89689245095
74043.08492607746	114375.16528287207
89431.80424560586	95975.50214234655
68317.42067296719	105745.66823924366
95479.73225905259	98292.44036419374
83872.13225060218	129905.35908333855
80123.52586197219	109493.97555647329
59752.985487614395	70733.83522247858
69928.10807892197	87592.04545959763
88326.09926384961	90006.2716930281
80677.58893149724	132889.6690071445
82172.43934849845	108549.90951810275
83741.66074774951	93418.74884546938
79125.60892162415	83237.55194761165
77587.14063970337	78141.83395051783
67617.00017542309	83661.87212670696
68808.11286890417	97910.68610775693
78724.66759749038	109866.48722963453
73454.8172733353	109665.33866606912
86986.93703505013	83420.74929650936
69388.7598942694	148772.85492797842
83255.77833877027	75868.65066058419
86883.6085874365	83437.0613156006
73304.52233518702	87247.97609957641
86931.56698093012	120595.98227510226
62332.26805581736	86564.42802802203
121880.88172229855	125440.38530482897
83884.24367771213	102039.2672707368
96697.63331934679	102194.73750902474
80600.49264019915	87170.08514744331
66752.41386581995	110213.92518699872
82011.69712268667	90756.07032629981
70373.11498114612	75866.50066844754
74451.54535961311	99806.44292291992
95345.02812726583	76642.3336284226
75635.73326392013	78686.385434967
65890.21482879984	80117.13492985902
83284.93412365337	104524.08168009215
116891.31290571786	182096.2608161083
72294.40789894944	113033.1417572572
75756.30709386946	115681.69217288138
78738.855972832	85841.96911407815
70150.93464516492	102449.45927601431
71792.86621156307	97336.5455813137
67913.26606605649	87842.13563586552
75914.24886150286	82077.67969465106
69160.42199927956	101637.73515692858
91533.10037977253	112723.33576024236
83494.36929989772	88515.9027921379
81902.99391856836	84575.69836970944
86851.55641782196	111921.24213317191
99402.14708498339	104784.51385529157
108092.24900270277	115033.39707252021
75405.59472152416	90807.38979960617
88740.52713966565	95360.74270848339
86727.34288832192	84227.50037827929
80933.266325023	92713.52492637286
84803.73791309475	81163.77679792931
73655.85605720597	75000.04132488804
61744.85964827673	77250.77174530306
59922.25889290994	85613.55277362885
68174.09845978611	89719.41294709416
64823.223412351814	80563.16966884233
89746.26711445207	137046.10221207314
75823.11940232021	124179.56472447731
79932.77115158776	124383.45782108279
74343.51600321053	94203.53056345959
88976.79145146793	140654.97431930556
80535.19559362592	117081.6600100387
76762.7498093751	132112.9159092335
90480.65508463062	88899.52472526072
81253.13825492113	101207.37764289284
89728.05536592726	87206.97242743078
78787.02859793679	94956.70470162808
85170.56683675901	110006.01723477668
75191.89295623935	95464.75730804603
92758.25731996083	101596.92798605337
59324.30053784368	97263.46345769297
55024.02756399737	84095.65886118912
84607.19325452356	98754.3898750008
91249.61715693925	118315.7598256691
73656.16519097157	95150.69871905344
75577.10214396453	103843.68891370078
69433.45299851123	88125.88977806356
69918.23601975286	95166.49757147439
80030.77218987019	110785.2880777726
74038.25852758312	101972.43040278698
64704.371148389204	85978.20021360143
73678.55887002565	122563.57770473053
86365.71632421622	108759.22501991953
93811.78781289804	106425.08796767119
74064.0973170771	107224.17257770627
78501.82506547341	91972.8617111006
66677.70044543853	92699.49212462772
83200.11266687005	91588.35875142673
73216.05967007551	82261.70716988649
64686.07938703484	99252.96324996454
73986.25541369527	83607.94084814392
61055.28639395088	105742.06083345813
73669.23754175036	84987.3077848334
85828.64022788029	143858.64893205653
72231.84487637348	81882.0357097657
72530.15502961914	130376.87040613031
96805.73696279674	116771.14443474189
82587.97043576266	89200.0184200556
69310.93307478262	96181.11318770851
85662.03993626627	86702.6348367356
83740.37451000113	121458.70381267257
92482.098057579	94547.70857842769
73188.85222543974	73371.34833142013
74749.65946324357	81019.40326575485
66788.19219191457	78108.93018671103
76507.0292602049	94866.02722389028
72309.43346572807	78435.08537238101
79496.56169356048	99827.92970280495
84020.23152432349	109228.29380744271
85541.41447494339	123783.64312588998
89294.05332271536	117096.87774338077
79008.73269384488	91210.2451079463
74739.92002839339	102617.49145317695
73259.9324696321	98661.49817981079
91072.3213697485	118022.78508287748
78511.72410947655	90300.67618469309
75657.12466524015	82191.87193164157
64306.406519956596	87995.84432757735
79530.05489733617	86240.65313802581
76955.62840853879	100517.01025833063
64618.618844299184	77236.2649370951
69241.02995142304	128233.24918049689
77164.56755420298	105453.47230784639
76512.48203306783	90647.37737704403
70080.45344042276	122264.41274429983
84862.35500551196	102063.17125637319
82410.858969259	103473.32146499472
88084.95894255965	130454.12716799321
94044.31639600778	94600.52100941935
66289.20368831998	86747.10732049507
100260.89499860504	132018.07000400007
77528.5165144895	125989.59774745553
95103.36529727123	101044.40527287903
85343.58120346964	103267.11964902608
91109.41718524278	103712.27451078898
99314.431760763	92019.14230083773
81255.67742919421	98660.6109068258
85841.85756795548	95045.03212063167
64412.153619161356	77271.6865337898
79115.20455267609	84805.02994560562
69407.52214306663	109703.98816615122
94285.64678085882	100422.97719183433
67765.71275088674	99976.27943171233
70657.49586975513	70266.70825983149
78079.23355816251	103892.48775588485
74131.5169030251	101137.13622622367
75088.54933967016	91671.67081273277
74643.73885264804	99894.5175379175
61867.89244661966	96263.6667165635
81377.84973104094	76978.0385800792
81363.01634059395	99862.20720358979
66146.97586691023	83187.27458951395
66984.73183436645	85661.3024081685
76515.0546425364	100226.76009562812
81040.76788362501	88235.57978386349
73294.47186929733	95570.09165749051
80907.01588243702	108145.9377722739
95078.87283509455	85708.65975143661
79434.1100199238	111252.3201054189
84163.44840118293	99429.15072970715
81243.65681746973	109494.38151458693
90142.08946314771	90732.61060594428
60300.34914998116	81526.15682824847
59348.35367578457	72189.32773956863
82922.60530373473	81957.49680896314
69443.6168269118	80998.48445338683
72696.5852749502	109189.87840830137
73994.53321075055	84505.15836435389
84506.23627296893	87853.3168719891
72104.83796997009	86749.9350106168
74771.53479117065	89507.56417693774
54038.84015211005	92828.26129682006
70884.36427775235	87457.88844200429
85365.40894151462	100728.59708319933
74998.09588439667	83121.53629263106
65322.81353000355	87650.29085738923
89214.14077145336	121491.42676661798
83639.95970344164	106028.17704166415
88997.28375702549	109836.38488085104
70888.06367116726	109892.5387833009
71708.02498469944	89153.44462369049
72504.95517309755	118735.06916511459
86862.2706633729	102876.9974685186
75937.57835216747	89190.82534258539
76316.99261201924	106178.81665294828
88007.81949830281	119181.92484368755
69879.9311504584	100324.01217286417
78398.72504243678	97132.40090868149
76973.17846968354	102788.10439516213
83939.82915129926	84467.1667481749
82737.62139966483	124623.02769559815
65886.58590665949	81757.60245740338
77205.67172304484	77598.08460941425
92640.92890622283	93338.8572421469
73114.43505678096	98763.03965034343
91143.0622155616	113054.62053464203
72022.08390700705	122910.73666834693
84483.66548280968	84456.19054486658
77233.31250541228	98449.02720052977
72201.95257323427	83882.57912675756
102364.48425686258	99156.41919613112
68773.76526173495	120099.41426728782
87073.61684593867	94729.08428980473
73074.02459293697	100846.48643210712
99149.10188156817	108507.14798582932
84383.42542941026	119185.34717089674
75250.96490487974	89389.76197723589
76156.61545230012	137671.12927553954
87998.78236591732	162988.62841966897
66876.77423762834	90762.35866432781
70786.43830709276	90087.83924563011
73364.48238773455	87556.60001895303
78084.41077308956	102884.69021017577
67557.36102524676	87824.5310090168
86034.95642807157	108228.0055388061
82573.15180634233	104615.26350733708
82586.03534339198	82733.03927891565
67944.55817071655	93284.30187916027
76781.19726141819	100508.49693640709
87851.53119122967	89290.49764596917
83130.78275736902	119653.63754718701
68359.55433012472	95531.9163293739
95216.14568718872	109163.68639615735
84169.99496307001	96414.35193741358
76585.45626767437	84085.41857604914
79939.1455224018	92943.04786821958
66503.24942770197	98738.30120301657
79732.89667440258	140846.78951790847
90947.04242348328	116552.01554280694
69912.24775984602	112611.54210182582
63906.11123217733	79564.67347125041
60502.774399212896	71552.80480207138
80697.27013273584	103231.42635886844
67327.33771017258	79255.77788448203
73611.90388404955	109804.29410218779
70150.31715836984	116606.63462225143
69228.34935486133	77365.01648937032
91715.96047271759	104053.26619933423
94861.26299017205	96926.42185702722
72780.12313230026	101009.64004420553
80200.34805118252	98324.3814515606
73860.03067187255	97381.56417269389
85942.68771730855	91594.25412681428
85477.75748865787	98393.6129943169
71437.6468533178	85216.49029710138
74662.33779780511	98767.95302483345
74576.77749276765	88224.72047776621
81545.47622905261	103190.26245718294
73845.89202421202	89974.71179679713
78122.9340814887	102926.25656422367
65141.05789988602	91065.9099724548
86670.29795583003	103202.16319762249
56633.0616262313	82404.6066261294
80282.63589713741	105847.19722208178
79159.85057973726	108955.0294386773
67129.00185351758	88713.93104294171
100085.51805940055	119066.36598769668
68262.59858754757	89040.16477641453
79874.19741473946	108116.09415230641
83459.71167091746	104070.48960960274
