1092.4018238466122
1095.645589295228
1085.3104943660335
1099.767311385725
1119.4178025186002
1079.322716612779
1119.7806862218808
1251.3118751903949
1094.098595509746
1120.5115406998934
1106.388563916128
1112.3573281592096
1108.8656477125737
1121.371051653793
1090.9554731672265
1166.8306806618525
1124.8507981341563
1097.7415062535715
1094.165918074591
1139.510619233566
1096.078322920741
1201.7955420431217
1114.6383392115222
1150.1904398038293
1149.4237070837453
1103.003815798746
1127.1787833511635
1152.4972962686925
1109.3134388979743
1115.9584292118086
1134.8636267167637
1115.1989250694912
1092.7267762196439
1140.8387037362552
1125.4883135652994
1115.3947891172302
1114.01787458996
1110.0772347208276
1132.374227220767
1169.672022493034
1093.3063653746403
1088.702159250699
1155.8617533557194
1118.5810948792237
1114.871174160557
1126.8273570136985
1115.8541210054323
1118.259480022469
1099.0215869536596
1182.6762902497476
1093.7423188927914
1199.4464228150323
1099.3012451159987
1105.4748669530409
1155.8633150235273
1114.8769689394853
1122.7670452137272
1184.8100985846618
1122.0089502898973
1137.0267704792786
1131.1301730832308
1104.0801806856455
1141.1642310580728
1127.3132827686882
1090.7703169736233
1113.8599913581634
1080.5333266887706
1118.9136381447902
1147.7722976290029
1103.6201786075117
1114.6318155884114
1084.9193818906292
1101.8925293163893
1082.4265349578814
1115.6746310027283
1140.7970897424793
1160.9376303939594
1111.424599638392
1131.802696792823
1173.5524011976165
1134.4915180333016
1115.171489501529
1152.8682101615318
1086.6176849931235
1113.2564627646648
1113.1973133191636
1135.4831672535097
1084.930089964736
1124.7512368795383
1098.4358472433723
1121.1280961601126
1095.5414478530288
1141.3377559995909
1102.094943118511
1094.1001103529225
1115.3430931657203
1115.1802316160288
1108.8449664542986
1104.1026271724468
1115.2122597101848
1104.5459219546224
1100.681119593703
1145.2177146810716
1115.2788029739663
1125.3578743301216
1123.2910960266054
1157.9862291562015
1114.8352933305937
1124.4908534045194
1134.2798436245268
1080.6118156822508
1119.6664707943835
1116.667897295847
1102.0748975633428
1113.1612532052427
1118.896941162347
1109.406136887927
1177.9757528701157
1125.0594494101847
1232.6405285436053
1125.265932790373
1162.226097763506
1151.1381273268662
1158.9642773094913
1105.821707770429
1116.0025649781624
1199.1302746335004
1084.931428941759
1135.9217891849567
1094.8418770227922
1138.766813144715
1157.740707652322
1157.6880377527523
1108.7917641856839
1160.787032560015
1131.6520350710364
1128.517358962551
1101.232627488917
1120.4105898582916
1112.0647137104243
1121.3733670554743
1172.0296123106718
1102.598042701347
1099.7886764146524
1171.0938284423578
1116.418252782049
1132.216325532579
1157.3469109771563
1113.086212275408
1124.2309896566949
1092.9676470082838
1133.6591918893619
1154.097278885321
1100.7187340349415
1102.7421915875639
1174.4034708157333
1133.33998664891
1173.969598749798
1142.564641362382
1087.4576273947494
1109.198972154326
1090.0178995657243
1118.8988627769186
1128.3469426002293
1119.8869016274261
1127.0610990989023
1152.9551931944868
1085.836009813332
1115.0144616047853
1137.8995434264589
1117.7480091121458
1125.6421428596354
1127.8929131371378
1141.5182030185954
1113.4186320582282
1134.6158608121548
1137.0369396328924
1118.3568735061085
1081.327855782981
1117.103425626604
1115.4145479957233
1137.0247914491065
1180.1993027918402
1140.0392607204858
1130.5865082227006
1107.983058479594
1090.4810657299513
1129.2104587497804
1125.595701726053
1228.1314539369155
1132.881653374028
1106.0057887692728
1108.0228361952722
1131.237059687342
1108.8551777342082
1116.5064221055504
1085.9631881946902
1126.5480552106742
1119.6527549016048
1131.599594192763
1112.2744605269595
1075.713343781582
1121.9362281691187
1146.35426496527
1092.7573986321715
1209.029533567793
1123.3739749595902
1134.1337574450145
1089.5608219149779
1162.0473637696716
1111.7447328454537
1090.304347073055
1103.695585565256
1106.4806746633944
1090.994106591092
1121.5264676297834
1098.5979739837098
1106.3388468090916
1131.6609133908719
1099.2252889210995
1073.394517485021
1128.4601671765097
1079.8069687754562
1109.6710125528589
1114.285930420243
1125.7112674351006
1138.0702138481302
1156.352231231293
1142.9020333859403
1133.284367986892
1141.6239342580861
1146.9269759528056
1102.2827010655797
1118.3998761012058
1100.6793234818633
1191.4868396184697
1124.3987603841433
1208.7450798283626
1184.072072298138
1217.8895909233647
1081.8481404062595
1089.174561523621
1127.7328515108723
1118.1893311125336
1121.4169143073102
1147.9859528532616
1124.4731326993438
1148.6122602548908
1083.3411379003817
1083.1897614081345
1160.9724792321085
1115.0219944222522
1125.41638966443
1118.4423766978657
1109.7655819440326
1117.268291426285
1102.5847288687492
1142.4409092353246
1087.6299580147058
1135.1274606453846
1162.6852916261441
1141.3198860635816
1125.4108849032937
1110.0054995930902
1146.0562528353544
1101.7814427342328
1137.8561577162977
1125.382283306604
1087.657315107632
1095.1525798924356
1120.1540789340188
1212.6984223779016
1108.464105770138
1145.7694608011498
1124.124326074139
1098.2744652428403
1127.5799033473272
1101.989709090496
1133.5796149842308
1095.2860916123768
1185.745417087061
1102.533836777904
1117.8594785348896
1131.509778965064
1123.1664939476714
1218.8867358356342
1122.7989834528455
1143.8522555935897
1130.8265088358585
1126.950440569427
1116.1192924371258
1125.2898633501563
1086.6020267360714
1112.7826946048226
1103.8933903058487
1098.8191477203932
1121.8835281810116
1119.0640312120736
1141.4582702137004
1120.7985552355394
1171.787406195104
1109.0689755988544
1190.532630352589
1159.0689662341424
1107.1784286357813
1147.6361348687517
1109.2253007323322
1105.0043311063055
1121.9836407041162
1146.5134527327152
1093.8397939040847
1083.6135429705882
1104.9703769655503
1125.2000988548934
1091.0010319300645
1115.4430276451951
1092.9434988130938
1129.5902300709536
1145.0245819970237
1165.3850933757049
1101.8047959627288
1091.5193336207926
1170.3400267608476
1144.5842485461544
1126.4690947805188
1137.4625665242338
1127.1472010447765
1130.2926406262989
1085.5259110365414
1101.6286900531256
1143.079502641682
1084.9136677775293
1081.4120698492852
1147.3861963405589
1088.3461939421045
1116.0215160104342
1119.312998636728
1110.8440077728658
1128.9135576630692
1096.1277026615444
1114.3402989204674
1144.93822129322
1105.1289410755462
1111.5984077200342
1094.644345593876
1148.355489365228
1079.5966089648
1143.734119855176
1151.4863953327012
1130.8126482615626
1182.1784925283705
1116.325832525872
1118.172329505113
1142.638612068297
1137.8928375282196
1134.6367825422008
1125.8697943437196
1083.4077564042882
1124.6227093892853
1166.0925071712327
1092.7559130845407
1110.3830525417206
1122.6319026781728
1107.815913196778
1132.8950680377577
1118.6357694007606
1166.9195298920868
1121.0968214883346
1160.3177638708376
1099.9100900585652
1132.818393523409
1235.087941103409
1119.9877563593755
1132.622071572136
1125.3906890025632
1256.749449955165
1108.219124714579
1148.4054912058746
1081.679648613932
1094.557198364252
1127.0318497138624
1155.8570486213512
1113.5608577887
1096.4768366397673
1134.8097667890884
1154.663629630488
1133.1518277791097
1101.4891020164282
1099.1778870006071
1139.4281320815949
1122.6242691717148
1091.6876535218892
1100.5682270971374
1215.0914895229726
1113.1178960962598
1103.6059819253567
1126.825450430847
1115.2764945976105
1118.3636788549834
1159.4298204833817
1164.5546118855323
1144.9073035769568
1082.369406628165
1071.6366416923918
1149.7277339648767
1089.9027595210914
1115.3774787377758
1107.0259276823385
1098.162089969337
1088.3372505330776
1112.48739586067
1075.0240298929602
1121.1115449828123
1168.9910090833405
1106.8712414279767
1090.3580610431068
1140.5372300516992
1137.1276217568452
1147.8201654707395
1097.495326295165
1098.377230516056
1105.1409602838667
1166.7322195946103
1116.5806559751236
1106.7360406639737
1169.9419187230405
1189.355089338605
1123.6820553178566
1136.7036372247194
1110.3442790778809
1134.3050260852383
1082.545868709204
1107.051044579749
1126.6087686630992
1119.1402091452555
1185.0514955056692
1103.2785078442128
1125.850893172219
1106.4525788943447
1078.0851655757056
1139.6068117241612
1119.9541649761782
1134.4314090728355
1093.2405451867012
1120.6686371108533
1146.8838350434173
1094.1007209829197
1109.9349860421462
1205.7699517630072
1093.6140629186966
1104.872119195783
1105.3958716185132
1113.4400663713225
1087.8930882512482
1112.1098374828262
1174.0823505987892
1123.5883969806039
1101.4176977158277
1127.2136216597985
1136.804249266338
1176.3583947081574
1095.4471913604903
1195.712329331009
1161.7292043086973
1120.8628151164648
1125.880937709675
1094.1893227552598
1139.1477751599266
1119.2048677031778
1137.5874783738984
1082.5798472538572
1077.0664967839025
1133.3020502054883
1095.5780700614373
1096.2031371380122
1115.7142004703676
1093.467947521992
1166.766023558043
1141.2203514637336
1133.2689518572836
1115.47614907806
1117.5337790796746
1233.6666956114163
1128.7767933620567
1117.2433907174325
1133.8804112693192
1102.3510883435913
1160.4468372799186
1099.024467234448
1109.973456955463
1163.868676870733
1143.9631657821237
1089.194489391179
1114.5938987219763
1102.8179002153254
1096.8089444337456
1190.907423190175
1093.180444423029
1104.8574482911768
1183.6462417325486
