250978.14700407567	333247.5824538489
239953.56345146336	315706.42952249345
254707.00302693294	319476.2780126624
232775.84418421664	324394.4091721829
234660.82914033058	313013.76169919944
244607.09293022472	323034.06655313354
246369.44015758875	327244.1805547847
249156.51589816157	332850.98796890106
246027.9964342439	322197.18899198086
257762.31717189797	323704.27181997313
250185.15535496795	320678.9210290773
246560.32345156075	326594.9907128215
250649.0270555266	310224.60893573804
264940.9061846262	327351.23532121116
253661.54873036486	324119.0380754456
249383.346904408	351500.5298964581
249875.48205091205	325237.80412488524
239239.26970078415	318590.31568389875
252697.94974184583	296926.7625127402
260801.3499266978	347813.45786767825
251245.65075380646	302918.7616244512
258043.37740255898	341074.7228922847
250378.0469247416	340829.96822542703
258192.02635978645	317954.1979468304
254089.41984706692	317086.57116243936
239194.71944728598	331114.85564260546
250818.3762096237	335715.7850455055
251113.816216326	328588.2111221498
247176.465394194	312397.335670394
255160.50430051837	330804.3272627209
264939.3236906619	322545.25415514095
254967.5280843968	325840.2675320861
244455.83035079497	301133.7230132497
264719.95692695165	307651.0518755856
251066.75965073289	351433.1102120022
242944.53910749528	322304.69627100066
255814.2455264503	310246.9172260927
263022.8064246464	323246.1285312163
255927.19900070978	321616.1705856115
258020.8451949684	308060.73076440906
248518.595862068	313169.2045910943
251801.23573062092	330523.3212768978
256246.6186238411	300980.1822994343
258161.19901056256	302251.59098412754
246382.07902501905	331099.0745980579
259712.86041664134	319432.3916749655
251174.76733135906	313683.8482340076
249748.56446580726	324642.91066049854
258286.10258449003	324580.6080869101
256307.04769071157	329942.1633087679
237257.97719124457	309959.47913471627
249374.68616181595	338161.2619834079
250341.11594108364	326036.17856257653
250788.4900117254	304121.00399844337
243370.440520976	304257.023862128
243424.43261074042	318296.8822279958
246326.30572963384	329112.69475099054
254027.09602943697	341514.56706294365
252774.74098083514	318841.32050379907
255883.9375730399	323534.93129517813
251985.31469118502	322748.71115971566
254239.45793377812	309894.59001972596
260584.25552294173	305810.6127984294
248321.06760564665	311751.55765205226
244569.96319426654	316273.020957135
247917.37533028904	312843.9660457436
240807.78437952822	313576.0690770897
235914.8292409649	319739.6063076105
252261.03583993932	322616.2184166677
246464.92259297834	338350.79606785
248597.8687894129	324934.89394844405
243890.41245206125	340281.7095746009
245185.39627287208	329252.4324116324
252609.11600084603	322659.12368128507
252765.25018873694	334862.8912003004
248897.1052578672	343722.1368054904
248812.4833108564	311968.5909908025
252331.33210478508	288524.2046854602
263153.16659875866	345667.49808068504
239141.85090051696	318418.7109411535
249488.38269400646	336780.2683025341
257419.02775139283	334861.86753131094
251996.2370932008	325071.28516941523
251812.28397212102	315329.414029929
262857.17515864805	300011.2718806407
251195.60077145853	326213.8246136955
261041.61180905133	308261.48766497616
248852.58157644645	328915.9232760833
253686.17366026607	348784.8761924545
245777.09786069102	306018.2973402479
262327.42536514706	329301.63681159104
256802.08503166126	329074.1767760606
260053.89737109316	347437.7740933971
253649.88786162063	314909.8388980724
246552.96298012813	334020.2999712566
257307.85337842864	311633.1859015212
243543.94596310816	334530.0519351571
255139.10019499937	313967.1893462365
247743.67525133947	298621.12020822644
243596.797926308	331382.8476632371
253589.18938527943	313317.3844958587
245867.8583692297	314949.89426264743
248717.25790232114	331633.43130618596
251321.73000077135	320504.5921384087
251951.36212495388	320256.83572720084
241968.66123261472	327337.5542892366
249563.01365460525	324538.3742105958
263621.0811114744	317556.8264744571
255086.1414621786	324671.54980390286
247791.3351271847	315291.78095826023
244976.49638541607	316095.8670222143
249752.90353155788	323097.1276275282
251870.28645214578	305338.52271618333
252795.09391463152	322636.4956633231
266814.0302369415	308209.2472117896
259774.9930182345	283528.2417146559
252415.46934374273	319630.5500471922
253430.7055712769	324324.7720514061
252615.4059083805	310144.42246097565
250192.73299238767	323501.1479591013
247827.35796139354	325304.6910337005
247634.73277737934	327727.68356214266
255488.23491259088	325561.56955319387
248953.0313486871	314955.56120399805
264496.0291137241	315036.92331443954
241982.89781410224	340392.6922752992
250076.34176488692	316741.70022065815
250655.34206851906	308835.8495189417
243302.3738004575	327036.0541832955
255075.59610953493	318726.52122185694
260344.64079817262	345218.06468804914
266963.4557930777	311806.25424310815
250908.19055962836	353029.0445266707
249072.10736078836	288465.68971733877
277284.2793578934	345941.2518483835
257293.8626760494	324776.62604003656
256641.9894442734	329990.11175191536
243701.1999068288	318134.3159723885
246221.85146157502	310068.6503238482
256874.94662170773	317184.58970206924
266264.859212655	351422.6244332106
261197.20200458416	339469.80389066087
254310.14400763065	322186.8785135619
250010.0403604496	319136.55465344177
260126.94666211057	317403.39527868456
249675.56172842768	329960.7542650475
263373.787159539	328152.7845352748
246009.81274886327	311696.6133591638
249235.93246411247	315665.6609432413
247046.6076653115	340687.25917816994
257267.73810192	322609.17677519197
251047.52259111198	316436.640263427
246892.68355334623	313330.2140359203
242261.74927745425	310055.23307330743
248918.37155507167	306824.77300857304
255348.04992014793	319724.10246411926
251606.56192915695	339077.4950883037
252513.5593899636	347817.7902220086
244617.6683551126	320278.0493671832
241280.05282746593	328029.9639068361
252405.91768610408	334023.5104907998
248916.4602865376	324899.0486422477
248473.78307093788	304813.90023941704
256445.56260702177	309093.86822163867
247507.62340349832	344740.8716139413
255850.28878094832	320462.1063202943
249854.66990895534	335710.17723517376
263990.1689773279	316406.9230363868
258743.7291236511	326994.94877591776
255357.40274099627	342040.73806987447
249525.2733856997	302413.7187349723
262774.79434217466	338276.09545363305
247870.80324578233	335594.45577523415
264431.91651275347	321304.7794847934
242402.5152377605	316408.9924919546
251857.06976862857	342569.2112356042
262759.38086446153	323408.38330005127
243301.00946400795	308648.34927045373
256573.67054778527	331816.53425590106
251777.90527029586	311111.3234742504
259144.6759268242	329665.9050713448
254615.96322157636	308354.0480375714
244275.99874883442	340076.4115686148
254169.72169702617	338731.6244092196
255238.7746521485	322669.7757409765
247195.61314063577	312725.5373792449
258437.4854544762	336431.22411821963
252197.02365117686	331542.94154342747
240818.25023990113	334234.48574244336
265865.5008799705	336916.4216807546
243381.4942403246	313617.6034402428
250089.99691623548	339807.23665641446
242049.38458183146	335061.89264241536
255513.38632565964	315678.3829880387
248411.66684213732	336930.1594341387
253492.20975505307	330852.1774146562
248236.66909621298	314811.141336523
255624.97318474186	334298.9563631322
255157.705639084	337982.723818868
259497.51603321772	339738.3843879454
252331.91958216496	319785.87686866755
255917.5027253467	300672.7685343575
252982.37564316118	300580.17649407027
244758.31291176507	329059.33393537044
232557.32370339267	302394.4207946133
252082.80198894453	313579.6994430986
238625.4338983094	299896.4945277338
257094.3596947357	332854.1840587025
253486.31107547763	322619.03814292874
246389.12204364053	311149.40645605646
246920.43998918612	317737.33896816906
233220.84730860178	298998.51906073355
259625.27070348564	305951.0203432416
249347.4264378572	312328.68422359985
253404.13609401943	309706.4366992074
247951.16961602087	310589.51763138257
242735.112400344	329694.84760504065
251340.81589199603	329903.4030060893
247413.80968103177	322860.3265473228
246227.99892640175	324219.7415736604
246387.19870484815	294244.65893675474
246432.20681488168	353652.80004148965
246954.88707827945	315952.379187809
248991.3160159209	313008.2241619966
251070.85030997597	327787.6111880021
255820.62531976524	334519.3974689536
259164.25596379855	322926.5299599837
257516.71745034808	327469.15452813153
255786.40153868453	331817.91017312335
259572.1567614624	321257.04733727465
243486.88710411213	320607.7773713233
261683.5688648232	322813.27707766165
262079.99709578973	303866.5247334838
257205.91518631153	299681.7846446141
249580.00723484316	347816.88991929207
250999.4621397969	311931.1680570005
238311.07577210496	319983.34958237025
260949.06228879074	329466.666442048
255032.62903000083	310642.4343443479
247838.31183924968	327324.50804956455
254997.7902781338	316696.0116789713
259256.48048459293	336042.5075474152
262520.59592093824	317403.8877409916
240569.4877474525	319724.10237027775
251382.8338969184	318460.7035735226
252358.1396059436	319287.513306471
252213.38204901482	325498.16789028636
258666.7966547872	312065.8999452637
236654.18174973933	322064.9393271195
250366.83746601988	319348.2254351206
248038.0794874622	317827.3671596886
252706.60272555117	321495.5965555406
261555.8123787089	327373.4754213136
246158.16814238776	354949.9116394602
260928.5851929909	313681.2804592878
258753.63196894358	308832.53907364426
246508.29965322962	317967.4031099423
259764.74705961638	329607.2956271818
252411.2441803834	325361.2466093393
258947.04666400602	318395.13487055886
254617.66536108754	332996.2785496457
254756.18809694232	328359.03317705373
248131.48147803397	316316.0724185861
243058.8658639231	314394.7598267298
252539.60263007216	318807.94471508474
256614.36178721522	311567.7704544503
243646.45481013603	333176.98266468477
251226.7809270636	303848.6483715998
247162.7084658373	326815.31006747077
242699.24447303117	334882.62881270715
259957.05099229293	293817.2160294719
259466.61212177103	356739.26690433716
249360.321987291	325144.6961985467
258918.62768790318	332736.4207290487
245614.69546985067	315426.5155731593
260384.00923873414	333672.7881274839
245450.21386694262	319259.27102282917
248035.69245495525	323120.44605564635
239345.5598852968	302734.01679940725
251722.6819789379	334472.14503960556
257821.01056179003	335229.8508007299
258316.32200666948	323102.0819901213
240746.3874278859	313219.9626720035
257576.17482912473	341305.50307505345
249057.38587256114	316321.2167903265
264930.2058730428	315052.085753447
263628.47026843653	336192.01293471915
243926.92967903602	323345.3632789481
252010.37763255803	317043.55513429386
258501.79754736094	315998.342829487
252144.06501542742	300773.2746110461
246126.79229664893	311097.9004620374
237824.1709003532	300054.50590119476
247922.7971704774	310842.20702848217
250488.8044190529	319710.7066940371
241819.915490525	307037.0904365386
255882.37927946867	326790.3967096847
241465.09427155828	313913.8775368352
253389.37077727442	346517.860503791
248459.0180377409	300058.48934725963
253317.8086278	332364.01286595734
246667.66836508684	304911.12395736994
245232.41759182594	340832.85334431217
256886.7446067003	327816.5563221215
259229.5490933772	316038.35946549685
254818.08531554719	316523.14622955956
251353.41559874266	330536.4099766037
264002.35028294503	331910.1810905956
262257.0722053676	313133.38110781764
253409.22199801658	337002.23162628675
242952.477388261	309984.2880741046
248753.44614894263	324436.50255119987
257934.75140385458	311012.72020730603
255020.60261068115	320360.89778904215
248328.92878216034	339650.1738033756
252214.07763326145	324991.29310776055
247181.85045470946	319393.87937650736
251765.7549474547	324894.412415789
248341.63337420934	322322.2445966868
245038.42244913153	320524.7827939833
245301.23074724354	332983.7657763603
246559.50160225452	318503.21128460084
252106.269717998	345038.16976805683
242085.10260769405	310287.9799282923
249914.8256645382	320280.09081045224
244305.76298675654	332465.41525344097
241603.04378181155	317623.30223488994
251299.76663028053	307155.4726790589
253726.46674283358	323597.8756227221
249519.0189960893	320521.6085537555
245507.09227045393	345438.64546557557
250974.39409246028	325325.67140797473
251323.95662430936	303890.47836421087
250573.14274759084	321071.2364196349
250413.4787641257	314577.5728430938
252381.9713604828	329733.76111529255
258061.27357225426	330726.560426614
261472.7322961266	314370.7290475315
242247.5686543297	309714.4339435488
254492.86548897656	329374.73744588287
245397.55358005193	308060.35622636764
252036.144941972	307065.6496763706
246552.87578024913	332598.56061989896
237758.6539773093	321832.6818810877
239360.44391759613	336872.8017191986
249508.25501789324	335376.9351054642
251735.0011809702	326794.8575757432
251534.7363174046	305091.90125054657
255331.95942340116	322999.17088828195
251827.3421548857	344227.79770565464
247259.63978930467	322622.50266058877
244340.78086464314	316545.01968256466
246590.36036101612	322846.2000127375
254902.7780983228	322689.49574194395
255733.27130780643	337397.6479476709
255983.9646923917	306237.0232501257
251155.09236007545	306677.12566790974
250058.69279969542	310545.70265753916
254231.8041907298	307426.2965176991
255398.24803223996	307721.62135515886
249303.04308258658	304129.95726749767
242140.94909024204	332794.7405572552
239016.5477532788	324623.6899023845
258438.3990808916	335347.60246748506
245786.57603661908	321585.8648734198
258742.39134567595	321564.85742802656
247612.6780273648	316961.1840852618
253477.04628446407	320259.9656822275
257808.4085123705	326607.09944263264
247170.19230391743	323781.2808659233
254423.5230104269	311884.61869856884
255401.88293769545	326328.10775849724
249807.67523403114	325985.69649933785
269074.9558971425	326876.2993876418
255843.16674199316	314894.4111365342
256831.68190601637	325959.9289482608
259408.55756733264	313094.85834248265
254165.08721993852	320129.43695940555
251361.33660640172	313242.3891333903
241797.19132270868	327463.1235565279
254391.8991680615	324496.4785930028
261927.93555284018	331446.0322430661
242992.8080097288	314796.97462928144
246506.73627535798	303183.7001692508
257671.10846025145	323541.6425023866
261419.99722080282	306849.62441101216
248109.80178298062	303172.43325933174
255128.7535409929	320666.363677882
258572.23318211464	317583.3161705062
246171.11255207885	315373.40192256565
241619.3941579653	321815.86123199126
253581.50230660324	299926.807247538
249359.09999478582	324964.0450477359
236860.59936564078	307751.9087340528
250454.03795442986	324974.0220797587
239203.24486380667	340072.11774513155
249135.33290906198	331049.015136871
262357.3256189984	315162.44032479124
262476.86238697346	314695.1665535155
251184.95987799746	314522.4334044798
252077.24198835526	339592.4517081211
254391.66507165108	323234.8254102976
229407.93798256418	315118.1332765592
253427.72298521592	288882.0825761368
248333.93796824192	346267.1505827713
247738.86768131104	304838.87599023554
255260.66238631879	320852.35469565954
252458.58713115886	326506.3020612303
251137.7516068886	310771.7178512139
255471.2962532301	323323.51256321935
242162.21763004718	323200.00677422783
250564.42869435524	334576.17042696214
248327.77609779953	321362.7676314862
271519.47584033344	330318.5774062536
255251.36895734153	315096.07860640995
246743.15569234578	326933.65224988875
255040.74185305485	342970.9115682051
256066.1134723914	309736.5350554498
255916.2579465225	331419.8337566809
245255.1804305112	326375.5882942765
251379.95309343998	325775.5195490307
253201.5795991875	320120.56286180485
264442.8304765776	331425.82123707904
250676.52486448287	295240.88742291793
237101.8974171875	303912.8804949943
258422.8147909626	332283.8192611938
238825.85429769475	316743.21004361653
259743.05186390772	326663.42680282466
244686.27710582505	322566.8720841311
253798.1458063181	322516.60405487334
250016.80798952887	332900.6090865522
250777.19346023953	316400.05067914847
249475.72370519556	305534.53062594874
253880.44618813886	303531.0090168465
247830.65179745696	326020.51315252145
256479.47253075388	332279.92260166473
253999.87279036338	325704.98715930956
253070.4786051771	312492.9825886824
260403.09508975773	325406.76085567044
234406.63137205562	319592.40552504157
253702.21282668345	338938.0728125529
257525.6177292329	344658.86748757004
245255.3010064766	329339.1070448727
243066.11884014972	316004.90668477723
251792.2145051131	327600.7472139264
252358.20942206844	329042.75248944346
249342.93913830467	331334.8201967382
256230.5032393824	341458.1537612019
250789.08618900517	351620.4389530384
250722.68790074947	314323.4913195794
263982.99515709287	326314.0338140967
245780.53217535833	325746.2588540092
249980.01954011642	314518.74257702066
257457.52485706582	324476.57589091145
252153.23017610447	323504.0990459162
242836.98736685474	313605.4699864396
253723.42259868712	329166.16857226606
247106.10953026102	305298.835740106
243739.7129004575	332884.85441120225
252711.76581615568	311523.6701806776
247491.01536876848	312113.4978369471
250078.8742536376	327322.35833421955
263238.63798689545	334183.6076975326
258628.52571083215	334138.32747649
250805.3786434439	318987.2436613958
256022.22104015603	348956.46866498713
251860.76145441263	324256.4432981319
259027.99354647036	330154.81023498805
255428.22072378706	321173.5518056695
257815.905821787	319951.4619883528
240093.10835866703	314796.23440364003
246240.1063245625	303249.4099135643
257642.11617894145	327761.6886879025
257526.17506442405	340574.3366759221
244226.26097665785	329430.01242855145
237436.41621378285	338583.8376994892
245866.38586877365	301664.1483313005
256302.02634887208	287791.576634386
256379.7953553379	333612.4734815341
249292.89492162902	320452.1955452194
257624.34309172875	319463.10996882967
250072.49371903285	348000.17881886393
257530.92791956905	307881.16871385643
259642.64658020428	320518.72520406253
241759.7451583406	320360.45805284695
245091.77919023766	316351.3156770625
248723.69350050355	321925.39850191935
254481.04779203841	335846.325335394
255667.56332675891	311556.8225862994
254764.71698470367	320122.38906972605
245319.2224979138	309049.98395845795
256986.43796368566	328091.2041060041
254500.70276904484	313014.85198155476
250359.71348412428	333418.5608951918
254545.88737371378	331700.04718504206
253744.19823383924	322221.1771660226
260239.66772247903	352541.1483890577
264005.7744733221	317065.6431078572
250391.604757452	330477.4356114975
254204.18706675398	309650.6300834415
