297954.2064523217	366259.104543795
305508.41148651205	376046.95080899855
308062.258241644	388161.7659865198
310646.6528306337	386744.888525908
299788.5271935292	402155.3651655908
299297.01079489215	379465.22337313916
299273.8945430878	385053.58606174274
295896.6744823669	393327.49538995506
296019.4452003639	379189.6431162704
298235.3760808316	378467.1029654583
292944.9102950106	395532.10679567995
309794.27473766287	389063.4094624158
302561.4541514775	395315.5141558645
301899.00852075615	386273.6214598505
290596.1223295036	378466.06211312383
305982.6628143846	376431.32759122323
293177.5424686059	389963.3177022682
304932.2526627296	380083.82837928727
300106.61138831364	374855.9273345532
282549.6455732592	365390.2716225022
294615.3946866317	373128.718014937
300713.2749575089	394369.48690944747
305788.0082301671	370219.9292112581
307611.11891622463	377744.3799320272
303254.71793737996	413357.6406914308
312051.2198668175	383730.5465713917
299586.3600570068	383730.44923928374
314704.226473919	392311.52222598746
296592.8276997908	383471.76682846795
300457.9586823508	381676.6923273002
273760.1744394901	372368.650838517
301278.66962487646	391391.93897485244
296031.0177290583	407370.646705315
302292.52734209417	371051.51165343425
294455.86764665646	378408.6370831447
298048.19299153925	383122.01798705576
303667.7517367733	388608.8367871542
296997.4673400233	392759.5988046498
303288.5602652488	375196.42914637295
292674.69070001086	380004.6865907282
311186.63571057	381815.2551641646
304580.06120882544	391074.8136195015
305730.67385605397	405903.0753189727
299884.74426885846	392976.51370664
304937.71774855384	389238.6749917099
307604.11861588876	388285.46612200164
292313.9268562111	385565.2232867315
293903.22950742574	399790.69766691705
302914.6096056386	387664.79468680633
299373.083177157	382368.86414782924
301995.7777957708	390650.3268835855
309114.5969405561	390172.97605891625
293056.647318827	419285.63121500844
301410.79793749104	392263.6606144195
306297.0429656183	400618.96250726935
305805.9380918522	397350.5616389065
300335.62376556965	389840.288986704
299131.04268366896	377835.57982348325
299764.7398523599	381391.1403033027
291529.67505759676	359568.9592138607
297723.4915576634	388347.9315098613
296266.55751086003	403323.30863872834
300644.1414034687	398088.33971968107
298439.51522092905	385473.1473966803
303428.72403683735	389563.2134055259
301858.7439915353	397607.17096538603
297385.55953814514	377195.42898504913
300515.3710894163	366337.0258292249
296222.15850885137	384835.6128851627
299983.4931735316	372827.587552035
315085.28357877827	417563.2473911852
307207.6227145087	375262.1446390893
288849.75342318905	382053.98347331525
296306.4310444766	366757.93174918817
301896.3677832299	395734.8199868966
309603.01636314346	399407.9123001197
299295.8754147632	388652.64460307686
302658.81543859816	399989.4811938498
295958.27181543445	383895.43672217766
311226.334131379	391401.1437338926
302185.68119982275	398959.71897043625
303219.40297715715	374290.39873858314
302380.2615382038	389816.9064737613
294385.9976207443	376007.5638066856
306754.52485130896	405106.4816973695
303335.58928927983	389213.5042824638
287121.3832269708	384375.2659989273
297286.3081164935	379555.789769973
291466.56200071116	366472.579801217
294361.505241847	386024.98664013285
290294.9062163129	377644.4872726385
292548.90023849526	387290.98206250503
300298.33410381334	381870.8231284925
291444.73915397393	383948.71856630355
302203.2363004528	378773.43721253646
304748.4242885533	395799.3792571722
297983.3661180646	381278.54746155656
302876.2398677929	389852.1429142848
293969.41721672413	393647.4474284034
303033.5817173108	389366.4318413961
300404.28529131535	373824.5967903613
306865.3481479909	399332.0643421423
293963.46883678855	376929.19957370544
296718.3090414434	393114.81623350095
287818.35985298874	365769.5143331777
307007.1804516156	411733.1333449733
294775.02629494196	397932.97502137104
303211.51420544554	389615.4179582454
298629.37885586754	397669.6988676939
300502.2941269716	386184.9819208159
299354.2179029312	369222.5590635609
306460.04541941057	392270.5044163178
303636.6074561761	401912.16636584804
303626.05539690546	401863.69436190306
298806.9717419307	401823.3775384284
301099.6493523033	403533.6204695882
297537.06693743897	393676.2194752072
313803.5403374573	391133.710084908
297104.8494574664	389648.8165764966
297352.4871560888	415675.5688005809
300208.7372710177	391707.073971767
296625.6334596659	376929.4994662958
298804.5410119771	364707.2628131233
309193.63230664714	392003.4372697808
303440.4161732148	365460.9015497839
302710.80418201315	382415.52231554
301716.3528461091	396810.34104869614
304813.82530939183	394101.55163278227
314615.32373459963	387337.404705447
293765.39724659285	390819.0947100354
306342.6836178362	364823.17313472374
289633.2275660782	383111.31677248207
305072.78499660856	394132.81048200687
305334.32629535766	387633.844152689
288666.9725546679	362886.07803948806
296132.6811732153	380000.0829491617
298966.74997681833	378830.7417193288
299540.78564854356	388257.21326725325
296414.4020108315	399509.35334675375
294598.31456824765	383145.801658219
291723.36677569937	367100.8582208134
293630.01057389047	385981.65128562454
288050.46718002926	379744.9079269753
305914.03586364543	389954.0866758974
293866.29270221706	388361.6612617754
298393.24127013644	366663.2153335791
305093.3157702582	397844.4283045996
292975.0510943212	411020.871860751
301613.5942904247	375787.25676669134
299089.3103671872	373874.37526814674
293797.2866996992	362485.1410379922
292753.89856697817	369344.3314336276
312985.309483032	393037.7717006695
302947.9003778378	371537.98140643863
303139.27868233796	386380.880304985
295745.31108169444	370279.032626414
298878.7469841933	387717.14191636536
301513.8208038068	374556.6418829065
311638.2126002258	394454.7920272129
299474.8719127629	395588.18928253197
303229.7570150478	369046.488983785
298559.85573809873	386081.8619921493
300855.065805918	399389.9422348619
292065.55829554074	387499.21341324295
304540.5891856182	383473.793381914
302781.51607371366	399520.90323512646
298450.1395145778	369230.45724354754
294151.85272916907	379712.9461685247
287896.7679409317	396139.03116077196
295974.8141502422	378519.3380668013
297414.73124991835	400901.35215520783
293172.8051456886	379573.0572728228
301903.25820700044	363716.227582993
297987.5165822682	392348.9463394491
307673.7929392051	395496.42562779225
304309.4275560514	382004.57151888305
291082.4893342437	390980.71781898953
306772.2428138427	399915.9465899171
288589.820049945	382292.0284244484
306231.6849375017	391688.8175048169
288261.5198138191	359737.4232399974
298698.02938291256	365685.1743622287
295129.3583460535	372918.9609509421
305848.75413336646	379712.96469094453
303636.69707568374	375272.45241287793
293085.036949985	395869.0267676589
292459.1423976786	385087.9426510726
291986.6803287734	382706.0562527019
302357.7140186642	372533.8458300348
298979.82858867093	394289.0661358058
300969.03708083834	380923.58460632316
313749.2720445714	378407.46844381676
315210.6725899902	375526.5469809209
302822.6481338438	405378.40741090215
300875.92709084856	376958.43346886325
302592.202790539	365305.86037702963
281274.6846722613	381482.26262272196
292719.1196989948	371381.57622235693
290221.34069631627	382697.79565400473
301210.42184805154	373605.2498469564
302717.16502358107	392193.4066090721
288483.0199525177	395913.2092948951
297870.222141503	403543.1695650662
309475.6651217364	389783.8986751485
300730.6530760183	395066.0221339731
312689.8445565506	397511.903368746
298011.1073575842	379268.8208474025
293966.35857571766	380174.19230286696
303156.9247497415	406649.10912504315
298827.1763182136	415867.4384718931
300466.4379157064	380561.0797364628
303144.1918131852	373058.0538157873
303979.9375425819	392699.88681027846
295279.6637800555	389434.2109877281
293676.34371930815	383218.2318959987
292727.9230670247	398392.41743894597
311182.6912093852	374094.2345283589
307779.7127301572	384756.9211127141
309493.95419752836	368408.8733290485
304134.5122206295	376719.26638413896
295311.11157143733	406140.2990708446
304234.81313165976	378981.08174883644
303480.3652185333	382675.7385864372
294063.6549500722	383351.5969630544
291915.6178637473	368971.6678444071
309037.0954592889	367534.7441837321
306857.5861397094	378129.8859769894
306210.921833255	394587.5248676019
291925.2202892261	390456.2338142639
296189.6528405999	381550.7408037676
308259.5098756542	399832.97843699006
285339.4996867638	376420.09416935756
297161.5323871013	377664.19641792116
295781.34718817635	383411.940142004
295630.82618956844	389343.93151700334
306817.87776332744	378535.7317327395
298950.93519388605	368327.403554957
298863.681236094	384753.9894023844
296401.38001285255	374989.9590855297
295350.9019558602	371653.91492295306
302980.98285189073	406828.7790717223
305696.29497179977	384699.2909390895
297065.13103782973	383747.76324304176
293591.5595132344	406652.34458249627
301965.0830776544	368518.94647106406
294463.6403028391	393196.711133164
295260.4471978578	372003.535964365
301921.4907202871	390175.11474230565
302652.38517479924	359089.10460983694
306047.94173369807	392180.30733996246
302170.27697057393	392060.18796018447
290712.3736640881	371095.82056610903
303197.27434824215	389187.7968917133
313327.9390258526	379745.9734305437
293336.7053124985	361288.27347869356
297208.3310488992	375464.8952782552
298706.77248147305	389388.51900792064
300461.22666872054	365974.4564158983
292530.2164232675	375536.9864452174
293049.15483370726	378763.30512366194
286298.98786342365	384523.0894553812
311953.166735062	380720.22913318104
302841.8076424478	386523.35402637493
309461.43159255304	387882.6462993949
288445.1414088129	397712.2495320027
297130.0503277406	381019.8124707551
309222.00142939127	387927.0112608635
305903.12862235133	407992.18777569017
297827.2926267481	385297.3694215416
306409.20301685215	385478.5833682684
295919.45576289773	393247.38135474524
289056.77039402677	348949.81069794606
296902.7545411673	358369.650376372
300147.2811917998	386923.8458838111
303578.60395234544	403149.2938971632
302671.23425253597	389627.3471366521
305033.57396011124	371601.315411187
306688.41998221184	387830.89463411435
306773.503645378	421229.46823838865
287911.5899430729	375094.13942377985
300678.00273726025	380134.80476507824
292434.53456706216	372655.50359754736
295155.1430008663	381311.6706275379
298174.8982325032	400009.3407036276
297145.931807284	397859.43999928987
314672.25972922356	397541.3765131624
290984.517728073	369208.71975343354
297913.45173467736	380683.0515066739
304342.2274052268	409781.0574239965
303784.80149265233	388778.68297464645
297931.2438363632	377737.9889406485
306983.3208265309	395705.7960203814
301431.6591056045	402754.121167709
314039.4164210721	403389.2597606813
291542.08254934964	402337.4027858986
305299.9106717836	391356.32521437155
305124.27008822537	370337.3817472769
303373.3397722454	383206.1737040348
298430.6499680681	369859.62448812387
308307.4535494213	401422.90038679115
308746.10108071915	374930.4904039224
302362.09905275516	396703.0625379538
299738.58574612986	393596.45262934273
295381.28524744883	390556.2218572785
292000.5488007021	394421.4075684174
297317.4118116456	398233.05495804356
296593.92750435614	381205.48606216884
302063.73060262046	371022.7500796814
304024.0867862395	406340.9207704417
302475.69381649815	383760.7942243618
308273.9640525951	385457.2446401657
305392.54876719485	375265.78863911703
303909.3423886899	384048.55721178476
297712.97485041694	382543.1861553777
307383.92863109685	353567.3747457365
287926.15541717084	383749.7822785365
302782.58732159995	380943.84571852384
294820.69720810687	372766.8648793332
306036.36491408385	391013.205621061
305330.5681837667	382025.1834223039
292405.6957380201	377462.6319052789
297898.7897064509	390766.64065009414
299050.8003223081	382918.2222104209
303659.5854981438	379322.31342605833
297781.2148166163	378032.9214684296
296365.7056437124	388571.847459737
305144.88136491086	390319.09474652214
287146.9223150407	365027.90172286774
296243.4112648064	393153.7670151736
287937.6503297569	385101.6357209405
300977.44763759605	396030.4351065241
298285.02255601436	396976.9823717744
296104.7511595857	384594.1246966801
299291.6455093961	380574.3193078775
309377.82154523407	394172.8303990431
284723.519105775	401719.6494907554
309307.7444951263	379523.879614149
301939.6823335846	383882.046237455
299674.6302516493	402296.75007309474
293987.51301655755	384271.5869424593
296852.1175942629	387907.2581579194
295170.8387808073	392299.54802503256
309286.49434470816	391354.9466978795
304050.91890657146	385545.60757859773
295501.4999320161	383497.93180883606
299652.06139828614	374194.6035194753
287478.77320804924	399432.6362904997
295222.42332882585	393064.5940131765
298455.1514808134	371486.7416180428
294995.0671959979	354569.5462423687
303204.43628081545	370933.95638018305
298987.35737035394	391470.241681961
297901.79198889807	392516.90655971103
299346.1551505212	388243.76312493137
287531.3177338983	377880.2241735278
313852.4602785517	400400.6265585667
302216.4335820079	405828.57414204814
301780.6294140965	380599.86170928547
297675.84803259326	396557.6818894063
294936.8225618559	393162.92743652983
301815.3375755425	407752.7361866343
306787.415197936	384155.3715629491
297090.49660022766	390149.5759200587
303424.0017081373	388356.30539422017
303921.25522813905	414207.5248138718
289530.67576787644	388033.09341656754
303306.368305218	377373.2443331968
311063.57027170004	404240.3495521885
297618.61909686564	381697.9690587298
301137.29059759807	385815.685549404
301177.4333956629	382161.2471660386
301320.2631569798	404985.1150915461
305689.0414312313	405658.6306460062
297464.20278053323	372557.67313059047
306600.8179176606	367060.22678713175
303340.3780285723	398124.56761435024
299448.9378888123	375117.7613913339
298511.3418494932	380357.6036283659
304192.8538414504	379585.6238077802
304716.5819782058	383104.9461213703
309530.7776727756	381946.43545909383
293764.4135341818	396726.98727134673
303632.6455241258	370328.1285989819
295301.42816515925	368277.99032112164
295020.6101325658	362539.6488341368
305468.8292222336	397141.0557508212
304031.9665663283	396877.07671233854
300236.0797238081	366565.88334001706
296907.46321797406	385776.2183945362
304182.2095934574	377764.5584060353
302798.79545129143	391042.93730368477
304894.1362861423	394388.80810219876
307210.2745721742	371893.3719629437
309825.7433367608	398136.19662037963
298750.52056999935	381953.5348707723
305271.125351103	361657.6770138974
294625.69445776974	382692.278774471
293907.6064061915	406822.5394555341
295027.995000893	369017.31729880185
289825.74513324944	399848.60074810835
298733.37986369565	375689.34347769467
315895.62939289736	366311.9910926477
307342.0190853613	383086.63277610124
295933.8756265232	419485.01153604884
314116.8515547947	385647.9509659276
301379.4933426941	371140.1744753148
295812.7243290471	381009.82067205914
308193.3878251967	374928.5883282384
301538.42117488274	365955.8139466932
294636.4136599495	364203.4572811717
303914.7312892925	370778.5123004607
297764.85827169544	372430.04115362256
300152.7338645813	395866.97597223613
299041.90134899935	379614.8808341647
298632.5695005971	377153.0986978699
315274.02960796334	361129.6392092161
306195.9078619634	367492.6787176408
299963.2233138901	385655.29057864525
296690.1523187509	392441.2921086389
298799.59228679223	379404.2931636524
299091.72451630014	376926.0703123528
291215.0054616823	369461.55864039616
299138.44545572833	378337.87083227333
305015.05898672773	409974.2150120148
302555.0845611865	384906.86444749875
296482.65831153025	374043.571337009
298551.24980820296	376872.04164380656
284594.37423654424	381479.44466591306
310491.580973088	390026.5237062874
297811.95692161546	401140.08593430795
300801.7665911721	388236.48771413
294923.0990855901	379676.0079323921
304424.7803909764	398669.8210251722
298224.18392368744	405810.07462198636
290838.9817285161	374746.6342468263
296632.0988186714	378643.2378438938
291011.05415780214	393533.57143669995
305125.59399999643	382946.1728581254
299106.1567481506	372297.9566896466
308859.43728914496	372268.5368746224
297638.66858223535	376685.83129735285
298804.3494078235	372641.9865172511
310285.157828698	374496.0911681418
301561.4086057792	380964.1656185918
302915.33561525564	379464.0578245135
307870.82376867114	387573.2429823734
293136.77809972875	383235.5924720316
291092.4882623253	387599.6210918232
309827.72209711035	401939.55231535854
294352.55939732224	382943.5822134188
292099.7374937525	384562.1672270077
295157.99290569196	382223.5668093867
299127.8040007913	391780.92099858256
292765.14583534875	380133.0564511282
295889.91366967553	361400.9993296766
309290.86530252395	389201.92421484395
311562.9909136137	384776.9399631744
291285.6072838358	380298.4420376847
298313.8652770511	373118.63949270826
291101.7897900796	379847.36483249126
288843.24157118594	386623.1782271435
306743.8563753845	363255.816385803
288571.47531706514	396734.8222197711
305083.6279798733	388641.67692123645
301997.11109323305	392507.884254992
313127.9778594642	382059.921091054
296439.2875265653	391523.45582998055
304440.9705348817	399729.6269512279
295107.11862798093	389131.07477787574
301013.3124269837	381805.31426297606
311621.3800503483	393073.8562856528
307985.6496337858	406590.0712089229
294982.12388702645	386247.1571925008
292712.6818536163	370875.81566213747
297807.7235051044	373692.8100940107
308488.74211018824	369938.62239221914
309335.94148724026	394950.3367399281
312087.0595008936	398537.63220528956
306870.2151318729	391414.6045885326
307442.0806650021	405829.10700293677
301323.0744456056	382726.425522048
308117.4189397899	382351.57720325736
293985.085144027	401475.3192067175
293398.29466119397	377019.13200503297
300857.17811074306	384509.8154501484
296374.01111861685	370183.48784768884
294648.033987705	370547.11439970974
299892.5037248441	387971.3553931013
305249.03290102596	398025.9267339985
294768.19981375104	372723.09317260666
307173.77542338194	412882.1142531013
304460.9190813489	386597.4828218572
288848.36815802904	376851.18239116203
297409.6865796064	377057.31238250015
298752.9718242595	374129.78817521693
296079.4052950775	416442.3362956784
299770.8499994527	380862.90108849213
291865.24923325353	408099.3937781041
312481.6641238955	371908.32291868277
293369.8152739282	373319.0516273332
