286.5972225913699
302.0897491492559
281.76880870721453
306.38282510281675
348.1238985403561
283.8215262292941
384.4063982223441
535.1666835095552
288.8594346204357
361.22822196980576
304.8066041500324
296.94772040946015
292.1215682952764
345.99959881631474
346.5449142973786
373.95962719051875
322.3756996677819
299.7349134087493
319.56481274318924
356.77130881480934
290.4645864336719
435.50844933021534
313.46767997299105
342.298116252977
353.23163400023105
290.35668831817077
312.22157306318644
363.118378934593
291.6668360364441
300.27906065259515
327.3775045219519
399.29280301458965
293.91964947541777
303.70082002890234
327.8561729686221
329.74250539482523
302.2276408263276
301.16896384365225
336.46206398313484
422.1423901274824
297.5886877694814
279.75470627583593
349.8237540589923
433.82038784290086
330.119095483358
321.5880905806762
320.76700518004617
353.35270973448047
310.80399863446166
384.89064628033157
292.15530535969157
389.2032557928753
324.37530176815676
299.0693876064091
358.8121844605833
463.6376688655865
337.134979661046
369.0976859708722
313.7877702297407
341.1665151414508
424.9220336913939
302.2247484011935
404.1367104333494
317.29998818272895
301.59766646329405
298.47168373135816
282.963054624692
303.96977182371836
441.66615588842467
318.9470892157492
327.06045382761675
280.1237633245003
302.38780447090033
280.613642753097
318.0165876726182
334.22246460713643
368.32413523886584
323.1941919508063
360.95071198125305
372.03332816009737
331.8445025704508
307.5686279521303
417.2525103668878
299.9495359515278
306.32441796574267
333.25546865832746
324.27913561851636
276.96590583439223
337.7610599765814
287.4642069370499
326.0192855241429
302.53189107979375
337.68939335601567
298.9063329629641
297.31676240184987
302.6750064547949
314.1332791355866
306.4037414772998
296.3482020426444
310.1902704322601
463.58903102514137
352.76335005129175
436.6579283694624
382.7859768311338
363.4386031243532
346.1264801288911
394.29002180490147
314.2300299861049
310.87246766483605
345.5764580756051
272.1498655547082
326.8969234125066
311.80321835461416
386.27720810082684
300.37460260857983
356.8684447272367
304.7810714204876
382.80371892650345
438.06805127954874
524.4592898466123
307.9260855410321
379.93795312384765
355.3122274627571
357.279750389414
413.8021248382298
300.404376119675
401.38808576773056
281.82786290846764
343.17076618261734
290.0295737867977
403.19052843517625
361.9670414600093
331.75723610272973
297.91763388220687
368.35495314693196
319.95990556302195
307.36247286386754
290.3886253778103
312.5210114813314
461.0227213948388
332.5538300143548
391.43990295530205
305.9411360323071
303.63823279121016
385.9397646248642
317.61071891597663
395.0275651900236
387.3122693073407
310.9515071726885
464.2977516481982
286.48136537923426
363.8043262689617
436.0779883051174
291.8354660750364
317.0123694842534
369.4262010956508
317.5769377447363
514.1985752068872
385.36293690717883
286.8870396925044
303.4724655468869
305.54586238152166
304.92408831226146
485.45873747635005
309.9310141289797
337.5324175963877
330.9365414124972
288.3665498185471
365.5368138312917
354.8136815383604
306.45870018909284
318.7362673609605
356.4971430408264
429.83176122941137
301.9843347099047
335.0783668259628
360.9798950455877
373.28952345678937
278.0795497554382
341.9994082407398
338.5139809132873
344.95785429111396
423.46741351481825
436.23962476555835
323.5169347595412
329.5111133496394
280.84201469472515
326.0130878844623
316.19264858303154
440.5372734381424
350.87030170911214
294.3325333783011
299.30412464774133
356.6944738005818
385.7381720979627
390.70371875152676
286.33522406863915
316.7912724932231
295.9476015273794
351.2221442874968
298.76671637291065
271.72096627920655
350.2130663145205
381.63072088932864
284.9455476945213
407.41329016658733
316.07098748415353
362.8656818355419
283.6914543938838
314.72922135442
352.07344366949025
278.2642173472029
282.0080609850652
299.52491129191526
291.27013693933526
318.09161996131746
306.21733045152746
297.11255030383575
516.2523687571003
318.03027830820844
271.5089875917662
441.1433484094472
276.86709870036736
301.7237882967349
299.96800369365326
320.3045690544257
463.05006086821237
329.31779443213634
328.61496558655176
327.674851114654
345.84657994742565
354.0421971222577
326.6927552470512
313.82592402749935
305.4335305007352
446.1697661369351
303.54205209919894
398.19326572569855
443.87897151192544
424.68183324070174
275.0647847948413
404.58011279216396
350.9901177315228
382.6993395789368
365.07797987261074
409.79780409724253
336.7098142847489
347.76750147757053
294.15126882239446
280.58401908235015
390.9750084071243
346.84885465648273
320.66963045014217
354.76273331749707
461.67824492539035
319.5219034400342
296.33899741967457
366.9993717124212
287.6477528172134
520.2860284318265
355.68275100945226
326.4169306699624
446.4686168620458
319.3236249493448
376.7925914240087
310.19132180046086
345.02000081944743
429.5755228664851
281.025141244688
299.8910286951354
359.6867447654562
420.93347745853396
300.0626211617985
420.91947274150664
314.7394628386443
292.30710365564204
322.95525608751956
291.2293321994826
331.65886602310616
277.1928013336522
384.14662848653217
296.8811558343205
398.0623411334615
330.87495447808607
342.7078408527672
507.91982345170504
329.9979641915217
368.6969561571719
399.39893119991984
361.7960839468685
322.36875731971037
301.496964477318
279.69053998039243
304.8583150506563
304.319612181407
298.6078968425979
344.21718537566136
336.1414504830975
331.55317545399043
348.9708556386304
351.2515876160208
363.56209449331675
408.2307207553319
408.6053019642953
298.7093734074591
338.30822312107546
335.70297727270747
321.30914304841923
327.1722000168277
331.45513666614835
293.99429932831686
285.6049688872856
332.59009736509887
327.126352831597
282.47390297057706
299.0179981681565
280.31544834805936
316.9478537755589
343.4713561457174
492.96779134976344
295.2778557233133
283.8026366348233
345.9296416606276
396.95227873170865
313.24055680816025
327.3087820484962
320.66893833311644
319.30279423797566
290.204351211645
308.40686399474635
331.05262577569613
279.6078123964407
286.4322996491103
448.9232579936821
296.60050453187114
404.11176297126786
361.4257916831859
297.95024316248623
305.77309188081153
295.4047422241478
324.3236141447687
368.0686342070377
291.73665447665866
335.5639820518542
282.6830256819634
350.35453990533154
275.83229920552117
338.62488014165535
350.0549259619449
325.0121204518837
376.5636281225434
307.6191296585517
313.36035765050684
326.5013816148668
325.60743277279136
419.8908691801278
614.3267337824931
287.80594312879344
320.2063552756722
353.1248859187654
288.9330495968844
309.823380792253
385.01635754150254
301.53471736902503
338.72745178580544
324.4992985830743
333.3970881083958
329.36338013580286
346.21871469233906
303.9423185632274
345.2612479042185
471.4860943134887
371.44982359175344
316.53541595155144
353.9739710815725
495.45051182342144
320.13696963215745
332.45897975700984
272.81133653645793
284.23339513054486
343.5171236204947
384.4993404252615
293.50956403432554
307.43667226379563
366.8041906533168
404.780979770117
312.7989396518009
299.66023263458413
309.4889388464027
363.29142571611766
451.64708810592117
281.7491467200001
311.6591221140664
434.4725956211227
314.63963365491696
304.22254384523495
302.2692777007749
323.2512656198978
372.0125106391567
350.48259466152666
370.31521693581595
331.9871107072131
280.4035410796249
268.6111870044219
355.3467746936849
285.66152364675037
319.90368127290736
300.38659789997826
286.6524208958315
288.32373837181086
303.0573614496827
276.2905303894976
296.57782719045355
344.8150852980432
315.3624582737534
289.8891183491796
321.2951431386476
413.9228202693356
395.79918194420515
289.95956442905344
304.80991682679434
335.4428266146227
395.95958327134315
311.85856392811803
378.03207042391665
341.1498537871681
344.41864879702104
321.0905281767044
350.43857050160824
324.57411875549514
327.7182756794106
285.9264881415598
300.34549193883294
355.36557908747665
357.85149486309035
455.89384391879827
292.81551210189883
337.4463859106136
304.05161393839006
287.90826155396496
447.3255859639411
309.39228906612436
360.2939885300914
289.0592675621639
335.47050163023613
461.66614770858007
292.44150430154724
381.8321680156277
385.52744494300435
296.9717109066103
295.05509408131996
288.95656440111077
319.4697262725111
287.44327636449617
309.7157729222026
397.9030592989708
335.39731113434595
304.32573847233266
332.06379156116503
372.8679883872965
444.040276274226
289.7045656039573
399.2219953341562
435.2433786705881
307.30943714855374
334.2206424862515
294.8660109140285
336.7570407698719
649.040701648526
355.99523238363037
287.73218186971775
278.60179958777246
291.6148686760347
293.69802604939247
288.3472984952736
377.8930466357188
337.06272203688627
430.5099029120753
370.81383284045575
323.94412159993567
307.7985360356868
324.2198650795757
495.2254401662363
331.42293935414074
324.87758136688274
347.31987156641105
305.0848643622018
360.5957323432742
290.21049001330175
370.1343954363792
310.1186222382946
388.8633249832022
273.5490143871503
420.3369121841721
302.14918680192386
294.9171981014596
414.2266751529857
287.70562503646806
372.99367839523353
382.87847816113526
