82089.12293230237	112208.90371205837
88877.28439515817	103524.0882542254
90380.41303767098	110634.732204005
95142.53633300686	111711.32645906153
84013.72720562053	133853.0282683113
78511.86917433214	107554.60409576086
92968.67134610834	120241.10288797562
95132.2671193325	123096.24007923763
81059.83791489628	99929.87229483115
77881.91607230689	104170.0258820326
77413.92761110398	111423.80402211478
89523.61782027665	99883.2474799771
77715.71062241758	110181.89855735084
83604.23789897707	114928.57470842462
82493.01252948487	104611.32442910071
83726.55082207682	117027.2688506705
79322.11625315869	111733.05372490901
91836.67081532767	107408.2018728848
86775.10558571431	116428.88526443795
84177.48126420261	97078.90948701983
80790.9059704545	106018.92600776494
88592.44173403774	131687.31279677642
83658.43477838059	100105.61064890218
84600.30045957348	103153.24002429885
91504.02010062942	109749.82066526866
92548.613437548	114916.13060782723
87814.40200425219	128882.63847260014
92211.50300815972	95416.57804370204
82644.3244938596	111182.1918393921
82568.7611426011	98251.93196282812
81451.40030770254	102285.11828649572
85862.55010458795	110791.18489713148
85931.25032272318	108680.8849354062
86513.5403843766	112964.84964642466
82664.1211382572	96587.79100290265
91065.35829300428	99586.20946927392
84484.64505220095	106647.99196272512
80301.70472672187	112379.17392688425
87828.21605151068	105791.75190341967
73839.69174165995	111228.45158086687
86172.48697639225	92875.4216200492
85559.63076925682	104682.04848453151
87285.10103628633	103370.2814358793
83812.09671595327	107849.0694819138
88315.94245339702	117020.79035033312
87525.6089876112	112911.19483136504
82878.27210056907	116954.9628646612
90290.40842493117	121149.07561706194
82191.35777336662	101543.18055795322
84482.85599511495	108147.22930159891
94342.8104042722	102693.21409628913
80308.40106026939	94646.72177757337
74186.74845847317	110904.4960635831
86109.46640696035	102927.6676763192
88232.08677654722	111084.87760500355
103633.94510597335	113139.66631771802
90523.81593182034	101668.23918944818
84964.82310400651	110884.91752556365
81820.28096323542	113195.87127150183
83076.35491889084	107231.68279104748
95884.59968656041	135317.32584150933
80358.62538278822	121915.43600999218
78834.20531165607	126443.21258576063
87558.86994824541	132345.4707189013
91287.93490632482	117322.34626294662
77745.03959944786	101779.41475202856
79504.82605347432	110794.33885924981
75685.54498783505	105390.13842114163
80810.05216023399	133944.0829617288
83482.99093723114	116296.86482957513
97484.63875900635	119432.82914552145
90101.83104187265	93107.23001463938
78605.41976740639	114174.76639344064
81485.42005831769	99868.17387485353
92168.93177273139	120874.49236617233
83646.43732159946	112175.1376739837
80507.15381312274	114599.35760008397
86545.33022818931	121046.0417289857
92639.22024126173	114768.80012818573
101466.69449270425	101355.90838132855
84804.63190602825	110513.30435326947
83577.59252340437	126841.77906424571
81031.68262464489	99978.01282743938
80620.46482106007	105951.52250527944
84104.39348834181	108712.34312891772
86113.64796556866	103396.37266050532
85998.15641815221	115147.23471203436
83413.05074367061	102471.23051627517
81257.29904643598	94986.5357901095
80904.72136072499	91703.18218194651
71618.3205829609	105248.17929915412
83197.89717893998	107901.17725763939
91507.52707676982	89550.94968405766
86495.19832063396	111754.95506715369
86999.5890248002	110676.40287789422
87782.68485019989	123876.65998489839
84027.35153331865	100433.99835585478
82888.99940662297	131700.95233849296
78758.18293606323	111747.84979366281
89805.85156351252	100431.17578588214
82002.9518189188	122859.41242560456
84735.94690329488	118440.35509677458
78738.87884607638	113054.49117245275
85779.37658473554	113852.170087584
79498.57096956114	94058.0648046231
80906.74091937533	111551.93852406394
81065.59214919643	117488.58249717625
86190.70981503298	118194.40824823966
83428.24730408246	110824.00383238489
85900.61526561496	103972.86168433582
83652.63856713896	114389.51204426456
92125.83999780928	112003.99535684111
87204.98662581109	124129.63201527881
82455.44662737974	110180.61015857593
83525.24142018633	124183.11650973314
81873.92080580453	124649.48134755906
84822.85413114027	118186.97045560833
89280.0147444495	115249.70470090143
89038.56070448055	113888.55383749148
89759.89052737429	128132.98389427825
81629.62665522008	109275.13941821325
86130.35172983306	126086.55813463061
87191.91800800418	98113.35674596994
86024.92860501172	119907.98226109156
91915.46116574241	107725.5104242776
94054.66886346179	102464.9809573358
85646.687217761	116766.47114628322
81804.11268806164	108819.95650202838
84019.77216721675	103188.31630396098
83554.69207141185	111992.44282589741
79501.1721661969	104669.3199447135
82072.15043023106	116778.64798360394
88875.59794215471	109555.9231832887
91381.0050162928	126033.5886726928
79271.76827376914	111406.12611126424
85361.32108181187	104951.97496411359
86100.21016666171	118980.13635593322
85196.14066247494	116711.8773346674
81384.02209995895	99045.63181010207
93264.76262093836	115639.70294225021
81215.1763334247	103081.31553777827
87103.7501774792	106881.49701209906
76618.41398586865	112229.34724012074
84181.88472511925	105401.39349479326
78573.34453604998	115437.82863605817
86316.82470937194	102102.6846426703
85499.75722287969	105020.8514268289
86068.53447739824	140591.22971825008
75742.48073842558	105041.49434636171
88653.10228408706	115878.23487330531
79034.93058457985	110401.34178444913
81556.59374836781	111500.34693999452
100224.8512897716	129277.21021172161
80052.98673347158	95493.02534167534
79899.68960801457	108372.89568708383
82031.22492768455	103310.77492019949
96894.41008584334	120689.55276079426
88022.0299428298	97238.64561212747
87522.70578469135	115637.3862289059
84266.00233199622	107386.91126957965
80896.33629355805	104125.16471974358
91392.62686924952	118006.73034172833
92729.82570641818	113324.58016745714
87445.24173973314	109749.3299687181
83621.24459645542	111724.22050526891
82297.8629847375	103211.60344315578
90589.22165135454	94028.44075753869
75007.48244264149	109510.74433235537
86951.86861718734	127441.91574261269
77326.1003385546	105913.95324188225
73301.14185892962	120519.22640473922
83926.63633853117	105039.08540167694
84196.41779331717	87064.63272530054
88302.31105405198	100355.24470917802
88385.11059167623	101719.6740263158
85440.73232180893	102939.91894854177
88701.25171758691	121637.5815816279
91908.89167994424	119512.90614286625
77290.91224311083	108216.65284665606
86989.8150418796	110409.14762542001
90309.39432643403	113616.23142342283
89150.66473959146	108589.1751759556
81331.56420319708	104578.7963730569
79713.43556626551	115921.1501909918
91979.92835433185	105850.64993360615
77234.95441604298	97788.32371889726
78890.2539562058	111193.01612341945
87934.7070306964	115374.45757517811
92941.20601747732	95829.09128105154
78396.30056983249	112074.5859988048
83238.00567327952	108856.63065840492
89754.88809171769	96440.6787784257
90088.00145664271	110141.87947483837
84421.23592620631	105919.21567822102
91920.40221869072	109599.30742304944
86277.4473213793	122719.27368016506
74230.05451666968	107642.36555396547
83352.1207288329	103335.98354381749
78261.82029488204	123036.34075792052
88562.00746761567	124144.935529327
80899.74383046482	100698.36446447873
83485.98398568913	101146.23851677103
86118.08074729667	106685.38315867401
100422.26876491173	124953.79179316806
91119.94930987942	112977.81776726192
92031.66090375249	115840.4913351367
86343.68203278646	133834.75353674576
83627.4354583467	110887.01736232467
79213.91233774654	97582.64551384532
82999.5688835436	96183.32484574815
80270.59615136357	107386.58145662164
89601.8088309771	110687.35920006846
86718.02609954253	116587.16349932802
85167.90329203277	104459.82550821033
81316.03869891391	105204.18140577951
76430.46581243543	98953.27994358249
90053.73993419236	94994.69788510005
88581.57660294461	97750.54763295868
91829.66234898515	100236.7566442052
83754.23848334311	95574.12708499846
75899.2836234685	108967.72108728653
83495.15317935371	125339.79797528102
77729.86961155428	100796.0703928608
81701.82349701085	110335.16852559245
83351.30772872503	102245.5012299062
89439.09756609413	103669.90110819876
86683.47899254975	102139.10456530868
90298.90187437764	110977.91696792425
91401.44475372207	99954.20401730362
76843.54240167295	110569.59751945159
89050.21183726477	99489.0566077977
79436.27696244263	114906.31053396512
80567.68810416733	106004.44071412514
77291.17021286141	105437.38553031399
85009.12553640612	108291.81589322833
93250.41047748196	114740.80550398829
81879.42865245554	113563.06604623844
83838.2361061417	104679.31209620094
83690.91381107851	121407.60017091432
82070.72870186996	105198.07427041861
84405.60864410826	113922.4914605377
87183.42405565156	108441.92668585223
78379.64273095873	114629.17343936498
84711.28788939345	123644.10777396767
81448.41467395631	113607.66989410362
80960.55589220318	105601.04180145054
90338.57874692454	113612.09631075547
82816.90201729443	119259.5308259073
81328.53770318993	83576.31012243788
88112.46895930955	103309.29284273626
90138.73925877933	113817.58333893759
80648.87756292644	109574.48636635269
84942.06433848117	97485.70950881777
87628.54452771836	103379.33470749731
84292.27359257496	102629.50117295461
79584.51303696148	114754.4475012064
87913.49002072308	103575.17586355329
88295.97135010848	98096.1428475253
82101.81208131122	98871.42109185322
89479.1424075152	108086.61048860794
89408.13089560262	112800.91495742058
86866.46500589162	103861.7970509592
82468.93567803601	99605.86319037108
82245.8786810961	108049.74101964086
76161.13685081675	105752.76151418942
81922.60588070934	106308.94318546531
86225.18299344613	103279.55505707952
84079.66332707962	115835.6442109781
92918.58620035599	107124.11349455253
86806.7182275216	101705.06820381223
85922.65550338282	112623.0465163036
86721.95164432672	107310.00212185335
89363.43252833115	101356.29743003032
87433.93030131176	110593.03120426755
81281.31420456918	109339.89504739843
80771.90268938805	109883.70429099664
82038.05235454811	102803.03637576138
90939.32860410321	90314.68520358055
87922.39706610887	120615.4264505914
86345.4360828849	106202.75281533919
87338.74309604714	105294.93850761605
89559.30602849848	109781.74787712838
83773.08147968788	100764.06919175081
81265.30641927663	112878.29149071296
84396.4486869796	124702.30654892961
92616.28104492057	108929.83704350848
79842.6213173987	100589.3032609637
88189.73339062082	117678.96593688453
90222.91692417528	120965.10428300659
83027.27067797634	112946.12447500227
83446.39926434317	123178.01651241835
89021.59414294283	115570.9656556794
78865.49645349525	102312.91980466411
98158.47804574152	122154.7873337532
78150.7962198168	107647.59168714915
74770.6075803648	105023.91866716712
83597.81313790448	122897.04809856384
85645.8434985939	115671.54294137917
83126.10413437855	115396.26588439605
84073.74122928714	124969.32373422149
92753.58336574154	98897.35033570991
86746.76725183174	117651.49303036045
89018.13395572822	123063.18228283932
87729.75273646646	105187.45014033672
86290.31231676601	127945.70717282155
95026.7495637053	101684.40460059236
88178.28415663482	109888.54422810691
85727.4134058645	112039.4058843512
89524.87159943962	121610.9801185769
85251.21901028955	94351.34475076826
81711.83191670483	102984.86707229922
71942.54523778845	108972.55619354777
86208.84597960934	106870.5669015525
86587.83725210436	107201.00584769723
82112.21237316032	95065.43355679378
82907.53347166502	115825.87224028209
80527.89794855138	107641.45166200055
85777.75174492573	100561.17046929967
84252.39212892625	114460.64047768488
89345.95793757157	110662.07945790929
81572.27355776669	100273.84834395487
84086.06869809037	110091.22150465503
82222.22164160458	109089.02877707755
86812.15504036401	111176.44849921542
82904.41226618525	113540.71022918088
85352.6078206158	98531.85134537652
94014.93490019193	122173.97818753634
83501.85991926567	121256.66803668735
82818.9468827862	106655.3044299734
79665.13942166069	99854.82916493948
85445.10273671005	97804.31551088445
86871.01849860825	110182.32733938264
78697.46256667096	117013.43787227885
90937.23498619355	105827.14767655397
81231.08600966382	103674.03380576492
76616.04866999161	115652.98994884119
96463.98700778412	113120.7142757182
87204.86162661656	128655.63073916598
83367.15040094308	110912.18983652773
85929.42879405731	105103.63029103777
85769.65288987434	124224.63186528663
88721.6936716309	99552.93272328253
87231.24683462085	102647.23613962244
90907.25847401837	112150.79211501185
89025.39957992734	117309.11679357107
86004.00710476158	103377.79764752867
87678.10949252467	118532.89544648718
79197.21747002174	111323.47113216737
89648.40492305008	113061.06717498296
81888.25965967884	99717.85605643714
90173.78256537547	123994.30121496615
88497.91163351625	115560.29376641057
78434.28338333232	107042.02038073199
79861.5395906313	95565.55000258063
84782.929349096	110477.09302048839
84270.82773960088	115756.71899176044
79459.62403141113	115903.02840732888
93443.8392752078	102531.25105902854
80429.64380679895	107878.91101652394
90212.9775519241	130755.62829307243
72178.52344489217	100779.31205567929
89251.43036080844	114425.29765574576
89835.08448752624	100298.03757972327
83351.78798019176	107083.11989026432
86533.03506747051	140680.8204660997
91020.71084292495	109063.03183774166
99315.5811720979	117285.66893757434
82305.34913878504	134363.03661962526
83516.2795554189	105999.34040570779
85484.48597494472	105565.22672701473
89976.67749289249	125027.68074618476
91835.7079679922	118979.55542441597
85714.31218931926	111213.16514963833
84656.06851180157	100068.81127404285
88275.85214565878	110557.6147347254
86813.44308256541	110239.39527772131
79251.31089363941	115065.07011290664
84075.22427972294	105013.28751750369
75940.18730100537	108345.17375014722
86955.04257619967	119408.3185597192
87333.35638740586	113292.95879945856
90032.40729430117	97592.10872141375
91721.22946181858	101993.7192349874
76912.9606986857	102829.52408662782
86067.38535064925	99127.2369979422
79678.37668994904	111149.53590383274
93806.89077634725	133091.3008602447
78544.1607556963	95172.74839088111
81398.63571734137	102907.50357774922
90430.26852218245	124092.8135582664
83152.95456042004	102556.83895602144
81422.8579326887	108928.5273234757
82217.35606262772	101914.90849361353
89900.21242363218	107560.45238773954
89833.59375003063	107660.78603562711
86873.12972662807	91836.3935448136
84938.05773888397	131537.22434349067
83910.77678206778	109115.48914665592
82030.87899187655	113205.95007471934
80072.01264107694	115179.11838781583
83753.81417930554	116192.45358879256
91593.79171914757	109239.55433700244
86277.21634836044	99028.83797447974
85204.34444849269	115569.47178495431
88052.7983343429	112873.21997679012
88324.69294816187	97353.98249121239
88837.75137886553	122445.48353644
81439.85611465358	97407.87055028611
87366.03456720368	88837.52150579699
82024.13896701465	109228.83422357103
90649.4636944849	91913.87112552133
79133.40614991629	112248.04083236416
79439.93200930809	113699.88201409004
81602.88790668102	103270.05208826641
77990.52608555194	108366.27693974586
91323.93131848024	91997.27076673853
89841.59003677577	112024.87965085256
80500.60951800985	112886.4930080758
83851.59375455679	116296.26219747549
81238.24784890484	108062.80720690322
83008.38455631738	104832.79022080463
81622.79644460691	116998.8057498789
81532.42180618062	93539.8824523294
84444.14833855999	112710.67162716915
88799.64288031645	142854.4449560137
91083.50329766035	107361.67828048396
91883.19204775037	106897.02682366947
86897.19409235177	106997.172981399
86044.3620002907	101896.6857275503
92945.41805664716	116025.41964976124
95639.68462890801	110426.78307176285
77584.67493635739	102383.814942165
88875.33447030684	108404.22292998724
79773.37920971234	103063.7744711093
76766.62118634184	93995.35817168573
86485.23857710781	100061.91730834832
81236.00025917395	108940.45930084823
86711.01616983039	105381.07329781243
84923.59668910052	100905.82566476797
94753.92017380148	94063.93713395059
74608.30789999255	98088.31178742762
82290.64037446406	103577.39795744859
95444.53696588732	108528.8338245286
77988.60971813576	104706.38993209657
94472.42393922553	105464.25443584641
90859.23540092545	120321.60122204573
79041.79552199534	89876.4187338047
77896.48538998477	106463.46904066492
90036.49392883299	118391.28995652213
77214.92816433337	107817.53059846075
79528.31754360815	93598.19230181322
82013.7713271887	102116.75460256515
85340.03934807715	111414.269573314
77770.61506778913	109610.23821862084
88609.38787510726	85282.85284812085
81151.95567049185	114032.46698897488
80460.0934381517	98282.75466172995
85150.1843257488	104015.17373392514
85415.72543568425	105069.84941283583
86611.22834591998	103869.88000407275
86458.71853872671	124436.88775241682
88051.209116039	98584.19726297061
83562.26724825645	111804.78377193045
86610.21425480297	121838.15431760071
83183.37700838676	110543.99978625623
87344.14225905179	93205.31188196951
80915.22435800995	120727.9941447041
82230.76557248307	127684.54724339688
79897.26364062713	104052.05128538905
80808.13030389021	112098.07602202444
88221.4198549318	106687.18278420808
79923.91668097443	115098.35581029637
81290.8766528396	108085.60440430771
83105.88795583893	104972.25289453803
84658.83624711956	105577.45864971433
86970.89386158998	111080.09347548049
81920.48851510018	110507.1546038972
86583.04592858594	124218.20502214979
87432.04238014271	110614.03333688635
82987.79950333838	121485.50532888185
82671.21183787777	115668.56340451118
89024.01706942299	94560.17792039675
86238.43081390782	111493.21814536679
77747.13025646706	105911.64914869341
92531.73521603865	114558.82609145193
84252.18427172216	105333.53023249454
87775.95641881641	104691.18349705268
85731.11297360838	114307.51484870669
82321.24543127653	120512.39331533348
82387.10631339601	99683.5619124783
89049.02660492071	103782.59195724795
81791.89591920399	106245.56402340718
85839.05010119695	109873.60047621217
82959.27703826182	106591.82050371448
84456.5648832125	112403.09201859735
81794.64275271045	104389.78734519208
81863.387184091	96535.65802906208
80459.05255488791	115453.78163003552
86914.56890710349	98723.10490011101
90433.15152026783	118523.68826828162
