250926.42282770504	309328.98091474525
241250.8890039454	312130.87489909853
245807.53695037327	309037.6255799377
241071.98417060607	319335.7740135521
234176.39115518055	302102.3450122446
240724.52679496954	299646.2287683877
238079.4521698146	318890.65026069724
238802.03529560508	327238.93445179565
247511.16479165296	313444.5170391139
249598.3192681222	316650.8882169265
243066.94857253524	326903.50891974114
245475.31872197363	324182.2058766144
250777.6761185679	296857.98491648637
256114.94578067336	315698.78644128446
235626.88810781718	318753.49114147003
243990.44295337854	297754.2685681959
245467.54348986037	319645.5248779243
242531.89326816812	324361.2335807207
243499.04932255996	295418.775908777
236226.93309712588	332099.91552920884
239591.31566006108	314588.1156378182
247367.11462678426	306160.8761539209
254000.6739726444	322579.4451293878
250071.73375555687	302398.23477991467
243741.9803284523	335015.61546575115
238828.1763577248	316345.5493027809
243289.62288589193	298627.3464801362
249228.35295579495	342406.2547544858
239004.2582230595	314244.6291189116
254033.08570209742	314176.9232026745
228485.87826609626	307678.59339032246
241513.9603990246	307378.2010100575
236811.36538111232	327546.9653111999
249958.36407286077	296148.8292975099
241711.90188221785	319968.4805287426
236535.6447597615	331989.60896859
245499.4876987884	312960.61709203944
250144.8983726395	321630.3935261228
241850.79031935666	315153.1497334816
252201.2778773574	304683.22068875487
254470.57756239665	325090.1799150011
252686.55194197796	320696.54738977615
252706.03966011576	330012.4699772146
242196.15064501535	320536.15142644965
238335.10128184978	320395.26612231275
250894.63178549387	314737.3467668574
239985.74325908103	319791.61117979884
232511.75942427595	306349.04782902705
256951.36380683442	325144.11464245664
244970.6067951136	312461.29236369417
231101.9757603337	314548.63971653295
246941.12955518978	329137.27449805645
248992.6947678655	342413.48787964555
249889.62079409297	314061.7354281781
238080.20555853244	314149.6930832842
234331.21706748588	311944.08765998704
227178.13815515133	316015.70246052614
253885.44757894677	322017.94788427005
242369.78173447924	304579.24492543295
239866.4202214831	302647.76095234696
241570.39440103428	303129.8855676922
242064.0247010112	320773.1769970438
255801.7741497797	304888.32560438744
239576.7568034545	287513.21190434904
238649.30241360734	325437.58651772205
243693.29315668842	322475.77061225753
251567.59179760088	307104.1019223475
246397.69926219428	312219.08518448134
239987.51053444203	305121.7657829793
239887.69818631676	295959.3264033613
244714.64849222827	338439.56349843333
241380.25479359235	316327.8106606757
237538.19275009242	316096.7029641997
248282.36057159543	314255.381096287
242264.24231006007	315618.63495394174
251969.87935141957	334562.69192336616
239112.83492201677	308599.2804840687
249740.4047036419	318777.07244388794
241910.85595630272	341130.68116132234
238327.91884711626	307244.25389680255
241138.37690473156	337750.84730429825
250187.49993393786	303643.13605875615
246510.16894185217	328853.5171770089
236572.99614830385	311852.7472284265
247773.35976820986	323369.22752157785
245984.39024548902	318301.81064731436
230578.70576864493	305262.6983610812
240383.44872086326	316691.39163482835
242286.3453687452	309131.3042098859
241037.82814011996	331961.1358483848
251565.4182541581	302676.2394094372
241273.60222610718	312661.2436468404
240428.57510523347	324210.16114046413
232851.4085004906	317984.0141127017
249548.26500148702	307266.4047614192
245203.56678410037	304380.258361534
237031.30337317355	321393.5275175908
250431.7835606673	294038.96708757227
237431.16893610876	317413.9870659947
238033.77838698367	323490.5200369972
253188.06717842887	307045.8751238603
241527.14818482118	320824.51226068434
246336.51796851904	302333.19730491535
238892.6932375348	325995.00201564864
234435.78695601772	308054.1652173046
248813.36784993592	337460.4833952594
240541.93862378906	305604.4047006188
250764.41412145196	309305.9038489122
258397.82748365408	309623.8989180776
236174.84262487927	295494.8369110966
245401.45652597322	287933.05426947743
239865.24950702843	322997.93620372296
237631.19113110926	301420.34883772465
245366.04446204996	315661.40691306
247242.2854461373	301464.5367655637
247932.90673135675	308153.3008176201
239282.98677816207	306907.65642884973
241647.27819328004	307554.074814524
239385.1146755707	328724.18426330056
229058.63704590395	326075.07008012186
246596.35973216692	316122.6644309336
239996.7073134009	300853.30953045835
245855.90904569085	294107.3627199806
245732.2400263737	314725.7481759489
247321.2192060048	297914.65593813255
235197.03414165825	313978.62517769984
246094.60927575693	305182.5150108875
254375.23886389777	316738.1359455273
257796.2583557613	310931.3589788693
250537.86494037486	315970.6257438116
254521.89409597107	310200.17392576556
245670.51112096384	308405.13317336433
240884.85918445	325805.45439779817
237969.10159156338	292640.65335266077
246031.43295927005	310393.1725756243
247656.68040217704	311467.8098737389
251040.87405549988	307674.2805733484
244476.58423608541	312870.136028849
237917.79187801405	338532.0533579807
230766.02655191597	297513.9412009164
245001.2226758142	290334.9918802691
243921.84166505866	328582.6223977728
239241.46991824755	320194.50741887034
251241.10898147547	323715.7403785347
245632.06011830101	301267.327358146
240889.722349157	317795.0742595308
251083.7371573057	338755.3037778941
240115.87501027365	301568.4783299756
252388.64894317955	314385.59492617444
247960.92601250694	313093.3577667976
248596.43611612395	293019.39032195666
241514.690605066	297864.2848852896
251639.01122663336	325215.61840709567
248252.4864059462	318612.428316984
248329.782546625	300233.59260820894
241162.8129402374	315705.40365756175
240739.4871665892	311970.03977873106
237782.55215122615	324636.154245786
247365.4846359181	311293.1082195197
239772.45653172408	315245.78704220464
247279.3046360013	318963.11602121935
240370.12188963368	317781.148190464
246523.37047997845	310865.7650156024
241356.3753886302	315163.072713461
250930.6126388665	319708.2179646873
244113.88294833788	321176.2347877058
226927.53660719586	320688.8138535258
247204.3714994996	310957.9166097038
235339.93491127517	322721.41918169183
242297.32734195382	316005.5995565258
250849.84908864103	305867.491266022
238948.49794858228	317671.4816974066
247641.91988851887	325388.94764219143
236893.92026121588	326881.78154661343
246593.74682584676	334048.61736904393
243163.1338459586	316659.2925980745
236249.92434801327	307933.411934084
242995.11868798514	308696.6910986887
238124.73173302098	317352.36411818635
242580.91308312127	304457.0578819591
233528.0713633368	298933.1238429734
231386.91307218315	278008.1683143874
237177.84289884497	304001.18541875837
252874.05192860268	303830.95051103435
245760.4946922194	304453.88956955425
243639.4312648577	319990.9996656521
247528.00823841742	299975.036714727
242170.92164659972	305523.74221167376
235953.18384721686	311773.310077181
249853.35013712195	323532.1138667776
251100.05995237996	312605.89731827844
249378.68042848812	325415.388760301
247985.82387749077	317448.8922802375
244733.72303190822	326710.0383984168
240385.93557078432	311649.78488365747
238243.88861255662	288254.10944846104
235169.1552682193	326333.53254632844
238155.60165102046	317724.20743131987
248997.68648788903	293772.7679468739
240652.9521506156	298371.7325426397
243003.49031893362	331648.37766345026
232094.47437930194	309014.52974290954
240231.0653036316	330823.7027205344
238906.87105997125	324252.6376434696
233986.46673530078	310457.0408476173
251578.67559805536	313353.5836036883
234843.54137872666	286083.57637930237
242905.4020726509	324579.6231194961
254616.55375214465	342096.9250778387
238675.88038680988	356371.599210415
244977.01406419178	320862.3934274616
236143.60423788748	297290.0269914585
246256.55492460774	302174.2376333587
240239.90579596336	341687.683314001
249780.54878953303	298866.90209375677
239404.12840931042	333282.71055421367
234503.17429596395	311559.4126549803
253674.00480466054	321107.6184763293
245980.19624587393	311339.68052208936
249615.07202268983	319102.4409582794
253890.92498837248	311546.09407055564
247847.80944978143	309361.14312030596
247988.036548572	307913.9666696475
249286.14101973266	318866.0640468167
239003.43661372515	301721.51920654345
247508.52814991085	307435.1811266555
250608.4859762127	318223.3119569552
239643.63025817304	325623.4762019127
233009.42338734833	336065.779425519
250927.79540259807	313711.48016989406
250301.51360403115	337109.44486963237
243323.06880190596	306180.8552958354
246482.79513024652	312898.10198183276
251438.34256253403	312318.92144792166
243613.83083982195	314912.2377189821
236736.6565419057	300257.393369633
247170.7345260071	301303.9581119389
237862.48361427162	318561.62953505997
246097.5999329521	292074.6395737985
246603.82549905853	312655.911973325
253829.48940320744	322899.9545566395
244677.69180414476	317308.56734470837
248791.23540304447	304566.85978425416
234729.74577335975	315678.73140654666
250352.96376531007	284591.3439257506
235697.67708885437	316575.4362062196
240366.1816755973	313007.8341377337
252853.63283531362	315997.6788462455
239832.74110396934	318642.18596833124
244406.0864924089	326573.12297672644
239728.66327258103	308894.62938748125
243985.62154939392	294286.9951238897
246039.30371437877	321237.1750762013
249557.05834639893	328774.39292285393
247412.06059259438	299459.1037898284
254001.4709538295	297282.6943934722
239577.1251616098	321989.05499750783
238358.38920324342	295814.856912734
242162.31294075667	315464.79750592855
234159.40110424825	317590.2896033315
233520.01516917377	332169.875238643
261927.56763008807	318482.81634422846
244535.07151153096	316912.5646007932
247401.55842288965	329802.2597066185
246565.35048949497	321766.34681389254
245642.92474352385	315488.1160688631
252508.68210068977	314119.2747764825
251527.30209896388	337855.88119375875
239303.91704384668	317534.51308008895
243550.9893408062	334191.36570599745
239258.92170442583	309146.9349835647
242691.77299897128	304132.93713870714
239579.87552412463	305840.01261613803
251192.50421561877	327187.18543979304
254200.0951833714	328023.826811053
257664.702120725	313975.85244689917
244264.5249472764	322186.52251197153
239921.5135577357	327505.89651299326
241237.41147017712	334032.57321009284
243794.63344119577	316554.8329452743
241178.2496653114	332848.0418316397
239165.7278472102	293836.0106250993
237069.8194153154	315300.6750402126
245881.66120070728	316289.4663606848
237086.49201982224	300984.45324164093
245288.53392485913	322362.0875698302
234359.70099894662	307560.54764371854
232630.61102049996	306347.00565821904
236803.36509890493	317436.9695418767
244881.85421262434	298266.08959579014
250942.87447534502	283527.7300130598
249634.29987706462	309094.91670641536
250911.79917742196	324772.1889368637
243321.82946799134	315552.82569723995
243994.2964051877	332645.88706196786
261183.60798544378	334340.0010728161
246681.8993426513	299404.1253186486
246108.06492259772	303542.0521620286
252563.60940214875	298397.4934477625
251276.82778949023	312261.34416017245
242750.73573450395	320591.4527870016
246089.1949681724	310325.24151244084
242378.22350894037	316809.6889180965
245384.01999950345	322609.00122295145
239501.30184115277	297993.628606678
239903.5691149781	321535.8622874047
239166.54542443686	302204.29574898764
249515.5333396964	295400.77233535424
247283.03207156068	317105.6379176926
245470.11235886486	323088.77590506
248267.75709606818	314505.1380907077
261978.8392138742	300987.33915812976
247422.39076021334	328926.513243911
244371.89940209655	301911.1573430251
247807.55165789672	300154.80897471355
237159.4599082528	290612.8899206477
242490.5894352802	307953.3443630743
240988.66374312196	312825.66654905083
243781.72214440125	316626.9028464508
242494.90672172216	317882.5080445229
241290.86980518405	317933.6307807818
241144.0697254373	312137.30826748384
245947.09288429053	335249.8365237123
241205.1228984787	305444.6890404594
238030.6488723906	313850.9516954476
235950.16509970115	329223.1703842521
246594.9300773521	283169.8874727571
240168.2447003576	281832.1843484858
248024.47316918726	338533.32303898566
237945.38014327257	322226.9133956782
241967.15236302782	353694.76944358513
246576.3030825079	314663.1399206985
242680.08774127022	299194.07122511463
245662.523953087	332241.5697949931
253914.3707590024	328601.83477923047
241857.63251724478	324280.82388729736
236493.84649985077	307098.1984175537
246740.18183860826	295417.9044871578
242715.44745639866	311174.23567472637
237203.63824891212	322953.640746132
234625.14334019288	294751.4177117734
235606.81642235335	327078.6027612967
243931.67178870796	327625.8780069458
246625.2176349727	306089.7635089409
235159.32462451738	322180.33517839154
245537.21385606777	319324.14993358887
232585.84360073326	327848.95815780177
235135.0010892789	299865.06964272214
247017.81797400262	303750.4056444772
241074.91072599383	309584.9855959481
237260.32490373607	294370.59424814547
235132.1772711386	305421.7488772716
239927.69979562765	316488.49251065345
244586.16251857748	329490.90224046516
232778.55155461753	308757.33623159805
257140.7901308819	303107.6555013364
254284.7982370332	320874.19366377767
247258.333372261	321019.9907427333
247452.9638236234	313681.54675273574
231494.86950528334	298090.2197100293
257993.15418650396	335212.05513598677
251164.74005247795	314456.9474181217
233606.1891255419	325163.15901617036
249244.91737081754	321227.70991880726
241347.88316100827	312469.47640391806
230793.1634625043	314946.04595017736
238924.05275807664	305956.2526288065
249624.72422693862	300499.6390534658
247698.49639378034	306522.82956226444
245966.68638256332	315119.81026798027
244744.77636100858	293298.55184414546
247251.4744800256	337826.80830209336
244646.49440438306	333666.06191723444
247637.69269963627	319316.86788856646
241576.91252803302	295213.9024611638
240984.75629355726	319721.48514186137
254810.61708485728	315765.59347026044
248299.63872675033	305340.3886691861
252324.9967763985	305957.92463147704
245512.1057673689	307432.0743412353
255911.49384774372	305704.425799304
236525.43871039042	330443.19802456856
246937.6749506039	293470.64921101765
244724.38612886524	302604.8380715395
245389.6063799985	306825.29795140366
252795.9957323001	293248.81132319453
235378.3245294353	303910.2665978278
250073.89177467124	303246.57048747304
243599.40541826613	303059.3021391202
245422.86130332848	307963.00219773385
245661.21129890985	334093.94488252944
255765.11736726703	320045.66948318575
250386.57664078914	313595.6203924385
244060.08133820572	319142.20641128515
238150.81511433146	315522.9781544234
247542.68060066	311330.79742566333
241443.91968569232	311697.80385830847
240288.46881024956	314972.9611963993
252388.99371632922	299811.45303332485
235643.47501617135	315420.98873258184
244793.98930544575	319348.8375059494
248652.82634931355	306995.82593748474
243677.02263184698	318189.72412251757
241607.02033373917	320966.34216652083
247918.47882452846	336292.2997740653
243553.05434404063	308277.36031041556
238282.54541394056	297209.5531370754
243848.0078346975	317910.04930951836
244475.97872539813	311097.2336500824
249472.49156263648	297628.91536566033
234516.52848397824	307436.3956445825
253644.46033159056	310220.3710156792
241183.83693239882	312244.6366585101
259558.22259309504	322858.46452879056
241519.25590866862	322061.59345501947
256943.03306455634	314365.65989886865
254170.2058279259	296685.0671091666
251572.2823040299	301967.9978242859
247273.39824537048	323240.0830637814
243254.38576509553	317333.2353796065
241157.04829215253	307045.1112611062
232517.84657286483	289974.63508311263
249880.8156947926	317583.1251479244
237294.45459131186	320111.6497578258
246566.4984848762	281347.6807854691
235875.2907110544	308678.8186994104
239969.71827245172	319818.01352592796
237578.9655518433	316498.1378642946
256289.056982584	328464.19483362953
234047.5944426899	321987.43229992175
237369.30670330705	334649.6135240573
253550.10494807805	311897.9283535784
235878.31472886732	311464.0949810927
255175.3096302324	332949.320144262
240338.05755231396	305137.26178676065
239523.7776032453	317988.1336212988
241197.3976614521	310679.05053388287
255669.0836724621	309922.9409874769
249143.60119684017	305499.2900032712
233408.0743854078	315966.01558698114
245134.4170091611	315568.0754910065
254870.90281386412	309662.0213740487
240287.68593744503	316698.55273197056
247808.68448777866	310743.1964984015
238159.0385977649	313284.90426499775
246064.27683563362	313423.2304340869
238577.20223949285	307471.18399539054
249459.41819123767	321545.69836635794
243195.035822441	311072.5644531832
245325.1557025004	301145.67848815874
248155.4124497905	337707.62933042203
235340.85386040196	315999.8233671998
242234.65691535617	314940.7153650796
249142.78973342915	312866.2959396548
231068.41451510915	311465.9699581066
249386.3342536646	313312.22886762774
256757.86506671965	321988.0785642387
231955.8355263652	297803.784538784
247573.26009442878	328505.517979029
235724.04893025674	311586.47779613605
233384.78322679142	297105.9863347468
241521.18649767048	309335.46756598586
235397.64785320227	306569.6737337243
251230.57819383423	318264.78944295505
249921.77827937077	315800.38681782206
253117.8408163099	333505.42576709867
245500.0503866896	304254.7777256042
248771.61140585577	313892.1457856849
239901.50139576674	325237.1849665199
252342.97584848455	315422.5969516159
248685.52352862118	320666.7443560048
259200.48629324703	319006.536409955
249459.9749215974	312950.92327881535
247810.7927303791	308917.1004594157
244422.0338029162	313103.48066175147
242440.5736778138	293293.679917622
246239.4109392987	309653.5798529246
250967.29973482876	308482.8793131331
245877.2034798534	323743.0741948069
251854.132287442	324876.9149628638
251549.01684870134	305465.519897338
250246.93925280968	329469.9175025366
239249.79695603985	319301.2453878743
241608.38806172358	292664.37575142237
232756.59098190442	307764.3116442217
234818.25142417388	288747.3181297543
230781.51233554486	304864.3473098868
238346.02469671168	311507.82917701534
251467.0925803184	308654.95155504637
242492.2997721938	304620.9157118278
247871.4247896845	332024.4575511872
252376.08869505653	311626.39214029897
245288.98711994907	318267.20091773325
248848.960966614	302671.3191794936
239558.64119143639	292089.6680358346
243631.59530226118	323073.78727041656
253124.24241052486	334031.1199534634
248333.52028079904	329296.78092408704
243475.91463998126	317986.720439657
232669.63452319312	301243.907557362
