81932.23028731691	101300.94543389279
78440.75082841676	99677.27743053806
87104.00342297857	108674.1209157036
71798.81326002801	109515.87102475058
77484.1733469491	98781.54445284451
87641.0899637177	97797.12880370683
72724.54333968728	118978.14989528894
72098.37479117753	94281.36633996597
75881.71712830439	103312.1738967493
81381.01115333746	108002.53581336171
75628.71793063244	101935.21985132937
76587.87789040818	110228.29494891054
80831.31738785953	104579.73926804039
93800.4009711358	106719.4093354939
80468.10844030362	114805.30481908565
78197.37604482181	118224.01187130685
80599.01066382584	111982.77311182841
77069.64518710572	115119.866088713
80556.46997450167	74557.31231595878
78831.74225092708	122504.77891759863
74038.36402623008	109904.84257067365
88542.38254693043	115026.38831921655
79601.18614278434	106253.78835655378
83327.0637499892	101562.62014632724
81978.24828537632	107750.99709618806
80716.1656895617	112645.70649402191
80802.55020358563	120900.43948984612
84405.62105504953	103462.36625298686
74936.80013172021	95051.23404359227
85574.66280857913	103346.99559081123
71850.10159267126	100109.27359609336
81646.8310415043	107518.21024263132
79293.13886228036	107880.10814249757
91383.8531274239	97284.11503694218
84085.78720191539	114800.47153907038
75822.16682432203	106867.2173938172
89772.70701122476	105308.20460193104
76742.16309250718	102189.21235337651
85721.26015041582	97052.21636146984
84883.1263763796	107696.94749763235
85726.27277787354	101955.73298222997
86643.11884822618	115267.4414113952
82633.3887207968	107264.77748174543
85450.1349431384	93119.85835028304
75899.67477009466	108850.1989261424
78614.53552576245	96732.4544312187
77283.43386009338	116351.38401872065
73078.04656011083	102820.69916834084
84983.09861330444	101199.98632906216
77691.52341481486	97176.74402015214
75400.59261290694	91623.15516330562
81717.63807380537	113813.62788818749
85529.87729235485	114335.64928708639
84616.56233693683	101826.22932845772
79326.52376121836	100859.01916730276
73530.75637986876	115678.17103559356
74664.54541004502	105735.4753182783
83914.8874598121	126884.77152661809
86284.45523507716	99496.18701894279
81698.62972229466	93887.26684549953
79623.13609347731	110115.56633592663
83829.95960575849	114927.39938057677
87418.29897193407	109647.14334081538
73754.86780599129	102463.06877390013
76674.83811719506	114169.61435761917
81596.64622156898	103622.66212580955
82181.24818189087	101573.74384276397
78937.89093390139	96927.15357837695
76246.81656530788	104710.6589677416
73677.55679264615	114000.72923915765
82862.14257748346	118914.89330951037
80998.29026833599	103516.32049390177
73789.72185328061	107500.8424471182
82714.45701736718	103300.77680794531
77225.70830671326	116630.02788374474
85414.0489358714	135214.85897252316
75716.83413841098	105619.32271312992
78514.57741518808	100473.56891116484
83260.43555782732	124457.54617218029
81319.44728591299	113932.5460709799
83216.25369315245	118319.2452962784
87588.99101989428	106989.71210367221
87514.30350438667	116169.12198367278
82875.9939774457	99833.34820574994
92146.11592905302	106629.82200049076
80629.67203682865	112281.30142076666
76879.24851263987	91994.04145722771
80320.9189299618	107679.12498023824
80721.0911674383	111382.40798014792
74265.12632391069	105421.61215350164
87111.13099392893	106470.92352245172
82173.10923726832	111509.2372297046
71168.62791544457	121431.01418200349
76225.60051833907	102720.93082167555
81672.92797751348	103862.0877344531
87591.89772752006	110676.97128253413
77058.92728604369	118081.52708243622
82390.00015844234	88857.64732225426
75623.31535624852	100234.82579763679
79210.01555702166	100892.79482335529
82303.09081305735	95623.25922250433
86869.96593270531	96828.89772067373
76398.7387896629	102016.71208250606
82228.07342541491	111366.40113926788
81456.23362442732	99422.99081165664
76337.70220504107	115783.25432641801
78219.57124949768	103824.02754392967
88519.60400771884	100136.12164065466
79781.5420769399	110438.71325967378
77273.9620381319	101435.97787961585
78168.64769731136	97170.83352973606
77060.8150584503	105229.7460175598
73576.40815678715	102376.82135012005
88118.60764883431	102147.59614153275
88597.87120045256	91262.51707104562
84988.82435492953	94077.37007070576
79849.31033090701	100524.3299125722
77436.0914164746	114152.67701879871
79649.15439033805	98435.87332563096
76487.15736746906	119660.77239697496
84566.47125993934	97505.33673175861
74520.48135032697	109156.84284577827
85790.06369796056	93413.33272401795
86484.69875650396	105978.24339957559
89958.72750146585	112005.96199597075
74687.9631518193	112387.07211580333
74393.8029269902	95345.36538711582
80154.56895125614	114124.17878655263
75568.6657637909	97994.58112661293
86336.29924017841	104208.09776291635
85984.13454897515	112440.13291566056
84019.07784322114	94444.3029305601
77387.11823057759	104767.72121810225
84084.20576033811	97421.58985947382
82159.25267003191	106909.00016358818
82250.08552199797	99779.94463087685
84551.13925644573	106763.48400261703
83706.99069769113	112296.0963408271
78172.10955163714	110106.09664059518
79407.08360677521	99598.96853659861
81287.94514653944	109241.1022572586
80688.5633140844	104683.63241834751
83432.25938828528	106520.449820661
82117.52219505003	113194.30434875134
85974.39333963036	102293.4300709985
80026.69002314872	107646.53060306096
76323.3557105737	106519.00272174145
74321.26563772184	100404.7460933075
85991.41012087582	94389.33188037708
86178.57954533963	98341.71913863438
85931.757431615	94260.56969694883
81942.24055977637	96441.40038479384
77995.67197664597	103373.82938960484
83185.20625065445	96246.64216997236
75321.72983601579	92679.77700863281
79315.21380672348	100058.07514059849
80467.50666334365	115174.5315076792
77081.24017680692	126911.24447743378
80997.83278079456	109604.78993464108
79503.11565253919	109225.03809830181
90527.38503892708	107499.27754252143
82176.94194965763	106042.94350473002
78068.03673901106	99785.83679032639
78050.0824595279	105874.53224768351
86192.56484078449	111233.72035377401
81778.45021419085	103416.03814148055
75312.89095650375	104482.48393440405
90950.97293496747	90701.07419947759
78064.3319163975	99921.72997763283
85953.6453247501	112781.94520337807
71688.01845250983	93398.9279471407
83121.73006650353	122025.94556587709
76611.89044838207	112266.30338245949
83771.87653839705	113651.26331627648
79674.52964284952	119521.54568953504
72053.0912248635	119662.06787957714
69548.37276451524	115997.62318107269
82959.12020891244	101146.16706753832
79001.42393821132	107505.98656995613
77968.64755869372	91223.72102367411
80264.74640466433	98868.23450553724
76064.69420685693	95051.25704856566
76259.20447483791	98991.73989634821
76569.20902978096	108274.9952434177
83328.20589288356	101707.72598512335
76470.84761605447	104461.68957672165
83609.83545482185	95332.45598062717
86211.41665772654	106004.9640909094
82104.33913152566	111849.24108876419
83348.67686294363	98679.32236179679
83630.76124478539	109803.50169834887
90252.50504280123	114990.22227676038
86987.54073302701	108419.11151311535
75672.19144016998	96582.54174602996
75200.32516915601	103323.021130144
75001.25366508728	104726.48781415653
75154.99587450258	105624.1480219402
81944.76102288443	118132.10846150327
83413.14130371397	116301.21472654471
78224.36856889463	111295.92771086708
76636.73090920688	101434.0578778046
74453.2915860985	105038.33367516476
78394.24344974059	113560.44196939547
78177.58670836347	109982.61949606235
73217.02894824898	105109.25141233642
88485.14314796453	97424.40474932405
74712.25590787161	89046.27300661283
81321.78242652399	124068.54149632507
81417.92994901858	108727.07541358295
77240.20408565569	112009.75021725828
83715.75713040601	95190.93730151947
72188.86758374903	91699.5431506716
86970.91330512855	96798.97704502416
74256.15357737712	114864.83797061986
83088.26915693932	102675.26897183721
79851.66241688948	109059.67884312938
80032.83498175454	104271.83134453019
86053.22595940871	95981.947496451
78427.50160661804	104669.97455436573
85661.13085784015	100379.34192894377
80994.67659941677	87177.17686476168
79538.75359079315	105821.7274349946
84762.35434397306	100687.44689828184
83483.53207761401	117509.83547698389
80104.18430964762	105705.22364484538
87911.95899616659	111169.09452126375
81397.16165378087	109723.16997505966
80627.22323792719	120857.92289304148
80098.92316876535	111636.50472739419
87036.66856677686	104288.87425472331
82346.1725143242	111845.53424343956
80828.63839590587	102333.53734267528
87479.37927624349	93848.42247139083
80374.29025123508	86282.16689516843
83019.2600268249	106308.60791522953
75448.98220476997	103343.43174474835
77343.06282125539	98143.34059010267
74565.97252441401	115794.20879890333
76577.67822552295	95219.10042237863
79976.44839944637	115699.46163900665
83380.98436509565	102483.01866001799
88115.52349537365	117438.29726280207
80533.30719324108	106139.72791338578
73636.15738671336	104859.9758996077
80923.64440836746	85871.69551254011
74348.62293014968	113710.69727055044
75309.53982534434	110502.33700849672
84783.83364179905	115074.74183555157
74930.89781648442	107037.65982976308
86972.87938964216	109179.3158272639
80543.48719173289	105904.87275338624
77198.76304855355	98842.13719715492
82907.8484593904	117466.06566027895
80821.32368324598	113206.29845179568
80313.78363770204	97709.34373937607
91809.92889542681	92713.83735947996
72634.30264149951	97287.51445540943
81669.6021043824	98862.89394880895
84305.76201484943	92603.38227835964
78696.0279133584	107750.70388684318
79910.25853518445	120061.12766344227
85701.67471021708	105750.41336506142
78155.29928435599	113960.84836100561
72499.36177685636	108239.75543897036
80556.20884244285	92809.06217551467
88488.81850055417	100698.43840897028
78973.4066181084	95399.67103551223
75737.72002801637	117241.51030075816
85125.26012913979	120343.69211311323
80597.74764715676	115224.89800374473
81104.1252561876	100727.68394972295
79322.3509513062	113253.12355225267
79765.04191518022	103419.13981409902
75565.00093365024	130781.464563331
87059.94888038137	112181.58537600031
82526.74953118763	113260.74501620814
81123.15521845283	108634.94041737485
80188.9744323903	109524.99985277795
74895.27892512857	112017.49779257343
85550.47146204839	106320.75696584812
86061.5556858719	106274.3908450412
82883.88233327074	94624.45479563503
73179.35191289666	113305.60531331571
80120.01344067106	108355.73819540151
73618.39206200246	105807.72640074005
79831.71664129208	100254.93110260993
86538.56422783216	100835.96791094703
70334.95609978393	103967.83744714649
82839.3771274701	103724.85518616844
76055.79668888752	102030.430185189
81448.29627340178	84097.46723809474
79691.45956133117	111436.43223588273
80564.94402126924	105631.0650841408
84907.92037747757	112696.19572020002
77032.60199161642	106445.75829290756
79564.17416676691	96922.0612568895
78656.84979457673	95056.28694053652
78903.17291767715	94427.79651017058
84583.60426839734	100690.12656468891
87384.82577944727	109382.77198550636
69624.32826423508	105606.02044317666
81472.10065649233	97553.46082848893
78089.01451630183	123666.41236978475
78762.06499025693	104022.43256264074
79465.23220235916	98565.57278774516
85753.56550498804	96110.24842113812
79563.58251678554	104194.94413906342
87907.25390756418	107507.56966526982
89270.32138693948	116269.27672026375
84392.4960728669	114098.31314632199
83011.5079334634	92411.68054831265
83684.61000989843	98742.85344431632
81870.4412044281	116561.32088573914
79126.22004262358	85312.47691788645
85400.20990120235	99119.53449117612
80441.00941852803	107563.58235313144
78819.0763241374	92648.5608620459
88128.53904206137	101105.10293193393
69543.77876892651	101478.19281675185
75752.56308838453	105948.01827927577
78634.47876334903	104433.10919961205
73884.15225689777	111109.88809478101
79298.8478833838	109827.23014018837
77610.12136018075	101206.14227845853
81256.3958461826	108732.50738453875
80317.8153210561	120229.65654209824
81818.01623488043	107163.40714145996
81096.46168900715	92133.51755540151
83006.88776317917	110123.62025094389
79226.9586721754	106972.5695074442
78442.15607409857	137343.62197553192
82444.20708673296	100919.17414505432
83469.84824839125	88960.67232434812
85542.34370478414	100443.96211742329
82839.93504339081	109238.33231836182
77668.44859583111	118320.44188900768
83110.95131883072	112634.28759696717
92882.35963671605	104776.4878567479
80177.88012338846	106963.6066336533
77936.49162203161	104650.9230547914
77148.91434854298	101327.12596901058
73590.52567990628	104875.18008890592
80788.8200646759	109916.05971814017
76378.69233528718	113423.78607335883
83700.52715268364	111041.17157884609
80452.11516313396	119262.07335097375
77375.7782494088	119535.23592288526
77305.35920073227	95586.5640585655
85895.44325024087	109038.73843617285
78470.64545990856	101821.75539631535
74718.97473626607	101433.68070576877
73705.56427204573	100668.1485349114
78263.70732409206	103337.97635144333
81084.24021289982	101470.15829093967
71050.22790064571	100062.65702305596
94958.59136127935	94139.16423543553
85471.0376369559	111579.31320575214
81097.82591404644	120228.69841481064
86999.36803229878	106530.45931216869
83018.37458756131	108424.04012402522
91372.83648298524	105920.73371799778
81812.74468556742	102575.17262809716
67247.06923036478	106239.9305912033
84599.03558947763	112871.93253068712
83098.04691679562	105232.17389297484
77467.57273392397	92047.66848455358
75456.94033600079	102757.94335908836
85592.37357409153	106113.63750202222
74464.42637195997	109436.81671050304
81019.07946875023	111831.65535089387
86946.18646514928	94897.1391623269
84935.61256352137	125331.4386701012
77921.21765838719	116665.36852286066
88264.45416862445	96074.51022720593
76335.83179648114	95505.04922263525
73297.8767223855	107638.99718833083
81551.19250026459	85528.57062829034
83147.53914074082	110314.12369911197
83100.94077907852	100960.01637388482
80311.23183557267	113624.77606645222
86161.4117633579	103330.0679813949
78013.79291314117	110116.0327105449
80146.62201575868	92537.72165220999
77897.13428778152	95929.51656236242
84003.5281185898	110853.67311835471
91183.93842009865	106511.98345787032
75561.84054995415	92521.74964877724
85547.52272981113	109751.57445832106
84043.06875835566	91120.57034543491
74815.15706328115	122449.92655656057
73995.23175983579	117915.83327569829
82050.5606878048	89659.84360448386
85656.2595509722	113355.95810524983
76937.86117112068	121071.37165460135
76767.01656586691	110882.39557822379
75481.76678274553	112766.51720696072
70696.58441176331	106461.83423540425
78782.83365683586	114318.97490217215
101444.3315124533	95262.29055762432
71602.04679831586	106481.65322587581
77734.01814432802	106272.44784169596
84369.68255692742	102775.59798229748
75389.85041234893	109122.64095850392
80498.08925910658	96533.36380140482
75051.93560844928	126989.11088719558
77261.60237753286	100349.0723127129
84194.9004370014	106310.38735667746
83184.80524023862	105931.11880165062
77523.82433203165	100987.80132699628
82822.66082571389	108299.0369083629
80450.85553644481	97368.31517185626
88995.15080992959	100118.27468353137
81392.20833800905	112383.5889168761
95261.17903915417	99505.65013295319
75286.99497437089	109582.43729755771
84559.93781440085	106463.46089147366
84669.96964494135	107075.71271074013
84448.67715025734	105110.79739592955
85834.76391773029	106870.06225346425
82931.11183443794	106470.76615982085
75488.3126613536	100190.26117224639
82323.25566277775	92746.84408489631
86455.14703639412	109590.35827928918
79844.89105243186	102189.44168531497
74166.55087299348	97104.53503646297
80013.39538977621	114750.36290765868
83148.4001712889	104451.29719315609
77721.77199517415	108133.53325970963
83083.0213596083	121644.96505272447
74878.95621425721	108940.07731615564
80450.08139186427	119780.89412715708
86261.72557329753	97617.96872186346
83077.1408842321	109510.81052695657
77311.54758029556	101214.64724550708
80016.94183823181	103576.07766370458
83578.41552498203	111901.65569766832
80605.09537753664	116438.74612954754
89685.33339224228	98618.94001316186
85434.19821852767	98027.88058534055
74396.62780049047	92312.58766164127
77062.77855934376	112880.06799640079
82678.44150606351	112866.18978189019
79254.01484951204	99087.25749106937
78676.49155709485	96252.88704875251
78930.79234560972	109673.76773384465
83218.27549235187	102835.53565246849
78831.98117086696	112662.03729664598
83973.27361272025	104676.52015931607
80840.65595709521	113244.58468056137
89885.3627893961	104761.62311229113
85940.89761527581	115294.88833979428
79668.57659399173	108740.7584619001
84470.67664161016	103205.01435037566
84439.29276265329	114742.71877662782
78093.83706355162	91778.71675887186
74498.19790391682	101542.30248655299
82943.78776111861	103882.16463877774
85992.40575855508	96685.47775485106
82660.5667230766	113823.72834014367
76008.08763842992	102138.18559650893
73563.84515992273	107499.58585197825
83943.21039862891	100758.99895392935
74818.19681132433	121872.83128300722
77316.89812656211	113226.6589303851
80769.27109346192	114996.39844487878
88432.4403203239	113057.79926615789
79853.92190768178	113490.369608773
87133.58689196335	109292.219124495
75356.23016971501	110155.20988900792
89305.17567348738	107133.67108210735
83299.51494524837	105837.56353239373
80130.72774403036	108638.13811623768
81483.25014046801	105198.97522308101
77762.30379324786	104529.68970337368
78250.7407268852	109581.34933911572
80492.74426322922	104575.81069412324
81367.63662707666	98231.41714433955
85388.51584876906	97450.64393179021
86731.43184180558	113867.76465376432
74828.15184815289	123270.03229840091
91219.51532809131	101052.38239796099
80818.09102731751	117844.52839275255
78336.75056780333	102353.29642764862
84469.08320063222	91326.15094565769
76527.7713477342	106015.8816020282
79726.02795795363	99633.12030857005
78602.32382576584	100643.52180371758
82107.41168142066	110442.69406598914
80104.46287996352	106363.6531329136
77753.17366904697	107471.94876879892
87755.5743623394	108922.98948883852
78414.81430335785	106209.59568645264
80850.26683587226	107619.14601298966
80607.23359239678	111830.9452615629
81278.84707605871	103615.89373492733
81859.5631576777	105083.80247912847
80414.6728271057	113262.41300370784
81765.63020964469	105628.03894271246
81508.38125889699	103228.7224490219
77227.67883792135	99515.64453735364
