363012.83846751496	473667.88565387705
351228.163798827	458231.36567239586
355866.4517894243	457795.12390034844
344190.5186769118	466539.43784040306
350037.19506189093	455041.57604786294
351290.59992554766	450194.36740789574
358274.52903789433	461599.3581588054
364307.4897888744	470299.7484868256
363630.19846430694	460296.6488540051
374607.9740101188	475329.54288121767
366634.2806268113	465123.08011170576
355894.541465545	472461.3213523395
365133.4407244319	447516.9540158616
372131.43434919167	469347.9010507295
364306.9708797543	464622.6990717413
360125.73470121605	467608.8008955102
371152.2051675366	468478.02315898996
354738.36335586896	462141.89080364816
364085.97552566894	455126.44105435174
362300.9045690557	476123.4724763116
358674.6093518287	443168.0652432393
366949.64910234744	464541.99772835453
368653.9147780402	487275.127638296
365340.47082051425	454158.4791708989
370848.1128192054	470919.5290667545
352916.42453462107	460196.08266948495
363163.88057885785	472533.4040434299
365767.1146213473	483458.3594662434
366054.8523870039	462621.9864138305
365430.8254576586	485250.3130569985
371030.62767715915	450418.2962015369
364315.73570957215	459166.5965501807
362607.2471428703	456068.3008616867
368708.3027077618	449907.5291396519
369418.54076503013	484171.130892958
359998.7281025498	484413.7163442321
359238.8909367509	471785.36891255435
363549.7632830157	473109.7421581298
365088.8138291745	475414.32533593517
377798.05670201476	451228.1078074185
365344.2691939707	471187.98791125405
362044.9085228966	476943.697524163
364479.146920971	459713.9055218565
367818.50061006274	458824.46969648707
353134.21464461123	470124.5835782923
371001.39778957877	475479.6028568774
359563.22333797516	459756.6494904286
361213.565320784	464482.8727261474
362138.928673215	474480.8911658245
368501.23627416976	471438.94301119226
342618.8432988195	463689.3879827724
365076.54692986724	475374.85894682666
375038.48214981426	477774.4225853607
368027.4665064658	462823.07306507725
354492.8921973627	449236.6904793633
360436.8639417042	457319.983617061
352473.6071220126	463442.79583534
363154.992808613	479005.5792216506
364274.82224275393	458328.173641513
363286.4053514695	471314.40132330597
357357.82738655363	453252.42520388
363994.32712902926	459487.18651103904
368125.30069251347	443970.7420163405
366234.990773986	458301.0007700769
352713.09104340506	454375.54931993556
361323.983554943	471307.2803234693
361312.2972830627	457119.13494702347
351951.77647333534	469092.463681953
371017.1942941644	461686.3285816497
364187.6586820636	477829.17438460485
360308.92927242664	458853.71844915417
358674.68089599407	489607.94750909717
363554.16820048424	475733.81717922847
367089.82441964414	463881.0261179556
361343.0547824969	466789.18510368234
362118.2298489379	480063.49372303835
362958.6111473927	452838.49270715634
368954.91839019954	457866.6486851574
367460.5131304364	482946.0680947801
358292.4071408565	483647.28481428686
360682.4019999548	482714.72241333185
360867.3357929039	464751.3197490303
365290.49413568794	460918.6613981801
362788.5689578182	466050.4324751951
365919.84876964637	461545.3896530026
366197.085042047	471371.6760098713
370693.40677223366	448284.5567925817
347692.84395498247	452249.43818885635
365253.699276056	486289.1908122961
358686.17068032135	447671.20460128586
376680.73964291124	480883.3686355044
364791.4075550596	485535.33373056684
368850.4463463905	483955.1954552446
359206.8645276623	465066.73834131024
356392.00851033616	473906.14330849284
371393.1394264196	445442.6631986869
356552.61591253086	475748.17249241675
362008.61755381065	464640.07594246435
359048.9580792852	458759.8523447616
365105.7533573507	464521.56396574975
367646.52791394293	448393.0546363723
355226.13882739155	462223.6211924169
367857.79766145465	470323.0357501352
361962.7340571624	466131.8215531813
358961.58635278244	474800.90071263147
361124.2692423459	481097.5395053661
363368.3047423824	460541.4284638561
365698.84864380234	465538.67430564377
375820.2850944687	456616.9860797364
363056.36354522454	463804.069200199
360911.7915111513	459582.5845857406
365916.1861263693	478421.7765119778
365553.2616885364	442096.34452009166
365163.2819274496	460439.53713757615
368107.1226196111	456036.94971452653
366231.0822906944	435702.9403540814
359616.21257125476	447573.0043142702
364419.0417551015	460254.114905775
359123.9533629094	467813.7124534737
360534.2233956688	472797.0647702584
367767.526258121	479231.2080687391
365778.6902089011	461726.20858670765
360229.28252894554	457640.4297464842
358110.2987512285	457663.74174772884
367610.1122673971	456949.49015043606
353118.7363886666	470383.0425740865
369760.3287320711	467651.47844040283
362770.40836641856	461395.6991226829
365812.24102918146	466746.82490234246
367935.4700782848	477884.5446110714
374732.7075689859	469804.99613761925
379593.7744632789	448584.76869756373
355000.5300995759	469687.9082582857
366531.14737606666	433417.00422572746
379964.09872384276	495311.1188966929
362686.49772123655	476926.1687877538
366740.22325803677	480272.7222525866
356905.96073836286	460297.62446789816
356559.62555567117	463535.88233302685
363053.5542380155	455391.0065984023
374949.40239950584	472569.31899907556
370632.655355188	489247.14620288427
369430.3726356445	459711.4685616575
367278.86219455634	467392.44775328116
365105.36809566396	457155.6975305524
370911.6702185224	484200.82479974336
373589.20029969607	473955.3910272578
356192.6066897109	459154.04602303775
365434.7804332639	459798.60899604985
363263.9147438394	487461.0125866833
369309.55140497116	468357.438033764
364645.1088789771	456057.0314826512
361605.4930958313	484728.4178399254
363005.4621978135	470724.74388459476
363346.2134865187	461831.49832732516
370826.09278117295	479833.93752468855
361682.0990021827	468693.7229838852
361274.28132652293	470913.6504864065
361494.4322636919	457325.61357105605
347931.6861805679	472874.0331245289
363979.77425825875	481765.837013826
354746.982736824	465219.6850019964
364772.8253945857	454643.4920158202
368049.8571395967	467230.50858912716
362900.3932782317	475144.1376853559
370744.13617967116	460232.8269678415
358259.43988507334	477908.5010467995
365958.6890778304	460965.6021792808
366048.7286943275	469267.5984638659
365636.20620023576	472110.501319068
363577.54450399155	449712.14860834705
369405.763603461	467820.6108703565
358727.9144756553	483666.235231963
368697.0518970529	462895.93126083736
359589.0949838266	469947.14466220926
368136.2112812419	470880.09646103496
366850.2288204635	468194.1669530232
366376.5715518058	463422.1035750084
364975.46823975554	469918.15801757225
364175.4120542074	449289.3494481138
365074.13186450175	468788.25903880823
360197.52502205793	441769.4842457812
358686.5826922016	472205.06560185517
367933.1245604425	480934.49715110456
360610.2130213138	466090.9696917783
359656.3863356609	457647.9242551445
365218.4321086328	457628.90105687483
365898.6827813777	468386.16658226226
355623.20971773553	468557.13955863996
369737.3100806662	479643.57290786016
360108.6044693978	453690.7130719521
361887.700978559	476825.1416764981
356955.56839984335	486751.76809557667
361413.1109656122	467063.47401109606
365417.05272037955	482367.09515582584
363639.58722156653	454209.3016841285
362273.42104676657	466559.2955046699
363490.69432949694	470042.4456205215
370653.20772694325	457250.94942086306
363452.52438444004	462385.9711230978
366540.02214394347	465340.8742440889
364980.50035169476	453046.1071797571
362260.3421106997	451833.47383124946
363519.7680772805	468743.98104767426
347407.43914810265	432152.64729877654
364418.29791409936	456085.2918885389
356954.6789172281	454835.6323082375
369480.7515723414	470627.20976234635
362367.39739521616	478784.90934292873
355847.35657346563	468896.61689779186
356175.75104569516	467255.9019750314
354234.17219043686	439009.10990319954
365118.2739591748	457123.3458800799
355747.5888732769	451515.7551257976
370810.2784110657	448640.4401845152
359062.520780019	464085.8964996883
347269.6408398525	468127.7766819308
365799.3713850355	471496.3203299262
358169.47884645977	472851.5255160695
361863.037382529	466508.4182694928
365016.9765023983	453512.8687015986
356631.0598828144	485989.6146360015
358165.96704427345	459211.4686449516
362622.6099335011	459715.4109879929
366052.1943821453	473778.719651798
365425.75626591826	472443.7387115123
370538.8950863242	472684.7305821546
364279.03926706593	467081.1991547845
361495.3262073612	492040.6385280227
374474.7099470899	473299.7477215334
355105.68512825854	464340.5895959638
373044.7992086162	459953.2446770102
364813.82014167035	448775.3967322355
379930.4558003665	457853.09834059206
361943.675235922	484938.89217211347
356673.17347196245	466198.34956691915
356877.13321794977	461018.2268661646
368458.8582343116	455481.0072597688
374179.7072578743	458830.5488824357
368083.40356929187	478613.94495839946
370078.6359825842	464955.139704269
368061.22206697514	462855.0458930684
375536.8351884597	441126.3078250884
352250.0130988058	465560.7834753762
366901.87426035246	465703.49480172456
366601.93414072075	470904.26390938135
365640.9023736485	459270.61434457253
371559.3204518784	449619.9334662174
355355.3618440435	472183.562555839
355875.31976972596	478279.7226775216
361674.6338167794	458377.54330578673
367151.7778453129	456873.3545187899
372700.71132354985	478779.84120328096
358318.4540640175	497827.0048593533
370526.23223423655	443788.01884258026
370815.4426519264	451874.36729076714
360379.06409606844	477780.426824232
362019.88249276107	464549.09553331614
357603.2678488295	460915.71941457223
365088.95942219824	461764.5423952298
364516.2486556245	483631.28576863185
374151.1958958842	477298.0242275344
362378.73673446407	457921.0792931384
356137.5708159743	458580.54924978805
369674.51359839336	480699.8459540935
363478.0793286963	464385.0634932503
360061.4079407749	468081.7314288064
365342.99313698773	464080.7369859537
354012.90700247145	462443.04872196115
354653.0014528555	464578.346340101
362904.6572407866	433271.4235794058
371739.27122984466	492192.9783239065
361550.6829849727	474665.43089894165
374912.73924245045	473379.0130813706
371134.5001017241	471398.737673187
370928.9372605551	487169.23806204286
362491.4048477131	471969.1442463937
362767.0109710904	470274.545324288
355770.5192844133	447991.15370912815
362288.98378924635	481184.9225178476
365957.59130212833	490693.2299386014
363911.1449339855	449492.91673898126
360166.3585926627	463586.7930159761
372586.7365191901	480809.89437546115
367460.4124707663	450188.0978806341
364793.14009385445	452605.2760277085
365309.2070520003	473447.8780415094
359914.3331393994	466158.1142803111
369317.5406853115	447636.38627803006
370798.6007662354	456084.87640974595
371283.5673396114	449723.6176290164
363536.3273178628	436521.53349452897
357305.69620016514	448836.0399725444
348744.85169864685	455617.2426321197
363158.46347250335	462444.0473460854
356827.7944057114	457601.9906801215
364194.323096946	448434.50004465523
354650.3750049056	469261.32261032576
361333.68172894174	480079.2798688424
368279.71192158846	445598.51591170236
362392.5495112366	479870.7406736345
364901.8244203089	470265.2790838612
357349.3835289093	463573.5681906368
364978.2168450634	476415.86594919395
366206.47404004226	456103.92917903024
358980.79317738186	470004.96740071266
359074.2861049386	470538.4638008215
371240.9112366815	463487.86064095574
366712.5253456755	465384.51985139464
362481.0122170012	476031.6214787775
354010.6630747643	471567.74922555423
361975.4733987561	457890.3200757547
367985.26155645127	471606.4623377346
365629.3733135154	473337.97101543105
363986.72352996224	486786.2860671539
359073.1196888545	461269.73659743794
356620.7918379113	454649.3344027782
356828.20299342944	468849.78637241246
368384.9651145708	476926.5877059633
358795.6890979271	462630.2377263324
358558.0414857841	474439.6397292147
363355.7751593294	462107.2513534456
372920.37616585207	482086.73584497144
358545.207557476	462666.4550981772
360525.79808354226	453051.1296061577
355752.2727871517	479200.42934359086
354301.9372412581	447348.3941243721
363008.4310519198	453311.4186499645
368709.5459441448	474074.8960602962
362817.37048784277	472927.23527569417
361499.7401696773	497270.3503502415
357925.6839729637	454203.43563790014
360237.8420811881	444339.35563499096
361792.0297173145	490753.3086907808
362553.9093675137	456913.00385311013
365343.54451565654	483419.5730746703
359617.21433145425	480284.23340522806
366768.43299818406	442098.200982051
352228.1569364363	456610.3984911527
369852.6888779274	460960.77717772726
361988.1719696355	454765.6524452573
365863.7382506924	455305.33542572206
360932.0534349041	456103.8191786767
354586.9063021296	453440.7901656409
356175.0963050217	459420.43431512755
364763.21773498564	473932.47258038603
352738.93460355327	459517.18375558243
360301.626843825	458153.74844401766
372685.47283567965	457926.99123198434
370450.87303976686	491471.402649665
355405.9007718635	449111.7439497949
356745.0982835416	450939.4942386268
365305.60835352796	468909.4755308004
366295.9663473485	465446.3463129363
364528.4857095948	478255.6357508005
366374.1163168817	442563.32608678675
367620.98953803285	441827.9770876151
362690.80873589276	448663.9026994163
368721.7701420097	459479.57245379954
358572.61258919287	439508.8773805355
372132.45787727926	460145.0872875349
362914.14011856646	485855.22191362816
355667.3967659043	491821.0978192681
367518.69524969254	471999.55015840614
355450.83726431924	465762.17151600984
369429.44869406405	463223.37757194217
365577.0160131874	456957.1138264305
369063.44991697936	456938.67341201805
369728.5969004545	466138.6396269243
360344.96534807456	469415.71279540035
373113.85531637946	463730.546276339
359746.5906091404	466348.2783843904
375415.2994142941	475850.7500525214
371055.53336034564	473710.0256467856
369132.971494396	461801.49655131774
372569.34802836424	467794.61235599226
371671.5280190028	459415.94088765443
373829.1781034668	463530.66570856585
363289.0646484194	447628.99574500497
364784.1101147416	463635.3265436141
363416.7301668527	461505.2311420871
369360.086469778	481209.1776027162
359396.0347622308	457376.76695388486
357756.4959492319	442475.6393423563
371200.5071935654	463177.2618475131
366956.9694209592	457132.761254138
358508.7896421179	450104.2590294621
370601.8576870755	468325.6868455262
364295.2608994462	459193.68674088764
358142.17967891385	457008.5242368167
363658.5840844148	478400.45076572604
368802.5567450081	450786.3913082101
357344.0836192409	460050.5940263084
349962.80913889967	450666.18518473627
360269.3181907415	458085.7569716545
363324.59807197656	480811.14761795953
365291.58848339913	472846.7038133442
370968.4679320135	459161.4093138836
375429.6451069567	453837.8810522662
363162.3127162248	445169.04758216895
366453.05520898127	490084.0347778023
361097.4290778568	463149.99366822885
349632.22214168037	453455.4108043512
358044.58201065403	445947.4122052108
368031.7704688969	477501.73527262773
359172.70737039705	451206.6992182053
363503.4776896915	460273.49756005313
362300.8605979605	470468.5687128628
367157.99683279824	459464.62898327527
366850.26521747274	474584.606143815
362944.1771392129	462678.2692421215
359473.4698471737	474696.9325485487
362321.7773458407	461025.0378663975
378702.4195183418	471741.65698878194
367398.1222985503	457641.6902202235
360740.6162699192	455715.10115839716
362297.7781188777	472269.9447110101
368682.65885226196	461847.8871007546
360808.3518039981	453607.4932052174
363485.85650801775	474751.4406710695
367155.1248137183	466747.56519694516
364112.8080033375	467439.6349242601
374628.52987671	480493.1774575768
363598.30488808075	440435.42150649533
355427.4953121222	435428.7154031296
371125.4722840029	476570.09657098365
354548.2239797348	468363.01734684943
370172.29214757367	477787.90499163035
364321.116847668	471180.4693748541
363898.3865355413	466331.26145218813
356433.0564414525	467447.8697436133
369778.11542837264	458235.24232222466
358470.62573965464	454368.3928458253
370645.84284008143	459761.15101945354
361160.94509249704	476669.55578423705
363993.56834737805	484803.18351077393
362843.6152986849	461840.4329922518
373009.9248040194	450519.75234917604
368197.6830752556	475857.9649045226
350543.0711725539	470042.90308973903
366370.0638700129	469101.97938523634
369220.1164015806	480519.4026850825
363638.0796132345	479575.0331804224
361641.92645586166	456073.1184175749
356956.13827390433	456548.53293534205
362469.1082603009	473681.6012511942
358335.9574800278	470464.54183252214
369111.5939079253	482402.4317666014
354466.8257489464	473802.95496517065
360625.3189855218	464663.4477391228
371176.28959839884	482278.24474375154
357687.35999314033	467645.00271167915
357916.417112413	481249.5755047388
363106.0133744493	466713.36986728525
357155.74964849127	483121.7007894932
366634.83418071433	468013.78537929663
370530.7744440822	467490.8046123333
362455.6675590319	448544.00608796056
363653.88617239735	489422.1533788976
366880.04525368277	471681.78035064205
356018.2020800143	434965.8586786855
354874.3028165655	467003.00468420004
372759.3571256707	458511.1384087987
360384.8857210448	462987.96717226575
366685.06196129834	455251.09361766494
369717.35097900074	481583.1382771593
364319.26676783164	458542.61447794817
364284.7448091303	460071.2010231811
370093.2374606527	471091.7516670339
363738.0640163985	462571.1527141235
349007.55915299384	453040.06074336043
364901.4448434897	449032.9859731307
368822.1459467689	471772.45367385034
363602.62162803	469819.695131165
362164.997210282	474669.48189070355
353979.3933431598	469788.39485839236
359969.1470615249	457765.847670109
369626.3836126976	443808.48391446326
372501.51347627124	480459.1866839237
359849.8872762646	473616.3212168448
378963.5666793226	468072.64846579946
361967.1952292705	495837.0378336243
367322.72092562367	452341.7237761287
367013.8348676954	460848.02710805915
351025.60907862027	457718.3015188999
357806.325988933	444697.52373048663
361350.9466057152	461406.506893447
364838.85290098755	459864.7281868304
367002.3240388881	451850.8898720487
366633.18747646647	471614.82887132023
354740.2472270604	457661.1496475141
368376.0163949407	477128.41713860526
363061.10882653354	467156.29942683224
366586.51330804895	467018.7342383262
366486.7408339151	473577.0031562847
365898.90701967804	477574.2425890942
374555.73260119924	491019.3045840558
367010.5370901566	462422.8927894963
362970.5548230028	472238.317156697
359698.7406205868	457678.5237602765
