114179.23087973511	141070.95116362817
112028.16707985944	140338.48540478974
108610.67729228563	132615.87838695824
120528.06114762225	148377.47343699698
120748.15473182534	159788.1374131398
107563.01488364393	138076.93582767213
112599.18389247825	138548.6773957672
102118.53289710452	146300.1557770143
105857.94458545034	145267.49013915553
97145.30345085608	137778.65830445342
93951.93264849778	148858.49590887796
120776.15605460544	131253.20821035976
110778.57318385765	129935.07811125982
101483.97169527573	140546.79240340396
104977.49133491347	131769.09570067274
98457.08904069374	122625.44068080328
104098.31362252057	134146.40060700162
116325.8825832041	134580.30489000885
115115.62259487764	147034.96099007627
108884.3356936604	130809.62166674816
109108.85209219181	137508.0795856688
99208.54321595399	147155.02940193826
116631.13799124806	142908.85424690158
111747.52513277173	134683.52416620418
113814.91737191656	155866.90714017194
116424.56538096991	143792.8147062986
99551.34626190568	141408.97447015267
110507.22413261946	158515.57240116416
110061.4751470359	141452.27916576667
103730.37242537347	133430.85051937512
94629.88492154685	131920.14553300818
97745.6938426169	133528.1637403873
107569.49932190104	136766.71052449502
102397.57454449002	148424.29510931903
104559.60875892552	118193.30123657334
104162.27818579096	127065.36497211062
111051.06991325658	133266.1123438263
107354.19013679164	145771.57045503048
97169.08169340625	136241.21002315456
105243.63635534496	139995.1099357316
109748.88595953688	139466.64259350378
106437.47024518353	133073.57983144742
111897.03894841515	146887.55816166327
106771.04371133534	151229.55726924495
112175.86922582742	139303.10769339037
107903.63143204703	150155.54780742223
112271.49486167703	146341.92431538037
108827.07963201398	144436.96655832216
107746.82557063634	135626.94655885187
107883.04301628069	135693.24276136287
108316.61483887892	142424.799657511
107682.63123398923	120187.00832568298
100600.89425576275	133085.05505587548
120444.33177736748	137376.2334000069
108409.0792129178	145068.4483256016
110884.98911831711	132416.6945352174
91640.07161232788	133949.3524602549
103851.88223285018	139509.65769966514
106657.60338394123	152530.45720828942
105209.75053491507	148488.14571405575
101227.19312144612	142724.40559474088
101802.06710598039	155959.27400598954
106758.23824743448	154386.92936085234
107289.3451980883	153981.9907554584
119067.79570725594	148435.9184199916
105315.52940943815	137613.69008936995
111989.94164701569	144018.41293884406
100727.26996168579	135477.7376025257
97457.55667878038	151016.7956801861
110659.2851789101	128612.80532662227
120415.03730988718	142995.3089950738
116261.56732854503	135303.75687002344
107504.5105570163	142224.2630526202
105672.24522382353	112260.05852427326
110859.41058359158	145303.15110062595
106574.73092002247	143273.78648538946
106899.64302487782	136343.1463232517
111439.89877677432	153151.80283333745
104934.70230943443	150172.96046006575
109861.16721895791	117631.24428035665
103063.10826040959	142804.2980774973
106162.29063916254	132410.6292269003
98532.26475227973	135886.52994787577
108016.44491509546	152887.39853724677
103582.05813992611	146184.55913669796
112067.80776036793	149084.12319522104
106396.49283898436	147996.65390763577
112716.05199479678	147693.8574371587
95048.97789483485	125734.18958283488
109994.31153414806	144742.77171577772
103029.24501210888	136785.9698565708
102757.39739138086	125102.07323176324
98368.53959276859	132284.48501774974
105805.31938270625	144951.73957219312
113842.34522475835	148348.76355375978
101741.01478931829	160769.72750460758
104891.37068875808	127355.29238876539
114925.49657154373	146128.93244502848
106567.47674606199	150817.08148301794
106002.02178698545	135585.421540805
112874.90005028446	149548.95022866307
100101.52421563186	135818.91782621984
105257.08389705395	137436.3678444942
95777.72418922554	137391.57705622166
105889.84661430112	139461.3335099193
105696.65261519593	150078.28173606045
99941.03034414854	148068.7006516652
108967.27993939703	157887.85442224744
98765.0872952037	122981.64175185523
112478.9282863954	138488.96229902448
108204.36890204786	150310.86977503478
108291.2387297813	151362.4001353383
104748.14412225765	141792.58008820578
101546.82226885363	141022.99803581246
112097.62732255782	147774.46517285876
104560.80981848828	176450.4825298632
106256.0000017313	144796.85256514934
110072.75898977432	137801.57310634432
101940.10265976656	138610.62941069106
101990.0775689091	149030.29831417266
106929.87551613434	144540.7462580644
107199.72895378726	141834.12037874875
113533.07919912075	131206.68300934264
114554.54419258988	145871.22308307013
98026.30683801702	127628.33605667485
123417.18102236572	136938.32614798474
100065.9915466804	141694.91721512697
107177.12048543477	134699.80978562744
112063.12988989377	127156.53714046268
107085.78055837096	127736.86693262949
104795.79316539293	129507.93257388688
109581.22639817456	165206.91468927707
109079.73983099507	140883.51540105403
105689.96483865088	155879.42117186304
97172.70593633538	122196.78685570073
116076.82277500909	140499.03507954333
101690.85218478527	139643.06346655733
107190.4394939538	134013.83534302906
107676.90039873612	141558.51024283527
101260.7685760535	138783.60620055982
103454.73187976418	128900.57061939838
98230.44468965131	134157.6709019375
100356.3535129173	140325.90986783477
106377.42788526579	148438.99683191595
98800.79908287806	130531.79565439354
110707.45162916029	136892.42633510215
93345.45671700066	136366.7836921352
107583.06483959843	140720.4056463899
104028.14245634261	141752.3435025244
108179.41840450646	137796.4826727588
104343.41014893909	139104.7946126061
104686.35529669793	147786.4248699843
114739.09904263858	144446.99911130953
104378.40469491633	130639.73237264814
100771.5590038109	126701.02814589167
103712.04159312899	119091.57241025796
106985.21690533235	135189.18283828037
105393.93799885694	121884.2361276277
111129.662206954	150169.92469091792
115055.93634583219	140666.98883693898
107023.03044147007	122346.96248824144
107492.5893781207	138645.29596227978
103937.68297726108	137092.0621091666
104645.59745180882	127413.07834031424
109258.5557223652	149250.6502237949
102332.76846678214	135365.0806499698
105788.53582935175	129163.62502225715
100821.21317969206	146061.6279017895
99265.46255360774	161811.8808429954
109418.94141047078	118051.65085361004
106924.56487130505	140234.85995003296
101059.81764765237	132272.23809381397
98752.392013206	125283.14463709411
100441.09554181239	134411.9841298766
110851.4043330453	135249.31478326916
114001.6945630157	130220.21985402309
105983.28416789553	142328.4429755722
111474.31265598632	138434.44557329547
99930.46179406693	130880.66394541661
109328.22202492095	135051.4113170851
101388.09757689165	136462.39604595985
102331.86064883873	117861.25796529552
102817.63531561798	128345.51008693634
102602.52309606942	135719.5032592045
114483.93430378922	138706.2988679551
106348.10112506853	147563.91349501957
102506.57995692038	130624.00452318642
112828.64113460213	143361.00467388408
114215.5809001119	126099.76414442029
107975.78422559745	132273.38306292024
118317.27167800449	143834.90492961617
116581.53075678357	138216.54035235406
110350.04229088753	133275.54261524935
109559.90890495427	143338.12987014497
105614.01603278442	141362.40416025996
104798.52736601059	127083.8955722938
100111.26830657152	148954.5768077163
99810.47519917364	131857.00838279535
109171.65960589942	134874.68673215
110799.37827828196	142861.51219019134
105078.20021609828	146400.90792625584
98731.11195739824	128086.57699980587
107759.39280753367	149886.29202598476
108393.6544237597	148395.8385411974
117634.67315077625	126574.29495224138
108183.95420476043	147007.04514031575
113396.81396234452	143465.7178993473
105494.2232445644	128504.93202136511
108057.79035534915	149356.46075302875
105396.29147832107	155298.0381786002
104502.41496447433	139310.29502809083
105827.31512595288	155262.54286592553
109762.65809418651	148740.8009111752
108730.31191946607	144123.75944762793
108203.56027742809	137942.41900181238
97573.11376763482	133239.84340842738
110777.92024564827	114303.38446423617
108614.70440483496	123531.8452363684
118304.49107398209	130207.4816950131
105874.06882836237	139692.33115380106
104276.4286033875	133176.6775777412
103366.99001054565	139466.8959083659
102845.96425653592	141884.29256618183
105565.01265995845	133067.8131496166
107443.6088346664	132770.8238745555
105130.05718813615	116968.92111272042
102480.07034330288	129765.454454858
97950.75678532672	150196.0854292089
111052.4679618327	130898.6911812312
100989.0267740569	134007.56082290722
111091.94049737412	137210.57231510527
99557.38507452377	153891.82837833595
99715.72500937353	153301.25654415495
95859.73777395647	153707.04311659792
101838.92075193912	129717.78575680412
114665.76867649014	149123.39738500977
109804.50026615089	142420.16699153726
83091.15405583542	130851.32149986368
100335.52770398321	147791.00393977307
100090.45724785302	143087.09431493038
112239.93195874538	134550.85950903333
105621.73520258063	123269.24661770188
103071.64017717823	137682.54773469115
105405.0971021548	139158.453411072
109537.07189798697	133083.0533992542
106291.25983040634	130770.52693575705
97958.00719177823	126694.7279724351
107334.6631019884	128769.40338821989
104130.10286084181	120805.45970072132
115609.5166113145	140007.97560195284
108989.07329207294	141754.21146333293
104117.71931329274	129575.30093899986
108433.36109974282	131974.25448820094
102572.43632974001	130170.96271984724
103323.56284927833	127225.09564452767
101241.84298139007	135712.2582460359
108496.80900369948	148225.4189452485
108220.53083580761	119752.2874813701
103049.25734319509	151329.53755234077
106228.42326015403	130097.23958088158
96844.3454974812	136604.7908120958
106267.2063733465	140025.47458335446
108272.10843683092	152995.70191865726
111946.81458970107	146862.13081970403
103290.72009723788	128626.31045703845
103329.07818986964	147524.49834235891
115324.54078163419	132522.1111549935
110316.05132508061	161130.5796837284
114266.50455989418	135235.7586915237
105927.55682487847	143026.49175077025
108021.46694057577	167818.09415850235
102020.18907117363	117161.31745601002
112692.37627486252	131732.72767212483
105095.1141055164	142975.31502850508
101111.30382452453	139946.80452399136
99531.48398457983	122333.86144986257
100057.76334265734	133573.67700542614
107921.74525441085	127199.65313262821
104954.32716797397	166750.54850776523
103871.9074185585	135680.3430811105
96707.36397661458	123317.92368876186
115755.8363058142	148391.51580630508
102563.3204930384	132589.0464787735
108971.9135845229	144663.044415194
104794.36404457089	153612.00056420162
103185.66015106553	138040.76718879698
91902.24462422857	118230.6391583104
105955.94517795592	129469.45233219942
109181.40821079974	156664.7669252595
110967.02556696376	136430.00288667067
107394.14851479614	152575.32160528385
114173.54653592053	140679.6448766608
113691.23087203153	121337.92286785375
116263.50077103736	155341.0739419895
102562.01175214088	145871.03466298067
109983.74398464325	147817.4899070862
101670.27230140104	149680.79253023557
109643.50017118466	143703.127228417
105154.08641663962	133788.99201364646
103590.60804878187	155065.40951390102
110680.82731570586	129966.01754362701
105493.10630315701	154498.64796048927
105390.37712573036	140104.63897065766
99099.03960523239	140482.89560438774
111302.63703509892	141787.84880217086
98761.52595107318	142345.29043795052
109315.96356024966	144785.30493658196
107539.33904586363	137406.60847167976
107496.91069925568	121212.00696020931
112137.73940185635	134752.26371160065
104353.5655216905	144138.0900337163
109836.59353758788	132111.41199964442
110734.60715115316	134150.708713136
102701.06506288773	129877.94338088685
109454.54780371417	136886.98146399218
102491.85321881979	144710.1083035374
103398.6989408806	147321.49789165583
106402.84343250358	130350.1369920714
103248.49038322776	129823.70624745499
109284.69338695737	127323.06847820655
107107.16630579691	144565.81463619779
105958.06866348346	147191.1566544383
104461.63163132367	140827.73677611502
118103.45444278757	149529.8746075024
110726.84966963602	136504.83572567883
103355.65186125686	131586.98185406128
110716.08113062425	131674.82501298797
102486.42013228743	151729.94810885628
105584.32855427798	149887.44084758137
102077.4868066815	127690.66977997588
109312.83836631998	130058.21903258417
111281.5373502815	138347.35388995407
109708.55943673712	143294.53633402687
106908.18780569821	135460.63603242044
110230.32304933535	135311.31554026593
102761.67097187892	144167.52705081683
115107.45370396317	144015.63300415798
96516.10370273246	140227.08356977048
117594.2279468283	142105.13639867405
109320.38157044255	135730.37693955132
98033.54383300488	149681.76040885056
114705.06645054522	127874.33951727097
107840.37586544562	132478.95430046905
112063.76205747429	137964.37141255735
103141.7597934465	133521.19211132856
113622.2393251549	138464.34764675
110763.85510293923	152502.38726408174
103408.51854970228	129293.94954964623
106995.18148668797	143435.03322289357
102589.19460738635	130072.89905740935
119350.32763040587	147768.11871123302
111787.48527009018	147803.94750835086
98062.96608832787	137220.8231585836
104029.17975290312	136941.27942411302
95884.24427632146	125181.2449788647
108175.60923329825	152240.90989864754
105488.84079650886	154008.68174450583
112400.08214475267	134367.73198889138
99406.34481390016	143552.87904424215
103446.56829000304	147351.95654174563
98854.60462078729	145032.1987145505
105094.30702474751	142731.82103013733
113796.62513587154	112580.37073080837
100290.83701947899	133991.68057540408
110827.30414309974	163095.19129002816
99632.85188134911	144158.82063764255
101018.2086309026	130701.46697732212
100466.38113175705	153929.93648598457
110547.92003350229	143080.3105436939
104139.23817387498	138465.9838285452
104158.66037097585	143043.79207761504
96324.17388188592	129122.28346122846
102646.12379883965	148278.78190529434
104842.71477396331	123615.60248570402
101625.06152328674	125475.21772435604
117032.97260928748	138144.77776488508
109617.9083802847	143669.46132223503
105624.82536695892	149575.2377155291
105684.75956924332	137489.85993985474
113126.20120899368	132652.5156375597
119600.19171533274	146406.26609370945
106339.65125020468	128140.17494877095
108451.68368798343	131919.91425844564
104883.43857238517	145205.95139481
101793.94901117131	122345.88517609809
103383.91241266773	144354.6756904994
103916.83073438743	158896.8745299759
108755.26479514167	145463.47562575605
102739.03295985893	128954.01387172799
109174.43672690578	132933.28330488247
109664.0884453003	125509.3758884324
114807.10423242989	159516.37256221764
111287.51736606442	140057.19691759557
104879.12848028773	137481.86682977068
102265.61405484073	135608.52282621275
120611.13227961946	129646.17215503559
96191.00300728054	139999.8037906752
109168.46650298995	142024.39703503196
96038.54895293957	130017.73564255484
105258.13168354143	158635.01979602443
105870.55002813501	137402.4313121399
110899.72117772809	136298.5068216797
115630.1196721365	126471.57877274104
103457.71313230129	150986.7454167475
109550.87256497126	143886.70811092286
117383.71844382747	137482.72513142103
106334.95438727358	138034.70004804735
109650.74084698144	140608.8451877224
111881.21934828156	138119.54649957432
103539.88866592487	135557.5766678972
113633.88220107046	136349.2434653059
108071.1985186817	148067.52612970388
111316.32168306533	133830.57833959023
103593.7733412621	145160.14501951064
97138.29014762491	152216.74161450242
111039.27312063222	121918.38734706411
109927.96493075587	126773.43325844227
98269.70106412354	139266.0556245175
96691.80028531404	132943.26549260505
107881.91958814696	139920.6917225513
105933.85943963361	127410.21469301046
102387.97681678129	128986.220926135
99356.91864234996	125054.60083248594
103760.05126712228	155441.54967343743
92685.61164744326	149390.03408715493
108541.0116069419	143839.89455305896
107546.66891290518	138744.95466410046
105213.10996747445	133545.75534809005
115254.97250857257	139431.45181429194
110450.98769018191	140862.54104433657
111581.46354666809	131833.97996553886
111340.80424391694	133347.11584076818
110745.62330919574	140048.2369792312
101171.93065778972	157056.7361804516
99859.80418762742	137573.25777982865
107456.25017891666	142379.452300083
103105.45824439265	139555.02271775168
108241.92701396042	126921.75382637414
108999.29444634238	135098.14259635148
111752.3945147958	142475.56053966368
102281.09128299504	133509.6086831059
100824.61849314056	134759.95230858753
112950.56276757151	146200.27692517688
107051.21443328704	149246.85061251099
116662.16839179458	144742.84451518423
104703.57828963426	136769.15708156346
98218.00429487471	127712.73637577592
105046.38163465183	133066.1578512964
115043.62821680075	130686.470655191
105332.48021329832	125437.50552395366
101965.9403674128	142226.90841168808
105939.53635091597	139910.4203710308
106679.18567418866	143575.08321819018
104033.14821369725	129479.62646347833
102877.20981789357	139758.055802509
107452.68536142682	149473.92121241943
105583.22709352398	150581.1986365599
99910.01117357105	142198.76405447145
110476.77695056352	130328.11997545304
96299.32462232385	135924.31554586242
93778.48852654955	148363.8180411893
116491.22128971128	127308.50329427555
98724.69592056554	141332.1044338039
105799.2991434173	142776.07153759553
105483.50893256965	143178.72098905584
115283.19820609705	125965.70374297826
106811.60808639489	139344.0407202947
98866.9740309995	150031.68514254712
108214.45753358153	146550.4106851771
111000.28973694386	146903.37934511708
123236.61944603652	147283.41525181345
108442.09905567924	146523.64628214625
108325.84911764329	137482.51316434288
107242.05650395906	137555.67221180428
106460.73666140976	131042.60616895762
110027.88394286118	123928.7471934884
112443.00041383367	129374.9083580133
103564.05879891574	139495.02297797977
94737.4349506943	128946.67457001405
117402.29102074134	152714.60799233642
106295.22698734392	145259.013656507
118968.62526519592	129734.16093575173
93371.6903070532	145415.06009809763
103856.29854385082	125544.70424812735
112590.44359702116	142594.9970885604
111995.37426825386	148067.59538614893
109524.93860590633	124390.05931189573
100788.3176007242	140695.16064158763
104930.0919292684	144750.90517762
112683.90928640304	128396.05852012764
109227.16907756598	160034.70483943605
105139.01841724431	125627.71856691773
106308.88016014665	138746.17494847183
99147.54305410977	130233.84050102194
107600.75927017767	130074.75370966858
100319.19055994516	132299.72815481096
104848.19114357895	128649.54034119338
107603.97622371837	139227.70762799322
109532.49941879007	122658.06474259429
98015.32531909416	129221.46480644487
