140292.17568496978	158934.10635944238
139409.50916402793	175487.7050521425
131214.01570462895	168234.61243131515
143555.68876256072	174536.57709127932
137847.23622861214	177155.68964711993
129915.80265626537	172835.7077543112
143905.90378273185	167987.472438594
141869.47986477765	200746.7250322111
144691.21257940802	178801.57744739915
144090.27234030515	182683.66595612577
139140.76550973422	188691.7706706016
142684.93312170618	182365.49171154425
142923.81330470147	163576.27747348516
136003.74863503024	181236.06475549424
130173.19142123211	171409.75501002817
140407.658773122	159366.84975844482
140424.267513634	179762.03556147634
139531.7271217105	176127.66081806962
138542.4284279694	180680.74343917944
126277.57266380808	165613.4661268306
139159.35084575956	167078.3059974279
132117.23939674397	176591.27559304787
149026.62209383625	177133.3736133454
143578.4178045902	168945.5539098033
139338.16349566198	205985.60930579135
138332.1638745501	168489.0417857464
135486.4203242004	162230.32356819665
138882.6083269653	205304.38755844563
138365.29116222748	180706.40993195635
139811.36744780763	181280.07191397535
127012.77957562229	168919.5646150941
130545.59885474743	176021.91150906414
132166.7267658711	188170.19600967187
134779.90249632436	164799.06934667233
137682.10811775905	174473.84535636095
136813.95263649547	188893.61405415784
131351.1499221701	181704.69953547601
143423.47637291264	182479.24467835558
133600.72790574358	176689.74757820554
140799.35791103993	170044.83371498482
143967.66802183673	197018.92529214898
135533.15034471592	176151.30941510032
141438.45922250254	198248.6177858431
138175.7969834712	199822.82365927665
138327.55056504937	170882.47782602193
141881.95751770082	188024.97618573555
137866.66067260932	172813.19883416855
128719.5695618839	180646.10637121083
145070.01939809776	182537.04831394614
147867.49666229426	186511.0341284457
131012.4641527309	192906.43245186663
147342.00289310035	187714.8170208452
137756.45810243586	192313.67835776584
141829.50864872127	179953.23746639935
136208.682483633	184182.42924712674
139980.49734375993	175935.67735196685
126973.23227867982	174992.59113380566
139823.87531275887	172097.40403932557
132103.5694003879	170700.22191211092
133645.24416878104	173121.9267918521
135233.09429715463	175554.77016006192
133851.6211995514	170958.63050746563
138476.3291171851	172284.4039470976
138773.2717079906	165648.74484575877
137759.80177483644	169107.24920446484
142396.51715276163	200531.14303876314
139106.5659889776	172915.98026202797
139021.19043956778	177392.31632587322
138403.02361172464	173198.9846768488
140913.5705296711	163401.381839207
141920.5167012831	184165.42643311247
137249.7464447163	183147.0574992309
138026.45873900375	170145.22572368314
139281.4434463879	169277.9160364195
137282.26058947266	172153.3471516758
142327.36978547566	189562.92609674533
144361.67772392614	174331.65007083002
136878.04020970513	188413.65344425876
131619.71852670953	179354.52982821385
139676.52985648141	166403.7094394659
138066.15837452916	191774.96564684992
142040.8109369292	169903.584662991
133848.6546940659	189994.20213788952
127251.39636025872	180448.49854744348
133846.26210591412	187775.53620962784
139624.43622281105	177787.88646061905
126409.27223082609	169009.54813665402
131922.59679519245	171847.16404254857
136581.06837493775	169361.4017436027
139068.35944620537	187957.38765579442
143475.47599659162	173056.79615912
129429.21320768683	173938.63274174443
131811.6312513215	172967.26614455867
131204.74397822178	188410.95854756486
138719.43762336136	167082.9371768753
134362.16889135964	163987.27376827796
133800.42810398567	164279.3849327268
137913.59324952553	171792.06490761996
136203.75388527563	179350.15342135454
137843.9401700956	184793.0326203946
148488.4724907041	184576.76564346394
133426.22320156038	201146.16109784844
142777.35584855278	171414.1762738906
132144.7439395074	180870.33978789026
129101.11508042278	173858.1858953709
147826.94455000706	196610.98136908258
136579.21730501222	172665.3133254277
133077.0109608312	176194.09039392474
144924.1452295421	179740.59332740598
137895.33535495197	176428.32472327724
143668.75290758355	160936.01592457865
138754.39431370207	188008.18492203683
138679.59145639575	169416.58525073284
141277.16965391565	184900.12947184415
134930.66393266222	179984.20272506878
139618.83658502283	191642.8269170433
133849.76579201553	168548.07209178747
142229.32283039647	170248.86961658852
135684.53234027632	195990.46996414784
133916.05289866353	195206.11301903773
140874.7194568446	195917.9856195105
143963.31281052483	168376.35241547978
134542.58264232287	175065.9168739515
137267.68194645498	178531.55207117205
138821.7077011478	171801.8283223416
136800.98648350898	174872.0728637508
137242.39477129502	188463.3223263637
144414.22728954727	167175.5777522318
157160.7626444652	177808.61208998226
134084.97070953037	182846.07191523007
147148.48140706267	162146.61294556182
135285.0291126903	183300.32143615553
135779.13301367004	189428.19430530295
132912.08588231268	162403.38932738442
130882.06449372286	170575.53053775456
140392.8922934002	181899.08436235282
139429.0571516846	172461.10559540195
134574.3592531532	168315.69955112613
134607.0480677375	192637.35091950189
128769.0494388125	178568.9490202345
137875.69756006548	159702.01275246602
133382.64870898586	183737.3848645496
130020.86138894032	175568.68637677713
142123.27824232017	181337.01654632276
135252.8885851035	195252.66089849026
135100.4608422396	173370.4455849001
143866.44555413158	202850.97128953936
136786.66182001625	185695.89436939606
141270.6657747689	178215.13126460015
135186.762497794	172379.98172210125
134490.9357984731	162320.33221112558
133196.24708130697	172600.23138321372
144808.77292745537	197937.78391582714
140700.21073919168	183368.9626384953
145408.47865018097	178501.97384962437
137401.2588665012	177269.85173079796
132289.67089198198	171137.03269784251
140114.85715047776	161147.3581365347
147587.56503685965	174718.20288386257
133984.59392447345	174424.88155303773
135214.21096890725	174368.70660643236
130711.27569706872	173606.93500086153
137368.63182873122	190130.90312856383
135177.43927279796	186380.65463487856
140007.10793618788	183125.55655509734
142092.8453664115	182356.52351838874
128252.34885045013	186190.14930061172
129985.07195148854	188328.32182873087
127027.89832264272	185499.344466592
136590.84240549814	166265.54369671686
153397.15543937014	175416.53065566247
134408.8964450351	161478.8919955372
137364.77974261943	180773.4252765333
133547.90333498863	183987.90191818742
140953.40037493475	175912.05206470843
144875.09492985083	172072.1469808612
126634.63198542934	173233.0656160474
137856.32702067625	178119.03915343137
132170.12444404027	173742.55297432945
140764.9255617689	177424.7315104816
129333.15619386488	163955.67818414836
136863.49392521245	157527.54457464136
133491.86466523987	181702.4016583252
142985.7776856321	176268.90901805373
136132.68314945436	177036.43904862634
138220.80996654535	177623.21355959532
136884.0179429176	168825.42820786985
132672.63060943448	176731.3657008204
133358.53948012536	178127.18399806903
146864.61954042027	196928.62724906497
144632.88422216516	175606.8222412675
135178.95406049286	180731.08402749212
138779.8378433324	170878.00506336417
140377.1708993226	200692.5253492375
142117.2585178683	183429.7672515047
138179.8273802531	155885.06750149716
129179.04621700301	180698.44568952481
132709.4740631685	178796.26344599982
134960.00395101405	157948.96898532155
137467.60323107312	156588.83376984287
142487.0584242131	195663.09911521297
131391.04974570955	170459.28898738304
140678.3381986979	191176.06381289958
139265.97876984064	185520.8967070896
136740.65088272188	174187.40355387732
139517.8965078373	179109.41509682726
135368.29764042876	175573.7935271172
139717.5814485448	174864.83819250655
144434.7784552138	204067.24365717932
129012.93681152088	218255.07358265153
135782.25748402675	183842.98839074917
140862.11610011134	170451.6997571594
133453.36526490946	179587.71192830737
136031.11761118987	194867.03880370053
140769.5328682166	164155.35538822168
132046.1083020196	194830.80236711615
133061.2841019501	175843.04684664286
137180.36748105468	188250.0581487005
144930.59203780675	178354.51397205016
135122.24372947656	179514.69746454124
143475.23759982365	192802.05247216957
143911.21079931856	171294.82279626926
137449.7427845684	177532.87154908906
136017.2303822624	171906.82474461495
132644.4780456074	167274.0267150291
134422.78933390073	164069.1469473542
146044.0508019398	169496.83988494406
129217.63388662133	183760.9803102322
127641.09873654204	192977.96338846936
138317.6504101159	176867.00246161124
142410.15734430955	191518.37794060068
133234.32686833208	170000.14248641874
131010.93185977783	183473.08129994827
149026.8959302645	191807.18024504522
129075.31737257361	178497.63648593007
139269.26442129235	171804.28782898368
143373.10043000814	166124.0764016335
140940.58599444292	177302.15879940864
143686.6190351567	170896.98605386075
142471.6548766372	169715.56439231752
138938.5831653048	181569.41371058073
128509.33249337877	159376.98179875035
137566.17470124474	169233.75027504473
134912.95208001573	188714.5120558063
145439.3588306292	168118.92628630094
141214.60526437656	172227.94220039633
137136.41966772944	159205.8549403935
141672.45523148804	169731.18584935542
141681.6268271074	174356.867455439
131546.217746943	178448.52480069862
135253.99034870262	176944.88473143897
140722.52611278184	166070.5746202038
139462.09954442608	173415.5068935683
143643.24915134592	184270.16559432002
139396.06762488867	161194.3995187103
134797.61843631289	163509.04525136156
141031.0410980911	188819.97696182394
137044.9056434133	167833.5572340561
129028.1820634743	190050.7588728497
134337.34049073773	183161.79740984266
135001.54493600168	187738.77014084236
150302.51421373227	179617.1566087118
134836.9630541501	174600.36749136652
141325.53823761264	195372.15999653746
139018.04644582456	196537.51990742603
131861.81240457366	180668.97030450092
143019.47520088422	180878.72592074465
146704.03890187317	200637.13238448568
128676.89871363333	166708.13767826668
138791.51213898783	179673.07083975215
131353.39216557023	186208.54068721752
134025.14522291237	149966.7461847913
134924.3128075543	164929.1660609063
140149.87193579104	190393.9152375878
141535.16425142167	177259.5681766756
141992.69759147952	170612.0626378748
141193.6727891479	180123.26056717953
137890.26572591322	180415.96009410833
142618.81463810898	195043.42969958374
132316.7679539101	176313.09075521736
127955.95299784045	194051.49107693235
123564.90946278509	161254.39217778773
136352.7562702233	172820.8473145404
141648.0861711592	178714.59632197663
140210.17995102884	167506.1236462834
144545.49724218913	197655.99296588398
124114.84705855617	163755.57557812813
137861.8277845925	171189.32954161672
134893.4269674623	184964.4219778558
141825.84764429874	168388.66517249084
142075.5938293007	169671.89451379108
143457.51703810183	163182.8766272771
145727.9164703446	191125.4731356306
134106.36791861278	170000.27313973452
137801.40080145554	193435.0424145758
152943.19819956445	194736.78333228096
149026.2646073645	179686.15275235113
137964.9368070193	176856.09344959984
139447.35116508912	165780.88857124327
142875.71352477447	179643.53911540864
143943.20114477194	196078.46453640176
141366.98864876232	190707.67616365905
136131.04424134386	179851.8713669328
137224.24709302405	188583.59664136657
132207.63802198856	172647.06317895895
130124.20982122596	193935.4413444603
131533.53782674062	169646.76386277282
137531.6214241655	159391.6804560591
130357.12634849017	178504.2497872949
135424.63168010575	178625.7284436479
140083.97918279114	186929.84890409317
147619.11572578544	160950.9423491503
140064.8351513499	180100.05702569953
138025.3989595346	183413.42671132408
137969.08641990044	164628.2893927704
127709.01320760201	162633.17133347277
138199.93374351633	185660.97108171415
125343.58705509627	179075.114591757
145000.03239259528	184027.61696669293
144793.44606186316	187112.09315393126
134168.2440972055	179186.82230285788
138451.4182677824	178180.67980750388
142946.93138187603	182437.2485542175
144776.9529924007	176851.63983880542
134564.99004257369	167295.53206489238
135608.54429905157	177693.49428203455
138602.21283307363	150786.8746815652
130089.48972374809	170438.5131001162
139592.04184138813	193902.2708396934
130554.95422692121	183521.3720879419
142333.721606677	178476.28387725836
135878.34319625306	182005.65040231158
134077.8769055683	179264.00597540804
132013.09452800069	202314.58568857628
144607.40524987364	179283.98763067718
130980.23883434333	187981.21384816506
133729.21419244236	167316.0728708295
138886.83171025477	157033.78059304698
137290.8566146794	178179.32872276782
133067.98883792694	177970.53682497237
137151.36627387203	176454.4783114332
139183.59977260284	188872.8856180038
139277.02401350875	168656.8579406117
145032.827495942	167825.37668771538
126058.08820592533	171783.8134886141
136952.8638918219	170065.00491584354
127373.19670036837	167185.6668428883
134113.47488785806	177132.5345770064
135563.59751897116	158171.97851431006
140658.27799855178	180157.0233247479
141598.3481463878	160018.25764490245
139544.37768795993	173062.77794457192
139080.76436511189	188460.62971650806
140617.69348415668	198346.2274769085
131371.74740403448	181013.293803735
142596.7917643116	184486.79719766125
141139.1325887798	183089.51528557247
137617.17138863285	164812.1019360315
139128.5622299072	176615.98560896382
128298.19121826398	161300.8389337468
139234.34147562104	202629.3138827793
140270.470485894	183829.27857961328
140190.71669060682	194563.8497839066
137831.33084856698	177333.02271797924
133802.6838301454	187410.5002308596
130446.58649199246	195073.67641777065
136178.79502344347	171567.23594217445
142245.9995854151	169917.2979392535
146314.48746034794	175364.1957264465
138029.1107427287	171809.92246036668
134984.467875409	177033.63455018704
136251.1214664592	177438.22125721406
145639.38491873187	190044.9256782449
132877.12225041626	185391.0385964713
139078.20922191534	169810.87914860196
144786.18347736695	178184.062313402
142405.4862683275	187101.12990125743
141495.61962292917	172541.99490905215
143429.55867718376	172234.95974505466
142584.32373425073	163248.26356427293
140918.12520975436	178086.9789064317
129524.72257851611	185061.02111449462
139658.7377539745	172224.6013772486
143213.4155654186	172419.15867890598
134021.6121870101	169606.81259673243
138161.73635833265	175198.2777902003
138702.31727899332	191695.76358658087
138601.6480767114	165425.75284279522
139361.14260831595	180131.8058139764
137716.96812022853	156280.94935123733
144625.3937322733	182246.54091968725
148469.59668688383	196177.51046737086
141564.86298419855	169606.32981977158
146458.46567329203	189536.262716248
133386.7620024509	172756.1609128239
145606.459615667	164764.54526007775
146954.80141383153	185590.78414145962
135807.40549690218	169605.12361632806
128854.68706949362	173179.16717934952
136773.89316672916	185372.9704570069
137298.15709110626	180102.48629331056
142401.13845328268	171666.7166812669
142459.80928683915	171803.98390049292
131314.89128988687	202613.4263388755
148815.40277495372	169280.11150478802
136861.62493261034	168222.9445268707
125730.7067405566	161958.72977545668
142142.45399165072	172739.1661542556
144043.11975207657	181257.53850015652
141506.42845399765	158593.7318107253
133092.81504378194	179798.83042588102
135879.79794984823	176272.98214679753
136395.8961633467	172671.81230501228
138343.40028882507	189844.19672020417
146132.20365004972	177367.80946526685
143220.70582998777	163659.53792348783
145258.3925254827	160398.33295965177
137098.5403024095	181439.8097824021
134448.89365983603	185134.90925029092
134509.4875219391	167888.1388905881
135297.21636415733	168196.85551640624
126268.49105133435	172086.26318701546
138165.488596039	188764.9075099707
136851.37109453042	190020.19903259346
143753.9731175996	160254.51958191235
131173.43754309742	169511.2854817558
132975.94836252558	187571.9153032974
129959.66995727684	173173.58257542056
147481.55245962518	176648.66671674722
132730.67094761366	180791.26806871773
130121.5293080688	179737.08919614385
139405.7762084164	181382.3654322498
129954.25812882936	171453.1844460878
146821.89575640947	205806.5556797859
134779.73161052342	176939.8069809158
138232.72529678885	186333.50486275033
129297.40207869218	181314.89876791375
142479.1652811905	171701.814785956
137723.07444392933	175141.2200167607
136527.42263398116	188962.90067194315
150294.25484787938	169916.43553078585
139066.59252576175	167268.14679955406
140967.83441735536	175487.00155638868
144806.4944898886	185307.08620993135
134073.8940141578	174374.75095342615
134707.8480826525	177829.19391968194
137404.3036955416	177997.12185853784
138842.87458935112	189786.20940972533
138626.74543802306	184360.12153332648
132223.596976319	165330.5196114247
133013.81356932767	180333.96595705923
129177.14697083054	172676.50037836225
134399.4399570686	187447.77519939357
135733.53246397537	168042.08099710566
131002.09102275982	184037.0862822426
147847.7211733453	184506.64259646062
147793.0389549923	180039.23688186042
124104.72213111699	177209.27259627453
140871.12487305194	183449.58000127354
128994.05626780054	182209.61386749832
130198.46633654242	178602.5157673579
133936.68771843982	175872.6849698578
136946.62024805867	162148.7716032371
142632.13777290954	175616.32066690543
146001.9837457809	174170.44839523718
142670.3564677586	171738.14957818776
137173.66271945642	164927.13224825307
133885.14645417486	179640.42144045117
137792.9848325554	199266.54285435402
134489.93208591428	179803.87372127312
138964.99645456957	181204.10211702168
147621.1324618212	179372.72283166513
138896.48206302716	186584.12285253158
138355.0830113116	166291.66815931653
138902.50724779122	164671.23201532647
138968.0013799754	157494.37027334294
143934.62718965684	186509.02179884736
142197.76123904786	189252.2846122001
135750.96350587718	175671.9129565069
149356.5812898652	176008.92118934967
137086.94519490737	178904.86926033546
145427.38196699833	188608.4700976896
137296.17593246337	193026.0087829543
137741.37468593149	168169.75479828726
131175.52544229265	170978.02581343474
133621.72089322523	167569.19407692557
134738.6882812836	175035.20928682055
131082.65148784235	176327.71935699874
146097.90657508254	165213.40297850512
136033.3084056548	166210.70311087221
135432.20156247576	198969.08770730675
140185.4792721934	194277.59465011474
127994.58793474986	172521.6782042178
139934.45802395395	163644.53489413732
134754.6885054725	156336.3147707549
132188.7652811345	191301.1720172793
143110.53863531275	183914.76664359425
133855.51461402187	191515.1944631828
137329.5517864045	178707.62236710778
125547.80580992735	173356.16373708646
