1335.8687341700956
1334.0580570280667
1332.479013367186
1330.7286180396127
1328.5176051386345
1333.0940406838686
1330.466236288501
1315.9434846458662
1333.5527452795045
1322.0338603179268
1334.1978477579105
1323.9716337092707
1330.595094918188
1315.31928090676
1318.7441719517888
1328.7260566671152
1330.94876736891
1332.5332143483124
1329.1227480369319
1326.926605161137
1335.724196512591
1318.7154402778638
1330.1310378991925
1332.5777713059588
1311.4296550679405
1334.7255102293607
1301.096667979471
1328.6979413457952
1332.774383655616
1335.61607346352
1323.1411992409257
1315.3429772816512
1333.6560461186318
1331.95152440428
1325.6085138233775
1325.067886934432
1333.7541272111746
1334.5070457563816
1329.936071478319
1334.1985619906063
1334.585183733212
1333.6131416710418
1329.458564449301
1297.4330718127976
1333.0747445527622
1333.1942852840948
1333.052189865938
1331.0667801382426
1303.9455400198594
1320.138942483566
1332.8084537987543
1291.5668017537698
1331.1246050096656
1333.4883835623077
1324.9318865783703
1283.9484147146804
1318.1934406291748
1332.82277176071
1331.0077059253315
1319.4088256223126
1283.6826687585215
1331.9128837575076
1325.3324009427058
1323.6109332866386
1328.8729853441237
1332.7222700143175
1332.734958211483
1330.2022218968655
1320.9812418446488
1329.6071763488555
1331.3630836205275
1333.6774561319244
1333.9449761857443
1334.8632536882408
1332.056518219987
1324.5052830303657
1315.4308744884945
1334.7676391324812
1328.7438034404972
1330.8273509157916
1330.3368888263403
1311.4422126427894
1313.9673498359957
1331.7625780672229
1328.3744999702885
1325.640756688394
1323.171603967618
1333.9208422484323
1331.0561380657982
1333.592856673427
1275.023879530347
1333.6835255805609
1249.2409096090319
1327.2174160600189
1331.548814824375
1322.5961567165114
1332.7823393547305
1331.709696637135
1333.3926978295349
1329.7854107237533
1282.9940596901283
1333.944030508969
1309.6832004289924
1280.1114327426653
1317.2794099900073
1302.1310855983534
1333.6075769047252
1324.7368255610386
1254.068921637915
1326.2535589163595
1333.8761689130488
1331.5164104463552
1329.3734072444447
1300.8551667701595
1328.4836681297652
1321.8722987977092
1330.8903152147993
1331.7689855095723
1282.942695247808
1286.6164063067263
1333.8581959741923
1320.312552349984
1328.7457554139014
1307.1396075170176
1322.1275025964155
1334.1858261860723
1258.2995708093904
1334.6245544294795
1332.5155920220086
1334.053357306927
1319.8536027695554
1307.0649518646244
1312.2921907380987
1334.3138848950352
1313.7564951270697
1331.9167222397864
1303.1724221660565
1331.0683972958973
1333.7540237837402
1308.573647857243
1312.9656151942474
1252.0994770716939
1332.3251753771074
1331.7420000237353
1312.1791349128416
1251.9485245987364
1308.6558732788944
1309.1648932390294
1332.6176121894287
1331.0104331378284
1334.1033173579324
1326.0496215358412
1328.4956820009
1331.8399994116878
1331.8465377406615
1311.1578479448422
1320.6557051772534
1299.4060333599255
1313.9851214096589
1330.8987998369128
1311.2968210392341
1321.7262832934362
1334.553672792731
1324.5785220225036
1328.4383183656373
1329.2823103162527
1329.3821272455552
1335.24962922014
1334.350360089927
1328.784508013095
1331.2968341892893
1335.36856039953
1306.9997057838236
1324.43791296474
1330.7769229555615
1241.559345288805
1329.5720484304588
1318.9767182233354
1333.2427206653188
1326.9171873479963
1330.9510198951923
1313.456257646121
1330.7106779361948
1291.1903163128775
1323.3537167269642
1333.903571843237
1333.386871108356
1332.294855993321
1316.8223332382527
1289.3992864122833
1327.7833833792142
1334.0819009428196
1331.9536607151758
1323.61936055848
1272.5688823873702
1304.7758106064732
1334.5350145247826
1325.7753887735853
1330.47214022744
1318.6245180351239
1334.7323026762906
1334.9498241476401
1331.731237868346
1293.5641767610778
1333.0774431247341
1297.6153174198798
1316.896705902869
1314.2675901332932
1334.7668465600004
1327.102875797059
1331.5170956035377
1334.836746969403
1328.2566230730863
1330.1635249576811
1334.108508398484
1332.618594118831
1320.4995726884858
1331.6778874291417
1274.9215935627453
1330.0238649960847
1335.71889738254
1305.6352298262955
1335.8523784185081
1334.2207098665976
1332.122758009725
1331.5446737633963
1280.535912423649
1306.1646705675935
1329.4045865005432
1329.72280475826
1321.204236959738
1328.9574907450624
1334.6720040382575
1323.8279875504168
1312.4909607088193
1325.2769641921955
1314.536816873431
1294.832738458439
1307.185215553139
1319.986210515145
1334.8769972210105
1320.6730346743789
1322.8051567327975
1314.3647588774695
1325.1642978317557
1330.3602854297376
1329.2416789504778
1297.4195444271522
1330.0263153948918
1335.5835118013647
1319.834863675942
1327.0323044856386
1332.4064182618647
1320.0328298202176
1310.5512962342714
1332.2108775293395
1311.596348574037
1324.4470862240332
1332.2979080381256
1301.4283044677968
1310.2011436398625
1328.2447631081852
1331.5410071228002
1331.5648720384397
1310.0683074555413
1331.8693208602638
1321.0788390178068
1314.8889855589837
1333.3503230094566
1329.7049653211475
1296.9533002714886
1328.7596471991374
1330.8214885338043
1287.7427820064324
1328.4131791654304
1293.1124507295924
1326.6156007969357
1333.3318859025085
1333.5426719946172
1333.1302030785819
1311.2172800035764
1331.5319661423325
1305.5435182043273
1332.1486694531227
1328.6254899700664
1276.028898207649
1330.368278574777
1299.9549478715332
1323.560948880917
1329.1784239148506
1327.476321329985
1333.446523875809
1334.765229545475
1334.6034774972115
1332.6306175488494
1333.741143870744
1326.415089812093
1324.4034814293448
1329.6503446283944
1329.1884444959064
1289.6924364824326
1316.1601040830756
1303.0709673140482
1318.8239857460212
1334.100089326705
1333.8295155771957
1325.9018537276022
1299.590403434312
1262.714015980257
1330.9886051384988
1329.808402230389
1332.6775936768247
1322.4007064711186
1333.4440985356646
1335.828897124938
1334.312907494344
1333.9236850575523
1334.1577032864125
1265.5857025038163
1333.5512937667552
1322.8740707169081
1333.369797344325
1332.5183014996624
1316.1989854703884
1331.5569926901635
1332.2536489532326
1332.7436338447096
1334.617006970097
1333.6373608746799
1329.273789860161
1335.041336039207
1333.013261511811
1333.844088907213
1328.304693973005
1332.7672514560415
1328.4971398745165
1314.0764717938962
1332.9003173783656
1327.8269380174784
1331.762671254975
1328.1511621214026
1325.0852727861995
1332.0213444584674
1321.4375178022096
1332.7715890550035
1331.9841593705046
1333.6457300480713
1333.4496288170596
1330.9100097139942
1326.8865815039458
1319.4021781111483
1335.326995134992
1318.3191502280533
1332.3289775996263
1309.499289622906
1306.681436400284
1309.0510055279558
1332.085855703892
1324.347453267546
1323.195042695479
1332.608457195643
1330.0518066812801
1309.674553187246
1334.1447129715455
1328.8639815441225
1317.765116230107
1306.4498845232126
1331.3666374958839
1300.0638236220127
1333.118304625926
1328.7758267945505
1327.303497902627
1323.2541934349515
1331.3430221068247
1318.3327250350844
1322.720254097753
1324.7610556346672
1324.5008236347621
1334.8943928593994
1333.4953282314118
1334.2787915384295
1277.5614187036715
1334.023157503144
1331.8289883657123
1324.117097735901
1315.0553764647138
1299.715206181862
1335.792977832308
1332.753476298577
1328.2491664137792
1302.6769775966445
1334.8081333046655
1334.184588186269
1296.6217758108621
1284.1040677897563
1334.7887633691785
1309.3398739115587
1329.1376838073577
1311.885512571272
1312.1493527684968
1316.2545012472215
1316.769931417076
1334.483181861785
1334.9677833778437
1332.270579515362
1334.1346585171077
1330.5385905907506
1334.1216688729805
1333.4985680474356
1334.8237374003797
1330.9288554106747
1334.9195523541252
1334.7443000611875
1329.437824391705
1286.9314457582177
1335.4273871504606
1330.2394733688157
1300.2351788460558
1316.4413256435157
1332.6164479834042
1330.2562608198627
1324.2873668318603
1326.283300790686
1328.209132971332
1295.704564512272
1317.597531824652
1318.39812482145
1314.4724466284783
1331.3762332705767
1316.7274187719654
1331.3131877212045
1329.5142166255705
1332.6041122706156
1263.7653014638217
1328.619422800894
1306.3031838181873
1331.9193703806268
1326.3491290548407
1333.544091887104
1306.222972048063
1307.062626651923
1326.7230881732798
1318.351710630884
1331.1421688137716
1320.9439578502952
1330.3899445545649
1319.1920957180323
1312.9427772277368
1320.6402300554034
1324.055776160012
1332.2793168073651
1333.2643273607691
1334.0676068235575
1330.6828467244973
1303.8076655651823
1302.1905887977562
1325.6432612624758
1327.846458042207
1312.857462648973
1325.8991314317645
1324.423811883774
1332.0493527467524
1294.8260686458711
1289.5296641721857
1332.8145150177224
1330.8538998698461
1329.729651867229
1312.6922420829997
1286.413404882891
1326.4759180943147
1334.851611312636
1335.5140064140846
1311.8849500934639
1334.2801719494116
1333.1525639696486
1326.777102359946
1323.1129509419172
1315.1804992976422
1292.4188307491916
1331.9747590290767
1333.195140478824
1327.039733245922
1332.670978680193
1329.1897334213368
1330.7249935130897
1276.2186395155409
1332.6271243805365
1313.193484671486
1334.457382355473
1325.0381180921192
1327.6302528836768
1329.766598723242
1334.0797566554747
1287.140108476865
1335.5636126195486
1335.300834381183
1331.1012188262218
1333.531383353971
1323.8086060975352
1304.060362075292
