23947.482241297625	40501.48221427825
26423.600867763555	25688.709117556093
28691.210623030085	27223.78999322638
25157.300072633385	45915.69696043646
32395.64595508771	36063.104363670805
28880.375609494844	46051.261763123635
31381.129280361973	43559.748520089146
36549.2510353935	55461.88088796892
29821.10617963547	34431.921634931256
30315.189823347682	30773.2481788315
25292.890289422743	50249.60261191067
27285.18478878956	37590.756236157315
23191.134512305798	42109.687205436516
38767.39110820762	53061.309699162746
29645.172152508174	42378.850682448676
37551.95334308513	63269.16544768421
29183.89421937734	36426.053723824196
31660.83172866326	40780.70075220131
30914.709996943922	41345.99027515648
27263.23652976552	41487.87909458829
33008.444248753694	27796.807339489333
38676.79275381774	82089.84348181856
26755.486603262674	44028.447684765095
31012.655034836534	41693.56093833994
31816.373178821526	41533.327983366566
25499.040039325533	25461.25011735214
43266.828699971345	67605.03236707173
27820.31121574768	34831.712382268015
30156.78882826881	33587.8918843274
26711.45143855476	28726.44573629049
40203.978267875435	45138.17696472666
31037.226143436106	39072.57503612941
28648.53078492749	30556.433313829257
31786.089032608506	38995.81317663502
28763.040933763536	41608.7253777391
30878.061892457823	37427.844697667686
28973.885165152224	37082.142942762584
28436.853332570936	31470.286463061737
31796.98448739882	41325.635170229136
38493.17956124571	44661.76291079917
26558.287066558012	34477.89124218461
26363.53330803767	32728.91852356509
28704.020620422732	28439.225302085564
37791.219336219976	43184.27839251544
33364.91092455515	29122.74084782849
36741.372329779675	43511.72746601347
33379.241822175325	34053.27381813924
30962.176151234256	44480.72020800524
25705.86138625036	47569.73348667056
31750.271236117776	41732.38529242176
31836.628189419098	43486.41318093726
31266.661363335093	38890.57552422257
33531.14319603611	34724.60276501404
26753.03504590603	29345.937965575875
25992.587742031035	34519.811934502606
35432.76275153733	40606.328008156066
34488.95634743315	39232.02230182565
32995.22476847511	62786.108427991916
27763.996939120974	45360.18131022137
30626.05977099575	31453.4913941534
34608.98092464028	47280.76364141466
27943.654827821916	29938.39396396516
29205.721992718038	48469.263935482406
33444.93644507465	50247.79575757784
34613.082814040186	33965.63243164886
29163.344262469007	34857.79158844084
29952.70343678938	53682.24465130067
27117.15977417861	48166.465366197925
34991.31606066553	55728.687798390456
33677.448937399546	47882.64502716037
34323.8872144503	41389.20352490529
30682.30307842538	40908.54291117558
30516.80117194805	44812.67891455265
24517.805695942425	36865.86006703484
32625.681404353196	36320.43627908267
28509.013888488225	49718.64025358699
28035.85310167056	38172.228239123135
27373.922304950414	38268.701589659155
36771.05779679637	48574.33069093608
30787.350565176992	40854.55324598903
25822.946129344367	44547.82580306741
31224.961253739966	46900.36894007061
32474.194772266783	41219.7245093429
29753.283840209362	36119.03457510001
35862.18683082094	38850.437303368686
34245.37108573412	62552.454540524675
32674.860166751972	33566.27849707804
28580.47364535057	41353.842654132764
33306.22008007126	45976.29846550163
30694.06249122249	40101.85681976067
39166.852977448936	59813.91549164099
29716.23850004306	46573.4346561223
44324.99857712626	85404.58004934789
28106.007010530855	40257.07665058537
27108.08472258612	50352.76399856999
30932.9209784943	41681.95618347156
26155.716977413525	34029.7566699189
28522.756370060197	37960.56075665933
30813.927375368068	33707.01627048023
25538.223260889434	37917.101506458064
35440.929939680966	51663.24938026407
26351.87996345785	62777.38718864352
38582.739923006535	57459.67110391217
32655.227430839834	52722.53442052995
33276.33873127952	49078.95998841019
28212.467514908927	35019.807061076564
36222.29576103073	55863.70094258229
30979.318034847456	29807.64863355879
29929.8257849095	36595.35328505352
33948.61677193374	32225.894928649137
32893.72796289029	39876.56367171147
27737.28729939547	43061.977934352515
32038.530682993496	36100.86237203843
30729.311212133834	34206.87648522144
31305.457115260753	40554.37179688947
28771.019616084566	40118.60753804662
29954.120112826055	44377.99580179566
43040.65038202779	48141.146301204186
45979.54201593719	64084.81851123796
34403.90467074756	60950.57987288534
27133.814630068264	40717.51908830665
36453.677772416326	46108.78173606381
29434.259527461145	42053.5395203314
31439.41535043362	39656.580683690874
44322.36223917802	56683.49441891911
27980.24749961659	38947.687594827534
39303.52841718544	70252.25497612872
28801.138175499582	32006.844873908765
30601.73970198622	45389.78442427768
25012.04413774675	36627.26725275234
29916.642560413402	33995.22910346589
36017.63341767073	51255.229222540176
30052.42736632128	44203.1431737668
26749.924711178646	39178.929618667105
35265.09006647364	43124.45641542509
29264.689562925698	33075.739466028834
32287.6883461746	56141.99480672717
24719.969506955993	33731.98789171648
26501.092729635882	34769.03723516759
47103.67056747649	44025.97321100734
31279.884395867804	45601.185939235955
36660.35372133104	54717.37648295235
29264.939404320292	24919.81796901722
26267.827777925788	37591.47282364953
28332.839520152473	63493.180805068216
33006.775059051244	47020.362100747836
38543.67990593106	43565.07148232328
29287.008974939614	45293.51259799885
29277.336549520434	33217.61157497584
37934.210512658145	53146.950596860304
31538.5912542313	37667.74277297886
29953.617232036107	41456.49848534751
42255.01298720974	74633.81989841357
25358.381523151154	34727.47877687827
31186.098846044733	34310.29060430576
28452.96283601047	36478.06570594319
33144.82751341558	45843.93142062543
36486.20458448575	43162.82991312152
34141.286680100646	49638.9691044138
30810.205969937204	41784.994162137154
29828.57645787274	49458.63551609201
29077.8880233251	31990.401717157238
41096.67889376173	68076.58841504528
37028.407703621415	50194.247845762206
27685.849408616123	49780.44960246501
33437.99071443267	37104.437179713386
29323.88627719124	49669.14684916342
30606.74625665511	45494.85819368978
39015.37667770249	55514.902341389665
30685.174557429335	41661.74418171881
29137.94826637575	37915.047478595814
30129.09452503058	31489.01328564114
34912.51196610329	54992.811740954174
34249.233910716226	40112.24198420213
25216.252342385378	35103.814524032656
46542.571774000244	70722.5101838899
34861.44481925968	38617.04667651912
29594.120843222736	35556.05988577225
30551.891635848202	40035.06249560418
31582.29643134754	43253.41080696983
35914.88150904892	51932.84646267034
32225.303717738145	32037.406659699973
32188.118179864676	61901.50025954951
44103.09148768054	90518.09982028007
30570.79962317619	44747.95844068716
25731.483164325968	29736.489552478528
30060.71648925596	41810.60943510011
33420.65885089808	40427.716312976314
36494.53414707849	44179.728086962576
38246.08672684563	59346.376720763714
27147.51914713369	33423.90040257425
27465.764539694213	43262.750669006564
28039.848130311635	42922.66539760953
33968.55187234246	70816.07528229254
33587.48791834627	49131.406834309906
33645.115147804914	49556.33536404668
29926.846700077705	26285.475151587754
33028.1966175078	34897.844142180205
25813.596602861773	48845.185117455294
32686.55393240563	45264.024546476874
30274.72598877374	32752.330658359442
29105.767531543417	35364.15897765613
34744.562670149426	39206.950022350895
38294.66356445136	54425.04027471977
21913.056589330485	30895.599468920605
33791.49951252319	38153.111862356345
26796.389154736626	65390.87028939606
34327.113664506884	32967.34637540316
23405.71819110527	30566.57594229679
26204.429646762044	37118.726388154886
31213.90876361311	51555.88900272729
27252.18523008418	33729.81125912877
31920.695639668156	41872.010106063826
28740.071495042488	37670.756404347114
30287.04140844818	32934.55481636098
27110.93642892362	32153.56507410059
26801.040084630273	44882.00934008774
24812.625131048524	32882.28030285502
40342.798645060015	85053.06880883012
26939.183751865363	36817.74981840799
28150.3010497011	32554.653518128507
35028.53298519073	63113.21158982684
26310.9988041951	38474.226026839366
26721.638308929203	41521.779730313334
28453.772818928377	39041.813749015906
24778.776810762276	31175.522078617298
40094.299526886156	64106.33941783547
29118.26044742427	45220.628170690296
32185.58268297057	32542.30132968386
27792.30258082245	43697.75222945183
29696.972688085425	43667.19651809161
30189.88661827431	34718.22568998923
28550.50006936986	41796.100300445214
35314.239445300176	37100.16668645643
34456.20007891899	46120.847655364596
37033.66780331041	44295.40317815681
28642.084463369934	42079.26401498827
37579.00863849129	41345.296637456195
33487.713328744925	51275.797716635505
29987.525275775115	49856.57041315708
34319.748912716175	37227.363448291566
33159.126745864996	34163.205800342555
25966.983772678872	45302.528279893675
31800.249111634424	53309.33795808336
33405.40944171361	40589.58355634521
44078.16081671558	40766.91638056726
36793.206792653174	44821.9413076848
30310.891376722364	43333.64908355172
25782.010657406376	31805.388047566248
26767.005315185314	26824.409154974182
28584.820448113715	42936.90655492444
31252.036340396386	33534.082753399045
30300.08967835106	28163.989418068995
31038.564135189277	60154.87991494171
36514.592016438655	44316.0836887282
27166.019874756945	34297.44788243647
30090.572345144876	38654.377686782995
32643.129565719184	45533.11947908075
30769.002219816986	43847.629498096816
32102.342783424698	31656.361759533498
40080.47356208025	60290.45665540139
32322.54428568982	43181.554141271125
33917.637887138764	36109.973629265456
32481.888852274744	54978.315182385035
33627.62636568891	53560.459108774565
27112.304537008415	35887.567484690735
29627.90197898981	57433.87390044792
35081.464048762915	58389.24553086156
28165.13033359832	34752.30537150253
28294.34579823734	42354.02925596551
30843.911909367933	38162.98697040709
36723.50966692713	61545.304964020586
31321.85746533501	30863.792053517773
53948.997073641614	87886.48287588154
28107.09342201583	36332.718727932646
36667.87091592376	65493.68859846817
26828.31147095348	36649.15600287613
31065.769659549173	30597.5579972844
31225.704827440062	33514.75908025853
57339.53999308744	103853.59932299503
30744.70993258442	49867.39379081955
31720.49904466396	40443.39355814141
32261.763068501426	41807.275682518266
31527.67493438366	53935.78095354914
32033.85416042693	37465.13671007089
49128.76088362999	72256.85409718819
36574.374807328146	44891.79183005154
36918.57548193565	54127.69209870435
33267.52355674547	44187.02727303726
44163.77268938854	52525.22023919895
29024.34890965615	43744.103620997776
25967.565472545582	27100.58884535695
25475.643195643093	25588.305084585718
26790.686717629236	32708.065891939896
30374.523772794404	33605.002382773644
26092.085620691236	27288.90798106132
42440.92758838151	61714.15519358964
27997.237106423796	43854.873916735814
25593.090841021603	43450.96939038125
28041.54868950326	39753.22910912143
29192.229306904686	25376.427660735415
31205.981744862547	54764.98639190421
33481.15867711748	66246.05622439679
44652.0342994936	80728.03811761849
34346.17663244809	39926.279970208394
36840.97949238288	39216.17549918066
26155.861506893132	35830.40068919999
37356.63492165867	56056.49854822882
34157.65412508554	40272.63514454929
31437.223561059123	44346.061244800505
28823.03924514197	32013.673794619917
25676.27833059646	35307.41136956918
25672.471194837388	37153.2851717876
25169.005908870946	32451.622292098225
29662.907238342086	47628.56336488986
26160.503970404134	38320.708447787416
29150.31546354295	41872.41828907188
24463.87583886492	33357.44279124903
36738.21461786332	64981.18923991379
37474.169926161	64702.489128385634
28227.963923688072	51228.77851119263
25110.086776266966	31030.012259757845
30863.307353738564	44924.121613090356
32357.880083106313	46775.089738329625
36511.64202289059	31310.062383254324
26953.38919771121	36664.25753963227
24478.894150118384	38240.37792519797
27666.182377654164	46056.12992624604
29053.15298684267	34698.240207373616
34303.13052718636	41642.80012675204
32237.82983213642	37266.762044437826
30947.27318537957	36486.066560664345
29917.604031652438	33616.375495240325
33642.72528144745	66065.13209770758
26398.08792069359	28529.43706421219
31656.209714378452	38825.92832785909
33505.87121338301	41528.51552593045
28065.76320084499	39216.55971932594
29338.089911014125	36435.9417929541
31895.134767176372	26231.35910801232
40279.36943862877	62782.41766209008
35315.71772209603	41108.00163444875
23265.373476090987	36482.81518212621
28275.085721439966	43080.97756779549
27471.236709095945	31208.171329044217
28538.786445917387	31968.916643541084
26506.93491638478	36096.25258789773
27204.09574063326	35403.99177590041
29429.482981835405	35396.31336423132
28461.611655213703	52542.379792520536
35043.26618445969	48628.64059794982
28779.683909854553	30794.615568079174
33527.833690093874	38635.89747916247
32223.14329936404	39188.38764415726
30658.12584235244	38779.91607341877
35889.895107630524	37876.36305454427
35622.78791168377	70720.88646648997
27910.845697163582	23774.09874461984
32978.52985518411	42391.421221817065
39957.37753358975	58146.696519560544
26648.614377031416	33602.542742869075
31425.643139708278	52846.675439645165
29613.088284619167	53676.00728122492
23624.334338198278	38823.11598085044
29873.010737595272	50364.69953671517
37647.11971094333	43009.97760174859
32369.872056884557	53053.55842834929
26591.71535410318	36411.95381426934
37118.31802669607	61966.73966811036
26271.75207625467	37991.18186275973
31716.389321563725	37565.780755306674
38039.59081427597	45788.85860864339
31923.09706689237	49088.66526417571
31431.506140148842	46078.58296011432
28926.362913180215	35401.71347601558
35874.43873628012	45675.06099755413
33494.509116295216	48239.49641853669
36189.00285582904	38318.16599622527
25514.72104308618	42788.21666436378
27004.31139815159	42612.763456870256
27263.412153289548	40224.85560672543
34028.719692465005	32814.019346364956
27161.195362947317	47482.083455808075
31312.862046979146	41606.719901067154
37680.341489814695	47050.969665403536
34208.08705223795	45447.938794393
33477.9924026973	46082.01684315838
29136.74060584955	26137.370335320204
34157.67446332569	31048.856522285605
38822.345783686374	50065.56060159181
34246.764971516866	38169.82706578234
31684.704664473324	31603.31562708852
26296.228412739507	39372.12699205334
32455.036567906973	45193.98992938215
42860.7201920654	52716.2782859556
25770.01608687292	44406.48265268935
43266.85983031803	74273.87886918844
29793.31761695502	36577.598833290554
28624.37126299993	45903.874902149175
31179.4672658943	37600.55909871604
29957.85079936563	56417.75903526038
37952.629043354056	72292.49719095898
25186.41640299922	33675.1719681436
28108.122650800848	23691.698387884342
34219.151774137106	51691.146204763434
27058.265957643063	39483.06839610482
35521.60570015074	41289.20925982738
29844.918008341898	35193.04321308459
26938.937647637922	39271.65967909335
32503.597453680428	36755.736060785704
27994.010405029185	48265.45326746102
28578.488689737715	37642.43970272785
29401.52494470904	29178.44964501804
29391.36621347421	47200.7095622215
34231.918759663844	30990.110654943353
27138.915136471198	32695.19522137099
30602.406679308202	49741.0179185593
34225.10192179166	65876.9030613288
33781.29517133022	48653.010725384134
28303.307601342334	33687.46537547486
29418.79154432818	38010.750474854234
30679.477516840583	37841.39304294709
31224.43419147913	50777.422920712
31514.265109808737	31184.122552994
39852.010086735885	60467.60890931149
36443.669212094166	34808.783800842335
32900.365211512275	49864.89215290713
33117.544304547264	43266.29490504859
23969.985260208538	27068.454212254506
36788.71018901509	38385.73616129911
30791.091349254828	45487.61420924306
28477.423469139147	34848.74191417232
30803.55330573568	35331.13370288901
35663.92475054237	38933.11583068506
30171.27956189388	61284.93991306012
31084.7533395687	49252.861029336666
27582.930352308078	37719.1330587095
27753.552242862934	36786.63993002575
29493.786176661815	47114.45480323379
33940.26561003364	48829.845408783076
36778.54237221442	55029.17416387117
27393.232311607917	40875.971758617074
28159.05150667448	39204.3287733613
29465.621071624642	37133.57649661484
31323.38135616112	36923.66000292275
28497.168491861026	33895.89870377189
28804.56748348432	38061.02965447784
34451.50103943198	69305.09843356085
28992.369577035992	58174.87422857624
27369.053760951785	38159.36883364498
28261.008873269453	35265.900274617816
27626.609065752717	46505.35436951198
26681.422162913124	32578.183456707015
28376.109396395444	34514.29005482045
33733.342013229565	43784.0122474732
30739.06259283887	58361.24258605267
27633.677833157777	39060.20331127769
26959.297787837815	42751.13634769908
29275.731513391132	46397.87713443392
32710.62718546859	39106.66960772779
31839.56917492995	72829.60176610753
23867.008434619507	37700.04056787337
39867.17855964555	55183.175285281075
38997.84827660509	48421.96452270746
29345.47836341066	38162.958271773656
34764.92566581334	47217.88333413814
31292.61836839387	27990.612761801964
27808.515255498813	39711.11079808296
49896.4713289584	72106.00551045296
29455.417273290626	35272.340570144996
25877.00169758271	29364.127677302255
24431.348318870063	31662.87950809087
35520.59514025581	65819.202937946
26594.95995783465	38943.494541759304
27185.22226724009	39829.65607162725
27528.88468863197	53221.960851285636
27005.02726445497	40314.68769632612
40389.937004123	48658.49791725067
29001.5792054677	34419.10659306382
28223.158431335014	32517.8738480028
30232.04436884499	33558.42371840157
30433.263633288203	37847.23304249375
38072.39037620969	43304.12735597958
31312.52420216614	43549.54892700725
28074.976021894683	50253.390480883354
33174.163256111955	45744.899797521095
31431.351485985757	44617.374411858764
29910.973815794845	33683.018711324294
28538.563402808028	36188.13955190426
32833.162519798105	44659.225826081856
28230.87924461139	42243.77064964639
39102.66095288819	60399.08157772855
37298.47645013475	32815.4243974616
37321.60097786771	50394.19941906948
31568.18428479861	51663.50045696983
28119.496438111317	38827.26097235078
29423.073270891233	44913.01089900764
31226.824508305246	35277.365559214515
35347.37797834656	57488.97247993266
33694.49131356648	48832.638210633355
