168411.71085321717	203150.79526795307
172092.14591565845	206713.92704288653
167462.33618195076	203647.48679004548
176856.02097408197	214886.3371920141
175021.02251985186	231177.1184899686
161403.89074841654	214292.1371500424
174916.27622342657	208721.05002808312
163547.69701818743	214482.97165610816
158958.8144798423	198482.17411657205
153380.85189611468	196693.42310676255
155532.6818175264	219554.94445335682
174187.18198828082	206959.00203323585
165316.89327932114	220941.24036319647
156402.8300185104	212505.09650948102
160169.34198195697	196416.14108610185
162309.7054429298	209908.1821206121
157120.18285566854	213353.71634896126
168976.42830158546	197812.42392560386
167471.05509957823	216248.9161114185
155612.9650205255	198845.85366415826
162990.71522862336	204502.30219737842
157820.5640171233	222478.9698001316
164993.1120509666	199943.96226104934
162365.52202071977	206481.79085850492
170413.58714099825	229305.59732632834
177850.97676755209	213869.508868569
166474.65805565927	224214.28861464144
168437.4185963023	216846.5984533703
165208.25564623426	209192.12712001847
161338.81557328172	194312.8398671997
148044.10154792853	209929.1191623021
158777.96913199793	219058.09463399323
159575.7377029297	213517.27130618208
160623.9091520416	218085.15353655862
158866.54160297313	186863.76190098698
162372.50422520976	194663.90685237548
169137.02769959666	207965.07023267285
161243.5344575181	228058.69015801576
158013.37269802467	200243.92126279479
148788.07396540613	209634.5266734829
165703.40528924792	200126.16256684603
165149.73860107653	205387.6906655425
167895.70076648812	219167.90835476576
160249.96723405196	222202.16063898016
175108.20753334885	211761.03610095236
170641.2342673355	221893.76913026389
164744.63308888217	220698.27441762536
166753.32606776708	215613.4222303109
162229.35047839308	205592.85937467337
158893.36753943918	195525.48960077204
176829.33863963606	214141.6698939738
166829.19546111135	198887.94120526745
150356.43876420375	207205.9894990569
168550.0257179921	217203.49033659618
169255.9814966711	224641.56559398197
179847.99067297153	222348.33350408517
165499.3945448277	216792.81016520818
159021.2585793984	203327.49478759072
163279.50452315705	215389.42917023168
163169.9504035833	212663.6444491342
162322.54835449829	222073.69451429305
158559.29897677765	227889.24461311524
160408.31976783392	223901.77267858348
161237.45264491954	226432.81962785145
175623.6815252434	216468.43179029762
167899.36206941155	207213.42137788524
163364.65465277078	205808.84529123895
160984.65067597583	207668.4017324244
159575.72765008218	225744.7126077505
166349.18329913233	201232.56640805
181701.9263530557	224785.01885899174
169370.24888717022	191899.4270877327
155330.45699888509	210774.17186014878
156622.69496190408	186976.88069802805
168764.581352212	215905.90001814073
167198.56511874488	214961.02131733522
162607.3971682904	213416.87643847935
164954.03149411216	225771.27505613264
164365.28958740452	208734.66042629274
172238.9475179821	200208.0848447024
161820.1436416509	206372.44321321318
165130.703924221	210993.25555229915
156376.40071413945	208973.42772099425
164694.11397520328	215640.8085859823
158989.19187988684	223456.00040933565
167201.7006103202	222230.26970656647
157408.6234066782	226522.10969119653
169158.4841427832	210429.69251963586
155969.7889015035	187770.57396637398
162348.63693231985	214311.37539585977
153216.93439886672	209519.2743683113
158829.27013621986	195841.66452449362
164239.05251725874	204666.99758415218
165563.95321984316	222373.45950208922
169522.73966476345	213038.34044711833
161129.19964204117	224469.69967624132
162553.4575922567	194138.01325224887
167576.88356353948	225010.31021287278
162653.29741045146	224228.87465585006
163094.37128988912	208407.0119692414
160634.17170922394	216970.8963492501
163761.8488077065	216343.03369267096
161559.67345813982	211592.21694977817
157946.03280687286	204395.80320480792
162708.28587080067	200466.75879067733
164891.51551497373	225730.9639323667
158133.90404434345	231763.07912927584
168872.45599938545	222647.73411975388
153970.11979649588	217431.04277849614
166019.88877809682	226727.30010007578
164960.8025682019	216645.64539430453
172243.86291723204	220307.89523527288
163025.84683456653	225067.36135790436
157997.63062197808	215816.82393797362
162315.74787727627	224405.56562226443
160996.6957374551	254986.01713677868
158719.85116036725	228664.5112499143
173166.9017739864	216019.61383304727
167273.915733364	204665.23007679562
167180.00858182093	219974.8290595407
159502.02317056025	215220.8395420717
161357.1310603576	211784.528605762
166297.6926073426	195531.20336095145
171081.12453354814	228135.29662996205
164005.05461813387	192875.20112917913
180145.3468705227	200638.54136851116
170471.64205738396	229220.46796742448
162083.45273016213	204778.4624838568
166725.37460291333	206047.76876726135
158234.3737292779	197482.07631489116
158668.24029548315	191255.02045594857
151925.03036848892	225112.118447391
165710.70213220117	214492.5386241512
162828.16453677934	233574.60730796645
154940.08467891457	181565.55742332194
164832.66346968448	206723.38444412645
156132.21226729092	213439.5273032911
162272.61169871967	206753.88722428103
162160.86609540903	209714.52216492075
163500.11093263866	209572.8125993087
156614.19091624575	197433.60472896165
160389.15539974425	201341.84924757798
151980.36939446593	215424.9535140996
164320.79859666474	224155.1604889363
155136.13448183896	211806.97393194147
164481.6925852514	197539.15671678013
155178.89793429806	202039.54498110712
165298.06386084587	224944.41879641195
158952.13420637615	210325.48956512613
165584.98900460236	211971.96552834602
157000.9141079465	194360.5325719865
158151.56753397305	222182.38034563785
175812.11643299993	213286.73054115602
162483.3117426855	198502.58668730297
156784.432534013	215266.1273622711
158583.1094577858	189809.4105588137
164204.9366288373	204693.40302145065
169198.18633821217	193930.0621534942
167859.3306837033	221651.45037170788
168061.43121400784	216823.64758011623
165977.01459011988	191881.05192099378
161481.77560718847	214776.90856273758
164119.81311929552	217823.3770544733
155232.93293641554	206298.70734076592
168827.13622440438	214611.86978653845
162477.33676746662	214437.9415807007
163854.03618619777	193421.1919614882
151174.99459774353	205109.79381591917
157272.39662443596	230528.00385395627
164049.5024173602	193635.09437597462
158535.5460837804	227231.41023056937
157746.3403671654	196316.7843120036
158845.960764862	187386.3652927037
157297.86137918793	205115.6134052793
170398.03360879672	201949.34581329732
171692.96128195594	206392.82995334634
162213.53614689497	222504.69466243577
164999.82281422886	213870.8342093238
153437.1304349377	202886.43442482705
169859.7430463145	217781.87111187645
160535.9501789868	207112.0077459241
164905.9995922899	207516.43692639392
157930.13136249897	209520.44857277212
162843.66444709583	209966.56639275665
168453.40274341346	211477.90919393732
158962.38797723962	216957.9592948014
155291.68765563183	211049.36645504605
161726.98038197996	218296.18868394647
171102.25035960978	198644.77106650703
159413.39935137596	204601.60250906175
168507.13255903983	217692.91244071143
171248.39902874132	193155.7564563224
176177.32508129126	195811.73710223543
167987.80434804523	220440.41740108017
169125.06920448475	213376.4773093534
162285.1633205655	211668.54407048778
156487.83519508265	213527.8292065679
159175.42146715696	194407.8805188783
158626.295900158	222198.6705572663
166401.82411551772	209411.70658260165
162740.5863523452	212260.7530993701
154367.69222796313	214497.5108422083
162347.61963010044	218716.8687157895
169720.15205392207	209930.4652902824
173238.01618703647	222725.95543686743
168291.70301597044	228079.3133107718
170930.46073829092	214798.00886600924
159737.9525078209	199455.36088503237
163794.14595934917	215607.80313432458
163580.23330193292	233908.5946060614
163516.61427176432	211982.38408582835
167723.24391632044	224911.06257758714
168564.1156731368	218770.23629521357
164628.66677680775	214386.4579795705
153529.8803067455	230221.6310396119
162285.19404478697	203468.80508989943
173258.24911870243	186346.20399777003
164651.42541821802	203424.50604974918
177619.47657959023	198747.02583552297
165465.04696800333	208721.19377329643
158543.81824415867	214415.65945172717
163925.54485518398	203184.08533713856
158379.96601803938	207586.93036471852
155654.85046465928	208217.7019396464
162040.2660381285	195275.14037068735
165112.4918727182	196084.67533219355
165033.42288939637	202488.14945712517
167137.0196426151	212806.8938400146
165853.99894988147	193726.8593295437
149363.51634812535	208426.211490822
170080.29539699893	210579.88664910768
153174.26496694214	219144.75349043251
159512.44813860467	223171.28617117205
149224.8369854392	222853.83234367552
160600.64310496266	204235.75159238026
170229.31939501013	215011.20822627624
160542.9597379642	206559.48039329165
158975.86335845024	210880.33928356477
151058.58814389713	222943.26543473272
153825.3424530457	207046.20259494992
159387.78514411702	209393.3792833251
164836.117966042	197630.07502281448
156522.4806813536	220917.65821315933
168522.83182474633	226450.76068473776
163218.1451654319	204242.455697499
161246.55832197343	218555.468194584
154738.22363807575	199709.2811975109
157420.12604536704	207654.0266209598
163846.946713119	189316.14247365418
174099.53722729374	208034.57113455568
166027.76122780802	218454.6540556703
152138.33020770707	204613.52988459103
166076.8799773978	203542.13330341975
161423.29800879705	194396.2869765318
154636.89278389447	209394.59521537434
156287.2888197107	209201.7767152526
166773.2324662581	216001.96948934204
164123.11821201612	180969.39942850987
153460.05327570922	211231.40037394204
164823.465456819	202559.3169058311
155486.50984059597	212248.47105703902
170165.91020164185	212070.98740100785
166190.4204010255	212077.45606285
173409.59476010362	216784.7091241614
151180.30734342046	196808.57443707646
156560.6958629972	224662.98637854846
174540.9552798822	211943.36220572042
163256.07699277066	227509.38732182127
173376.19447648933	208527.32186670788
165564.25802632514	205002.56945788552
164829.22315813915	242492.90796470974
154379.7194147106	181481.65460695364
167428.31885786162	196548.92565228394
158728.59148562106	212107.80399965038
158575.08701060893	209843.63981230956
155559.39194236582	194179.33820003778
159852.71197496034	197721.96847854237
165244.29565878422	208325.8862001183
160895.46780037065	227132.40083626827
157126.39396093698	197640.3133827522
164955.440736324	181933.2866591873
169052.7802933287	220739.24268604178
159380.98270616127	207781.86406082596
163857.7217253687	218273.57477677191
164960.4064277009	232079.00771079777
167504.49208443583	213648.14454099291
146359.3038176698	189518.46539060076
166521.8229588986	202501.5844962043
161386.87676165812	228778.62228566094
160280.39754982383	207908.02924541154
158935.04744514293	230417.2334398402
168823.83563663013	219332.23489521415
167326.89692990796	207832.7732914124
174647.00302071671	227841.01536797005
158415.71356735282	216651.5496334128
163283.42016263015	215125.88182607785
160293.30910616973	215745.40844041272
163685.762010623	210234.50794062135
161299.8129129714	207388.14494232865
161119.30521101848	227403.73195924514
172206.61531921307	198055.4716529923
162525.8765001145	219527.93208371766
163500.89009542868	208581.800770602
154472.49334617046	204158.89238802297
166787.1218369872	226571.92179979174
160786.79667027813	216148.1231902543
162883.4312852127	214097.62123646075
162249.49931844612	213112.68423956467
164350.95167781875	207539.54164458739
171995.64518089686	200258.31965572864
166914.0151244446	204771.56895950163
159239.05757324526	200363.0988771605
163358.90449857392	203390.81622823945
158914.88987570326	205901.13848729664
166870.76402939344	196022.46961724904
160178.68515108747	214888.0225347968
167429.8616527648	215540.2797446283
163627.10295032038	190756.31441540035
163677.79492433957	205168.56548197873
166962.94379373532	196296.49810348533
163846.7900550206	208152.40487371024
159161.46776799328	221305.23473171322
160186.50538683077	203067.81969880324
174345.74415517252	224181.7774563526
168011.4220484745	207853.7974704416
163265.4344069134	197520.3639083842
171274.9057088078	219468.47789733592
156234.60450145142	217474.90265313862
155707.77497114515	213529.41341470176
156363.79973807093	196061.87460088966
165950.22049925418	193834.78675584815
160705.55964100853	216299.30040634287
165912.21521435387	221144.25130224403
162505.50733392575	190952.9475341943
165618.19347068056	212487.11330418874
159250.62728635815	211663.03295839895
176912.8646335767	215056.6219528942
152937.1334286788	213258.12261573775
171818.18492519684	224473.49569527645
169126.85593814723	201076.09869595544
153448.2091302416	227230.16194040317
165599.4715484891	210112.54814754578
168668.6045625806	210702.55652493547
169681.90264551685	209388.25401154615
165502.75680724447	202886.81163126932
164834.6686197169	195229.33630526753
163266.74934321828	217914.35083807888
157985.25333135028	212251.02318154532
159749.6375504993	201287.07149080717
159815.87442891492	185428.61335254431
173863.02908692017	222770.00047667563
169128.55757017282	234265.0762604514
158436.11331266485	217895.481230527
158531.91738277237	203522.24462778436
157664.59530003925	205280.4613939922
165669.6240976835	228783.62422165397
158118.8580951137	223860.6622730799
164322.41222195217	204635.47374953242
154417.11239365392	225696.95586291634
160287.42897941987	236607.0974584322
151766.8300975664	215106.31499109184
169563.41111884636	214928.67030667816
173125.8785620038	192636.39834499173
159214.5479096921	204735.976010964
167889.15992071838	238510.86779060762
158714.73205535283	218911.23725463988
165685.65039850338	210552.33508346853
158604.25130736612	231903.23456479405
165632.01975115624	214897.1307721326
162831.50445394602	207186.3017996773
161869.18174764764	220386.90883881063
165281.34795624873	217833.90979560948
162546.89030383131	215806.35417195043
157994.99066307352	189911.812170126
166778.42475918127	206375.23005887074
168635.49892453427	208169.02179273666
162516.6896736105	218706.70079396642
161311.38659103215	211971.1518185133
159940.505000417	207643.04601282792
165463.07280932963	212714.1697809515
167088.60229333496	223248.63090116094
159496.8293995228	197815.63772502184
167233.693428246	212040.38137296622
159678.67471314847	212551.05948039793
158146.09572823416	198369.40711345803
157963.56938031566	222158.9107305255
169898.67877419217	239196.83649872633
159020.01347295038	207637.83021386893
156798.2142809133	208485.91478589125
172558.69497993344	204691.3485556503
171054.82755314483	199050.24404708477
168005.8690046957	224344.03279959943
168698.06408417318	204689.99393193825
174882.01462289115	214121.3038179572
166600.69471472292	201977.85790492748
175325.30128083794	185252.15354014235
154802.8625773461	219280.56126224046
158988.00401407317	221685.15297962492
146117.59571400797	208203.60312774376
155531.04440613382	229465.25314760947
155424.57020891027	196537.22711610398
171850.9207056706	207080.86395737063
173020.5541890618	201650.76374495338
161537.0113994144	230975.0280558457
167791.0172518994	208159.53810357806
169759.25966074795	212611.71638538397
164758.55618282934	216859.5298650001
167152.44288611825	207350.15783299337
165069.3554236219	195048.09503282447
156435.51932386187	203960.60715997522
174651.95507036272	206363.31052041808
161138.2697800648	215645.02006074222
168238.1439468208	214833.99597606575
155189.14479616738	214314.62620110554
155688.45869855105	218496.31080740612
168270.86668234027	182381.8086272656
162973.19462659827	201911.5840582566
154856.983385015	214221.12067163433
161166.19808307942	217393.5514179047
163751.04909568105	208428.05893981128
165502.49771390052	209067.01044951568
165501.28564478623	208944.6203765245
151727.44079692068	192179.30350866192
164362.53657338332	234254.85302553474
165292.09152977663	234292.3811637199
162988.0291180584	210762.85143013633
165585.25325997343	204346.5009334206
156277.461590753	206093.537115478
171777.6801968229	199513.32179463905
170156.91912094774	220288.4725199294
168285.54164299942	200142.96686675315
161593.72033058442	207316.46028842317
169372.06542355017	216941.9734344413
156028.34042445692	223083.6462985955
157207.38791023486	215279.9340032988
159765.6211847345	202439.98914383346
156790.0234406524	218372.68124093473
166729.53441934154	211374.10361506097
164349.4534061291	201658.37021678197
174568.58859243485	199432.7920328754
154355.84091140638	202480.179390063
156043.08159353613	203613.81663000624
171219.47139123516	206293.84484839928
161822.58829120436	216077.79509673777
175078.89581164726	207899.87369542246
163950.9368150367	206982.01517733306
161172.70913301816	197052.5831308483
154160.0040108444	207651.60479903422
174609.49272296636	218046.72376615903
155996.90001251444	200119.1854831885
154172.87663321855	211634.62799998294
164829.9443508193	210203.41707695322
166817.52992777672	210498.3303526739
156430.85052995736	198924.7742058765
164446.581359229	203251.61525095647
165739.9270444549	218274.51416175102
166809.8847709768	219196.72088888503
155624.02023679682	220120.47143240127
159929.74055488105	193699.6932541785
161936.80369915778	209626.25074757522
162787.1166907653	238546.20591821335
173542.83440563187	194795.23923067324
157805.3496470138	214058.99849366376
165658.19973427663	215003.04782500432
160839.82882483362	211349.8789730865
172515.2833851284	192239.52054273637
160092.36284530038	202359.2036930574
157478.07306957478	221466.69074692123
157391.99974898645	200734.19179082886
165383.5766521378	219897.84917074253
183810.5354990545	215473.01658229847
163757.87256281398	220714.6148902876
162306.03147043014	216717.97988140932
155582.8831713344	201413.96705090205
160521.6577208127	206141.00541476588
165280.79430347934	205727.65806698543
166018.79590112087	216856.0106381842
160837.43118035188	223756.04140645472
164935.98152526096	204084.4438940037
170555.30716424083	219544.51259722002
159324.4667552705	209115.73838991014
169617.0292379635	187138.40490014333
159380.34400048753	219038.47568322043
160173.44025350423	205320.24630028947
175603.5900375647	208854.51438438316
171643.87048820578	231037.2875478759
165903.3246947665	200719.16515409126
158725.00249735182	214404.29502202987
159717.42657611106	230213.29266683082
167490.9147398448	199590.62827840168
170163.23909326782	228867.87625819675
159670.389964993	194732.7993113396
163396.9631884745	208889.20214477577
154813.6056025124	193373.14369396874
163530.88355194707	202183.84262613446
154385.85532052864	215655.54383140875
159911.77399745234	197003.46434110764
158809.2307107424	211275.7451948355
169417.89706554756	194088.50007083575
161156.7328611781	210905.97005275812
