38708.406847041944	47209.9460795519
36259.97295671383	47362.50206216348
29464.02845690168	38483.75029493158
31047.6548741812	44936.39794768633
42052.88030768767	58050.48320748937
29526.25798713087	39530.53953919808
36705.7628102525	47850.311576969136
37509.54903601268	39463.10092868049
37985.27001592263	44165.15628730904
40816.338686378804	62214.05062234541
39370.98270054233	43144.78427071025
30853.00337707321	44918.876250377696
32827.61756159262	42450.770432752615
41103.63923823137	44448.24604913428
38939.81468053739	47248.60770257909
46586.187042822276	57559.851976635546
37045.051538169995	43346.887626174
37822.11365882775	36566.70756232079
33961.288637248465	56726.100060225326
41461.21475464895	53619.18045029951
37032.03047170301	53881.07557977488
35015.006678622274	62284.986735373335
38024.213262783946	41192.40422033168
31682.42809293317	45711.24115532448
43812.346549669164	49802.755127752316
32868.28880763741	48199.85947335575
38660.522190722404	55513.34024458484
45230.942877693094	47260.55615771127
33466.46609060846	42789.2776706427
33850.80734874583	40829.24739922689
39383.77098309413	54772.058251647526
43152.38322137444	49881.41279908247
40971.29786982105	41001.11606756736
40681.437603680584	48619.81368598219
38067.894050329836	34822.36691185301
38216.328691913965	40827.44196860418
32483.811675947687	51526.63583743252
30528.941283612035	44108.20130077997
41066.87085051123	51421.77764903915
40296.2951109171	47661.63332682928
34199.721726182164	41238.80270595962
30331.406768946537	47356.37457207167
46092.23698108025	51507.60401760443
46213.61540311675	54543.79236064789
28878.49996497043	46834.60088618966
38089.77253559203	47157.994918563614
37942.536885171285	52160.8024214875
49040.348591216	46373.81471831317
31340.599888032433	40085.02364747572
40763.39411917726	51330.19508410543
29516.63166932264	46625.56762181067
54219.514908602345	56528.527468281995
43614.02452477705	40484.49413549194
36772.6271061357	55054.34771869809
39376.90896948296	53737.33212084821
38224.23528532394	37219.61982047029
33669.012019852824	49783.972564901866
41832.86964292334	59501.94403941257
34768.90053701187	33883.7789518725
38032.485963660976	52600.27111698718
37902.72165481111	58000.08501133221
34033.39740529358	51885.76716614246
34410.01256998516	48026.51690963768
34926.69419792015	60848.149883275735
34016.865559799524	35035.941500941975
37779.84604153232	48975.32517010124
29517.580915246668	39571.667095357436
36506.22238206539	61382.8210474624
48898.511645192266	53201.761405106976
38589.596854467374	65862.48931898914
43248.24796535707	44273.53708854374
29804.43968092117	40908.5348364034
41403.83433769234	44617.6131175974
25665.729171316445	41115.824118924196
38169.58185570978	39123.76834989874
41937.4702616876	75109.34068157901
40992.003069039	65306.27402992691
40293.95163778064	43921.17792399214
39509.79842147444	47635.31542765104
48672.86293498512	70933.86069736336
41962.79273183826	50464.961954125
31780.4021152198	44877.794318580716
44129.21841928686	49030.43491540828
32572.98414053762	61608.721709341124
37855.31912048939	47732.78784231107
39532.17295078667	48247.61239295154
44907.806847126514	62623.64133953896
29413.48878409351	49352.15080623247
35533.3933252273	48262.23033426335
35362.680427661624	44177.45044420425
35577.49989726221	62040.42496951626
34155.41695115133	51031.329716845015
42789.891507818335	41550.44565751179
37282.63590384128	46088.098469994
34594.54631596265	37896.44130095485
36344.04680773264	37862.095819898066
33232.522069695246	52260.61414727187
32435.054768077225	67402.45520046631
36132.95707543874	42420.13579215288
42223.31682293129	39856.80199160412
43520.27591530041	58726.90061823989
34248.1374767304	47373.80314061559
37426.84325282395	54149.84018777324
40732.30507435421	66140.14206737273
35727.83971506577	57891.751047879276
38455.34689650255	52833.18397008663
47181.48590213024	62411.0201722282
33216.580474062925	51829.15458918176
33765.61642459856	43341.36264717071
41064.42061269445	47997.81724955401
26252.199392627634	45120.46247077727
39887.82097338542	50671.12802297882
38988.12201358969	37420.58677720969
37991.68936448904	38995.80821627281
33929.13163575702	50320.51222875597
36887.622543209276	50132.38169153658
37057.41915215319	32895.08580348402
48269.46152680381	40870.47235428599
44533.66797940759	55000.951145323896
60416.10056348512	76071.71695539012
40568.01455893366	52894.975471489466
51055.71102076149	66600.04771858221
33981.76757763605	38917.61435071265
38239.21489230066	70908.96872202467
47174.9537191834	56920.54930630141
38470.12150323046	43706.42817111427
39746.90865321168	55844.445856600796
32653.363236278747	47958.54558700489
38584.22494666281	43630.25319196873
32409.97183007822	39899.745179362515
36001.4057227103	43377.21088502141
48886.07183031208	47100.912682557755
36871.84466907418	48678.54532187642
45309.799365289095	38721.20459813745
50451.54790086778	76240.19400725626
37884.31809142194	52196.36696185564
42869.584062289694	70609.62149136583
32249.497441889187	43198.768304606485
38155.229741407304	43388.399278854384
67122.865174245	61395.12602122296
40590.35299652595	47164.7674192362
39651.63175324502	46517.835276274585
36287.394101032405	49452.11305390347
34605.761031021546	41151.458209863544
35064.98426672402	78736.191297401
40907.653281032486	54533.56041564751
41416.84416104101	44954.61524743159
40466.66847996181	72696.61156233294
38248.283344974465	45476.02700081622
36434.797735733766	58209.72589919512
34927.8526094871	43409.64284300582
36706.36682745951	56231.47908675645
46541.749193109536	63832.43979012085
37143.38889932835	55471.56924910423
41681.1230672004	58570.4434827038
50287.99033181812	62470.15647034771
34365.214560849876	37332.634916025636
46135.89903876434	52283.66993826671
42878.232667153716	56872.295285150176
28992.161278130836	33672.323313545836
34749.03493067001	52740.92701141629
37156.13261336624	37578.0627121192
38219.18258925839	34395.24072534934
45178.48090161622	66191.74039701211
31829.14291690071	47106.9099668361
42322.57481939231	40934.297345571074
48140.92626427066	60093.80728339706
26537.367194341656	41678.22262066359
36841.94444066557	55470.941822318615
39006.78960975464	42823.49399634148
31474.820377677155	40775.588647058066
45143.65464124395	42228.66445821522
34008.08665841744	51546.457321533664
49141.46540362142	38714.877063632506
36579.333093915084	37010.494311112576
41578.22122443477	51312.76683156265
49615.26529120217	60959.065540135154
40188.15458175695	45043.91308897055
30266.288460467986	32536.462082757902
43062.83165241078	45239.52775158198
45256.67188934193	51723.55416208168
44286.53015418236	47705.49834817244
46235.651857436926	76770.44590357164
28874.96534257313	60121.914191426615
31697.481171930347	69139.86337646948
32845.874981626286	42605.89017994681
31280.265309061404	40674.17456385866
38565.887796118	41218.574266582706
38783.56360447529	51400.938101448104
39535.506842246665	60696.21545964984
35053.44678151928	45712.0822672611
38992.97468190595	42705.44116799182
32209.457728805806	43057.759698818685
37425.4839634214	50747.08863970307
42292.92957307505	55414.810697100984
37746.83329132833	47655.95666600629
34100.87012953225	40140.627442431614
39009.77363976133	42458.842643702876
33466.29948515851	52378.5306207764
31646.404636370647	54793.481664284394
34183.57277374153	35459.064426806035
29576.76570234465	40382.70162887148
37361.363808289374	42164.11932396404
38407.31679497053	49935.19389047019
35386.99880202046	33371.57186852273
54287.484768420116	55444.9864660018
36786.70846533666	62990.81492767909
43624.79288314043	38720.02097047931
31093.88691013796	51893.51203533176
41514.77828650118	62842.78805533635
32584.30662987031	59286.959773659175
38196.98507872775	46964.24235173401
34372.72628880324	52707.517760776784
30914.35929631448	28143.64419731459
31961.350658838142	38929.08976086054
35829.9093909122	36421.361555105635
32316.6472382282	44418.98378248876
33966.6268974684	38265.09300779838
44213.2734717681	76869.30618103522
33388.446114582934	35448.686264575765
33725.421170204936	46057.676829286866
32810.78379008746	51414.77563619631
27890.576599517015	34420.878465948634
33255.97565362719	55082.9822334765
36174.30878115616	53834.25856939053
40261.16380728278	53684.33274820878
43019.54262135507	51677.24108544871
34454.40368587224	50136.97099231258
38925.876495654025	55148.19413835224
33909.93939315599	42670.65234069904
33294.04575278076	67383.85163419778
38527.601373230355	48318.328180579214
37852.96306931185	38578.261142517134
40910.58766023574	54707.402842073534
36461.490367158345	42501.472815001376
37579.91835094313	56218.69833375985
36578.73738436017	52358.99153178926
51245.22422209314	47072.63430856395
44953.48927401995	78373.26924811989
48577.306417855776	52951.597131767536
30346.151578783996	34426.85008329484
29537.84511909501	40032.6455682639
43188.87154783339	38125.50411049106
44684.381330173615	71015.14297179044
46940.63469639492	56169.01578115984
37371.04117777963	53906.31585898487
43695.93130004527	43363.88297333621
52798.94184765111	53181.075851013105
36585.96787850642	49030.21017540206
24476.08980374207	43105.290835038286
43856.42591224064	54079.66280182218
37913.87530348338	48141.735391452465
36543.525876932195	44138.441448294296
33794.70208759588	68177.03680149782
37787.96208869091	39904.02007447137
43145.44878796564	49364.746025975735
36268.67878057793	41792.418246553054
31095.486157392595	61498.87541229739
30929.514099675587	26846.488843884053
59514.836825269	56624.04770380995
38467.590591826534	46017.99041580605
36716.220843147355	45038.24293493344
37023.108640262435	45465.0939314368
31090.38435277507	49595.31129198501
45444.36073927708	54205.56566487656
31062.032967044506	47972.25273914963
31686.311665556488	36199.48544374257
49946.00176797723	57195.74930520821
35082.71107796479	32289.216579523367
33575.77849278101	31337.921090587428
39605.12044089676	44374.03415154536
49879.59475798566	81487.92431931963
34826.14587615084	62858.48131683955
39168.64854210113	55641.65714469622
50294.69403819913	51241.071599401475
29940.704658142124	51447.08328010278
35351.770661078815	53786.65025487795
32385.479191053877	38504.00303689053
40245.9849130756	39806.84684097086
35418.103081062945	39225.85697736845
45042.96334676915	77618.25248112224
34559.379918450475	38930.77135251775
40042.569202402265	46316.91533772669
39703.94129089991	58788.14894086084
41499.97170093855	36651.529686122325
58871.86492000707	50554.417670414005
38591.62092023906	54602.88445110182
40276.23548225906	49702.58999087735
44394.7663611703	38086.17653489059
43602.23536520965	47321.81836657487
39271.95526527696	52852.78674931109
36644.85212595654	41785.15656848132
32873.56165797901	42217.830658015235
27531.146274412567	42872.38107473627
38166.32144867024	38910.35889500137
29735.169246790727	39453.7996123499
42169.87510737659	52829.27295868799
35894.21526996088	60437.763676006696
34596.70371363274	59318.08507763791
40062.475021968625	47803.04895276692
39532.68360606299	59616.21008984796
35170.28123613218	58680.89976736257
44272.25394136249	71531.57670117547
48408.884334620605	54489.01289291222
30230.66557318002	52304.11962478339
42497.67202127284	48452.97293608831
38341.9372546721	60157.411622439104
35595.74416567731	42277.80656038751
36083.01147910814	57877.904351257916
39090.29961779478	39388.60586701266
30355.12998391399	38395.81318424398
28106.396452493464	34625.46595587293
31361.823791716335	54706.74908526107
37081.819803146325	46488.6848325228
33805.401375791	46230.03642085036
34469.64928887985	51635.32587005492
31502.152575061897	35285.45282107607
33409.845258655565	35084.29738718414
41417.56088956787	77458.75375134776
41142.78157218112	53331.49901193466
33480.77175057019	50311.61618434396
32141.706110777468	45729.78328451451
50035.14042987455	58022.019599225576
41914.9579041025	66939.96973294725
38755.3754866962	46437.17242765951
39032.88510506455	49215.24833624501
43636.33951386392	50940.45406338053
42173.71938125072	47608.5724248967
32293.97652120462	34434.18562896716
31549.990135337837	50459.855267330386
35790.95864263897	55103.12981510744
28706.716866939874	44324.84213026162
26176.85779399641	32005.843396986056
43397.32862639292	88692.69122956893
42375.28745868125	41784.39335918077
39919.06544673376	70158.44704336315
43571.04983711929	52487.491032602455
35880.479836982195	45428.75062274515
36225.067921348775	47972.50807919141
39727.48508213909	31454.925700936077
35007.47653609708	57129.52130270597
40257.44178260106	49120.147932221866
32930.88338715973	41942.321304594014
41059.66267157447	43217.50319514591
32559.476132555366	33734.15290696733
37470.40123651754	46976.9210973685
29122.68691483271	38404.59301825645
36579.40095969573	40405.14900086655
52515.034766092125	62319.38037261471
39915.432973109906	48749.763719181916
52366.27968172212	72488.45639480303
30445.16804465947	37620.18220164903
37884.15462588756	45566.50678745739
33319.94386764694	42010.52532892624
42793.997276680646	53360.18227286993
41973.97685840407	37604.71965789581
35102.42129693781	38245.142105201936
37296.157325861685	47339.30606578546
36874.22658475603	42449.19080702729
36531.80779575195	43980.375862369285
34993.835142822405	36816.474123701395
34542.42561993947	66335.00938240906
38521.20445197944	51211.21580907994
35075.008841595205	42697.63945671668
37428.69937617272	68325.01037160998
42248.466536516746	47368.22897975503
35639.85254813507	42821.70021387696
36225.4995162604	59861.51864806581
46951.401137799265	41479.45211874672
34231.09383753015	39133.911082103245
46915.6765716238	72268.68009723311
47868.526338672666	76188.08982516949
52595.90787350555	46348.31320654444
31926.287602712917	43686.442514467344
37417.00401320105	48166.4644174094
48004.4882793552	47041.38562999744
33666.12396247995	42459.65792419098
41135.25211322331	46331.581275275275
27326.306848055418	30281.144652510826
36932.98127343167	39815.04927065034
33555.31969875584	51879.90685984697
40780.676958672586	51608.44213341996
38927.74284077708	49998.817850656975
39498.62069003744	41223.15138260193
46600.36759259613	54995.93291522358
36571.990694982625	73762.57276628415
37694.55611688759	55763.63173088113
35506.22155451312	50046.98606498546
31626.470889033113	50056.91456616116
48710.032120416894	59652.873183021184
41155.63667881071	45213.259118285234
29350.34677344405	47523.17466750811
33251.282982344695	40989.517161017444
39744.23824038498	57872.7824486907
35464.42995322423	43501.05635556051
39370.972113717085	48351.74071782159
36482.81452267963	48934.16329777723
44639.591918733015	35497.22473125049
35756.12223787674	52033.81083758141
46151.563773605696	35557.16105670811
46794.51992607824	62808.681560600286
36015.324403858154	45508.34888076059
36228.20795320663	31536.74781548583
26911.92914605999	42311.30694279446
37493.80684236022	40657.61266286722
34813.09087071914	40881.033069375684
36923.8088838706	51759.44998151528
32279.530048012257	43034.660395519735
33357.20973233016	40518.963507485714
32649.635202937243	54620.84568326536
37163.79528665572	43072.41233502271
26013.42535258459	42806.42295561901
32705.130887630832	35426.393874795285
41439.71439758695	57907.60217133484
29287.015294846413	35488.62378570481
36925.598566240275	44098.648434021794
37500.254655626035	48033.09362788807
42311.33348486934	57965.527536757865
43984.78982507538	47866.05654861492
33282.90508827552	47702.1543901339
29920.555019855645	45374.21519068785
35491.54568717685	49468.92650301817
48764.53900589484	54162.39853810354
41196.27546961742	39011.914065415534
42096.87919399064	62283.28323732006
47869.2239529098	68424.03540935653
40965.46220646841	58077.08038549663
45354.772844748644	51744.29985520046
34666.051740441486	56276.04003636134
43776.66111246005	45945.315175772674
36158.27297764328	68828.22581829104
35768.06956223744	38475.16480734222
32777.50477215941	39747.24370386896
38819.66341053536	52963.811738081924
34068.43855494169	57805.1095680294
51135.040538994275	65727.39617575317
40667.29013726464	69275.82297464195
36384.46826001654	41947.17207954711
29118.534645824027	49228.95795680463
31828.01463720177	39286.87435708693
60248.64613606777	54981.08678817593
37832.18104756858	52693.18643650915
43019.36569950668	53066.631941850166
27387.476456132055	39450.90271184686
49082.42217636018	50261.466180170006
38910.9570165019	61377.5751304043
33833.664253769166	42737.598939302625
37944.54032006096	77085.77690478245
38967.21171613553	68537.5008370684
35922.620087942225	45512.21078661223
32857.52403759424	38725.911988744454
35997.6155119211	50563.320138121766
36257.645405448624	48129.168728969744
29409.308202431945	50767.0688776616
33966.73999121629	52160.54386047702
50098.58027669167	60259.39260257512
37090.89609850293	36250.189442685856
40408.93641873717	51497.35231986387
37685.05202328095	59806.677060060545
41594.05065062882	53038.95325113433
48871.4428849565	59751.57289979471
28750.134102109227	37094.58690006559
53246.36153629087	66320.40440234529
39819.26546225274	60961.89939012546
33434.255987727556	43333.55114990697
36446.09368699971	38984.71883266359
32769.39411987931	41412.97635283633
37558.82716391062	68438.97462599403
42936.54464571028	57219.845382135354
37642.898891734614	67870.10186517808
29015.957184719762	29662.519514228567
27573.08190731496	37391.68533652468
34956.081700534516	41030.42426427852
27579.139814475115	41893.326412050774
37872.155769848374	52163.20469191939
38051.71489174942	51033.04866035511
33443.33194771418	41484.291769251926
50490.62813212519	53837.11610397067
49328.18767563329	49413.93453437539
28844.409028489754	56337.65840790284
40232.52899790171	51423.5870279147
36047.15366709851	47011.55266283002
56685.29270869123	53289.667391732946
35449.66305827281	37599.05130502586
37787.30893942124	38516.03984393419
42223.61754369144	61860.599104023204
35455.96374386709	46288.5308259108
43314.7469715796	57565.33280235302
27118.762933298083	37421.13549260406
38291.29650441295	50167.35738140564
35575.4329754801	51900.65416649609
35511.10233746102	50383.5883101455
33393.104330832495	42207.85663703417
34174.8557892316	38942.699210408864
37128.73265041264	41675.96350117013
35085.275061723274	37474.19521392331
45792.379787489284	54263.12778258391
29601.820168135284	36899.239806748425
35909.61520337696	50152.75888453117
36321.95646400386	61194.54470810188
