391173.8953347474	502894.5544632962
379488.829820051	494307.7129502851
382990.1139497564	485942.26951621415
373124.5926925358	497717.7972711971
379815.04368637723	481774.55464347266
379326.364604615	492994.1784196741
381607.75497643335	490583.76526583463
386013.90922747494	503268.96283292805
387851.47551554535	498448.6385828566
397637.53116665885	512591.0991877997
387269.1050524976	500739.80578578735
384185.2791566346	499580.5912429934
387654.61483616394	470150.8602120122
396367.57380189485	497978.89058014186
389664.35170854087	494133.8662005129
386036.8150808859	500506.40047242853
394148.374784413	495604.1270969361
382109.4373755697	496379.7506909468
390799.77376988484	482888.5617086587
388443.3548830054	513203.06354314263
385342.1427915946	486114.3238212831
385011.69746712706	496385.1664740088
396811.76080851495	519519.733443353
393652.01426216913	486966.33765723807
389632.6566819991	510625.5954938959
376079.1010388322	488749.75895179244
385742.2889021276	492694.8321166759
384393.24352410727	525044.160092579
388836.92754045187	496925.6787691101
390642.82462610817	511065.4003406937
393620.388247774	491571.5211031304
386552.6064239967	490368.1936817579
385368.01634034264	493111.1800203018
392715.7643402918	473541.9401853679
387057.87528305536	500883.24641441915
379004.88691149297	511860.87061421864
388829.2480736752	496572.48119416967
389754.79995385243	499917.4591580586
382938.8754001218	499798.3839554598
401260.782865194	483579.45827827713
389441.5507296937	496237.15279873053
383320.05646340514	504885.4707230456
389283.7644893991	496351.61464027886
388375.9187293507	489948.4752237216
378231.63391230453	498410.0661143566
393083.3505074257	505516.8775207395
387095.1941467476	495221.49835280864
376944.09438649676	489938.02513057005
388379.8721514967	505453.07678381354
396192.6127951236	504382.66868156806
367710.464944738	497285.52594658535
390136.08809006185	502885.9754390294
396484.4966381202	505825.73243497586
391429.97072089475	496476.8292077003
377308.2794169581	480930.2716857238
380910.1335981132	488619.8678941127
373137.4377065167	500491.5741788885
393373.078514804	510043.33058352035
387489.5670397363	492472.64345857373
385480.35926740384	503668.0397125318
379554.5314470348	484775.1574866199
387002.3562661444	488825.705067864
392378.5739232991	468781.8249243136
385364.3916032736	482140.8696994007
381155.12516452465	486822.67814737133
387399.04337304214	506418.38551498856
386654.9344128008	493739.480471491
379988.71645904175	497739.77232389024
390128.2761127301	481407.28575160186
390002.3999448538	496059.2334086683
384748.7959886039	504104.81765316706
379969.6286943441	524267.29097120324
388806.0204123917	501723.9181646454
390193.86111334607	491316.0883143851
384360.62416244147	500127.5317481501
385143.77257913933	509324.1842253143
391271.26621440076	484291.2248962219
387842.3449220618	485968.33489032777
386399.1461296895	515300.6607412343
379198.30662326195	494697.58023089205
383477.46979592013	509556.4243611535
389208.3852210467	495960.23008302
385832.0527352632	504974.49856002745
385903.652616909	498599.45988266636
389384.78940691566	494838.230586365
385538.06891048804	509862.3589941369
390572.39587240166	482270.3207919935
378623.6450133927	493501.2121710688
386289.0423697621	512421.22632100334
382428.03780438675	501486.03655329795
400394.4326193358	509522.54990545433
383533.27749857283	510002.8623310624
388316.0212912684	517004.6297181699
383454.830650303	497490.7221786111
383364.6307251559	501481.94047313824
392666.8696421018	473968.900737226
378022.85509486805	505942.1762354111
387686.89233691606	494257.0749517637
384423.217403373	483049.76499439904
382605.25095446105	507342.44582795165
394040.0205872782	490859.86486979376
377643.199001317	497789.0909880941
386913.7134810004	491043.4102892041
380892.4791096141	495145.4064342135
384460.34442888555	512033.1448934011
382328.9472056031	512656.7332273414
388766.5441187485	495406.8773489363
389526.6733711404	492717.52087055397
393956.0552227951	479103.3459293089
388848.81373440847	495124.0517049941
384135.6618492957	486957.4331075762
383576.9381209187	501046.7963666732
388751.70669631346	471503.43871169875
386388.799307197	493124.6694430276
397107.8302280565	476316.3666508324
393414.7606686796	479643.1508962069
382076.57968100626	480914.1883196414
387071.85684843845	485229.25509312475
386682.0800027491	495847.0550620061
381366.23500618903	491802.00332337077
392316.0531988322	512765.25796501257
393216.09731828066	493602.7473308915
383270.686316574	486784.7316034108
387013.85465295706	498293.4469191403
391041.29909610574	477578.76790317585
380454.4008905069	509088.8552336359
386300.7978555176	500812.31650099653
389764.61857371393	488689.1548463871
389719.7290179502	495434.3365583836
392032.923046157	494923.0737021536
395050.8616523484	500190.7494148651
400279.59572403796	490183.06188336964
381575.326996226	503552.3296424365
385223.66517575446	457605.32544216415
399033.3853711177	518514.5698663868
388828.4929967554	502811.6845173628
388667.8651064321	499650.21710696234
380079.0070128352	487355.8190777679
383778.02137383074	499230.71172020107
379339.0110384148	487755.1855909587
401464.64200780634	506143.5325912037
391356.2772557214	517347.8604015907
390872.5809742656	496251.71401870844
391361.60110883997	499289.93427559215
387750.94828582415	487010.03946618695
390349.6005681286	507887.58509410324
392567.6024609297	517278.4450342676
380208.21147439914	484397.3956837584
389564.07154653675	492128.73935159075
386474.4810438367	514611.7824160374
392644.4732272038	495347.61933013494
384961.7490717269	491479.30462989584
386345.7539979918	512126.1601099453
387937.0246529491	509221.4538304951
387778.73863857106	488821.52068220056
391080.9098672597	500240.21635715663
384494.34266398946	498399.87442988786
383070.8176939473	504566.71989073366
384765.890323876	494411.72325212555
376914.0667485064	501073.4243896396
386299.2837347524	502637.36989573995
377913.58133823914	496764.16526341386
383766.62769719027	484472.0565109082
388750.3004351766	487006.51130530017
386164.53954524844	513252.45934590214
389283.3339537728	495321.8280853902
377996.0133787105	510732.7856774276
390158.6732386444	496200.2680629251
384832.64958217426	502722.44607222744
389062.60346475383	499933.7283019783
395894.47255533596	477446.0741517941
389861.6619094755	493094.7121263308
382494.60664754675	517095.1853297482
389492.60128374957	503349.28621266835
383975.7633707477	495101.6155272152
393672.51526476326	498618.4648929113
385380.08758881106	492368.0242262819
383401.2664773592	494104.47859038314
388580.4677918949	502684.7236820811
386979.78922580695	482226.57040697196
387416.35211721505	493534.5721321279
380192.87950630265	470313.54689572484
382702.8891766283	510646.0770948704
393205.5019670023	506493.0241364967
384595.8258897995	498428.27631975606
383314.56964306184	489712.93016104045
392333.02703288966	493296.49328674644
390288.0371557955	499543.6434936044
377444.53079755924	503474.30084804853
393170.08608884574	506110.0084194777
386250.13647260517	488332.3528464064
387646.99976476986	511415.6915893575
380235.47208316927	511236.65923621465
387321.2510713794	501026.4530089537
387550.98151514627	515981.48702538887
387453.0418209314	482166.92235881765
385436.5334415835	504597.31162492407
384664.91646079294	497157.3778860454
391821.1901893256	485153.2145303349
390200.45881208696	492860.96438841254
388229.8024959653	498288.47967697727
388781.8478977225	484159.1944736257
386921.5160033318	496093.717930526
378621.6647361969	500129.34877792455
372585.4278459093	464778.7429943573
383390.30701180885	489458.4681726849
375736.3666547921	477914.2126409361
394401.9764041143	505158.3144773795
391031.30437860684	513101.1377244113
379661.59405348985	519115.488849533
379557.57127938024	503949.9904381095
381488.378768919	478436.30704504263
387973.5618600168	489660.3630028659
380805.5444164341	493843.2911049568
395201.46315122244	486282.23207938025
384745.4866556892	499382.3003169402
372381.00003740133	498322.0004893653
383729.0983638634	495029.37048070214
387946.4530217558	507844.27583745087
382261.5283200431	502253.0754246637
393453.1527844085	486710.9486655165
381406.3518366984	515385.4205461568
383840.43456062116	496749.1130112321
388732.9354875389	497398.7773626693
389401.5498883048	505841.64600648463
386170.1290484032	498413.96058716695
391954.95900413196	502508.78279016115
381154.00100604666	507717.7875526228
382749.41393348854	518069.8533778244
394763.27804302215	496129.7626307691
383933.6724717197	503190.6184871861
392496.4174286209	488857.7641495625
389208.1538872194	495211.0528986819
399681.2070685051	494153.66830395325
383576.06378195377	517454.80330540455
379991.8208660219	493937.44901226705
383446.5647633339	485484.109909149
394603.7410642387	503848.50411139335
390980.3727702277	488782.1463951041
390632.90163202974	500911.48289205227
393687.5389211986	492429.7748002439
387978.998389562	487781.4392573491
397137.92010710284	478689.26236241014
380064.8692147271	491657.15566502034
393529.18707913026	492560.67849190783
385945.7862233732	494595.5019523919
387011.8744541962	491758.45231646055
395103.7751028801	485762.9107209722
379388.2657663954	500683.05415225774
379953.2870846483	502704.0087259082
382354.08179135836	488301.7290296973
389439.7810665382	482371.0412736457
393398.2712217247	500164.93465138285
380606.3040175444	520864.4341835277
393157.52774956153	475166.2458793259
391452.33227617166	478337.7130582279
386113.89982100227	505293.5776904399
384417.727063125	486296.6477964226
381313.7192803609	498369.71342722775
390534.53556683083	492225.33565793245
384180.58543680736	513535.040401755
399097.88692414406	507801.96269660123
384014.3241198211	488674.9485608568
384419.38594927435	499975.27406613005
392529.2454559151	503650.78638694936
383644.64926965034	493103.568486817
385177.1453499973	502303.30943254696
391783.87979848357	505028.08589984657
381573.69121711375	493369.3165525965
378232.1408725942	505866.99924781895
389538.9070162171	475999.72050191916
394160.6155737238	506733.60350896977
383717.00521852775	503702.3109220142
394212.4970585564	510192.89809838135
394187.9048866459	498854.9173850438
394144.04243883496	508657.7442972435
383109.8482737427	501858.15505515254
380541.64904756023	497700.2578067268
380538.4946731149	493219.01849205274
387872.6363723554	512241.7287615815
382673.6745507978	515611.04425237176
383959.2300459031	484495.50905083853
384637.02462254174	486449.2549407196
398368.6146174441	515167.1366498581
389241.19923306874	478071.3987379986
389653.162561226	495100.9508959243
382065.44680273574	498047.9985155935
380173.0213356101	489979.0816646868
386666.18228199356	482101.0052678409
391152.61485169065	490156.0968653007
391683.73319862667	480486.1555974155
385728.9560602951	477303.2745372678
385175.4099291554	486604.94822693936
371894.00958616316	480298.1160794555
389818.4818453685	503045.52072992735
390109.21864566434	504138.4636403476
393131.7867203337	495219.29935703706
380684.31732025894	492437.4672118138
385161.84333020495	505386.832392872
389109.0591414557	482033.9133484595
383742.16890089656	509943.60981732863
386212.0616308398	503855.23097950034
381646.4528217689	489671.52141741617
385514.2739027729	506923.25055350456
386555.15572790056	478284.05615476496
382198.02258490573	503498.316567993
383571.2959038564	495878.5013088956
396916.4780436867	488695.06114507746
387820.1601127073	485825.8994393866
387023.4156726999	503916.2255828876
381109.6048911188	504757.4523574683
392926.85350879224	480106.10170509736
389237.14125176927	507671.2503438754
384102.4157696994	499891.87568739965
389222.6052215668	511392.17600477475
378951.3555152629	488001.89549265784
380878.57883787295	495472.459063157
382615.19595282164	494320.6814040781
393819.153501068	510776.64958900295
382900.80763951415	494846.5380328804
386169.67956823297	511074.8813558166
383161.1637903217	495325.1735409006
394768.08364192164	512726.81127705326
386398.3643568569	488970.4268833582
383122.7363017109	479104.0020584942
378222.4502080862	508513.476048838
384215.61271663907	470686.6018691547
385847.03699856275	480691.15076637553
390514.2169774179	506083.81381647236
381494.26936460985	504909.3110841154
383715.7775456747	524879.6958277726
383757.1633132698	490960.88440642704
384690.52588422084	477243.5020653345
381021.325550944	526018.2066102815
388879.6440504717	496692.54584905243
386607.1417379034	502127.36817269906
382110.79852200096	505961.831489118
389172.0217609138	471698.2060749903
380448.38517752767	488578.8703531429
394418.24564864766	495703.97414371354
382333.1933854577	484407.48524403246
386164.4332094807	490154.370201431
381516.77156613243	494925.64441753505
378917.495623501	490726.8409222409
374631.26273292507	492772.1156090429
390710.13194404996	504507.75294322823
377364.88797429804	491033.5531080501
385327.7021403691	479430.353530162
392047.14653101796	484411.6043366132
396618.27364955086	516762.1976092438
383491.5291930647	479363.85464615165
377645.12390156975	484622.5261325296
384846.41779059987	495797.1385058054
388938.9480299979	506218.24520586495
386296.3782690189	508204.9110619223
390147.54547293973	479777.2420583266
390162.50132372516	482460.5982930473
386038.5932136261	483828.1564608334
389975.151987682	493346.7785336072
381082.408055552	465343.50816563884
392884.2597151308	502723.88284300896
383960.178023053	516626.1562307261
380868.4939650657	517831.99170602905
391985.1013643334	507671.08736576216
379473.3436450629	491877.41858470114
387151.7467553335	499659.23514933273
380851.59794874873	482300.6208805112
393194.74871576147	480005.479774812
394577.5520021896	494736.5049581159
387417.72766946524	493658.0750634359
392271.1423556707	496996.1105320847
383417.1811504527	493550.4038668916
395325.338941779	506425.62855310703
394073.67050568835	501994.66765853646
384684.3886331645	484212.6712140797
397117.6218993685	494369.9624740088
396408.6488844694	492689.00024902733
398020.02289357083	493927.9921118282
389908.1774252345	479835.95866697154
387069.15290191624	491689.09196236875
392417.2231837438	494482.1109328277
389215.30740599765	510095.95063713985
382765.81356379855	485895.31905941933
383475.27195774304	476230.82562090526
393055.22453607107	495113.1295155793
393089.32432512136	484032.34428036516
380204.25012981426	480345.5219497379
394986.86039690673	498922.153032684
391591.1084526498	490817.24529004435
384502.70568363596	478540.30958636134
387103.05011123745	507636.01892401103
394257.89994810836	493412.19836945925
385314.2805743093	494662.9838594676
383084.02910376695	493420.8228059643
381710.17634784465	493949.66186190845
391541.42667741067	509993.0747766974
389145.47089656605	506524.02374368394
392376.89260555024	483931.521976407
392710.9268686291	488843.2143551207
385978.9264071734	485437.8096182421
389535.60524912673	514398.67115341726
381528.177779351	485841.71192853316
375274.5450362818	483299.9468421391
386023.1258400732	486244.649225325
391677.8644486919	513153.76668394555
381812.83453700575	479088.3102309012
383171.7949078547	481523.8423176517
389831.882974875	505463.19321215386
390639.62894999573	496116.0045826934
395302.1066074963	497534.6261950274
382400.2040648376	494802.2395690372
385838.78243603586	504577.1959252674
385441.6396976674	486796.86273189855
398263.56987422827	506271.1927118368
389839.9837220229	487273.36135722254
385138.2022830729	484489.2813698893
387828.7121951199	497333.4348340826
388760.62988514046	488501.0855482669
385025.7591376037	495994.65790575347
383225.13501195994	496176.281352111
388794.38012191077	495386.5414490399
382383.57521904685	490926.1338262545
394074.2824083433	507445.0362326742
387948.8196669391	481223.68059392285
380748.59715759044	470720.14178040234
387603.08959821553	506193.32861352747
375699.75225465733	498662.292651343
392824.8797461408	506126.9354869556
387119.716030653	504180.6805093669
384722.44120203506	496004.48166996473
375520.32631318725	494903.5447240144
393000.1879754128	493285.3578074612
379227.5437743856	484187.33105119853
392253.66414933506	499613.5420274994
383189.99176112865	509789.105642671
385452.8511943795	511517.79913509387
385645.4626482506	497731.35920345294
392260.67587495956	479887.71520571475
392909.38926929806	507805.21614412154
374690.4496389794	505999.2602656537
392393.8276046952	501835.1918309107
391322.74855739786	500625.20112491876
384310.34410930093	509370.09808312904
384780.61440688185	491946.6329606509
379281.644754943	493407.97350470826
383655.2910863987	505031.2698294662
383214.8261226523	501681.31762559264
393248.71271624195	509905.75708283193
379425.98394592147	503321.90663943224
384020.01082155854	490120.5913434796
392175.76434200373	515908.9824802875
376424.59055935894	498627.98394671915
379937.76779828407	506920.72783274046
389027.3495793896	490896.66657655773
377352.3605106576	514212.6168805029
388160.914552772	500743.1561106683
394742.04346004955	504251.4352410373
381807.14369701396	486577.303793089
385631.55180218705	519310.6646565492
388005.4345453944	497842.79406730854
377729.12838967936	474223.6978509542
382373.84913990286	497978.9651587283
392451.8747566536	486859.56352956285
385801.4164073161	497372.348754326
390545.148051991	487821.0208472032
395757.0930131208	510030.63690510485
389430.9853233149	483367.4374436784
385366.9222934006	486871.9497615987
394752.2398362921	507211.95524040516
389740.9150459049	505969.3931154134
379381.641316763	491599.860320893
388007.2972314215	485749.37490559637
393922.10127021384	502971.3364287472
389291.5631381554	500926.22680109664
388370.1993689096	497780.46313722874
378490.24907259387	493916.0074244031
386918.4959098288	477651.0539822801
395520.99966847827	481085.12534693745
391116.9556825381	505626.3258755637
389102.55109915	496543.64609109034
399222.61634889594	496986.1477690339
388866.3469621084	518854.1101974062
389323.9463177308	489074.1377330729
389771.6340019667	486801.3783456347
374206.79072364676	484167.7661894745
385953.97499605006	491492.7560770883
384332.7451002593	489547.7166772626
381442.36546308844	497101.5789215986
386850.1951792323	475388.6122252233
388884.391416012	496193.5983139811
377309.30140180886	495504.919440371
392262.1471116361	508487.0779789476
387840.55678830965	495016.1783069112
387654.2035370383	497015.0392746963
388734.6745602954	496951.73888901295
386954.357745979	499867.17214265873
393777.67692420766	509582.9780688241
392550.13118839683	493422.7505849331
384548.6799346407	506733.7599519144
381356.21205218637	488635.03205994633
