348.6987620265975
346.9158169380148
332.3265563785499
357.00975017428556
384.28205182086947
319.47075715257506
354.67137524194715
625.2343792911703
330.4606510612886
369.7847063109162
343.5030556430493
345.05656170670187
378.66479411457505
391.3825135781952
328.02754618772906
456.0754050575805
393.4674694072287
314.7004507536824
363.8391286294163
331.6617639355288
333.5835530536599
371.331042130903
369.15554385674415
352.8034116464147
397.00022335528354
377.93320391371907
389.00951540462654
403.0600833859562
353.67717126801114
372.46317715515784
410.9501167618595
364.07868375365206
345.1226113291284
394.64109997058125
417.85789563107085
397.22831855412113
377.38401278759954
377.8153149529595
417.56212677834986
375.488183617659
348.91513277227904
320.55094184814334
351.15103140876056
387.35258194106274
334.4710555131281
448.69723993826284
359.1678482230919
418.3488835929204
413.15833117958357
478.0287617810498
325.2460487603184
611.7814392071871
334.31967714559596
371.4952844559215
402.12244271220294
362.21405114054744
359.53638843109206
410.7003356575871
351.0936473086296
395.73646542133645
409.1732278261471
324.8584927678372
365.4998345810337
383.67906207913677
292.874514844283
364.2059092388347
310.3099631416756
344.59359695627893
478.3729985877421
401.0269022057277
418.1843437780782
322.3063438869558
339.3152766933037
309.6199364592729
378.4063942919751
390.03876970485175
396.362136676242
373.0668564137085
371.8877852454125
479.96790262470483
373.7856591854963
402.0937252820538
437.120494420642
327.1449119738675
373.1918649424036
367.5611107916446
412.27831891856346
313.9024587837358
393.57103253076525
329.5356297034877
417.6976061019711
351.86359737045467
364.72713502052545
351.08414285082586
346.11155731641975
388.0777607909066
319.08105512715144
381.6911356364721
338.07809281300905
382.4600024435518
377.52043107899175
358.0763485646637
417.5321401150628
405.8685777419208
386.6664499512817
390.947177530219
404.0998377796296
382.4120572543699
369.57812423976304
384.99727199527126
305.90620181621733
439.7976219089774
358.1771671907893
346.0239790729273
366.22240261885025
415.96496259884117
348.1495686463133
406.4053045325083
399.2766505954232
440.8741978029831
378.91081434136396
449.44968647360264
391.8728131334422
360.62165903210473
478.0969658705849
377.97350636232164
464.98976253318176
320.3768302479104
354.5135780588202
332.64094409372774
464.1514576887354
411.64590046147737
424.5931028550755
369.503502492204
388.115797104611
394.7704638893961
436.33431511907673
337.97570179771515
363.7162765173499
365.5269556508715
411.3287899513083
395.57948027291707
369.84072901624404
377.5398725252979
404.6236704970825
405.5560326324634
448.64352570091586
383.7915514221725
358.51037071353693
377.2020817204308
330.1035452096217
424.99885921465534
404.99702042283343
350.7303119980342
365.0994047526503
464.4210217982811
381.5318054303588
446.3077329870508
410.17157743426947
318.8517470981483
346.05765373145033
391.4677607927896
353.44579358246955
509.28792297473825
387.5151028492783
396.51043003863094
383.93402780904904
280.83599579633966
451.8247501755491
375.43976837539225
360.3727335994778
464.8527578829918
412.9734705704239
492.2379987807096
336.42081702963185
376.45376317682064
433.0462439744694
379.5152251062268
319.4133385212134
386.41022376254494
389.3314290983423
433.9222295197429
375.52370116833026
343.5701402798677
391.7068245667484
359.087431423028
305.1712574161567
381.6679909063038
370.4934494617042
621.5543932997126
390.7901845171757
364.85305427587423
363.7885288641876
394.02389451967764
377.6595960939272
408.40772967362386
333.417550298175
398.82883248169423
367.49522683356497
355.6751683200362
380.8269520143855
303.5276251061039
388.1663677215361
446.73557897842784
316.6310975933617
486.3390847394947
396.4068408324467
386.4904335224646
332.55902661799854
409.54505393999494
325.9000925025913
316.59298850457344
357.0347056217753
349.60319620607066
324.3541879298629
351.6707244559585
345.4646485603176
341.98513566829905
428.0872949252504
341.4870244308792
302.69403076692686
541.7208322288997
305.4154814881013
365.9142853732043
364.6364217732623
364.3466586500875
412.97531245663646
406.24485733524335
397.7409960015458
351.05189064340385
373.343336502715
417.2363816617402
361.4906936384616
399.6591962570732
359.7902055665613
389.35270180049866
366.37331184558263
420.53461148943325
480.9128080063651
404.20825369137646
306.68904166651816
356.5789396838924
385.34363624457643
418.41279351760613
436.16524645200775
375.03506165806203
352.4231763909713
398.2695541681327
306.9861340840848
347.2175359564108
400.2227440189489
423.79061960792967
373.4793955318315
429.52588037512305
388.2256127808957
345.00398381387305
373.77531303196173
394.5055728830286
305.07500446571487
594.0128847969571
365.6987065023789
429.702604757883
352.0427838548527
330.8746735105412
383.2872616135313
351.4531862383724
382.1597625800715
393.60945034241445
341.0222600331094
303.51728369736605
391.5037173383194
442.4059812479743
390.80000842536015
462.51455595048566
364.4277327898253
339.781626484355
379.39970341512435
337.80883946266033
349.1301400098747
330.4558185054754
446.6823066836786
340.81279089281577
370.6935431539455
389.9726888111903
433.8296548499571
476.6094286147675
351.76324185153715
427.9856469014762
379.351731648708
430.27703408823135
387.78502864196014
362.9375676485277
308.5399776908826
370.5516116354247
341.2084675615115
338.93727945858535
443.54089971237204
381.0004985691815
397.51157196364886
400.10628918687024
484.3838045312872
382.67798003440873
398.7140651110098
442.2417087779884
377.61383961788437
368.9022085769632
384.91783883807426
434.7522550782912
400.42536969829916
418.3714717583769
351.7408570109605
297.48168979552327
344.4597100332228
426.35967254768155
348.51011626038587
386.35516053856765
347.7063104912024
308.0066176700054
380.8420474830368
357.10334424741933
328.52663914206056
342.42840530902726
448.7187442473306
417.29221025009065
394.55828255689073
373.6476107138159
317.378028169018
387.4372398607622
334.0143361474054
354.2152065509209
384.17071121794845
307.0684184150726
302.84950480638867
402.8194327250479
345.1133246877707
394.7778621710504
402.80530679319
347.52089739705065
399.54133731975224
334.04373723508445
392.4822269453344
407.18478786873663
344.759887862964
358.6827033127204
335.4452655106195
358.69896317311554
339.26761431078216
424.8804196648794
385.4843504072929
389.2714986713836
445.31103426671115
359.6453255993719
373.87814666794065
337.68147629118664
469.39022558264736
386.13531613324966
357.0473249687128
317.34746474674364
397.56795830934453
407.76637368870547
327.7473590972416
395.869555668027
445.1922648898107
374.1156953783588
377.4631065437445
396.04750219527307
412.32767491691664
377.9483836910268
389.0654913270025
365.86570175679856
391.1436798343756
411.71656525939466
416.5343822723057
395.1376537329554
389.23939747419627
481.88900355156585
372.37812418360335
385.62105111540245
300.1793325344523
329.3639133488764
337.9727193181004
422.92673292594196
337.92182058581477
297.82227025020933
399.61636073965917
372.7120208716763
401.4006101750576
334.2224827752621
327.18353449960955
365.25287846644113
380.7902375964358
308.598201705197
342.60460148642073
508.06906325620787
377.2666800745482
342.0434302669771
499.41767430907163
365.63380396230724
419.61695788723085
386.56714743394593
401.70197881991027
423.9616687938337
302.37679585940634
272.46696004782524
391.24303796525487
319.12414732214467
356.61449785192474
355.6005454888017
345.8473682975639
317.0740992750638
431.89218836005847
283.47358364610665
343.3464489469139
414.3821996516796
329.71551829661007
336.27430746594064
370.34283377497127
405.4930541019707
490.0914005210936
338.02632565009725
360.2933967469679
345.59108776576574
433.4702880973743
393.2267632400025
458.47094158828594
455.1236114355265
389.1760028414873
375.0224538677616
370.56330702782986
430.34128471058403
406.8562190417653
300.51720283282083
363.284289815475
449.6349817080103
361.6456707107051
501.6207636454115
341.3236998815219
395.99064782323967
348.9886774862578
314.08015372429435
498.17454782601226
382.01076765281414
420.5826479204703
340.19818599503907
467.1287504317654
370.9829817306415
321.553291546706
349.5077983961576
406.6564991955854
324.20800907145184
351.13111760171506
359.1997003039497
373.5877152833534
316.8497323200709
386.4728624865168
425.1067050277827
364.33480206761465
345.04058274838314
399.0158456228116
409.87025129169405
386.82103581467186
320.8822814432942
535.3604631082893
426.1661668930922
387.56012026849265
420.6273835688183
326.2993056263677
387.8019107172388
381.51268262966965
367.2705467318471
332.2454763767232
288.4790592733096
353.7873786414404
319.9419597555723
363.39910807184657
351.6772808298055
353.90449973799923
417.403609339561
433.68224814967255
415.02695495305977
374.82342539006936
355.96170512483684
375.5115782923271
379.70613626075385
383.74407311398056
369.84152247962817
379.7387145746061
431.2741862844699
348.7862013984737
370.7709559034829
401.3001545934808
427.95815425647646
328.6075132671161
378.7123928864417
342.3988799032715
329.83532096382226
456.6220812076006
332.14691767199577
372.13134320382494
449.7745429432907
