2955.316168850237
2960.0223870434806
2947.9669530131982
2947.7099811407015
2961.5783544708465
2942.8849769112594
2954.550695248141
2969.0581159132157
2945.132724923422
2963.062603465014
2952.6165647772295
2949.501089096772
2950.679294268414
2961.2266319855316
2938.6204795933177
2947.180745538092
2970.1254886036777
2943.4764315414386
2955.597009917636
2944.2091445562073
2951.374441752954
2957.4101375210316
2954.4614672900875
2952.9236029191593
2965.422818787984
2960.01175753346
2959.3875880599962
2958.0547954210556
2948.1288058936643
2955.03772273532
2952.8654250531135
2953.694077272376
2948.6941434748283
2972.1178993224576
2951.1840359373714
2970.4591493932166
2966.7614879578277
2959.5212978333084
2951.146358776367
2970.0188514621127
2946.8110545277254
2947.453009357478
2951.564937585504
2959.9389805518263
2946.266631080898
2977.3909349719984
2963.2552351579275
2949.6370109647305
2963.386598147637
2975.9608420251666
2949.4720453745995
2960.738683298682
2948.9386103673264
2952.7653117355558
2952.0242235274286
2960.853191215693
2949.7291793997956
2961.94659501967
2954.664389202506
2966.505336512267
2954.6435175899924
2950.089954503612
2956.2879159269496
2970.0990885227952
2937.923861130144
2957.5807752693026
2942.8890189536623
2952.891172781744
2969.093705155217
2958.089191178082
2961.5259276205006
2944.2840150062066
2939.4229099776358
2945.366912647935
2962.8086618098837
2952.1201270582787
2958.086702794285
2957.43530869037
2950.819088073955
2962.9321605621576
2963.8529516478284
2945.63344873647
2952.8666186034075
2949.178174705028
2958.6390766795803
2954.9444245708246
2951.4133517809432
2943.877529609724
2961.4506280322994
2947.367770267324
2974.075285567169
2957.06044977686
2951.550450190978
2955.256211782421
2943.074441195726
2956.501771851393
2943.796986635044
2959.0712849686097
2954.8732198872817
2949.2389679711073
2955.370522524272
2949.416517070149
2963.789016647049
2961.205901671251
2962.2681510897164
2955.4398670213004
2965.0299050201993
2954.100097366497
2956.325389314574
2963.5525920067503
2941.230878126055
2964.161323915468
2952.5648830940963
2947.456835994542
2949.699002790908
2963.4830966991285
2948.999580579889
2953.94350692523
2955.042047805001
2963.2008491030324
2963.749002375773
2982.47440226431
2958.3607850841427
2966.5022805510494
2947.934547631993
2966.475941093361
2955.7979026327694
2942.8787431959117
2950.2381646451595
2947.3058036966163
2969.28739495681
2963.4818159777515
2966.4795299301104
2955.179584454252
2953.499115368644
2958.3733287407485
2955.0421949334977
2944.76462014532
2956.8152471071726
2954.180431579195
2955.6051711725977
2962.1013642388366
2948.9418673230657
2954.2802632930598
2966.184945718149
2956.6393966124997
2970.2482116227116
2948.9420552423144
2948.086361351463
2950.030344736733
2949.6775051212435
2956.181592904658
2964.779573445999
2946.404348045302
2950.6013919162433
2957.920674975107
2953.192532903382
2973.5938273148067
2967.281952601854
2940.876763592814
2944.423653577838
2943.98419598531
2952.896861419259
2961.3926089654665
2945.0540830771342
2956.26388660008
2959.474480056498
2943.4961641086165
2964.0242794400156
2961.014023503097
2953.0031111699855
2956.375612105894
2960.85263539799
2963.4527777958756
2958.121644500963
2955.638256715085
2956.9548693997294
2957.120754522778
2944.5461579608036
2964.6116775911623
2957.7968957643734
2966.4297714498266
2946.9895526943396
2948.502788306987
2948.6777656821996
2950.405407270374
2947.095674771018
2958.893661932786
2953.6604057407844
2981.0664110348434
2948.2334322625834
2961.879457944112
2955.2578533222836
2958.8570239756014
2947.892668248487
2946.155829795794
2946.6742444199676
2954.6712285995263
2957.8832447861514
2950.8546717205613
2956.9303156604556
2938.4760307072506
2950.7815871468774
2959.2171922046446
2949.2757742931994
2976.210945614375
2960.5707880089067
2963.6855824708377
2947.332702803341
2964.484686538818
2939.594737969748
2948.540645231097
2952.723806839541
2953.5642345897004
2944.6382453833094
2948.1657938855524
2952.569821272328
2947.2152663212537
2953.6271415294214
2949.5615485157746
2936.6362812381662
2966.453419194313
2948.3797480753387
2943.411117256134
2960.002517940142
2951.4786572902976
2964.995910733258
2953.1846248157644
2956.8510440135797
2954.073636899393
2945.886740853732
2947.5065604535516
2954.9168145226577
2958.494240288578
2952.2041825037504
2959.402895199656
2958.249420154128
2952.4559135901027
2951.781877081076
2963.5701839798858
2942.243147939632
2952.2740019552302
2953.8606143617308
2957.010044071029
2954.6867821706765
2958.87899094164
2950.349964388716
2959.93240997246
2938.4449757219486
2949.542038798146
2963.1264788392573
2952.0692262939965
2957.490782529851
2969.665111855411
2953.2727386753127
2948.6023884846704
2966.053185417415
2955.5709950240557
2939.480149940505
3003.319451006887
2960.4509016624424
2965.549966953883
2945.367696968873
2948.9315603237283
2958.3536104806053
2964.2392194343442
2952.537146486595
2944.5407859094385
2941.9032758113326
2942.96820342203
2958.539239293823
2945.924169751269
2956.6093974844143
2971.3911568266376
2948.1413965175852
2956.2713028463822
2968.9836113368756
2952.4012866090607
2941.1806269903077
2950.2323714733548
2956.5819202993794
2952.4457399760126
2949.580024588957
2963.5594907007926
2966.011394836274
2959.0940255183677
2951.140328571753
2959.2040144829507
2966.3439744973757
2960.779841154047
2958.3608223050546
2964.419620412657
2944.46822556486
2965.056822991335
2952.495559888897
2947.205143237513
2978.6476249017146
2954.872735743326
2963.197991367396
2958.5022692471625
2955.961157134835
2951.2298720562367
2959.520696579588
2955.702202103049
2951.9251310228874
2956.234721194847
2954.543477403424
2954.7255055476326
2958.1855648003916
2962.7668346407854
2945.4479417917087
2942.33622561237
2948.939096946163
2975.8964644467137
2953.8122101354465
2951.24155159855
2948.5372867215847
2944.640856634487
2958.193626348416
2952.1086785593225
2947.5801002043236
2943.4480645393187
2981.2945402554565
2952.2112946060456
2952.5482677985447
2950.697739743982
2953.062379685005
2955.885479030874
2947.9287519661075
2944.664477694493
2957.847991723933
2945.435417822951
2939.621147463787
2957.0959183177265
2940.955718477498
2953.0237082005683
2963.947790847699
2954.234442166018
2966.047083770829
2951.4727669629774
2957.57618615726
2963.375387455581
2948.658095144327
2946.3666040859853
2950.385616400227
2953.6030984877643
2953.701182380124
2966.712234794636
2952.212226296868
2956.5152158550077
2954.292412801965
2951.0962879675835
2959.6356950218415
2949.592980465367
2956.6338513077276
2963.5985303058796
2950.6349568286923
2945.5845291004375
2965.3200663305365
2962.7085478969993
2951.619442333531
2960.1337113415348
2951.0656774969157
2951.638963910252
2955.341156740975
2967.2199326156115
2947.614322161508
2951.213992058919
2956.882261788819
2948.6969739639753
2956.6292489586335
2959.1800465311117
2954.87910338575
2970.7445264911257
2963.943922545387
2970.3810016277816
2954.5754815608043
2960.827142643563
2944.3906603338182
2945.007372094975
2949.8434123912302
2962.6506744342996
2948.3870853324283
2946.517479226418
2955.8542027393128
2953.738393631812
2967.052724553364
2958.5628793899677
2951.0719834708825
2953.060166931553
2956.741343020485
2946.5327745185227
2944.5560532696686
2955.837344017954
2940.13791293726
2955.8176381445674
2959.408669853605
2959.1885856382096
2959.1093071228224
2954.6614159934024
2963.088286600652
2965.1448229276734
2944.0469683549213
2939.438441703138
2955.991889340893
2936.11272400327
2960.0704761891902
2958.402403153674
2955.853810623436
2947.942455849852
2961.1932310264374
2936.7833578876566
2952.0849012374592
2972.3435292774507
2953.165956513884
2953.752003664822
2949.046999397643
2952.603221454568
2956.706580521831
2946.8240976503116
2950.5270254892107
2949.5385838692746
2962.499185459807
2961.4705702872825
2954.0806738518195
2981.842233692476
2951.755135959461
2953.627182124493
2957.9775777856257
2956.061926233084
2942.2670722467947
2935.8255711040774
2951.6734407079784
2951.254327064712
2951.998919878715
2963.148945851148
2947.6353397590246
2963.4194281678197
2949.486063683697
2938.7020170181554
2959.2012423289057
2958.744250050405
2959.347467615781
2952.0613641807718
2954.9898459677624
2964.596751332241
2951.5146246914665
2952.045907456717
2967.611890301291
2947.2006177394405
2958.8586124004087
2956.0802949578865
2961.4588397251546
2947.963400634775
2957.2974939714704
2955.9447445862634
2945.65632327797
2941.483065646894
2959.9132176706244
2952.325644476903
2951.9662568423155
2945.531931498822
2971.652431639888
2940.433583047287
2953.3562667373
2960.896512279443
2949.4966471126118
2962.7009327080905
2958.5016627788473
2952.545319723092
2950.128128240877
2940.392426188935
2959.1087334583112
2951.6993319704625
2948.623769525476
2942.863481822681
2956.8098669869114
2975.888962691831
2963.478231053656
2958.68873643775
2961.473164656354
2954.519284039834
2963.400902255546
2965.02299560812
2957.2517461917855
2961.888737164374
2956.5271213765704
2964.607970672704
2950.3831639284836
2951.5683012369336
2954.652794625959
2953.5705227110966
2947.224930484627
2965.549235649109
2952.50906532139
2949.6522030506612
2960.6208998605275
2942.3621188810325
2958.8264505020334
2962.375255059374
