76231.58024315297	99280.05792073728
79399.02896419419	100549.93373789011
80811.88207355369	106590.2119610311
86372.23087196167	97719.30203438475
72520.96091394222	106267.84541696448
76812.62862781268	101622.49938710079
78195.13609873246	98023.69776817734
80582.09037795021	117115.91335198419
88142.67421077928	107437.39439040695
91431.47854166038	108815.62473248293
86905.95477618607	111258.46200059063
79899.54194547815	105790.23222924824
82405.37154072685	102671.83475302382
78593.64765788725	101851.1454654321
74501.95755677232	101310.33874264968
81273.53232315122	92448.24674776295
85015.017482013	109088.8555735515
80663.12215690422	107569.37553642716
77720.62115931156	109166.00954528114
73768.64649508812	89920.6217760545
81874.01055990373	94578.72128486932
76475.97301587506	98817.99062020888
85464.87635201256	101113.87087574706
84599.65196388522	100952.1321118353
80033.65968137427	112341.74936053391
79294.72327779156	96292.17456117856
77544.60950921354	92738.25417139336
84185.49331278552	107625.07211422159
80687.28555245165	111909.09634714256
83829.12621792514	109833.36424856189
76652.71013682692	98271.81734934168
76988.96298628545	105969.54724540889
79427.007144435	114126.56139714152
76203.38941092645	87200.1747316101
80400.21075785987	114475.45471580459
84198.30898027155	117194.0866381841
74596.94321657698	114880.40374024028
87966.6134395997	97798.7910987224
79195.08799465763	105249.78212371183
84019.09378978367	97146.31374297556
89425.25495757346	117652.56531965498
82055.73876732348	107543.61216180467
81993.21101724941	113480.45933078058
76867.47609483814	110777.03691637628
77986.35530147038	107204.3541063683
81202.34853661858	103786.35323557162
77485.62145518382	96488.35665957688
77098.89374236777	111700.58947397457
82460.94888822659	110588.24920959503
88853.4104350364	118209.08888038725
75552.70191107242	108669.93738242147
80149.88887350491	119783.95786563557
83591.11557358174	122432.96604857496
80896.25896884655	105737.08377478845
81306.54418444523	112171.943719456
76959.04920001223	101667.07169443498
80058.20459532928	97588.36555693675
75924.76533037811	90299.17494862358
78539.90601822388	93755.94332767397
76177.06980206331	91124.89133814324
77320.31362982905	103852.73606167924
83568.67329053927	94202.94641419729
77709.4369692542	99593.88025652642
87731.90856812132	101769.3328118444
77461.29358730442	99535.9305506848
80396.58085225374	120127.96730306846
81519.096147687	102871.64342342752
83325.72594561748	105362.953965042
82926.52315717604	91297.83921624685
81666.65403574155	102405.98265814077
78566.53771629813	104808.68409933246
82613.89369382618	108388.92924497378
82355.33997890502	100381.21797352478
86763.01855683539	113324.84656212352
79491.78655338581	99326.45567334432
83953.22567646674	108703.62422432832
81847.7710481892	101884.63642994172
84246.08852545924	108014.34914657076
75691.58591249138	96152.32387355887
84691.50019122548	105943.62531544316
82537.26471578261	110890.36757763369
80128.658185235	98812.86184304937
82885.15666258673	107855.9394455418
72193.42830697773	99041.42883168184
82687.99619854186	109564.31831102578
80685.60225467381	94017.94327960808
76873.83163358291	89472.55263161032
73947.96352864383	95144.76225872603
85435.01880418604	105576.97483789572
84277.40625902868	98282.10467956738
80971.01979744292	97476.08904949376
77371.88110015358	114051.53165780912
80296.06742479207	98726.00706602048
75761.27482157714	110133.55018192474
80235.08334589229	96761.4407949374
82943.92046757937	96439.71183693905
80852.63105028696	97639.16845414392
80530.1014681241	100192.35185217849
81848.70979761204	104355.28096147788
83806.77212839609	106979.73442212255
79123.65368771454	101386.97443720119
77975.43713300428	115718.62263466872
83029.91632840133	99515.91460986489
77553.31641343245	113502.91222455341
68994.48028013002	93962.4067887792
86190.49266765604	112056.95841624083
83114.57848604379	94750.11067829313
74622.76464122505	99744.2847284638
83813.16115545761	108855.14328084794
78650.50889176811	89186.63684413492
88054.75085880837	89827.41747117027
85436.62102494182	104324.17922900306
85500.0623708136	104739.07514786306
81462.54077784158	114842.61824457634
76275.99139874836	112198.42286417032
80740.78700631528	91018.45672654855
85499.46375933601	102264.64439313977
84769.67622569168	102067.05336534114
68968.60907682654	119586.75704109832
69937.3218938428	119279.7672713056
82519.922529423	111673.53518965899
86132.58339841425	101400.47313265101
76366.98674617337	109067.6332432157
74265.35120832548	97193.38663892806
73738.16388054192	108930.58584091216
71644.54486537517	102660.21467690158
75883.67221377758	105921.93024432959
87048.35288132989	106554.27435694479
94143.61594605198	110793.7273754882
82567.10585855429	127933.53257822242
86088.35978259257	98102.59426648126
81248.13564670857	95943.44905733134
80142.6066201845	108110.86883427821
83679.3045348431	90566.60434156362
76409.30500912014	110370.68803668275
79482.96470584138	104746.39081217551
86122.73364626447	98211.15808526943
82341.68570756067	105493.75055094864
81818.67705301548	114754.26328609076
73148.75443204178	104314.37951699068
75223.3952674467	91237.18088246687
72089.10702490255	108394.85168125971
79216.69917686612	97804.2799956861
84789.75982413333	96869.39235598581
78380.70259474522	114307.56945209044
75582.40953862533	99820.7448687052
85612.48574237437	119515.67097084849
78067.42823924049	122876.60056075503
84451.4728566977	108061.45098838976
75675.34257712106	94689.41647924087
81619.77525684371	102835.41089478464
79842.13573437383	92895.9438600818
83408.713104233	114918.24177973847
82477.31137546008	113635.66726478431
90704.47371890911	107843.9355466088
79770.45416782763	117833.10532192241
76476.20888403515	98007.02203378847
77068.68470183996	96087.15312286005
86035.82303365896	100468.94884018846
77629.95665706103	103544.23976673269
73894.69664463907	105373.70110167048
79952.72145125282	104671.30647374122
84157.39510207516	119970.57235673566
75811.42330791289	110949.19777904151
79976.87848858598	100225.35512305144
85384.51407271001	107293.05042219914
77455.63244664596	115151.547134733
80641.4466855344	116354.79889929845
77010.70681403481	101816.14866624954
75245.47367691211	104069.41190638437
91199.54148928108	108819.1779617821
77862.20943544198	96480.65431695506
79048.69503328162	102075.58620200034
81488.2355602215	114144.13225161895
82248.92899983973	108623.71580459726
81484.24412587995	104395.17914531863
76007.46661676181	97639.19501496866
85835.14350500552	113142.81925743021
81134.63451192132	111906.2377418927
79710.39072184268	106012.83422880463
74835.87564144917	93706.17377752774
77136.08151648035	96843.25705876543
80999.86614015895	99600.98438163182
79727.989315122	106686.08569288236
78013.07865581189	94199.45933122114
83904.79168379572	101540.19244734132
82232.18358718822	101923.36004288417
73391.32371908039	97461.27930809336
74939.45120224153	109320.19441551571
82711.83748909147	121216.51674937058
79437.66742221228	93438.84164887997
74368.51060793616	108302.7045048558
78278.05740875131	108973.73525656296
83742.48947414162	121013.67230670224
79971.96110791038	98989.96841212954
80974.95767336075	93268.71548882431
74402.74655439254	100139.6284716029
75317.31992311587	102984.43808797516
75900.55145856664	88328.82120447278
81055.84994540483	86890.10475901702
90479.04902185762	118128.89518106572
84386.42298297698	106775.87529245406
85181.82284523346	110103.59892842453
79744.38077462601	103957.91383484559
77592.7459911559	109614.58648180343
78118.7922398966	105001.03117425073
76393.65353591462	108310.42930733619
81336.0650905266	110551.2246377217
85591.26421222737	117444.76267134397
73543.9050949457	107803.2716408144
80216.50911390959	106540.63741762715
88052.20818208865	89579.04954972398
73805.24973346837	109690.91220722764
83270.93974695407	108597.66210172987
89439.30779242984	89758.04828368763
78478.2423040074	124080.54671305083
79725.01022215608	116077.8590164616
84861.29057846336	116787.05201403076
79648.30929182579	106582.39844667044
79368.275227481	97627.80593841875
87388.77953482856	128589.33944522294
81315.09958549797	103727.79876867298
83905.09555985636	105069.38674156423
83680.44917107883	96907.98043209988
76717.28053306283	101385.46266099904
76701.48767881532	97320.73403352835
86799.49830778362	100582.1300080751
76391.58366467839	98905.48777836075
75735.26681766898	125231.54983030149
86602.98745106974	107564.78736011434
84418.80345187972	110343.74291548281
81255.1967422934	90502.11138147683
75420.19468915195	97451.4061930021
97531.84595145068	104251.57825475502
72101.41195403377	104040.80961373524
81649.94279618784	97497.52434153813
85516.55106590391	97001.08632930828
80050.81285069097	103757.58868711868
90744.49751812416	89930.75514740261
84806.28614910199	91030.9317702729
84782.4155384565	119163.8105074307
77076.88234556175	103987.19224440295
83047.44636525327	95205.35796386251
73605.38024749668	106777.17131867856
79268.09019046777	102281.6612926106
79846.34636169954	93333.39059342217
88591.07891796612	100003.79645208133
81428.50969984164	105829.84203717804
88243.81249296563	107697.28898913733
73064.08952578093	107129.46006204888
78168.84899200997	102422.89885781462
85895.54075196346	101189.3705108427
83460.29730239036	102910.75608236443
86453.6456591354	101008.66480844856
78706.14323397927	91668.98202530219
81651.46182112802	98748.00398125744
82658.55704938213	108207.2635985704
83700.55700893997	112562.57519946224
80692.56261472433	111255.334528315
69275.37152736862	114314.60139022903
76413.28743652039	111484.28912075837
84657.14307975897	98740.47534948368
79512.95375092786	93174.635486892
79960.42035208695	106268.33538547506
85151.20234658779	131757.51336311112
79396.3241367159	100440.8726622211
80211.64042891633	107048.87552015728
81956.91295734087	110101.45446870696
72029.53880568719	97946.29686328144
84907.13422319063	106298.79098528408
75762.78711631268	88867.56436360291
81044.64492918951	97743.58508571838
78112.06016656941	98882.46456281512
80827.82322030072	109651.296015057
84964.45587425202	106102.93347307834
88535.54334092356	115928.26543136463
88119.17112522598	106824.84706811004
88219.4880434765	108343.13070203995
91306.12167517704	112582.1086602366
76522.54269123421	109563.57660514834
76474.32179509162	125029.69400661597
66802.47989716611	87552.85321859943
76575.55341724762	102959.9658921299
81470.1137115842	101420.99989893603
81009.7816064724	91959.6204067754
80037.17066927854	117240.52939494961
82852.88049602215	111021.79424781082
79457.5301664654	106594.36024454964
79438.8837168531	104361.01884314945
83766.63227106983	102277.21296596806
85228.67686925255	94558.68102013363
84220.14356490516	93351.46013608582
85526.91562889448	123194.23361622145
83424.85368416368	93568.35239749184
81395.30078521898	114820.59863820854
90153.6825580177	112558.42454565322
82696.98363113333	97213.27423382699
79667.0497760048	107194.46250132979
83140.1829650348	100029.21610498212
89028.30435633856	101466.38264549532
83798.83093668493	115890.04383006085
82416.5170512233	110401.44880099162
76951.5342866793	108533.72182139051
82860.41963043183	115140.33312819549
77245.60512076985	104646.48177098918
76586.10169900011	118774.97475622724
78580.02567641262	97595.65066229721
74848.10221074198	86582.32908392652
77051.90218536691	117583.56258184888
76235.7842640433	105075.95882154461
83503.71730214846	109602.60199861511
88728.6379327868	103615.56297551644
81788.97233116542	106848.00546607909
86734.7804477922	117588.10988362852
80750.49116819339	94759.44448597841
75679.39264535262	90578.46963186587
83750.79948338598	107368.82693636224
72772.46690235687	114071.33366836468
77904.74704145074	113306.72844156828
84299.46149786061	110128.68424594897
77331.14376428028	96049.53786777744
88082.73979378899	99656.90471044525
84942.79696934385	107743.0037277877
79012.27715834221	100899.00164432265
74394.89751975005	99235.39254832976
81158.19074482517	106862.6837197718
80047.86444931917	90073.40968324084
77651.72501023681	96711.6228107031
87504.10685587626	112780.22338390816
79772.65513665965	114210.79949762828
84201.85844084289	107446.44849960788
83736.18971440187	104955.87863017916
75190.87058270117	108365.15829299082
73681.34314467457	116597.4265496112
86390.21706405314	105078.68956011423
75726.75343349992	112145.7065964016
73881.38409940057	93266.081229351
81097.0907353453	94607.92463875546
75429.3347990139	101126.51251500603
72681.40582579715	111474.98548835935
82665.58750789535	92675.24430946773
79758.90992194749	112877.99336335377
86492.31612062466	101196.53636739825
81444.13871732679	96838.95467493347
75653.9580086868	110930.4724080533
80921.29747650704	103800.14678537368
72866.61280980697	96797.91102436863
82417.6801318719	118773.04114614199
81051.66487291572	90470.81271521357
79545.24898106928	108429.43879297448
79810.48893650025	86291.76648684015
84810.9929301985	93672.96496016596
85500.09265861203	108536.33655340022
84630.97731774021	121159.75088094747
76128.22746481057	104157.88630986826
83293.27640643208	101089.94653851552
79442.11893500874	98438.23985165052
85241.32900350723	94670.30150750486
84660.1468884327	99556.43962885148
77783.02445667457	88424.56240695047
85971.17115487106	120170.7037683775
82636.06880441797	101478.02880437954
73539.34021855664	117056.87003730432
84398.607216128	107883.74535901097
78306.76972561715	106393.45914779893
79215.08411413485	110181.92883819621
84968.50817851929	103975.77587923198
88124.233920655	92932.15345076597
82206.36612611596	107006.37857631288
81462.47734122747	97510.93244288622
76489.39884214237	100061.96292865828
74870.12100815903	106678.96354830489
86036.97308825707	107536.9879889354
81111.37351932657	120117.1942269885
83315.88166965186	103044.60745495354
81415.28539826756	114243.28321405064
81217.72414631472	108349.18933796746
81660.04842976184	94727.77102493089
86703.51684131927	107424.08192033434
83704.19454248439	97341.16370839711
80263.48216414358	95808.45736035398
75868.32321746815	119498.10545397713
87092.69872540078	96988.17006830183
83933.39383144544	103551.55083460819
81669.98011983576	100533.54883771518
80573.3925494712	97731.164587754
82626.821105034	98721.05695596822
80209.47638048884	82030.667433333
84051.07947101613	112702.1796596955
78750.01859240522	97157.7443788523
78829.45117837506	113359.87341809944
85090.50862757154	111740.55930313442
82074.63907160537	95185.68575542711
78887.67762800382	100883.28221484549
74853.68754542046	107665.39431277172
78855.57402198171	98465.91048019998
80556.45345311487	102013.82763056083
78034.46106401263	102483.83733650489
81800.0531755042	105460.20568974677
77348.15369754814	98220.77316043474
82690.65120533484	110679.7575886219
83819.5361214012	108651.76728743964
84168.2705146485	101833.81779969737
79000.53559734537	121385.42797639398
91416.98316432914	93724.61480116862
79507.89781672356	96774.12190263002
71876.22930384707	89585.00302732814
82305.19912371243	98733.56240427122
83705.18565229836	106194.33307635061
84979.16900956168	95178.41421182972
76438.89314146384	104248.18975863935
80941.01067022873	95646.68342499745
76047.26808361342	104142.22681669606
83659.31237023164	104074.49462132328
85907.41407098467	97324.19181629439
88429.10511908101	102869.68133363593
85932.36238811247	99166.69589516714
82214.08304372203	107559.94590136195
73079.12148135551	102718.83037292463
78019.8618893449	101288.01717356409
81325.3542841157	101307.07937871829
70525.26548839593	101994.16620441285
85873.8644717542	116907.81682586402
83411.8770158515	105944.66900791385
80794.990546152	84491.6955740099
77848.23600967693	90101.40859785002
77157.81431267355	104691.81881232091
73261.40402171228	101859.1859396545
81985.3365919748	104970.61455444721
80321.1271419982	112933.78029034885
77023.37399013992	107429.28613787924
80322.45670792094	106965.05620931111
78477.62764086804	102472.96543390836
88050.65956255855	111548.74785175968
81100.43945661074	91955.98252385952
83021.45378424048	106832.99501894668
79514.89017097415	99321.88512827555
82541.86174288741	104301.71928668015
81667.80457844987	105203.91470329957
77101.97322449918	113224.81522792668
85513.01866563888	92656.9050639186
86269.52047151701	94039.28317884143
82202.2208191723	101707.08944018466
86290.88180322803	98673.97389524388
74113.43186437406	97617.49671324065
81084.39576307262	106816.33966243675
81636.26361011565	105386.93713265471
79514.65017359293	109655.45471254028
77481.65615022654	104006.64529672617
76249.89613551574	105559.79018606586
83441.74943441252	98073.37922355405
75894.96932055958	97047.2885711176
80653.92990514124	114533.72563152682
80835.59465819653	107992.73780631655
77064.58245276002	100058.10185843598
84747.97654487916	103693.70087600139
86294.63705669831	99582.03234381674
76867.14493493535	98696.3241896779
83262.42037767498	111675.34824753462
75545.72101708721	104234.00870161643
76775.94001454618	86671.77093227139
76266.94024703192	107144.78649258436
79337.48342925531	97435.17021019709
79047.00048282364	98446.15619752389
86948.42127973135	102199.59728727466
81210.10243899008	103680.098899717
85042.93999827487	107545.80414465645
79327.57228001277	108882.07317064474
75355.19334942303	112229.05199451979
74594.04723574696	93021.58448388132
71758.87017589947	105078.01817083728
90663.1352390295	108026.46136963459
75680.59596761956	106558.278800576
86599.36769291582	100195.57605967365
84330.03989169007	96896.3006862308
79273.62000206107	93049.04198922814
84051.94502866705	121935.7789910165
87580.86429970781	115577.45216431639
78823.64174834691	109323.69845151805
86759.91173548091	101866.81921191046
82379.09942813189	106600.27560190285
84946.49772988175	120858.82200313408
78444.00778519297	111593.90440418736
78109.41064603129	105040.25045005913
74244.72787509678	102060.07144004408
66557.40421097986	87251.39840754858
77218.2723347637	104274.07153206671
78176.48691893838	101635.41650441784
92477.77735444141	93047.5763443631
75249.53787429912	102606.16474938422
74673.79515915964	107106.15976896902
80561.69004660638	120907.22759367221
73998.76717192358	101687.84505675589
80503.7749062166	99320.5108089277
80457.92580794937	98756.4955189484
85018.18013826128	123418.77730461146
81517.60861469498	117387.18013528417
79346.04637444907	123210.67312690556
78118.488794984	105453.07912020745
76064.99271749647	101970.57539463052
