533.967746606384
533.5670728553803
533.8994695126958
533.3329823947624
528.3797107812255
532.1234230432759
530.8434522207618
518.148785659997
533.5376953733686
523.7869989656887
509.6578965710611
529.9062614299598
531.0247845614341
514.4743673120704
526.8233672039254
493.1913622058266
531.0642973900474
513.9879290821124
508.49873027535153
526.4719423622025
533.9950845293246
524.9206490206532
531.0973251662078
530.624486759946
474.8561305059574
533.4052984178414
454.8937877594725
526.4242563063483
532.3152906325843
533.8479494696411
515.7178847112217
479.75228381273126
532.2916985327691
526.8197884882177
477.5682303542138
526.7415166163918
532.4769458480371
533.7320872892647
531.340850846542
524.875379804133
533.6114511485941
532.8932188692397
529.2851974501671
472.64505895496916
528.3158087499751
463.9325647022038
529.6701312665192
506.0470230326033
493.39884797577605
521.2993803226641
532.3989917712953
450.6147746435191
505.10535730924875
532.764024046967
529.8847885883858
454.4679615058159
523.8345653833558
504.33080011273603
530.9426460400833
506.350319328121
507.92467613676644
532.2778851205201
527.868697253411
458.72124932044017
528.20395074076
533.3335228871005
532.7534583083309
482.0622184743583
474.4063241881113
531.2906827178068
528.581865430069
531.8652426020999
533.0851683602784
533.8815496389722
516.4925429690239
521.0368420060112
485.5334529294093
499.2149140716344
521.2348244850753
531.051839416808
508.64598970023934
478.6007967319616
522.4262894249987
532.5430591575631
522.8396577483684
495.8505367598603
524.5210522268528
533.9422847863954
531.7297217381479
532.055047267626
494.8831765428465
509.65555818672533
452.53154002776574
521.2347474013261
532.9079895979926
526.7711179090178
532.575597656974
530.8687940818309
531.9686331508253
531.1379238867469
501.5026784631952
532.2268576230191
466.87467452437414
457.7755208594247
514.043765148689
503.9848786394266
530.7802291013751
525.1628185536985
444.8389236484107
523.5618626611576
533.9119228171777
531.9011600539469
529.9553843205467
479.43874783553906
522.5966269207892
522.1477483480824
532.3681698150156
517.7721683462789
478.0301893468223
499.42981825992666
532.9030790082469
518.5348530675865
531.3841341746438
521.3730942129401
470.893334124876
533.9315341492202
485.14923305421155
533.1499013531243
508.6529172213015
533.569385143806
519.0011316277279
477.51190942087015
518.7389057770746
532.5158055919351
481.95949064303215
532.0157821050273
512.528521092725
531.3517083598214
533.7895675821832
491.5205767697034
514.2707283982911
470.94052823097735
533.5128444889276
530.9318117135855
524.8503385067597
472.64560532398485
483.0215346647933
520.0933205486382
532.2781930338599
528.2361618491199
532.6894789958168
528.1946772602187
478.47391604185265
532.0760216481377
531.5874349747584
513.3892772767088
524.676724100997
518.1147629698019
519.6046524721658
531.6965159586164
513.5113215939697
525.899052362257
506.3074785276863
482.97946036367324
531.3607648896108
523.3633352991725
527.0237848394611
533.4994493769022
518.9709353930946
529.437210952164
531.6017558739643
473.73940211147357
466.65437136449395
513.1386939899074
514.5897899833366
434.5901434048388
468.03725857209724
519.2414706476774
533.9239910720422
520.22342140684
513.7280037259515
516.2484727328242
517.9437382392122
475.15597793270916
528.9583463690869
531.5141212124755
533.9724230599077
530.5147603902446
521.7323604486513
500.6942512704117
530.739659058734
533.0366892800647
532.0701196922859
516.9938971406352
504.35698651921336
489.4303656872077
533.8454338347915
527.5231731907104
523.3278896153884
522.7640307292984
533.8976843341752
533.9909288400954
531.4350386036816
504.1361454203351
532.5942677225264
516.5509433760232
519.9154706193798
506.96392478079827
533.9964098676079
409.7838101407866
532.1596084460713
532.9588942165349
531.4446764525891
531.5829668934663
533.1817610987341
532.7028295698126
525.5275104472552
533.6722373185461
456.2849332885943
529.7370860452708
533.7578168008195
490.2693478370839
533.9717296324204
533.2453987646778
532.313875593265
530.0543945237786
486.3801596860417
480.172445115242
530.4067588233655
531.761041253724
523.3687374853446
529.2918226935877
525.740376529148
527.2981249783061
520.283627462574
487.02851488534907
503.90006319540356
445.0240012503584
515.6269073598435
470.4486952744796
533.0898595963191
527.5850133140981
519.495088283161
527.722825933218
504.06420892879635
530.3786609608595
512.5745973860029
492.0152556657783
531.8092798540013
533.9520906873471
526.2659802496704
520.3107820238592
474.73296520214217
518.9458118414124
503.36776550823333
533.0570630269219
513.627587503609
522.2792539229167
533.5663957322345
519.745770882655
520.006490963462
480.1100410487236
503.47373060311867
502.8279431464219
476.47916998527324
529.9472594851608
523.9811573397806
475.11431805546334
531.8960595781645
528.8433414292916
466.3615414984812
526.8308934556401
531.5567701876367
428.772003037348
502.61733657820963
465.9022784398112
525.7265989165139
532.627731217696
530.1343586788007
533.5310393078279
470.0438717615672
532.7915267907549
521.1490036102049
527.3801451587004
453.80086850048616
492.42757847258895
532.3725932154653
427.29447866456644
519.2920560419257
516.9784679309007
521.184133681488
532.0578076539629
532.9360932034408
533.8447341351075
533.2581813060873
530.8447157581514
477.54415139725563
518.7660081876788
531.8003230922184
526.7834558930235
439.11698964501926
467.0149236109188
470.45501552205025
423.8957678326097
532.7356249479642
533.1943311839733
524.1525667768635
487.34071941046943
463.6224098632032
533.4072824343455
531.3364637193313
532.9592278926278
523.1041847429996
532.9880834949412
533.8792954997609
532.853054975001
532.1028819287951
521.9682872017603
439.131545445671
480.3716982713092
525.3251905280307
532.4883132794549
435.1877142355959
523.7308004324107
531.0992826035291
531.37751914038
531.5380322695694
509.6516881423143
531.9771562839159
526.140312091713
533.8442862835184
532.6115291192538
532.9933793001303
452.4688755863654
532.2446392822271
466.91951001610767
499.3119947885514
531.5673010099275
528.284560422542
532.2190406082325
495.51921757723056
527.7817532012956
532.0631824658069
523.6446570941511
531.9748258732019
533.4607838616904
532.7289248758606
533.3297402176165
498.3081478908427
528.2335035046327
492.395665900802
533.7208751570615
524.6185923579836
532.4638906845788
504.2271037358616
515.2915670252142
466.2564739763963
533.6132868827491
532.2071103322851
492.3819711783461
532.909755556082
531.1330005890504
509.1707285001561
526.5285643597708
486.8161032148683
510.7838043041086
495.3185965774487
529.7149909779349
489.7540455576008
532.8406815998809
529.9479792760997
468.4590675668959
485.50904123092596
532.7150396808192
500.6262650228225
495.1792398162671
527.1213223544039
523.2220637714009
533.9208071176341
533.8634221191371
533.613173129591
492.38074345275515
485.8786845750526
530.7093199746364
523.0299557781643
517.9251805616626
499.0699021812513
533.9306004071016
496.5749079562116
501.1836764003797
488.21408753336
533.8741094263472
533.035737943145
473.9448698385998
504.55109045582157
533.8411758443385
440.9798984788265
530.3174865638616
523.4398028286091
493.93506065875374
517.9586112149606
503.20363262344017
532.6021964075318
532.9706382934795
532.2571073068149
533.8699053518644
532.0633175083605
533.7729795013194
531.9633171574876
533.1826206266704
529.3145804200568
532.9965873861319
533.9707169917019
529.3523614517894
497.14684640857683
531.077122215471
527.1853929413686
501.7100132232842
524.1415841522467
531.7452633517726
531.6317661388334
499.5653125901982
520.2097852716195
530.2384720161839
472.0065489209216
509.52007174085196
511.71784128294314
503.38443583482155
513.8843215214245
510.77303239747056
532.128860179681
531.8493446586632
530.7996439174494
483.9851930216972
490.04275774336503
519.892650791642
514.8272256490533
528.5308257648957
532.9540370321195
519.2641705770219
512.4001889690004
503.82396785690224
489.367281436306
530.4700203464178
507.638636009941
467.973223172474
519.3035759972641
523.725652237984
513.9282102537768
528.0802013427736
532.5343416902156
532.7340103072792
533.435768180617
532.8697391384842
515.0752204930453
480.45976052921
528.8009424524402
531.5138522836368
513.1566457559213
500.5101177495851
443.50623028609004
532.5004627162892
458.9007469928475
485.5168339326123
532.08632225951
478.02082970189457
529.8073636087713
521.040205984051
464.72203089421436
529.9076560068229
533.9629446972688
533.9833598027669
515.5048962540355
532.7461790895378
489.34481320773085
523.9357209943515
514.6803709284766
523.9270273387054
513.7100673676625
532.9577635001001
533.2676827860693
519.3925699240981
493.9515503920356
532.0920380830879
527.1254052918931
505.85780006536794
524.5855622734081
517.9546019726733
533.8919329505193
491.91451847378437
529.8789132571491
426.9111517789188
532.4537335273229
490.70066274457196
533.8088072130396
533.8785849478102
531.2432166888577
532.5408302418473
523.3274340525263
474.21848920944535
