15079.528970414263	19575.49726664759
14278.706187993015	12845.433254801887
21881.314018904388	12841.89674238954
17316.972153743784	14756.5780949487
19616.55802708817	35061.417836684326
9227.10036765278	18959.70753486291
23123.847441175385	25266.46612762043
54720.72127303816	68614.84889612705
21116.15448686679	14473.005725661613
22302.84163812651	30834.27020897519
20526.363792338834	23371.051334605105
16625.30315144222	41786.79257651987
24123.86603765418	24359.114454637886
26048.107732058706	43980.15481285847
16824.730469016587	23448.18379557465
39968.02200071253	58413.88215684538
19646.651109693437	26095.209004613844
20343.042153461123	13361.541777071281
21700.840701819074	27828.21137366735
22115.91211940915	33892.883358401596
16554.530511089364	9398.535974430073
29116.68200620918	88260.48154714338
17773.289589145053	29446.991951567226
20053.370289104554	25623.0312137866
27345.28725404125	41190.673693778226
29172.851343527847	18944.763153324242
24012.97351501933	48560.20255704652
40809.136029273155	32537.908834201047
20971.773204168443	10846.322296372966
12044.829345731832	15440.61532144794
34149.78027812708	24034.23698382668
30335.761311565213	16849.416175620612
17713.239706847176	9157.043456848505
23816.36824923227	30106.96007531846
29618.268363206844	30994.894740046013
28319.289874827104	17817.877420537643
12283.532745340734	25698.461150758103
19893.93241277727	50186.6476337452
33761.210016439065	24531.46606036005
32748.036443226454	21690.944983378322
13370.679477218124	25104.540971244005
9455.690745080812	13215.181359940614
32239.10592738389	20573.117075609738
23475.313628730924	26232.27053258704
13861.330169704168	18831.79136091954
38989.565920745896	42116.576911104814
16631.502468400548	20550.717414158025
37843.358991672714	25948.33039865077
31838.23092546816	22823.99139257379
39360.594008293214	36394.33629477636
10463.995170208329	20131.394860401095
43350.202172606296	55974.32353999407
19241.962854572812	27351.063761550304
24883.07964194664	27238.763161995845
22234.41039270633	29769.16423261571
36389.09768145769	39942.944660953646
15724.630033866488	41691.9931779591
28532.581515325335	43086.94031255218
21104.286819713405	8835.720321036362
22450.382397817542	32266.25312932925
24709.843808151454	39295.09370551656
12326.303071543181	20620.30986357294
21097.02365189812	25404.243426960686
14677.805383619345	51879.43248305604
10762.768643762152	4621.739089607192
18577.96190843102	26568.05702202578
8300.780541970647	9706.566918040206
11565.04430992061	33377.088776449236
35882.445886012865	53723.808927671176
22851.862623996163	63789.76861645489
35171.331359962496	36756.39918305581
13396.531925980886	22721.448634156182
13193.328469978525	30716.461659834138
7943.95189057495	5947.278767124239
25877.787194974764	19126.898125258216
16216.083260701711	63251.419003295516
16236.256304065899	41086.28836364788
38777.25897770142	27958.416601423683
26824.221292777736	36022.35724682305
37343.656460631486	59150.68356613203
31578.454808095834	39706.63488986021
29620.77284358684	37040.906843351324
24994.971715098643	31990.669127692516
11724.08882907563	22427.741786084858
19470.05581408567	24423.586876457226
30902.61278432575	20913.99349638239
29294.413796008364	47945.63033122587
8714.774881100591	29534.537404243085
24530.100758274762	32684.695389496017
12185.603381365632	12380.838650423111
19609.93511279468	45346.452822712985
16425.447987551597	33574.271654307006
26685.30003975895	14168.397853354087
18398.65013485004	23171.378366136905
13593.739317829517	16917.199118996894
25701.39152141585	13897.075757901624
16084.978598790003	14734.117353874992
20934.61775003808	52437.95799300665
12405.035475459517	18420.313986246896
29038.94255742042	17186.06378455718
48491.423501020145	58954.52790540881
20602.398983486924	55324.240854791446
28594.69668082654	45981.823058497685
28333.04591275858	46695.15740797088
22929.868225797196	21509.70815604331
29661.714957627708	48661.10966531807
36760.93199592667	41886.87149834738
26912.401789903175	33253.068934367744
23189.676265192968	43281.26692977917
26491.887423038752	17279.07249042477
5447.6894448226485	6336.530209852748
31226.18778550065	52006.66305761222
29888.831272234092	14673.835609247131
30043.751497503836	19435.964576680224
23201.20149447538	50842.1010465237
24639.098781760906	28138.480819240936
17920.577901901244	10327.25565593334
33201.747237040196	23875.494458113273
38373.19795426022	32009.66230044577
46826.6626548476	64653.564401029966
28123.460244493224	50981.381588250886
33987.51104139358	50970.862159980556
23774.377674525094	21471.507534956272
15534.125512080234	54425.99309843716
50015.80690384704	46396.26085722449
25684.75754123483	17254.42258990699
31850.274858955534	51696.57437893982
12797.552583946614	9405.84253424992
27604.18286873892	23954.395872226654
9924.125162335986	16025.878435190627
41156.28241979458	26176.121257014558
34775.99147400861	41806.746369668086
28920.128497753045	45086.46974367332
27710.235153631955	21381.732070818824
39889.63625784132	64370.37815031543
23262.423786254203	25669.644773117605
35079.9606637798	98613.07314733414
7301.356058504862	12923.548965326474
11239.476243422909	16811.9246904418
74913.727917608	54054.01937782451
28238.1017868426	19475.283209241494
24661.893845061462	27276.347860278205
13100.022444841728	27773.906472142087
22278.294184750997	33556.970437538665
17388.24713224412	57042.79450380093
30722.164721312383	43371.36969207227
38825.024328857464	20672.5683198065
17133.787643628202	60126.845146037005
22700.62640824818	10005.037268082882
20255.069730393698	34779.75808878959
15387.23414759831	8520.147143564349
19698.68712324313	33521.28554651755
27918.48555814652	38193.5696240076
24014.321016414808	15470.803624977125
28552.288438837983	25079.294537949605
38164.355898183065	54158.6057736161
20805.25340392393	24336.58309613526
39225.68005750176	27649.197596373644
33052.43522002657	36150.38548854888
9530.866914955597	19346.007142027305
17866.400342886056	53958.081804435664
26693.510702990054	21970.178202536423
28157.48916359297	13970.296953716253
29054.973831805568	67147.93025189506
22352.6736903656	61273.85737883438
35484.31759385747	18229.157167298956
25332.64013225628	33477.10114732557
2358.6484980670334	12967.04245082572
23416.7629566452	47529.12255696155
20911.812933564812	31004.917771960838
20368.727038416262	26195.19628364875
27448.794712064668	22514.865988959635
25310.29673263279	39736.36558256609
39624.24780720645	23446.604962013702
20046.98321290566	14739.476931216639
21748.127979578032	38648.93754170926
27891.50935686889	27958.259612279937
21815.088378408367	27803.464234860643
10204.980479092506	8839.638888175412
27739.084263089477	23404.43221795111
27427.029638945245	36287.82828264154
38585.241157654906	22896.470211672025
18309.325152129928	47237.179661123184
15544.58994933421	46093.0823443705
22560.80820233575	55961.96033844086
15006.111816880708	15417.985930071565
6292.648030745607	10210.46679723963
19985.965267683034	39541.46763190536
28692.270465320697	34125.62087224577
66494.56133025195	80842.79248684314
23625.76402124903	29179.48417388018
29448.350128745857	22954.09002799856
25450.649458931664	29947.456149239115
26886.81943611849	43378.12188438337
24850.429292320077	41432.336996074984
31628.083802926027	29558.236613726753
11913.214285991591	12689.222324544162
30482.704931729153	37482.939774648265
15664.21195818161	44140.39106313096
21064.369606895547	54086.399474347476
21264.297982804826	15679.78039137865
7645.4185058956555	21058.280526948078
17660.985406294643	20197.643695493403
30534.00967758376	36394.03557525604
13732.080036310002	7513.749120188726
45808.28869301589	27043.667785973666
18873.31886617799	56037.8251522186
33966.28792580243	23653.305419152977
9558.534865681744	24594.063343004236
25587.28279762713	35895.8296617433
8512.924320612789	26082.662540412635
10913.294610600371	19294.7401294308
16817.510881753744	18561.775927050097
10465.373836000279	15272.619581403711
10140.029962010494	7506.890094401022
12154.457774380131	17312.304759117753
14089.573267454572	32146.321124561036
19794.763617509147	49359.31644749937
30171.092875139966	45747.20939985959
18560.08919108225	9033.626317884387
10354.61323225816	34458.60655639603
25834.949593922807	41889.108029678006
4827.068364057397	4847.2066900275795
13041.901921001432	19698.72063395987
22825.671750294117	21918.503705794228
25585.14153290332	36888.29146474581
37465.11096910617	32526.867319294684
38177.02990297205	53625.89174653755
24397.60160120846	30105.425588478138
12379.524236217305	18343.189805287584
17050.2970305909	53149.555273005564
17945.2041053629	24488.693850083335
26031.37748902801	19857.03443690159
28243.899987072822	29176.83958860735
19023.970096199562	27198.61743335628
30913.415104602165	20314.812688852562
18391.08379221001	36980.65799325202
35178.56452680058	24237.586521560515
24341.459683823632	48163.32883697117
24992.91636642605	25813.881962597603
11040.298450316344	9300.468026659819
14844.903996178266	17606.475594759864
27056.358304811427	16008.772762963032
24534.078779753	66092.88109646612
34438.883815272624	30381.829018385353
31086.67424441041	30782.283235083458
24654.952404578093	19691.545964837733
27219.481257229803	17627.580877827604
9782.302197315788	15819.131935085728
11163.150762098903	28972.009027758788
24509.671850159488	33410.83672844593
16353.784803850554	18662.813222269226
29625.150965461005	21107.492148909765
25459.701911510114	71246.187397726
27774.93292286757	17562.10546622887
30228.086711487766	18535.280853109954
20156.767293817094	18046.491869372614
26531.797437982466	40709.17260483095
9835.241680746287	8512.501306817789
63894.96779213666	57837.96455429407
31546.108195504556	45509.57099403854
43650.478258342984	26647.07952723774
26340.780499966804	18614.90267113859
13920.025609189332	41869.65208763296
26851.21652346429	31902.146555489788
14448.264350753467	14233.95202958065
21751.310733704886	30650.748601500927
39481.28472082054	30590.57809057776
19921.042842682218	13079.796528537287
12568.786630273231	7339.621834128078
29856.128422247355	40100.57400459586
49296.0116227101	96143.73676888464
18670.15426485917	29651.469307289437
30029.305269874567	50135.42251760067
34701.70674908023	25549.633663091034
14120.46922750798	28415.46549460208
23598.926001041924	40559.597456608375
12615.037693615366	14233.808960114278
23532.743228699837	16068.148913255085
16535.52573350298	17250.027564702326
35587.954741425616	50826.546508343075
26125.299002036707	14081.258255947052
21582.530388977655	20547.14743676851
26041.155571880732	44630.24867340081
38348.97943776997	25662.15838907608
56467.603098826854	44718.851997791295
18712.620706846734	21925.669920750253
30954.79928934038	28265.103065046336
33629.40622378658	22653.73808256518
29846.951810024824	19943.428122371966
25024.147382222487	13579.931724351298
22921.41068979736	10918.306948617206
10723.629787931659	10133.766567580016
11975.37138032367	20901.713254192975
12438.412724168673	22630.186619406573
9614.410480870243	11182.847079376237
37196.2938496961	47317.88804602132
19424.99293012226	44062.775943265064
23109.407491289465	43596.8358875436
21850.965892428805	28358.80415083884
35809.523235654	61285.44030987737
26933.392407019513	37737.837953463975
26715.09499523456	68667.36699586667
32396.809605790644	19910.101697024133
19743.1802625157	37679.52044282886
41074.14284111066	26391.31842792738
19371.49963176954	22902.724087699844
33267.8608108425	30836.864834268952
27684.619208568263	48654.38410351274
37684.62430539038	24636.511471271606
10553.055145551258	19470.65848986403
5713.876823267134	5667.8560915415
24330.557424986	27553.64898114225
34574.4601382453	34179.2409893869
18550.463817312128	22406.010883754894
19306.981948603752	37459.5952380901
11981.488341789123	11686.389002082811
9930.584084997361	14936.149774907452
22674.823529344103	52129.90053302986
21569.739468818832	34506.731259681896
8016.713052404992	28269.978801490266
18670.59548219876	43334.81970667966
35837.65738720884	51552.26849920486
33942.28317083129	39351.14394053263
22352.010022374765	35565.782127324426
21675.68997598483	23973.165565473
17477.833117205504	19102.198460946223
26067.46143581778	13686.418987544519
14561.946957026768	10058.069145409034
14704.447132812687	33964.75790875819
22301.21730826064	26963.298947655832
5396.948440763972	29600.525546690256
12063.679449310162	6147.850911161631
33175.128162451765	83427.64984706897
21563.229177944384	10767.857058213871
18678.996407446128	59384.48764035297
35651.7759784321	42681.55323157169
23915.616590979902	19722.839687915635
19063.842875042043	26949.498858272298
23780.38595616359	12376.44895137482
22537.394129613982	48204.47317995473
31739.219221436364	31779.39597871752
15698.750896293053	11640.48529383418
30351.70525838274	23886.19472835202
13349.346975610737	7034.362546370551
17451.970359587525	24913.381200966793
12481.036412254434	18384.416072434426
19599.295937180766	26088.04146489606
36879.034213106104	42631.93640274282
21854.373494493273	41028.7950439828
34986.34472783024	48892.422170369835
16800.857459095663	17180.3012923267
22434.30395904384	28793.830025728494
17958.141250367604	22307.400222681776
37700.50262175999	56319.89879526847
30400.605840689175	17502.1362730933
16858.07254469947	22383.783266757953
25001.497918066838	42969.11211289101
29389.88362304413	18587.439557080488
21030.80110790416	39719.33049599393
16715.8861971887	8844.68179404713
20329.423366642142	59957.73616145159
24727.93274388541	42982.12770346581
18625.23779514554	28875.34952489758
19283.91891714531	62277.58320491291
29089.311051270088	29294.872547176186
31162.56626377	44233.02912512024
26691.410501839615	61268.42376803195
37822.93406901359	28107.53485535855
12117.288158850555	18357.794181974958
44492.520415010986	53764.349031897065
28962.187049263943	65479.029891099126
43436.74873380078	31705.903568553764
24118.89004036979	23292.133037108324
30543.531250046766	19473.5665891953
42245.26280644399	29574.505704967105
21304.185289000918	22679.29913484166
32023.86409905428	20384.837759194597
4908.276160361284	7487.90727757244
20918.257351849024	11078.455214618167
14751.874776384948	35873.58614278354
33239.808065893405	24441.06762978377
17374.353223797243	20293.651349491425
13910.709193747847	6776.71869579305
29638.986320958917	38401.13036314298
20585.802334763837	39399.80023168959
23479.198221561724	39085.47564349271
16341.96265576949	12583.438881159678
11083.163327007369	22458.770729360836
27365.278961738404	19496.09238194941
28472.595142094615	35194.473366632854
10758.691493074399	12437.674462548172
12322.388521134495	14892.706694852668
53494.033761607396	77016.41934640266
27559.88074281836	17928.94689357731
16626.08457975617	16983.93072859076
29970.843849135712	36348.458196983054
31261.290477299946	21318.502169873755
25847.2887158483	45967.91669611297
27458.291859268757	22673.409513365794
29298.108806305325	38594.86198942891
36640.2843876024	22598.265028059523
8412.069653451372	13507.580333018926
1948.880793066947	8395.721040469049
27493.534830685974	20916.69180796262
13641.135633172518	17229.781213857532
22311.180432112174	35205.61349615954
13787.224704233253	16176.724349340533
21371.970535185337	12177.541523136848
13558.77087236799	19637.062486548843
21505.313199950564	23406.895166881357
3519.6357388726315	16870.073006220962
12483.662512711495	18150.003512495936
32066.084937354153	35460.92498854014
23432.787358140522	16068.450368742671
18876.637633248705	21970.375741814143
37656.757767456686	38333.09187269517
32750.175856240763	38853.14441291396
43078.31119464981	43074.27887708785
14278.65558725131	33391.234830506415
11617.038437560854	22758.39494215127
16558.201786166752	48383.94603513197
31023.296309611458	22931.804872966062
23964.784926087377	25838.36326496869
35833.051804134346	58792.18000683273
40392.63123180342	46187.672042636375
33087.75746720564	52555.428596209145
31046.688517922958	36594.128857689415
23758.836715954614	32872.7742201445
29429.11390026271	27473.075115385545
29893.79032763902	68471.06404024446
12249.153713781088	6198.282855674714
22457.256628519764	14340.136189351548
37047.939028572524	33158.36448820561
14979.77165757424	27099.569106618896
35718.569025416975	42469.59092380218
18181.855209812333	54935.37631655023
27225.565565941928	17141.0693883366
14192.891632307417	18263.758873710492
18935.012460175898	9263.965130218327
46424.6904316723	30076.35413229737
21092.035423249567	40518.436672942546
31903.43643686544	19143.784707698884
16465.78305452163	24286.2243284366
46782.575742755056	29984.029310357222
28668.8418312025	39520.67111395447
14670.683515842304	9033.953235365863
22182.685863749695	68871.44375050884
33819.251914170774	94833.27202006469
14042.064263882266	11809.048462688344
17677.946848184714	21454.547189400324
19279.029795994706	24468.10729033805
20631.351783883634	20934.89891261784
9186.3527152839	25430.15746594603
27932.951449190907	31247.101027435823
33872.37534421596	45091.428223231116
32634.505546083758	13460.556053487191
11346.650720589992	21728.382742981667
24220.46777939811	34380.11447399638
29440.805666423206	21617.953357580045
24102.528698468006	46796.206622781916
7323.803240097743	17480.56869984199
46233.81020283728	54703.35361241523
33215.19141671316	30182.031594467768
21880.307032860783	25024.52812921523
29803.26390198733	21276.06647417064
11517.731961066082	25859.810900423607
22024.326574874976	65145.31169982611
31217.578626241375	52987.61915815456
15023.53564561288	30946.208015615375
16877.097007771532	8903.04677455021
10030.520410685633	3571.879115416743
23431.41453148982	35063.72449839802
8154.827303737767	12982.707859132368
17008.34273518874	50684.31833453811
24214.86096096931	51976.989348752955
20302.739728328943	19403.992001378814
44066.54395973173	35435.03377318678
38959.333577928635	21770.708899684472
16186.608797896628	34483.841944595915
21101.259493662244	25866.52076861624
19980.037079020578	26573.185686504465
27444.914718519278	25026.80921745578
26170.288090021517	16506.29007583353
20869.757475999824	24214.544506365826
23033.95954743729	28149.56474646465
19844.93591026941	22243.927008714647
32728.800897933565	35629.135399711726
19623.90368661464	29162.48846149311
25077.764387820964	28433.982513524657
38709.97484172997	62539.54283193068
29996.09836277373	26902.918051643428
14010.861199291196	13632.034585613925
29636.690586173772	20921.031694127265
20498.136937535317	30008.028819986685
10601.789551883405	16176.528280937804
40226.87829544248	45013.573388841745
10456.065988650691	17612.649346040685
24892.564112647226	37327.47918548755
25814.27525425346	36868.555382206956
