1404.2284840779
1401.813726026179
1383.9368310330306
1393.9582839607797
1438.1910752137562
1379.2557240006572
1401.1675616364969
1484.113809588505
1389.4232698791175
1424.8352876070248
1397.5013754775327
1403.056485471002
1424.0053423783575
1417.786343358599
1378.829124565436
1496.5290405737924
1419.8617463455867
1379.0050253871032
1417.5840720316153
1389.6224150580802
1388.391651157365
1406.2767531403165
1421.0992870081404
1409.2699843038645
1452.1266447028484
1427.04265586022
1450.663173276768
1467.8284245585673
1407.560651299039
1425.3798781962705
1444.9259678425672
1423.2106889294412
1392.3445766616364
1404.7331146283937
1439.3276550936619
1422.3714737017608
1424.7045004322083
1432.4532686573993
1442.4366165636884
1439.0972309894973
1392.2804234026714
1376.500381342698
1399.448723186429
1436.4907299308866
1381.6118456345325
1483.0389027013402
1405.1845701789864
1445.304720997614
1408.786214766159
1502.9582547140628
1379.8008775028554
1437.9466006236507
1398.107125051214
1413.4568897438307
1441.9428501614516
1424.8343917034958
1419.209314761415
1437.6909804023549
1412.1574395684388
1433.0088460886318
1419.5239808054248
1390.2511195730583
1419.9910030126998
1427.6305870819235
1365.8663205506255
1420.4920659699374
1358.402594415888
1385.9354592180457
1484.5201655262135
1429.507767486183
1413.729226194151
1382.2685564746334
1405.7297604325827
1369.27290581439
1424.5059733030098
1434.487491838987
1425.9643982853258
1423.9879815313852
1437.0514076021902
1514.5974649264667
1416.2782467432787
1412.3356302583165
1445.947914783907
1381.1056433941146
1437.0991710562841
1409.6889688838107
1438.7843313270205
1376.8274003124397
1442.7681490409122
1389.797155522307
1446.0405543561624
1398.8712077376354
1424.5644983204443
1393.0334736708078
1387.018319489258
1441.5220630708745
1403.3432808845218
1437.4510487472824
1409.6861349599524
1420.2780356148521
1410.1051418608722
1423.2460854178762
1441.6917398534106
1421.725748265263
1414.9113434787512
1420.4629415036843
1419.509719192838
1422.8711700103672
1415.195566220001
1444.8953794585216
1365.2389841338213
1438.9998056546729
1382.6841069436666
1389.7822069165654
1410.2291414797037
1414.4796208265416
1407.6209268542907
1465.245150275205
1425.7124694125012
1483.248970957745
1415.070971048082
1510.7652180334399
1468.7481990799263
1452.118451625251
1406.2795171182652
1442.387956171678
1444.9848901115683
1375.9439160230665
1421.3934026468737
1394.2531122447988
1455.302513017806
1484.4259105873955
1424.5322872765344
1418.6950259598575
1433.9423079948951
1443.5490489255324
1382.166025595789
1388.5234502263293
1413.7571051304585
1426.0459623459237
1432.1197914722425
1436.7639977525669
1416.1736171347493
1414.3267986409555
1435.3249253514323
1447.3912909944397
1428.2083065788502
1423.793910249311
1408.0823439879678
1439.1258106084247
1383.7329319700498
1435.4129931812067
1451.0687617441656
1407.3768799866318
1410.425183494217
1501.0021131484368
1411.5173699671986
1433.5518255539976
1425.6926547268254
1371.2944052222438
1403.2388106804299
1393.3264627294282
1409.4510523666522
1418.3635825108636
1426.8851564957868
1438.290712553477
1437.8990109651036
1352.5087470752032
1436.0842392631512
1422.7724268087418
1408.533471272961
1438.4916360663215
1435.6365826862905
1439.8932744121807
1390.9084193536476
1415.2541097360138
1407.9993992419477
1424.6949979051885
1379.5894790766658
1429.9777346545116
1423.982867091288
1434.645120774481
1414.7932297277634
1391.673578869474
1421.6423201549778
1424.8695099364536
1366.4220255468895
1433.395260051222
1405.3684631932938
1509.0636021632022
1437.9505285812857
1423.140694110802
1417.8478072311677
1439.3539994188225
1408.632662526632
1417.4006205319884
1383.713724183341
1441.1248788653415
1400.3588075131256
1405.6654628529702
1426.3203354206128
1361.4802374405028
1409.4576546647336
1481.374239129751
1383.1516558446222
1485.4851494435425
1406.0251323371253
1426.3488435597642
1392.2864236938162
1444.9039983735354
1373.519401017934
1370.8210374203481
1400.9502294849572
1407.5877217792577
1374.6092347150347
1392.3646194207988
1392.2266203450602
1398.837133043956
1429.5895823490869
1396.014708540742
1371.2912489864743
1455.7334117960954
1366.3457546842837
1425.989400012998
1409.5386595018408
1426.3319224503402
1431.3910273757942
1458.7631791564197
1452.4416011951498
1412.7626976348542
1415.8481785961426
1466.479974303063
1412.910373993735
1440.2473833981778
1421.9425774654728
1439.5427432044535
1418.039692348164
1406.2711449302942
1437.7258090572218
1440.0148410890265
1362.3688094218248
1392.9829527499455
1406.7869651897909
1406.5414985634984
1426.5190077261404
1410.9801721712752
1418.0473408790604
1420.0225091380782
1367.4352347034342
1390.7665901460575
1459.071821364179
1426.816732793592
1421.7270251435912
1417.0559831388327
1430.4302111600932
1400.0886434379536
1420.6545868570443
1419.6348214639022
1363.9722098147934
1414.5650954558819
1430.8282584343021
1421.2084730854808
1415.7010840822304
1396.5520973518705
1424.7590091570958
1404.2391154481966
1433.7820112368538
1405.8217833020333
1393.9804121739066
1376.572632444907
1423.9185939671506
1490.5516953529955
1424.3244191127205
1420.0419360808887
1417.645426526546
1395.169289406755
1416.401462511421
1403.4317635864784
1403.873198852516
1375.6934849639922
1474.3546390848878
1400.2752426037905
1420.23645805115
1427.896879234048
1437.0839334400448
1505.8365506431412
1405.1553023079466
1431.960513226246
1434.9169990978103
1437.25483517175
1423.190393225452
1423.0955437536609
1364.3375320584887
1429.0166953966145
1398.5492684074406
1395.406142158026
1442.24779885096
1437.365642635543
1438.846776012752
1400.0253991645054
1487.9052335952651
1443.5831428507136
1421.5930026612286
1437.4112603790045
1432.4858336645948
1426.5968937235284
1418.6201399991714
1421.8566992060491
1423.271481945198
1459.5302068085957
1405.5109025032398
1358.3381173764083
1411.823315555068
1446.6110520163757
1393.1716691444572
1441.2951741391876
1380.4799099568363
1368.9475672759058
1422.067280136615
1410.1117305968546
1387.4426306121109
1402.869999464158
1433.4752626329487
1430.8016529441056
1413.9214424692634
1433.8740155689575
1408.9917177618477
1445.736532723312
1380.7359680352943
1392.6631750594966
1428.8484264289882
1366.5726395789984
1365.3033799415143
1465.244091192169
1384.6624444638423
1431.8747515935602
1422.663278540785
1417.1194554698584
1406.854114881086
1392.9779869674094
1418.647458064218
1448.3006996202798
1401.4218404478402
1416.3594639694197
1396.3779006861887
1406.6308942035412
1359.8960578966855
1469.394741293324
1435.145045040328
1417.3206163567525
1500.5290215038349
1413.861449171964
1441.07897152598
1389.3816794549996
1440.6512138423222
1438.8649142518366
1417.2681012133942
1374.4139858487424
1407.418307987593
1436.1678168803892
1386.334015149102
1416.8221191623647
1410.6043315495106
1421.6433648778957
1427.7139996677997
1435.63410663337
1412.1736830880918
1425.5248537281045
1435.1984064081635
1400.7576174799137
1431.4595022663975
1437.7895056048317
1419.241583264431
1461.375148445506
1446.100691203616
1482.9820897355542
1393.091678300252
1433.4464797461374
1365.2132402798493
1386.6904315438896
1404.4081227871948
1455.322659265893
1392.423612962539
1373.8874129275969
1433.9794262538462
1435.8476251105512
1435.8699680932539
1397.0570593300777
1384.6530625921628
1425.4469757711145
1409.6941630694769
1371.396498842239
1391.3932910260933
1443.0661395568877
1401.8462783573768
1407.194594899585
1430.7192170328299
1429.6316551680952
1420.4426654161048
1416.3166828801257
1442.918378294824
1475.7643631147175
1369.0043387878304
1342.3482556901208
1442.178466901731
1382.5635996134422
1415.4528468650758
1412.8074531283967
1401.714220162073
1381.4502673441864
1427.7732220610794
1350.6794471842022
1401.9547701091635
1502.696809437982
1391.8110068956862
1401.1809493572696
1423.6227492471198
1431.6610899297539
1415.1142858644553
1404.2229567624613
1401.550941124358
1393.0735182877931
1447.604293456805
1416.8954539583517
1414.3704512607837
1496.1289565035036
1412.5871179233231
1413.4727709019066
1408.952170364002
1420.6862262499199
1467.1431484758448
1365.6692539455366
1417.742664383364
1474.6694149746063
1416.6511232076869
1438.7277118070015
1388.614889134074
1433.6835258546694
1391.3246357760195
1377.7394328716919
1474.5047833842789
1416.777142470525
1452.6700634192343
1399.4003069512437
1430.8621626703293
1423.6984445233722
1386.4696947168718
1398.99295047828
1457.2915350080846
1379.1504037789427
1408.6390801405112
1409.3958314735123
1422.8879941872715
1370.481777658586
1442.4029642718604
1460.637142559209
1394.0550158575425
1393.8317166071934
1435.0008422943733
1430.315577003175
1447.6475813364777
1379.2128594580372
1547.847887521381
1454.284652883212
1428.9938261283155
1458.9031134949378
1378.1598741637204
1436.1468578552576
1423.8035162359115
1437.6400359102636
1371.9847212644659
1348.251630146141
1415.25822024397
1387.7198481090186
1394.2678507191952
1391.4648120971124
1390.339197579423
1425.7756270200875
1466.088417673991
1458.0909950011937
1428.3550404620212
1418.335402661187
1422.1614329587328
1432.1635019216844
1419.7825763820604
1417.8728712054321
1417.7127979293364
1429.7194027122491
1406.6860816484748
1428.8504673675498
1399.1487100277645
1437.9151183243555
1370.1180785001338
1416.9286843545447
1408.3370370037078
1393.6724549189375
1495.0216809268857
1376.638104696141
1416.9423816022077
1433.2472496560722
