223132.32238701746	260744.92702066796
218330.06858666916	275832.570357147
219092.9223005866	277030.31299705955
215781.10496481447	281828.1530548588
215520.34856361547	276264.6964080254
217839.94059815822	271070.58723384404
212615.35339209042	284102.39145338105
215287.52788022533	293231.205285706
221342.58291330008	282354.2535927689
225830.23589824326	294874.714828184
215026.28466440638	289807.1061070302
219930.28433772258	289779.4477238324
224832.93464855506	266970.49847822817
230347.84766117646	290110.5964440277
211039.13495396866	286446.45116068225
223539.46091290808	266530.7181053648
222445.79641039408	290740.7897374603
219344.87426716508	290780.6046066623
220861.82271950797	255335.8412812135
205567.98450979078	287396.5172595426
213274.76883000878	277960.4262465654
222274.11655447248	273815.6083471859
229157.0088630229	282054.5798120089
224898.80217549714	268417.55056635966
220215.12244582025	314388.92935448297
219220.40469734746	281792.3886412711
220616.3239326072	276898.12262132
223608.98200981776	308289.38938214805
213489.14622734068	275692.3306693915
226113.02601498817	284224.1685035876
199792.79208625044	270532.06451476755
215138.7815780258	281194.6235671616
213217.32217510272	295177.2638840932
226678.63308713207	260869.80959020433
223218.8490510903	289222.4098591456
213026.59040939764	294550.3200831545
221364.53624217506	287204.0528779499
220676.79896782624	285674.27002204524
219393.36456143012	268414.5235474433
225899.86396232358	278350.32384498947
231036.1939258081	297745.58278861595
222306.83587578312	291824.0587460067
224952.8218638238	304065.44071214396
221774.91021360818	288289.3733060553
215397.76318884664	282460.62725007196
222485.97447371786	285454.9312483212
216827.6689655294	288612.2522863697
205242.91319854706	281018.22396351135
232733.46552992234	284640.3013937597
225638.94160286614	283088.09439690877
207433.75644068856	286708.3125612064
232974.53620968258	300511.2986260293
225885.43442178203	309098.86414856394
226735.55123274715	282817.3644141279
218264.7961636558	283156.4671866953
215730.73494932143	285060.7419637174
203687.80901318253	283878.90634460945
228009.40456429578	299435.2264780154
218646.77353834052	269606.2075074689
216907.35991352066	267233.8639703913
222194.10338878664	281954.9643681573
219157.67054838658	285336.0729027939
227057.5964085782	274342.5761878509
215366.9797352994	268389.4485163755
215035.0511313804	283161.4818853012
224579.66978701786	304699.791759666
221925.1938652725	274960.594680102
218176.6287715488	273227.632719427
214790.00773261557	276219.9479061251
214648.07116047025	271095.64562882256
226276.77509300504	303586.5933323135
219278.8245641197	288540.69747581
211750.67898767043	277894.11438421777
221837.14855392306	272206.76835502626
216907.3775819624	289872.752111619
226724.60716551	312032.3975323421
219461.42480083538	281688.04003238387
221066.4374011025	286282.5539537264
214575.0520295644	301874.1445352678
220089.78176782245	277785.76159621484
221690.67427128291	307146.40840964223
230717.62268432276	275005.1022147903
224606.2884998652	302030.39461720147
210559.50366908382	280490.7530108974
226263.0607554536	293028.6473697275
225432.53407073693	288714.9616423591
202487.47156296356	263455.46768401616
212674.5146560955	280514.75727650925
218145.9864166642	281429.16548613086
213584.83918985075	293262.97559668246
229757.8611233051	276717.6327621839
213915.01466131944	284108.3142780211
215949.31864389926	284769.0743994869
209454.7955632023	285835.72436389746
220597.49072751627	270376.91738255427
222229.91006332522	274216.6734685269
210708.81505770265	283163.7529927581
221010.9555444963	270694.07703834545
212367.28560336877	280202.14542993554
218314.6880092531	285447.3796494802
228875.65451185615	276724.19812977035
219979.7986703312	289763.44325137185
221074.82610550668	272317.6221977405
215112.43179574696	292338.1026887183
213249.7071797006	272727.7744562865
226015.45155364316	304870.4727572518
216139.61118166256	274868.95597106457
224154.48158702973	275188.43997493514
229675.82076699432	287113.2664878129
217401.28498793556	278301.8546287071
222028.06806586223	258090.01976146066
217518.064172265	293457.0827452691
214573.73951948254	271451.6967640571
229053.45202803912	285606.9205972127
224478.38805133887	272692.0085088871
224929.48577187283	282216.79531799327
215168.9987901485	269150.8237684936
223316.94723032563	283022.97265168256
220625.63233008757	289220.24447574536
210525.06875601434	309982.35644467385
227763.8376285511	293710.01929986564
220080.27223015143	277220.48311702494
221597.05149004905	266855.25336265145
226101.38453534513	286353.8473526505
227399.4520358182	270905.08382985834
211762.28831937094	288981.3326610969
216883.5888326998	281503.28419071314
226537.30386410048	280913.7875425818
231967.9755473988	276197.8364084876
221216.33855804565	288008.7118548794
234035.94909673018	272423.2105106432
222686.13961162802	276999.091396712
215566.49199557252	294298.0972420063
218873.15639470733	259905.50944409237
218546.5133657106	279349.8916985011
221528.73359128664	278907.6495361757
225074.77995623127	275718.7764567379
219108.34063594876	280391.28433377785
212285.99233685623	302493.88231527
207971.49150293996	277962.0905655159
223440.64898904046	267759.3593478379
218699.50481766154	291840.4346952097
213436.81174681976	282685.61712389335
225064.54315640253	296657.28270845517
223358.11379504483	287889.05616745993
216766.5892978557	281555.7517789773
226576.22813775373	306723.39163162856
211413.66911728564	281867.2160695824
228195.87835564508	272778.04403146775
222445.53167473618	270531.8757352132
220619.35842039762	256648.72481745848
214341.06014849938	266892.3312186324
228373.88508759945	294027.0913719735
224544.665596288	280092.6439409037
221210.36478981178	269108.37445690436
218023.19488085958	277640.238630061
213960.1564297955	285461.15502546815
221103.6778968369	288659.73842614307
226282.8641563609	282073.59659169975
213815.4576187407	284426.4063464445
228333.90199353924	279965.72670771665
216042.84961755556	280893.7407411205
221157.56102994873	282665.034052064
218444.7560879981	291197.036752424
226714.2485317993	295392.91522578907
223446.35279919687	285646.75331758155
204669.23226802424	286363.0912218664
220872.51973385754	277970.28214848676
209569.36576201709	287744.1685023765
223674.03103425223	280271.39878773113
225353.5970097354	268478.265355272
218825.90097366698	285522.15290201904
221398.22923793414	292599.0533463854
218259.50065978593	297678.0645970165
221233.5488465519	294965.700038579
222901.62386710764	278414.057612561
209205.02461928333	278235.6367328103
223882.34577547412	280349.26635709225
211540.39734198226	282492.9445964688
219915.3207079299	269498.60098473006
211335.60692343314	261707.09153935214
215503.5067964627	256578.62251259308
211707.49379989668	278364.96438653267
225913.33233870822	280748.87899361557
220062.50824389883	278253.8240667645
214767.35188009357	282156.54697193066
221505.13286973065	264270.7631235124
217366.29241744368	279380.2644623965
214572.73779399792	283712.0326164167
233742.76255204526	293698.0221930617
228452.7580708722	284888.23690253485
225051.29221064315	296835.6264786158
226291.87630661804	279025.9520809596
218793.29773964	297210.2333758052
216363.9415611247	285605.7314609082
217385.1888401146	257109.0671908126
204378.66558587173	286688.7682078065
213226.67276558682	288009.6364584682
219601.69616912236	268933.62348132004
215948.40454409766	264583.7188135844
219880.3003372721	297888.20170700614
205930.43252821764	275463.08501861145
219324.92892887496	302284.4008758516
218106.39191541637	291221.3407670604
210082.5576757749	279304.03723037726
229489.73177561694	275618.04917342414
213185.5748099118	261235.38506834372
222060.5057043603	298089.55236670765
227138.5906343841	315766.7605663077
214886.45896869712	326227.01344842813
219310.68201445107	278450.29492023954
213277.92752711463	262169.6550983392
221024.15530997707	276267.4691688501
210935.22487921262	308765.1837681705
224465.91997240184	266438.51420874585
211750.99696162855	303806.90824794344
216460.6254388481	279230.1114877593
223963.19517038245	285025.2137428411
224608.49635979423	277352.15938357916
221300.49906295942	280158.5006954214
224464.64361881843	280080.24237765564
227096.13024452305	275927.58123538265
222748.3650161625	279335.0608717507
219070.25292911398	286667.0145628441
212834.31665257347	273345.9081049767
224232.02928385534	280318.94341921865
229915.18170313435	278622.9416899207
213890.02224250493	297221.9732026949
208259.82936676696	305255.81346155994
224712.12214914995	279723.01728210575
225503.68593998218	303335.1249322081
214633.50561227178	271435.47398041503
221157.66491788952	277609.15507521597
230501.03426346334	278362.71718645626
215582.81129134202	286750.9187308145
219303.61808740464	269904.3530512792
221196.4972554081	266219.6861036533
214452.69697932477	288270.1911791236
222332.5565560495	267522.7813582281
223320.53948718784	280229.61206897016
223908.39650437745	283957.9585620804
217598.43223058456	275946.32509923674
222016.38080837342	273446.0819761535
211400.76632885815	295744.5762262241
228609.79324408702	254566.25302055746
212172.70880816726	278249.4023398663
212888.89450637222	269061.6484928193
227488.5804972537	285907.49981256085
217141.9761877131	282265.99364180927
218611.90596933017	289031.6200892122
218127.2343841191	281245.2806671539
218039.47046234907	265997.7501828585
224128.27976200718	291169.4186371707
229110.67179449418	296667.2547619594
222796.85384438263	256504.52811441757
226355.63781623938	254607.1797662099
217787.07018800877	288598.9565696053
219912.05607535626	264559.0249625977
213943.6853002687	282282.3649507909
216091.53123760276	290140.644479202
213538.13062168233	298431.262795781
238553.95061648212	284234.7813067598
217224.30451382612	290906.5168153027
219436.39925812487	296997.6648729926
219167.21006346963	290588.212514174
221634.4675717661	281627.36080121587
222507.64952523157	275372.5479663666
225949.14265965341	304881.18404550996
214343.24441736712	287056.22084658855
220217.22360853438	295059.7535372321
214563.9554656364	289216.18186882476
215237.82831019245	263910.65753582894
215481.93121016517	269050.37232598895
226293.60738388848	304124.2406324873
230908.31473439498	285928.4233184573
226627.7908786594	286470.9464721229
222258.69955354457	287160.2867321226
218508.0817995473	291392.3264766822
217352.52864976233	306262.2614371093
218052.75449162483	283120.87122146116
216930.19472626955	295784.4496196032
206746.39973471613	256217.58091191624
212925.68205198902	285188.2167915924
221699.56373611232	286309.7369178163
216209.30910050622	274138.834038751
233883.62741228048	294125.0190906228
211461.05826121598	264530.71220394276
211578.3388087296	274185.68377764866
223392.04852740176	290570.57077911583
224895.00780119066	270627.88635841
223638.08912718322	252664.87165450017
223587.32351840066	275110.2771419807
226603.61971308736	299226.80427270033
219284.61843675753	283848.59223914373
215329.04261387017	300386.2672041325
233472.54560591877	291451.78113932535
226858.8939926261	272516.8622753069
221275.29308555028	273101.68110749096
223508.97714681475	264591.5376702564
231594.48462859588	285864.9724347221
219206.66800853214	287505.3074230695
223737.26297463579	287708.1090012424
219906.5016239579	291675.99170117435
220525.32001416944	288667.5457711923
212221.49923213487	271773.9431371372
215930.58173946262	287124.96331649506
212253.86961966875	273389.43525070214
228296.1608896915	265411.55050628784
220161.5351832811	296655.4234121743
221331.83702547342	292374.8161534868
223787.45324827792	281183.3427699902
231408.47568748475	259624.13600763388
223290.0980536261	294700.76398088486
218950.1319168684	269222.70263009507
223557.24943977894	265387.4603119004
209171.2551273008	270389.4530869926
216973.54333355738	278710.1937733815
214482.19416419137	280965.13383213547
225506.11231714068	283270.73379559943
219831.1580810628	289268.5761471122
213298.72821013985	285695.1415914813
212490.8134565538	288752.107107409
228309.91235155868	291994.2505029619
222661.23063284933	275477.5618103668
215857.34703765734	275928.42261108354
215730.18371804	297672.55143308465
219436.40788784702	254375.59286610203
214979.2277299683	259515.2339870942
223107.2885964687	302638.7364721211
209922.87614805507	290393.02443400817
222715.24973758956	318059.3461643654
218357.33811282367	283988.41331031965
217031.09280498832	268224.6660600384
219888.85252942808	303439.08926565596
229331.10212775314	289227.9732229134
209097.83688577678	304244.73600015393
217296.50991564177	271432.7370312121
228877.9815222932	258857.40585814376
218017.28041123372	284967.06033049664
211809.0395673627	284531.63250075164
215963.22948149685	276478.6910343129
215638.50713987538	293234.00421917875
220417.6951180696	278930.0355338702
219758.64614494197	279269.6011295727
209705.67016280844	283326.2999598758
217451.7255789588	288178.9855223441
205698.3544283493	287633.48634369846
211494.5064737014	276902.20866165176
222977.45521897488	267338.4468083639
219173.66910850076	283368.31619542406
216837.314799184	261083.5966769741
212806.73780907536	273252.6548502045
215327.32867941595	284064.51797179366
222275.2969605054	299186.67542599066
207262.33236717572	282710.7880296872
236483.05570328617	273794.4088236127
226800.9079341155	293752.77284167754
219219.56293657827	284990.1625549133
227127.2583427837	282748.4109550251
213484.63924084953	264713.01511677133
231446.65516422846	308444.1400948431
223931.56125570438	286544.3754434994
208800.05350873637	299246.82275395235
222857.66540509457	291869.86450449505
218724.7836473559	291799.4869070125
211162.26120750158	286086.68410636025
212438.94953706005	271976.16946513625
228222.08241386636	276069.1907428603
224513.67875727138	280250.1112659674
219623.83655478348	283460.70311237033
220760.6234846931	268577.9498010166
222048.4011567146	303505.996910394
225009.4520752097	301894.5090386475
221038.02642403558	281543.73646816704
219034.32232329936	263784.3159905065
218553.12443385532	284759.7586320193
224452.44587883493	271953.7293826735
226167.0517901064	282961.3503531003
227018.24440417977	273635.1074777882
224220.2829789862	277760.754300556
228314.0067297967	279823.6342482993
216783.13640974727	299694.87215770077
220248.62555662807	262765.8109493252
220180.5612501289	267503.54796346
216581.6092977062	274570.58217694494
231315.75855494625	280989.864849072
212257.95329686013	277843.2038562955
224763.9310913891	276051.0351278223
224517.7143429181	272086.2546006256
219879.19710818082	272884.94134684326
220761.2157334776	300019.757771555
230518.48184030977	285826.4920303017
228427.4111962629	282800.92680393276
223213.01137289085	302855.57041146414
212788.4108690247	281562.7559390323
220237.24806300143	278246.87975948706
220966.82913925417	282517.43072313454
216390.35592222557	283875.7058208441
230963.9154169322	264962.89730208984
212251.28238243327	294195.77617466595
218104.56165988217	285215.7534516519
227407.36694300614	270904.4125482185
217976.38067020808	281023.8853360654
211772.02448369015	298852.8468525095
223401.37926297687	295922.3473106327
213513.67541918915	268096.18013880943
209356.28002206978	267746.5086348356
225398.20266242433	279162.49544054887
221955.65037708438	282323.62557915435
225112.81059050225	267161.140603157
215251.93618809292	277044.7286914504
224875.28038725827	276365.0276086098
217367.39576577858	284211.9285843159
233806.78850012852	287692.69280930574
224604.80216873484	284234.74385542964
228636.37779286658	270684.97657387966
230812.9114701815	266501.135827425
222649.27551187066	281756.22100719466
223748.6451862337	289169.53245392814
217577.10385144618	275406.01160628715
211246.06480448393	271310.66811979224
210463.7831728754	265301.7253497375
225264.8889681162	291276.74245586374
217162.9783263172	292969.9908462052
223122.79853461141	253699.49199464536
212336.5429398151	285817.4830127648
216504.42890000873	287480.4562600302
212703.00698903308	283111.6352950459
231209.13419535029	297857.8829169332
210028.94126578682	289131.57956752484
210231.5345475691	298079.72018086683
225713.99569174682	278406.09069140936
214398.73642980529	281242.4098489563
226791.29483584745	301883.87783256563
216374.47240172297	279344.09222521505
223778.86531276713	295993.640457486
211737.47999911153	289456.1560923954
232306.76236980644	269748.43021708756
223596.33070095867	274643.3527885433
214808.92065463352	279501.38184895343
231149.76386414294	284009.63327274326
225570.48604770494	281925.8835776996
222223.73245429242	272063.27851839585
224411.69451357189	282611.56096057536
215879.16980409273	285296.8425160952
222274.67305791998	283518.7329670383
216237.60818396308	288728.4546723257
222768.17964037397	287823.4789457766
220853.2320608446	289896.1938079434
221672.44871522425	270553.3406551182
220063.42854453565	296991.1639418182
209604.07128693836	282394.1068524967
219640.52441842013	291369.22697935894
220514.0375688036	282377.4576693908
210657.3658691948	275612.4911993387
231807.0544464729	287693.5042687451
231884.11315967137	283705.9095659825
210928.28346468153	271917.2435147715
225549.29832605235	294821.830966729
210561.48016353804	285513.6914689319
210679.5016313298	279860.0455252438
218113.9693614713	277053.42940255837
214526.50165397406	283352.0123209469
224475.18248381885	278471.30305466417
225939.0982363377	288715.23364135413
231883.44079871278	284779.59002841637
217690.07339079515	278785.16323962214
224831.9224948333	286474.21974058665
223349.76098670665	305034.278489836
224342.98747756786	284886.16093041946
223350.01239924878	288163.68927648827
229571.06073669234	287968.2652542874
222139.07026019684	291098.4631965638
216522.01495164057	272182.97720206756
217804.69625230867	274356.4273758026
220159.1615042842	258269.38158950026
226927.11378545465	286172.45850348135
229788.48923470307	285791.4542499331
226783.71024110744	291601.89472443407
224521.8475962328	299736.04270140396
229424.99235275632	282689.30900663626
226906.47238408652	306455.1520922576
217160.69002502837	290085.7543396307
222254.2151362504	259726.85699369916
209104.12890172203	278965.9561994421
214991.4362625872	261163.92381574548
213634.83016460514	275612.20250537735
214001.90145743778	285541.0697660821
227462.84563403705	272549.8623684641
218324.73268403916	272958.3330651837
222007.53650689812	304539.6938586825
227556.57928129187	293622.12174435495
210504.35628345405	280896.61651183007
227634.91808537144	274018.4859804236
216417.5673572605	259898.23273031178
214224.77695599681	295927.70558271813
224928.94561022686	297265.130409094
215515.4557440778	297104.654376638
218765.4825261939	280549.4653994637
208141.1980951737	264721.7994133759
