0.0
0.9609958113305792
0.0
0.0
2.8613425603639304
17.467632214231966
32.54350076554827
32.89059832263371
0.0
4.192500156418268
33.43928389998363
3.5380186803337663
0.0
5.563574400441261
2.9788217546143736
28.56397979507274
0.0
13.802938427307094
25.6451321160464
1.7328712010640994
0.0
48.99823521305867
21.10309040568265
6.561718388750087
21.054596660303456
0.0
25.216064009311154
11.397872941387856
0.6113915910402833
0.989902428096386
26.3921933184496
42.73035270192731
0.0
5.230891716761385
29.53400929474874
7.603190403022815
0.0
0.0
16.344041934285986
13.677778593226705
0.0
0.0
28.76396515840453
34.19925872172367
9.144841592096975
31.349215286932093
0.7897895665917821
10.161645767293399
23.751612704136615
7.529116619570367
1.893988233195571
46.81585742936946
16.73789530881819
0.0
4.951064102882702
37.694650836672416
50.811267738358936
48.98070800248237
1.6780943472481575
5.606003547163836
21.454814640334007
1.9804541198639716
6.774839807614
28.180913585551703
0.0
0.0
0.8546468940950892
13.389563873884626
30.816332109207547
26.574741131863956
2.004158623215283
0.0
0.0
0.0
5.543580962254922
5.147320951382804
47.176767080506146
16.875655611898754
16.78778633928361
4.8256796230211165
11.445836819724605
38.600829301797944
4.924586963503634
0.0
4.975565948418247
38.03567512425776
14.942968453408946
0.0
0.7665056289236228
0.0
23.297198560483366
27.77743772417537
46.29554294683219
7.6267547410995515
0.0
3.212787133353112
0.0
0.0
0.0
12.139087865735585
13.358365023469922
22.41843739318238
23.6339507973182
42.18304319972525
6.564009764598544
15.944297523288421
5.2157658787759456
2.417994526438452
39.830016353438666
2.6115962773122128
0.9489908562736369
19.515389869968967
3.094315013754383
37.35964666812028
4.420581201963807
3.8309909425004607
0.3636184807713383
33.404050500139334
30.655078438755016
12.203459364489586
0.0
15.536337817276966
0.9988682853903104
32.03368675962885
22.057493871379062
0.0
19.997915125291414
0.0
6.887015718646564
0.0
13.002418260263203
33.61845437091067
16.450835304049594
0.0
30.819290745903874
3.357845028134
45.58073972195027
1.305283105663961
0.0
37.66981177556416
15.325348699680346
25.47349773743738
0.0
0.0
5.973932286841894
37.772775199186306
23.437636851779505
36.77963029291623
1.9155014781241064
73.14660274924329
0.6294859023772275
3.750571946571435
39.652932387076646
0.0
3.156463102749144
6.640330545187996
47.266678398392614
3.517111076227957
32.59353873958674
0.8327834690871532
2.891915606130501
8.101858785290085
27.78882913370395
33.550324637702126
0.0
5.876819157672519
5.8344799373923335
0.0
5.403042895228424
0.9810194423448915
0.0
18.3492069398469
43.11568036819703
32.13619624744378
2.7624461716131377
47.52627734584545
44.179470782377486
2.285042922001668
0.0
6.146543209002868
11.681417099745074
44.719560993172045
21.662127538416794
28.28419539108578
9.530638439976828
2.608884042538114
0.0
46.13644261845655
13.309812681345662
49.920745564277475
3.142090046490657
0.0
0.9697256280653849
23.874760084013506
20.19194678524049
19.38533233910635
0.0
32.64682563232544
2.984328561778966
8.87793404838784
0.0
0.0
4.6438450791722765
40.13955990903258
0.8986994659199319
42.81880788513228
2.030758796852532
38.448723242710436
0.0
38.98595580070073
3.8333110376989743
0.0
1.7583204386606477
0.0
0.8692771305430512
3.4505536478973435
12.35105810985767
0.0
33.11819462001732
0.8707158808908932
0.0
17.821435530014057
0.0
0.0
1.9609404683526046
35.769767490384254
25.718674578046276
19.90660072608926
0.9929755039064876
0.0
5.050628769663284
1.5367787220060525
24.80727002816529
2.326748016906677
16.20872034970068
45.36626647801053
20.414307662140445
42.58235397448028
16.211608133211318
22.277341955919876
0.0
4.341424352414901
17.92676946040251
7.223975035145836
8.278432523004863
38.76628369186431
15.72804689888254
48.38382420037186
0.0
0.0
4.799884400693297
3.2552786510886467
25.048373756463167
9.468672957529533
6.035253746908275
0.0
5.7419228092096795
5.27274143318537
0.0
6.261332434344625
45.40591660145413
24.660516667937884
14.13046636181571
8.233167892478063
35.50443398905596
0.97158009869288
6.05805948900392
35.34314682123426
0.9621725500032738
39.61176376301657
29.8425283993082
6.446476000316856
0.9871809673846619
46.722146957649585
11.002626033711392
26.58795955728687
29.191371209102385
0.0
35.20235292147416
30.72336874952056
41.79848702767309
0.9928828302252353
3.7656184139009774
5.546058771457712
34.868292196297645
43.82430028264379
1.9229706406113216
40.477523064028716
9.858249507032069
15.333069406212557
9.14060061222303
0.8200629689680614
0.0
0.9339225104789766
0.0
0.0
22.122220523458832
1.4160828790074262
1.5250667084893528
3.398777334396169
44.64049240139606
44.09317166949912
49.61244331971259
48.93435913972771
0.0
3.7583168406499134
5.300159640903157
44.61676928108127
57.7879214636807
22.51929789651756
51.91674795616998
0.0
7.239800573630645
0.8187276477520561
0.0
0.0
0.0
8.981793939003408
47.78486788848285
20.294693145981167
2.5566430302606995
1.4554894011224957
37.890631034494696
15.234465649526616
0.9509077928628867
0.0
0.23119151852493028
11.502487180531455
8.233168649562487
43.06607740027556
0.0
0.0
0.0
53.249967301293985
0.0
43.20399502664974
24.90410168036064
20.740901934775742
0.0
0.0
17.602487175340364
48.4421044652091
0.0
4.3863847171999195
0.0
0.0
0.9948363269589351
0.0
32.0031896904375
5.559893508877479
20.057490583263995
0.9444056871334326
5.582729327741286
24.34556866477695
15.396545838220291
4.7344071928985585
27.895349358550995
1.8215895701707174
2.104206379682557
49.85999582154151
0.0
19.03435260344995
14.447495760648442
5.144972208247219
43.64672475780528
17.852922296464843
29.128938174968955
3.3162167512729415
22.68086272652214
0.8797946992429524
17.299760256239576
36.989958156759556
55.85348844591622
0.9857768705896682
25.08655417007591
45.31334178529407
10.217549611916164
12.51411056483484
0.0
0.0
10.288752804561888
30.25136474577696
36.66752248105675
0.0
4.56124925027416
4.390014459167813
17.482882159040734
0.0
47.66113318096248
13.427842065403743
23.988449918468003
0.0
0.0
32.332631566438714
25.074319395076678
0.9012821450747117
49.92910676613239
0.8680954486399816
33.606704737333445
32.70652425171955
34.88754353772946
24.581543074678912
0.0
0.0
12.129509492557396
0.0
27.369622668332553
0.9850822498003647
0.9247023002063736
0.0
1.6185465980184524
0.0
0.0
0.8566353998983643
12.332179744564137
0.0
42.94613441088513
37.09462110278464
46.80381060539368
0.0
0.775661644488698
11.283069572855968
5.188589046977405
3.7500384445935366
51.77120081770381
15.710865549896335
16.239069758029125
8.689299348947547
10.267856227128899
21.28214471073155
3.472163152714965
0.49396888735838534
0.0
29.53191178536778
28.749511165826828
9.381079406984997
4.9631236082102355
0.89488099670578
0.9229018613500399
3.2390569511927465
25.852830476526805
15.789613982969147
33.55082278782566
0.0
5.973931919573594
44.10576272158803
7.744374592534483
6.38810702673674
6.714386038389805
4.723451205889619
0.0
0.0
1.6382467829724447
1.8385406310208774
10.502503113918507
34.30198023356892
10.007044812499384
0.9983916199961775
33.14588594886667
17.88865734913958
54.559526577328704
0.0
49.110201227376194
27.49339410509573
0.20023096077095398
46.89436287949791
0.0
23.366807515625943
35.28092568104381
4.109428668911751
0.9445790728687139
0.0
22.447755001075073
1.6395824123760487
42.90031853440387
6.449622155144581
14.439112051109966
43.3442510393326
7.612220183076959
1.9942908059509017
0.0
8.67262141867276
22.32339598564494
0.0
8.52690839832856
18.296078309107084
29.614109478765865
6.463735285843381
0.0
40.89031388713575
1.9606798602231323
37.37585907915445
0.0
24.070936999963894
0.0
0.0
18.17585390301104
1.6275187256230699
41.09007927125755
20.87447432794054
