15.0
22.0
35.0
15.0
39.0
26.0
27.0
27.0
28.0
43.0
15.0
29.0
25.0
38.0
34.0
28.0
22.0
27.0
66.0
34.0
15.0
47.0
32.0
30.0
71.0
15.0
31.0
28.0
28.0
15.0
27.0
15.0
36.0
15.0
32.0
35.0
15.0
15.0
28.0
15.0
23.0
15.0
41.0
46.0
15.0
27.0
23.0
15.0
45.0
58.0
26.0
43.0
44.0
15.0
27.0
55.0
32.0
21.0
36.0
23.0
27.0
42.0
31.0
44.0
53.0
21.0
24.0
36.0
22.0
32.0
23.0
38.0
22.0
15.0
27.0
40.0
60.0
15.0
32.0
30.0
52.0
15.0
66.0
33.0
40.0
30.0
33.0
15.0
15.0
23.0
47.0
15.0
99.0
15.0
47.0
15.0
26.0
21.0
15.0
25.0
28.0
15.0
15.0
31.0
15.0
31.0
25.0
23.0
26.0
39.0
15.0
28.0
24.0
28.0
32.0
50.0
15.0
15.0
56.0
15.0
15.0
41.0
53.0
46.0
26.0
22.0
25.0
15.0
15.0
27.0
27.0
50.0
26.0
15.0
32.0
40.0
35.0
24.0
15.0
36.0
23.0
49.0
15.0
15.0
52.0
27.0
21.0
36.0
26.0
30.0
15.0
57.0
39.0
22.0
15.0
25.0
40.0
15.0
73.0
22.0
29.0
15.0
21.0
26.0
21.0
22.0
36.0
39.0
15.0
23.0
24.0
15.0
25.0
61.0
21.0
38.0
56.0
23.0
22.0
51.0
15.0
36.0
15.0
36.0
15.0
15.0
26.0
35.0
52.0
49.0
35.0
23.0
38.0
43.0
33.0
32.0
15.0
40.0
31.0
24.0
21.0
15.0
25.0
27.0
21.0
57.0
33.0
36.0
15.0
15.0
15.0
36.0
15.0
24.0
32.0
15.0
24.0
24.0
26.0
28.0
15.0
31.0
24.0
15.0
44.0
26.0
52.0
46.0
25.0
25.0
26.0
28.0
15.0
39.0
74.0
49.0
37.0
43.0
21.0
27.0
15.0
53.0
56.0
15.0
15.0
24.0
25.0
15.0
48.0
15.0
49.0
15.0
26.0
43.0
34.0
25.0
15.0
55.0
52.0
62.0
39.0
24.0
22.0
39.0
15.0
43.0
22.0
34.0
15.0
23.0
58.0
25.0
15.0
27.0
56.0
27.0
15.0
15.0
15.0
15.0
26.0
26.0
23.0
40.0
33.0
93.0
51.0
43.0
63.0
42.0
15.0
25.0
26.0
15.0
15.0
21.0
25.0
29.0
15.0
31.0
27.0
28.0
26.0
23.0
28.0
24.0
66.0
15.0
26.0
25.0
15.0
15.0
15.0
31.0
24.0
24.0
25.0
32.0
34.0
28.0
15.0
38.0
15.0
35.0
24.0
23.0
37.0
15.0
24.0
34.0
15.0
15.0
15.0
27.0
15.0
22.0
25.0
15.0
28.0
15.0
34.0
38.0
15.0
32.0
15.0
34.0
15.0
22.0
29.0
34.0
34.0
25.0
24.0
35.0
32.0
45.0
35.0
22.0
28.0
27.0
26.0
43.0
24.0
25.0
26.0
25.0
15.0
28.0
27.0
15.0
31.0
24.0
55.0
28.0
26.0
55.0
24.0
25.0
15.0
28.0
15.0
25.0
15.0
15.0
38.0
70.0
23.0
15.0
15.0
39.0
22.0
15.0
22.0
28.0
27.0
27.0
33.0
36.0
36.0
62.0
15.0
48.0
15.0
15.0
25.0
23.0
28.0
15.0
15.0
25.0
22.0
15.0
15.0
23.0
59.0
15.0
57.0
39.0
15.0
22.0
34.0
45.0
26.0
43.0
21.0
31.0
25.0
26.0
32.0
23.0
15.0
15.0
15.0
28.0
37.0
35.0
15.0
15.0
41.0
28.0
27.0
27.0
52.0
30.0
22.0
26.0
72.0
37.0
56.0
45.0
45.0
15.0
22.0
41.0
49.0
68.0
28.0
28.0
21.0
34.0
63.0
15.0
52.0
21.0
25.0
42.0
38.0
83.0
24.0
31.0
29.0
28.0
26.0
15.0
21.0
34.0
25.0
54.0
21.0
26.0
22.0
38.0
15.0
56.0
15.0
31.0
15.0
34.0
15.0
23.0
24.0
26.0
15.0
31.0
34.0
24.0
28.0
39.0
26.0
15.0
