15.0
28.0
44.0
38.0
25.0
15.0
177.0
164.0
28.0
94.0
27.0
15.0
46.0
116.0
40.0
37.0
92.0
23.0
104.0
107.0
15.0
261.0
81.0
46.0
37.0
21.0
202.0
48.0
41.0
55.0
158.0
92.0
49.0
66.0
74.0
83.0
15.0
15.0
94.0
54.0
24.0
15.0
52.0
29.0
41.0
68.0
31.0
47.0
75.0
92.0
40.0
69.0
75.0
15.0
66.0
82.0
188.0
72.0
34.0
49.0
175.0
15.0
124.0
53.0
33.0
27.0
56.0
55.0
83.0
26.0
45.0
21.0
22.0
15.0
27.0
94.0
73.0
23.0
56.0
90.0
58.0
94.0
113.0
23.0
15.0
57.0
84.0
15.0
51.0
39.0
52.0
28.0
21.0
28.0
47.0
15.0
54.0
27.0
22.0
37.0
109.0
125.0
48.0
36.0
90.0
115.0
37.0
44.0
43.0
59.0
27.0
33.0
35.0
123.0
49.0
71.0
15.0
15.0
169.0
116.0
28.0
79.0
60.0
47.0
115.0
22.0
79.0
15.0
28.0
27.0
82.0
81.0
100.0
15.0
38.0
117.0
113.0
28.0
27.0
74.0
93.0
144.0
26.0
25.0
71.0
48.0
81.0
71.0
39.0
24.0
33.0
85.0
101.0
22.0
108.0
66.0
115.0
64.0
47.0
40.0
81.0
56.0
21.0
80.0
28.0
72.0
43.0
26.0
23.0
41.0
26.0
21.0
149.0
39.0
24.0
61.0
46.0
61.0
24.0
53.0
34.0
144.0
152.0
42.0
92.0
22.0
23.0
72.0
65.0
34.0
55.0
33.0
30.0
43.0
111.0
192.0
15.0
37.0
61.0
55.0
21.0
15.0
37.0
144.0
21.0
58.0
51.0
50.0
15.0
95.0
130.0
26.0
55.0
35.0
59.0
55.0
68.0
24.0
45.0
78.0
35.0
132.0
15.0
24.0
25.0
81.0
141.0
133.0
36.0
36.0
54.0
33.0
15.0
71.0
218.0
66.0
37.0
95.0
100.0
27.0
15.0
110.0
57.0
106.0
54.0
28.0
32.0
99.0
30.0
28.0
128.0
48.0
26.0
120.0
107.0
51.0
64.0
49.0
15.0
104.0
43.0
51.0
22.0
15.0
63.0
28.0
51.0
104.0
15.0
60.0
69.0
54.0
34.0
85.0
15.0
15.0
60.0
15.0
50.0
36.0
110.0
26.0
121.0
37.0
40.0
60.0
52.0
131.0
106.0
82.0
40.0
27.0
31.0
15.0
15.0
15.0
109.0
76.0
47.0
64.0
87.0
64.0
28.0
80.0
28.0
121.0
80.0
103.0
169.0
46.0
150.0
15.0
59.0
35.0
25.0
24.0
26.0
35.0
218.0
75.0
39.0
40.0
31.0
66.0
26.0
44.0
50.0
22.0
37.0
28.0
43.0
26.0
15.0
36.0
24.0
21.0
81.0
232.0
56.0
27.0
56.0
58.0
15.0
116.0
15.0
34.0
43.0
22.0
58.0
179.0
55.0
27.0
51.0
53.0
146.0
85.0
43.0
29.0
65.0
69.0
15.0
41.0
175.0
25.0
45.0
34.0
139.0
44.0
25.0
28.0
67.0
94.0
87.0
38.0
26.0
15.0
48.0
27.0
25.0
24.0
90.0
206.0
35.0
55.0
60.0
31.0
181.0
15.0
39.0
68.0
62.0
15.0
31.0
80.0
90.0
21.0
191.0
45.0
79.0
48.0
37.0
28.0
15.0
15.0
41.0
35.0
130.0
15.0
28.0
25.0
79.0
15.0
37.0
44.0
25.0
22.0
27.0
88.0
53.0
28.0
50.0
36.0
84.0
43.0
102.0
46.0
76.0
100.0
42.0
15.0
40.0
64.0
15.0
81.0
39.0
91.0
26.0
90.0
67.0
31.0
108.0
59.0
132.0
51.0
47.0
35.0
70.0
88.0
95.0
68.0
34.0
33.0
34.0
36.0
54.0
110.0
59.0
28.0
42.0
64.0
22.0
40.0
79.0
119.0
57.0
43.0
47.0
81.0
41.0
52.0
30.0
28.0
31.0
25.0
62.0
145.0
60.0
114.0
26.0
36.0
28.0
25.0
59.0
41.0
51.0
106.0
48.0
96.0
15.0
38.0
59.0
62.0
43.0
32.0
15.0
24.0
38.0
31.0
35.0
118.0
