15.0
33.0
26.0
37.0
26.0
34.0
54.0
118.0
28.0
49.0
27.0
55.0
42.0
43.0
72.0
67.0
25.0
40.0
55.0
41.0
26.0
101.0
48.0
52.0
34.0
15.0
30.0
60.0
28.0
15.0
40.0
94.0
28.0
30.0
41.0
39.0
15.0
15.0
32.0
119.0
24.0
15.0
53.0
48.0
63.0
38.0
72.0
35.0
62.0
74.0
29.0
101.0
55.0
15.0
43.0
82.0
49.0
81.0
33.0
58.0
58.0
41.0
84.0
64.0
49.0
32.0
26.0
50.0
58.0
27.0
55.0
28.0
24.0
15.0
58.0
53.0
54.0
60.0
96.0
46.0
45.0
83.0
57.0
36.0
21.0
49.0
34.0
15.0
28.0
36.0
51.0
26.0
44.0
28.0
34.0
26.0
46.0
27.0
22.0
31.0
67.0
23.0
45.0
46.0
81.0
83.0
51.0
30.0
35.0
52.0
26.0
28.0
26.0
63.0
46.0
45.0
24.0
59.0
110.0
100.0
36.0
41.0
48.0
53.0
27.0
22.0
64.0
41.0
45.0
27.0
52.0
33.0
76.0
15.0
72.0
44.0
67.0
31.0
24.0
57.0
132.0
118.0
26.0
27.0
71.0
63.0
39.0
64.0
33.0
33.0
26.0
40.0
72.0
37.0
25.0
38.0
38.0
95.0
44.0
42.0
28.0
76.0
41.0
47.0
39.0
29.0
52.0
39.0
42.0
34.0
56.0
29.0
101.0
90.0
41.0
45.0
57.0
23.0
26.0
29.0
27.0
89.0
93.0
60.0
49.0
29.0
26.0
35.0
44.0
164.0
52.0
33.0
23.0
40.0
58.0
56.0
15.0
46.0
39.0
57.0
21.0
15.0
38.0
56.0
21.0
55.0
46.0
50.0
15.0
42.0
44.0
35.0
45.0
28.0
52.0
54.0
34.0
25.0
101.0
52.0
15.0
89.0
24.0
21.0
36.0
26.0
66.0
64.0
36.0
56.0
46.0
80.0
64.0
86.0
39.0
92.0
50.0
166.0
108.0
84.0
15.0
128.0
45.0
68.0
67.0
57.0
38.0
52.0
36.0
15.0
60.0
41.0
35.0
80.0
77.0
25.0
49.0
60.0
56.0
80.0
77.0
51.0
41.0
48.0
49.0
43.0
62.0
144.0
25.0
45.0
103.0
49.0
23.0
50.0
54.0
56.0
53.0
15.0
56.0
36.0
51.0
26.0
120.0
41.0
41.0
79.0
53.0
59.0
48.0
40.0
26.0
27.0
31.0
15.0
34.0
48.0
36.0
40.0
24.0
62.0
59.0
28.0
69.0
66.0
28.0
24.0
51.0
70.0
38.0
38.0
25.0
15.0
53.0
34.0
25.0
24.0
26.0
98.0
71.0
52.0
42.0
47.0
48.0
34.0
24.0
29.0
59.0
28.0
38.0
48.0
15.0
27.0
15.0
50.0
15.0
30.0
47.0
15.0
40.0
43.0
41.0
33.0
15.0
53.0
15.0
25.0
43.0
22.0
54.0
36.0
69.0
26.0
43.0
41.0
75.0
95.0
35.0
30.0
42.0
113.0
26.0
37.0
54.0
25.0
46.0
34.0
50.0
38.0
46.0
28.0
53.0
71.0
52.0
39.0
97.0
67.0
33.0
59.0
25.0
28.0
15.0
39.0
50.0
15.0
42.0
66.0
45.0
27.0
64.0
54.0
116.0
15.0
33.0
79.0
44.0
33.0
143.0
37.0
70.0
36.0
67.0
34.0
15.0
15.0
41.0
35.0
36.0
15.0
15.0
25.0
60.0
21.0
15.0
37.0
38.0
28.0
44.0
83.0
85.0
28.0
43.0
32.0
61.0
34.0
73.0
41.0
26.0
56.0
34.0
23.0
22.0
65.0
15.0
79.0
66.0
67.0
27.0
47.0
43.0
28.0
58.0
40.0
39.0
30.0
34.0
109.0
35.0
61.0
61.0
38.0
28.0
33.0
30.0
28.0
46.0
67.0
41.0
40.0
48.0
63.0
58.0
25.0
71.0
64.0
42.0
39.0
43.0
56.0
225.0
49.0
32.0
28.0
71.0
27.0
30.0
108.0
63.0
78.0
60.0
36.0
22.0
50.0
72.0
60.0
28.0
30.0
45.0
45.0
15.0
71.0
31.0
44.0
41.0
39.0
34.0
24.0
37.0
31.0
47.0
81.0
