39.0
73.0
103.0
144.0
62.0
53.0
335.0
452.0
75.0
243.0
355.0
39.0
109.0
149.0
176.0
113.0
210.0
55.0
240.0
198.0
39.0
472.0
195.0
128.0
103.0
45.0
259.0
136.0
97.0
129.0
68.0
264.0
195.0
168.0
290.0
184.0
39.0
39.0
487.0
133.0
80.0
39.0
126.0
117.0
101.0
147.0
77.0
112.0
167.0
281.0
99.0
194.0
176.0
39.0
119.0
286.0
750.0
370.0
116.0
200.0
469.0
119.0
245.0
116.0
143.0
78.0
137.0
156.0
462.0
63.0
114.0
48.0
109.0
39.0
147.0
232.0
148.0
53.0
169.0
192.0
128.0
217.0
245.0
55.0
403.0
173.0
237.0
39.0
147.0
96.0
173.0
76.0
458.0
69.0
90.0
39.0
125.0
68.0
51.0
179.0
269.0
499.0
115.0
183.0
422.0
211.0
89.0
101.0
132.0
258.0
72.0
79.0
85.0
271.0
107.0
159.0
58.0
250.0
371.0
326.0
107.0
167.0
155.0
136.0
331.0
50.0
180.0
81.0
115.0
70.0
280.0
211.0
244.0
39.0
314.0
267.0
253.0
74.0
69.0
198.0
386.0
630.0
65.0
61.0
313.0
102.0
336.0
179.0
81.0
348.0
80.0
197.0
407.0
107.0
238.0
291.0
238.0
160.0
161.0
95.0
439.0
142.0
105.0
482.0
112.0
161.0
107.0
101.0
53.0
93.0
64.0
193.0
510.0
136.0
57.0
175.0
96.0
158.0
67.0
128.0
106.0
260.0
349.0
709.0
176.0
50.0
56.0
173.0
74.0
83.0
111.0
76.0
82.0
207.0
696.0
291.0
39.0
301.0
149.0
257.0
46.0
39.0
84.0
453.0
47.0
133.0
376.0
120.0
39.0
221.0
305.0
122.0
112.0
87.0
110.0
123.0
228.0
56.0
106.0
154.0
85.0
212.0
39.0
56.0
63.0
175.0
299.0
551.0
93.0
91.0
120.0
76.0
285.0
136.0
307.0
105.0
89.0
191.0
254.0
332.0
39.0
260.0
129.0
236.0
257.0
66.0
313.0
187.0
84.0
75.0
180.0
209.0
62.0
374.0
219.0
121.0
201.0
189.0
39.0
352.0
311.0
174.0
50.0
89.0
148.0
143.0
100.0
141.0
63.0
420.0
197.0
178.0
80.0
288.0
102.0
39.0
149.0
39.0
113.0
88.0
252.0
95.0
268.0
106.0
120.0
144.0
118.0
154.0
210.0
331.0
101.0
71.0
71.0
39.0
39.0
112.0
502.0
170.0
114.0
131.0
237.0
166.0
130.0
270.0
39.0
244.0
176.0
288.0
122.0
110.0
319.0
39.0
135.0
82.0
63.0
59.0
65.0
108.0
505.0
366.0
87.0
101.0
72.0
183.0
66.0
88.0
140.0
52.0
88.0
142.0
99.0
67.0
39.0
125.0
57.0
60.0
153.0
642.0
126.0
136.0
320.0
127.0
39.0
356.0
39.0
99.0
103.0
49.0
258.0
511.0
318.0
68.0
356.0
122.0
635.0
277.0
102.0
74.0
185.0
253.0
67.0
176.0
302.0
61.0
108.0
84.0
385.0
133.0
196.0
72.0
146.0
233.0
190.0
94.0
64.0
173.0
119.0
69.0
62.0
60.0
177.0
257.0
88.0
149.0
137.0
160.0
374.0
70.0
128.0
402.0
119.0
39.0
70.0
178.0
149.0
47.0
463.0
139.0
385.0
110.0
88.0
388.0
39.0
39.0
327.0
84.0
363.0
39.0
76.0
64.0
184.0
39.0
131.0
104.0
674.0
49.0
145.0
265.0
235.0
97.0
134.0
77.0
186.0
179.0
347.0
159.0
377.0
388.0
98.0
302.0
333.0
141.0
39.0
169.0
103.0
225.0
65.0
219.0
188.0
72.0
255.0
224.0
335.0
111.0
95.0
383.0
311.0
208.0
342.0
83.0
80.0
77.0
81.0
93.0
124.0
233.0
159.0
162.0
257.0
540.0
190.0
167.0
184.0
419.0
94.0
138.0
111.0
211.0
191.0
195.0
65.0
76.0
650.0
70.0
146.0
471.0
169.0
246.0
56.0
87.0
75.0
113.0
484.0
111.0
139.0
252.0
99.0
259.0
39.0
95.0
134.0
274.0
128.0
93.0
39.0
60.0
349.0
74.0
269.0
254.0
