15.0
28.0
44.0
58.0
28.0
70.0
41.0
75.0
28.0
77.0
37.0
74.0
46.0
58.0
86.0
54.0
51.0
54.0
98.0
42.0
15.0
148.0
49.0
48.0
91.0
15.0
146.0
52.0
28.0
15.0
69.0
86.0
51.0
45.0
41.0
110.0
15.0
15.0
41.0
15.0
34.0
15.0
58.0
195.0
24.0
27.0
30.0
45.0
61.0
105.0
44.0
215.0
44.0
15.0
106.0
127.0
101.0
27.0
36.0
107.0
104.0
49.0
89.0
64.0
59.0
32.0
47.0
64.0
82.0
55.0
40.0
53.0
22.0
15.0
27.0
107.0
72.0
15.0
42.0
47.0
65.0
97.0
88.0
49.0
40.0
106.0
45.0
15.0
51.0
36.0
187.0
28.0
192.0
22.0
45.0
15.0
26.0
27.0
15.0
31.0
140.0
23.0
170.0
31.0
107.0
94.0
37.0
56.0
192.0
57.0
27.0
28.0
42.0
174.0
53.0
65.0
22.0
15.0
192.0
101.0
28.0
184.0
67.0
156.0
94.0
22.0
80.0
15.0
34.0
27.0
77.0
79.0
109.0
15.0
50.0
44.0
113.0
24.0
24.0
49.0
105.0
267.0
26.0
25.0
83.0
121.0
29.0
99.0
34.0
47.0
35.0
68.0
78.0
22.0
35.0
65.0
115.0
164.0
66.0
45.0
117.0
63.0
21.0
76.0
29.0
31.0
35.0
39.0
23.0
52.0
56.0
21.0
135.0
58.0
24.0
278.0
56.0
118.0
24.0
91.0
54.0
96.0
61.0
231.0
81.0
22.0
26.0
35.0
124.0
187.0
56.0
33.0
38.0
109.0
71.0
112.0
15.0
46.0
45.0
35.0
21.0
15.0
66.0
99.0
21.0
101.0
155.0
58.0
15.0
39.0
63.0
36.0
83.0
28.0
59.0
67.0
124.0
51.0
192.0
60.0
15.0
176.0
24.0
15.0
41.0
44.0
126.0
81.0
37.0
68.0
54.0
35.0
15.0
94.0
163.0
75.0
57.0
95.0
175.0
149.0
15.0
49.0
130.0
90.0
78.0
48.0
51.0
257.0
49.0
28.0
93.0
83.0
26.0
117.0
90.0
25.0
167.0
71.0
50.0
114.0
77.0
56.0
22.0
39.0
158.0
60.0
125.0
68.0
15.0
61.0
136.0
33.0
41.0
121.0
46.0
172.0
120.0
15.0
15.0
36.0
115.0
26.0
101.0
41.0
41.0
172.0
53.0
133.0
90.0
54.0
43.0
27.0
26.0
15.0
21.0
21.0
36.0
45.0
34.0
52.0
65.0
34.0
139.0
91.0
28.0
24.0
109.0
126.0
62.0
25.0
47.0
15.0
114.0
34.0
25.0
24.0
26.0
32.0
195.0
28.0
45.0
46.0
35.0
94.0
26.0
44.0
37.0
15.0
38.0
55.0
15.0
26.0
15.0
64.0
24.0
44.0
35.0
15.0
57.0
57.0
45.0
55.0
15.0
116.0
15.0
40.0
44.0
22.0
41.0
44.0
89.0
25.0
91.0
43.0
92.0
89.0
35.0
29.0
104.0
63.0
26.0
42.0
151.0
25.0
50.0
135.0
144.0
40.0
230.0
28.0
52.0
58.0
79.0
42.0
26.0
92.0
46.0
39.0
25.0
28.0
15.0
211.0
15.0
15.0
47.0
88.0
45.0
15.0
23.0
55.0
143.0
15.0
33.0
196.0
53.0
27.0
76.0
69.0
199.0
181.0
98.0
130.0
15.0
15.0
41.0
35.0
38.0
15.0
28.0
25.0
64.0
21.0
15.0
62.0
157.0
28.0
66.0
57.0
65.0
22.0
49.0
78.0
39.0
54.0
145.0
42.0
90.0
134.0
42.0
112.0
15.0
51.0
15.0
113.0
38.0
95.0
24.0
104.0
41.0
43.0
121.0
49.0
120.0
45.0
40.0
36.0
137.0
78.0
61.0
111.0
39.0
33.0
41.0
38.0
123.0
76.0
55.0
87.0
64.0
50.0
62.0
15.0
181.0
87.0
42.0
44.0
41.0
161.0
236.0
57.0
32.0
28.0
144.0
15.0
35.0
55.0
119.0
60.0
65.0
37.0
22.0
37.0
15.0
117.0
41.0
211.0
72.0
147.0
15.0
23.0
41.0
64.0
41.0
45.0
34.0
24.0
43.0
43.0
64.0
122.0
