15.0
28.0
26.0
38.0
25.0
15.0
183.0
136.0
28.0
40.0
27.0
15.0
15.0
58.0
87.0
74.0
50.0
23.0
27.0
96.0
26.0
62.0
62.0
52.0
24.0
21.0
40.0
34.0
28.0
24.0
119.0
99.0
50.0
60.0
67.0
168.0
15.0
15.0
80.0
54.0
24.0
15.0
52.0
29.0
47.0
49.0
33.0
47.0
89.0
70.0
40.0
25.0
35.0
15.0
63.0
48.0
112.0
201.0
34.0
49.0
86.0
15.0
74.0
53.0
33.0
27.0
57.0
36.0
79.0
26.0
53.0
15.0
46.0
15.0
58.0
50.0
55.0
23.0
81.0
69.0
58.0
119.0
124.0
23.0
15.0
48.0
54.0
15.0
59.0
39.0
60.0
60.0
21.0
28.0
39.0
15.0
45.0
27.0
22.0
35.0
68.0
131.0
54.0
43.0
39.0
100.0
93.0
44.0
26.0
96.0
27.0
33.0
35.0
82.0
49.0
56.0
31.0
95.0
26.0
92.0
44.0
64.0
60.0
33.0
126.0
22.0
65.0
26.0
49.0
27.0
109.0
103.0
62.0
15.0
83.0
110.0
82.0
33.0
27.0
80.0
82.0
67.0
26.0
25.0
99.0
84.0
136.0
55.0
35.0
24.0
33.0
68.0
130.0
49.0
64.0
75.0
110.0
65.0
44.0
40.0
28.0
104.0
54.0
162.0
49.0
76.0
46.0
26.0
23.0
43.0
26.0
86.0
218.0
48.0
24.0
75.0
43.0
72.0
26.0
47.0
45.0
106.0
91.0
38.0
63.0
22.0
15.0
56.0
50.0
34.0
50.0
33.0
29.0
42.0
157.0
78.0
15.0
37.0
47.0
115.0
21.0
15.0
37.0
154.0
21.0
77.0
44.0
37.0
15.0
66.0
88.0
26.0
45.0
35.0
49.0
36.0
89.0
24.0
56.0
61.0
35.0
96.0
15.0
24.0
25.0
68.0
74.0
130.0
39.0
36.0
39.0
33.0
71.0
26.0
15.0
80.0
87.0
61.0
86.0
148.0
15.0
26.0
42.0
80.0
64.0
36.0
159.0
112.0
31.0
28.0
79.0
84.0
35.0
217.0
124.0
51.0
65.0
56.0
15.0
159.0
125.0
42.0
47.0
61.0
80.0
56.0
36.0
102.0
25.0
47.0
40.0
114.0
34.0
84.0
28.0
27.0
27.0
15.0
64.0
36.0
110.0
24.0
63.0
49.0
48.0
54.0
57.0
51.0
51.0
126.0
39.0
27.0
31.0
15.0
15.0
15.0
91.0
48.0
48.0
78.0
115.0
52.0
60.0
83.0
28.0
51.0
22.0
93.0
65.0
23.0
194.0
15.0
28.0
34.0
25.0
24.0
26.0
90.0
75.0
125.0
39.0
40.0
31.0
39.0
26.0
35.0
61.0
28.0
37.0
35.0
43.0
27.0
15.0
81.0
24.0
27.0
77.0
240.0
60.0
44.0
300.0
60.0
15.0
52.0
15.0
42.0
43.0
15.0
69.0
72.0
117.0
27.0
21.0
44.0
59.0
74.0
23.0
30.0
61.0
46.0
15.0
75.0
130.0
25.0
49.0
25.0
145.0
42.0
26.0
28.0
132.0
112.0
83.0
55.0
136.0
15.0
48.0
27.0
25.0
24.0
90.0
112.0
50.0
55.0
47.0
120.0
48.0
27.0
50.0
45.0
78.0
15.0
30.0
64.0
66.0
21.0
189.0
38.0
79.0
49.0
93.0
28.0
15.0
15.0
114.0
35.0
75.0
15.0
28.0
25.0
65.0
15.0
45.0
44.0
25.0
53.0
49.0
48.0
66.0
38.0
56.0
33.0
72.0
43.0
88.0
89.0
124.0
93.0
48.0
15.0
99.0
66.0
15.0
56.0
46.0
67.0
38.0
33.0
67.0
31.0
105.0
101.0
138.0
42.0
43.0
179.0
25.0
88.0
59.0
37.0
34.0
33.0
23.0
36.0
54.0
81.0
42.0
52.0
118.0
34.0
75.0
40.0
52.0
51.0
57.0
39.0
53.0
86.0
58.0
37.0
23.0
23.0
70.0
27.0
40.0
39.0
75.0
103.0
40.0
36.0
28.0
46.0
65.0
46.0
50.0
36.0
43.0
96.0
15.0
38.0
59.0
131.0
43.0
112.0
15.0
15.0
47.0
33.0
34.0
113.0
