15.0
22.0
26.0
21.0
26.0
26.0
37.0
39.0
28.0
43.0
27.0
46.0
42.0
28.0
28.0
48.0
22.0
33.0
27.0
29.0
26.0
47.0
24.0
40.0
34.0
15.0
28.0
49.0
28.0
15.0
31.0
28.0
28.0
49.0
39.0
41.0
15.0
15.0
43.0
44.0
23.0
15.0
46.0
35.0
28.0
27.0
62.0
28.0
32.0
47.0
26.0
67.0
27.0
15.0
43.0
39.0
30.0
73.0
33.0
46.0
41.0
29.0
49.0
53.0
23.0
32.0
26.0
28.0
27.0
27.0
27.0
28.0
24.0
15.0
27.0
38.0
51.0
40.0
26.0
45.0
47.0
35.0
39.0
23.0
21.0
31.0
34.0
15.0
28.0
26.0
41.0
26.0
44.0
29.0
34.0
26.0
39.0
27.0
22.0
27.0
28.0
23.0
33.0
28.0
42.0
45.0
46.0
23.0
28.0
30.0
15.0
28.0
26.0
28.0
35.0
27.0
24.0
30.0
26.0
45.0
36.0
30.0
34.0
40.0
26.0
22.0
65.0
26.0
29.0
27.0
27.0
27.0
39.0
15.0
44.0
31.0
36.0
31.0
27.0
29.0
27.0
49.0
15.0
27.0
57.0
35.0
41.0
39.0
33.0
30.0
15.0
28.0
34.0
25.0
25.0
38.0
36.0
37.0
32.0
28.0
21.0
28.0
35.0
34.0
28.0
27.0
42.0
39.0
22.0
33.0
48.0
29.0
42.0
37.0
39.0
46.0
36.0
23.0
26.0
40.0
27.0
33.0
58.0
42.0
38.0
22.0
26.0
27.0
44.0
53.0
37.0
33.0
23.0
33.0
25.0
39.0
15.0
38.0
39.0
28.0
21.0
15.0
25.0
40.0
21.0
49.0
37.0
28.0
15.0
29.0
54.0
35.0
32.0
28.0
34.0
32.0
24.0
25.0
30.0
28.0
15.0
39.0
24.0
24.0
25.0
26.0
63.0
43.0
36.0
25.0
35.0
59.0
25.0
30.0
27.0
28.0
28.0
49.0
70.0
81.0
15.0
26.0
45.0
39.0
28.0
26.0
25.0
44.0
28.0
15.0
41.0
22.0
35.0
32.0
29.0
29.0
15.0
47.0
36.0
30.0
35.0
44.0
35.0
35.0
36.0
36.0
52.0
35.0
25.0
48.0
37.0
47.0
23.0
36.0
42.0
27.0
27.0
15.0
24.0
23.0
35.0
26.0
41.0
40.0
27.0
75.0
30.0
33.0
28.0
36.0
26.0
27.0
26.0
15.0
34.0
21.0
36.0
28.0
24.0
24.0
28.0
28.0
58.0
63.0
28.0
41.0
23.0
15.0
32.0
38.0
30.0
15.0
37.0
30.0
25.0
24.0
26.0
25.0
54.0
61.0
35.0
45.0
31.0
34.0
24.0
23.0
59.0
28.0
24.0
28.0
15.0
27.0
15.0
46.0
15.0
30.0
28.0
25.0
40.0
43.0
26.0
28.0
15.0
42.0
15.0
31.0
21.0
22.0
40.0
36.0
39.0
26.0
24.0
26.0
44.0
49.0
23.0
30.0
28.0
56.0
26.0
31.0
33.0
25.0
32.0
27.0
37.0
30.0
46.0
28.0
39.0
49.0
30.0
39.0
30.0
42.0
33.0
36.0
25.0
28.0
15.0
33.0
38.0
23.0
38.0
42.0
32.0
27.0
26.0
38.0
41.0
15.0
24.0
60.0
43.0
27.0
28.0
28.0
30.0
37.0
63.0
34.0
15.0
15.0
44.0
35.0
28.0
15.0
15.0
25.0
37.0
21.0
15.0
37.0
29.0
15.0
39.0
37.0
35.0
29.0
31.0
32.0
54.0
34.0
68.0
35.0
39.0
56.0
26.0
23.0
40.0
38.0
15.0
40.0
32.0
84.0
39.0
25.0
40.0
28.0
41.0
40.0
35.0
30.0
34.0
26.0
26.0
52.0
49.0
27.0
28.0
25.0
30.0
28.0
28.0
47.0
29.0
41.0
44.0
36.0
53.0
35.0
42.0
50.0
30.0
40.0
27.0
41.0
27.0
33.0
23.0
28.0
59.0
27.0
25.0
38.0
25.0
53.0
43.0
26.0
22.0
27.0
94.0
36.0
28.0
29.0
21.0
40.0
15.0
23.0
46.0
36.0
41.0
39.0
34.0
24.0
38.0
26.0
28.0
32.0
