15.0
22.0
35.0
15.0
33.0
23.0
27.0
38.0
28.0
43.0
27.0
15.0
46.0
31.0
34.0
28.0
22.0
15.0
63.0
34.0
15.0
49.0
32.0
30.0
51.0
15.0
31.0
28.0
28.0
15.0
33.0
15.0
36.0
23.0
39.0
34.0
15.0
15.0
28.0
15.0
23.0
15.0
41.0
47.0
15.0
27.0
30.0
15.0
35.0
59.0
26.0
33.0
15.0
15.0
23.0
68.0
22.0
21.0
36.0
21.0
39.0
42.0
58.0
53.0
61.0
33.0
26.0
30.0
24.0
23.0
27.0
21.0
22.0
15.0
27.0
40.0
23.0
15.0
32.0
25.0
45.0
15.0
60.0
23.0
21.0
30.0
33.0
15.0
15.0
26.0
44.0
15.0
127.0
21.0
47.0
15.0
26.0
27.0
15.0
25.0
28.0
23.0
40.0
31.0
36.0
55.0
37.0
23.0
34.0
39.0
15.0
28.0
24.0
28.0
35.0
49.0
15.0
15.0
26.0
25.0
28.0
41.0
53.0
40.0
26.0
22.0
36.0
15.0
15.0
27.0
27.0
34.0
48.0
15.0
27.0
46.0
35.0
24.0
22.0
24.0
23.0
15.0
15.0
15.0
51.0
44.0
27.0
36.0
26.0
30.0
15.0
86.0
39.0
22.0
15.0
34.0
41.0
79.0
67.0
22.0
21.0
15.0
21.0
26.0
28.0
22.0
30.0
39.0
15.0
23.0
26.0
15.0
55.0
26.0
21.0
46.0
50.0
23.0
22.0
49.0
15.0
33.0
15.0
85.0
25.0
15.0
26.0
35.0
44.0
66.0
47.0
33.0
39.0
91.0
25.0
32.0
15.0
46.0
40.0
24.0
21.0
15.0
25.0
34.0
21.0
55.0
46.0
35.0
15.0
26.0
25.0
36.0
32.0
28.0
34.0
24.0
24.0
24.0
26.0
28.0
15.0
31.0
24.0
15.0
35.0
26.0
49.0
62.0
25.0
25.0
26.0
33.0
15.0
46.0
27.0
28.0
37.0
26.0
21.0
27.0
15.0
41.0
22.0
28.0
15.0
21.0
25.0
54.0
36.0
15.0
43.0
15.0
26.0
47.0
34.0
25.0
15.0
44.0
50.0
57.0
41.0
57.0
22.0
35.0
15.0
38.0
39.0
27.0
15.0
58.0
53.0
25.0
15.0
35.0
31.0
27.0
57.0
15.0
15.0
23.0
39.0
26.0
23.0
35.0
33.0
39.0
53.0
67.0
25.0
36.0
15.0
27.0
26.0
15.0
15.0
21.0
36.0
29.0
15.0
23.0
27.0
24.0
26.0
56.0
28.0
24.0
23.0
15.0
50.0
25.0
15.0
15.0
15.0
27.0
25.0
24.0
26.0
25.0
42.0
28.0
15.0
45.0
31.0
35.0
24.0
23.0
37.0
15.0
24.0
34.0
15.0
22.0
15.0
46.0
15.0
30.0
25.0
15.0
42.0
57.0
34.0
34.0
15.0
36.0
15.0
25.0
21.0
22.0
36.0
21.0
38.0
25.0
15.0
41.0
44.0
38.0
35.0
32.0
34.0
43.0
26.0
31.0
24.0
25.0
27.0
25.0
15.0
15.0
62.0
15.0
28.0
38.0
45.0
28.0
26.0
55.0
33.0
27.0
25.0
24.0
15.0
35.0
15.0
15.0
26.0
15.0
32.0
15.0
15.0
39.0
21.0
15.0
22.0
28.0
38.0
27.0
33.0
36.0
32.0
35.0
82.0
47.0
15.0
15.0
45.0
35.0
28.0
15.0
15.0
25.0
22.0
15.0
15.0
34.0
38.0
15.0
44.0
27.0
40.0
22.0
34.0
33.0
33.0
35.0
74.0
35.0
25.0
33.0
32.0
23.0
15.0
41.0
15.0
40.0
37.0
35.0
21.0
15.0
15.0
28.0
27.0
23.0
38.0
30.0
22.0
26.0
26.0
37.0
49.0
45.0
28.0
25.0
22.0
41.0
49.0
68.0
36.0
28.0
21.0
61.0
22.0
15.0
51.0
38.0
30.0
42.0
44.0
39.0
24.0
25.0
29.0
28.0
48.0
15.0
25.0
46.0
15.0
53.0
21.0
24.0
22.0
27.0
15.0
41.0
35.0
31.0
15.0
36.0
15.0
15.0
31.0
26.0
41.0
28.0
15.0
24.0
28.0
26.0
26.0
41.0
