39.0
73.0
103.0
144.0
63.0
53.0
335.0
787.0
75.0
243.0
355.0
39.0
109.0
149.0
176.0
351.0
210.0
55.0
240.0
198.0
39.0
476.0
195.0
128.0
166.0
45.0
369.0
136.0
97.0
129.0
68.0
264.0
195.0
168.0
301.0
184.0
39.0
39.0
485.0
377.0
80.0
39.0
122.0
383.0
151.0
141.0
156.0
112.0
516.0
274.0
99.0
776.0
176.0
39.0
119.0
257.0
712.0
334.0
116.0
286.0
407.0
133.0
393.0
148.0
143.0
78.0
137.0
155.0
443.0
75.0
124.0
48.0
109.0
39.0
126.0
231.0
147.0
53.0
358.0
192.0
150.0
256.0
295.0
55.0
399.0
173.0
217.0
39.0
147.0
95.0
392.0
76.0
511.0
69.0
90.0
39.0
124.0
68.0
51.0
159.0
269.0
442.0
115.0
183.0
408.0
270.0
89.0
101.0
132.0
258.0
72.0
79.0
85.0
594.0
107.0
261.0
58.0
247.0
480.0
380.0
107.0
335.0
156.0
382.0
313.0
50.0
175.0
81.0
115.0
70.0
262.0
362.0
233.0
39.0
311.0
421.0
389.0
74.0
69.0
304.0
386.0
561.0
65.0
61.0
329.0
102.0
879.0
168.0
81.0
293.0
80.0
197.0
400.0
107.0
238.0
282.0
226.0
337.0
180.0
108.0
195.0
142.0
105.0
589.0
112.0
161.0
107.0
101.0
53.0
93.0
64.0
222.0
634.0
136.0
233.0
175.0
132.0
150.0
67.0
156.0
106.0
257.0
320.0
520.0
189.0
50.0
66.0
171.0
415.0
351.0
111.0
76.0
82.0
207.0
687.0
303.0
39.0
299.0
462.0
257.0
46.0
39.0
84.0
443.0
47.0
493.0
333.0
135.0
39.0
269.0
298.0
122.0
210.0
87.0
110.0
123.0
228.0
56.0
173.0
153.0
85.0
212.0
39.0
56.0
94.0
175.0
416.0
499.0
93.0
91.0
134.0
76.0
280.0
139.0
363.0
529.0
88.0
215.0
249.0
287.0
39.0
260.0
124.0
228.0
226.0
66.0
313.0
223.0
89.0
75.0
268.0
209.0
62.0
363.0
404.0
121.0
356.0
276.0
39.0
343.0
749.0
174.0
50.0
89.0
173.0
143.0
100.0
142.0
63.0
394.0
207.0
178.0
79.0
636.0
102.0
454.0
149.0
39.0
134.0
88.0
246.0
95.0
271.0
106.0
291.0
115.0
217.0
799.0
206.0
329.0
181.0
71.0
71.0
39.0
39.0
112.0
515.0
199.0
114.0
154.0
637.0
166.0
130.0
274.0
39.0
301.0
176.0
267.0
122.0
110.0
319.0
39.0
135.0
82.0
63.0
59.0
65.0
108.0
467.0
445.0
87.0
101.0
72.0
183.0
66.0
88.0
146.0
52.0
88.0
108.0
99.0
67.0
39.0
124.0
57.0
260.0
346.0
619.0
139.0
136.0
293.0
134.0
39.0
356.0
39.0
99.0
103.0
49.0
265.0
510.0
605.0
68.0
352.0
123.0
705.0
261.0
99.0
74.0
185.0
342.0
67.0
189.0
289.0
58.0
239.0
84.0
662.0
133.0
164.0
72.0
146.0
235.0
188.0
94.0
64.0
389.0
90.0
69.0
62.0
60.0
177.0
347.0
88.0
142.0
381.0
314.0
333.0
70.0
128.0
448.0
119.0
39.0
70.0
471.0
215.0
69.0
458.0
205.0
313.0
110.0
88.0
381.0
39.0
39.0
354.0
84.0
348.0
39.0
76.0
64.0
201.0
39.0
131.0
104.0
652.0
49.0
150.0
257.0
189.0
97.0
134.0
77.0
186.0
163.0
323.0
159.0
343.0
365.0
147.0
280.0
333.0
141.0
39.0
164.0
103.0
185.0
65.0
219.0
179.0
72.0
346.0
163.0
335.0
106.0
95.0
381.0
306.0
208.0
342.0
192.0
80.0
77.0
81.0
93.0
463.0
228.0
159.0
226.0
257.0
506.0
202.0
167.0
230.0
401.0
94.0
138.0
111.0
345.0
349.0
195.0
74.0
76.0
588.0
70.0
146.0
309.0
167.0
246.0
56.0
87.0
75.0
113.0
452.0
120.0
139.0
224.0
99.0
339.0
39.0
95.0
134.0
251.0
128.0
93.0
39.0
60.0
381.0
74.0
269.0
244.0
