39.0
75.0
82.0
127.0
88.0
101.0
128.0
293.0
75.0
106.0
70.0
156.0
125.0
177.0
217.0
135.0
127.0
385.0
178.0
133.0
65.0
272.0
156.0
136.0
213.0
39.0
468.0
243.0
70.0
39.0
123.0
485.0
84.0
66.0
285.0
263.0
39.0
39.0
72.0
39.0
58.0
39.0
133.0
213.0
219.0
71.0
136.0
167.0
279.0
171.0
102.0
310.0
105.0
39.0
107.0
874.0
456.0
78.0
87.0
141.0
151.0
92.0
202.0
321.0
108.0
74.0
65.0
136.0
160.0
133.0
100.0
85.0
57.0
39.0
193.0
185.0
125.0
39.0
385.0
134.0
112.0
88.0
133.0
95.0
194.0
101.0
178.0
39.0
73.0
68.0
284.0
79.0
684.0
74.0
108.0
290.0
111.0
68.0
39.0
98.0
74.0
55.0
305.0
104.0
233.0
424.0
153.0
231.0
366.0
128.0
66.0
88.0
161.0
366.0
92.0
109.0
116.0
188.0
457.0
265.0
122.0
126.0
124.0
238.0
75.0
50.0
409.0
96.0
316.0
70.0
133.0
188.0
296.0
39.0
148.0
102.0
169.0
104.0
59.0
106.0
281.0
605.0
65.0
70.0
223.0
242.0
235.0
192.0
79.0
67.0
39.0
191.0
95.0
122.0
61.0
392.0
96.0
303.0
291.0
73.0
72.0
161.0
281.0
499.0
88.0
207.0
126.0
101.0
322.0
116.0
135.0
63.0
563.0
133.0
164.0
143.0
170.0
74.0
68.0
238.0
39.0
181.0
39.0
233.0
127.0
67.0
66.0
86.0
216.0
385.0
112.0
76.0
83.0
181.0
156.0
182.0
39.0
165.0
454.0
182.0
46.0
39.0
100.0
118.0
82.0
407.0
281.0
198.0
39.0
498.0
103.0
89.0
205.0
171.0
112.0
131.0
231.0
136.0
485.0
120.0
39.0
295.0
60.0
39.0
109.0
67.0
279.0
156.0
96.0
62.0
171.0
190.0
64.0
209.0
453.0
407.0
222.0
344.0
294.0
237.0
39.0
352.0
130.0
230.0
39.0
113.0
171.0
206.0
84.0
39.0
213.0
50.0
170.0
160.0
282.0
59.0
199.0
141.0
115.0
277.0
303.0
442.0
121.0
339.0
294.0
110.0
183.0
179.0
164.0
146.0
160.0
179.0
98.0
171.0
147.0
108.0
122.0
39.0
151.0
54.0
98.0
67.0
120.0
303.0
316.0
343.0
124.0
170.0
204.0
127.0
122.0
71.0
66.0
39.0
80.0
48.0
410.0
133.0
57.0
213.0
721.0
75.0
219.0
146.0
90.0
86.0
244.0
39.0
125.0
96.0
39.0
39.0
136.0
82.0
63.0
59.0
65.0
158.0
516.0
391.0
118.0
127.0
350.0
259.0
56.0
75.0
148.0
303.0
135.0
128.0
39.0
69.0
39.0
287.0
39.0
72.0
200.0
39.0
143.0
101.0
147.0
89.0
39.0
276.0
39.0
92.0
103.0
49.0
99.0
111.0
180.0
67.0
77.0
131.0
323.0
230.0
631.0
109.0
276.0
308.0
67.0
97.0
245.0
120.0
110.0
224.0
164.0
131.0
165.0
141.0
88.0
239.0
176.0
72.0
95.0
265.0
292.0
332.0
62.0
74.0
39.0
310.0
39.0
39.0
188.0
199.0
340.0
70.0
56.0
138.0
301.0
39.0
51.0
70.0
367.0
111.0
465.0
154.0
276.0
395.0
266.0
179.0
39.0
39.0
108.0
83.0
91.0
39.0
39.0
97.0
113.0
45.0
39.0
74.0
369.0
92.0
198.0
263.0
81.0
74.0
133.0
200.0
131.0
190.0
250.0
331.0
432.0
586.0
158.0
53.0
51.0
130.0
39.0
187.0
203.0
251.0
279.0
64.0
209.0
345.0
145.0
200.0
132.0
169.0
85.0
413.0
212.0
223.0
126.0
138.0
103.0
63.0
94.0
95.0
116.0
477.0
237.0
154.0
212.0
143.0
152.0
61.0
324.0
372.0
100.0
85.0
129.0
235.0
494.0
183.0
74.0
76.0
252.0
71.0
73.0
201.0
206.0
198.0
393.0
88.0
51.0
188.0
456.0
192.0
135.0
369.0
108.0
179.0
39.0
288.0
171.0
180.0
96.0
476.0
83.0
60.0
104.0
91.0
156.0
373.0
