15.0
33.0
26.0
63.0
38.0
350.0
306.0
253.0
15.0
37.0
117.0
141.0
51.0
146.0
77.0
233.0
45.0
116.0
27.0
98.0
26.0
276.0
93.0
179.0
24.0
21.0
35.0
87.0
84.0
60.0
180.0
464.0
54.0
153.0
350.0
161.0
15.0
15.0
447.0
151.0
44.0
15.0
80.0
310.0
68.0
240.0
79.0
155.0
527.0
80.0
87.0
228.0
154.0
15.0
60.0
299.0
406.0
196.0
34.0
108.0
265.0
67.0
83.0
72.0
107.0
32.0
26.0
354.0
396.0
59.0
86.0
15.0
48.0
15.0
55.0
50.0
71.0
212.0
85.0
70.0
253.0
141.0
117.0
92.0
89.0
56.0
167.0
15.0
51.0
39.0
458.0
189.0
135.0
28.0
39.0
115.0
45.0
28.0
22.0
216.0
198.0
202.0
139.0
55.0
100.0
98.0
91.0
76.0
28.0
81.0
27.0
33.0
80.0
379.0
48.0
91.0
54.0
166.0
162.0
227.0
48.0
83.0
64.0
67.0
155.0
22.0
291.0
45.0
137.0
27.0
124.0
362.0
162.0
15.0
185.0
244.0
149.0
32.0
27.0
192.0
270.0
231.0
26.0
27.0
128.0
173.0
241.0
184.0
34.0
307.0
35.0
112.0
279.0
62.0
159.0
169.0
575.0
151.0
122.0
44.0
27.0
90.0
139.0
359.0
66.0
134.0
133.0
39.0
79.0
45.0
75.0
387.0
172.0
162.0
97.0
285.0
43.0
213.0
26.0
270.0
339.0
159.0
116.0
282.0
123.0
60.0
26.0
456.0
168.0
188.0
50.0
33.0
59.0
41.0
293.0
144.0
15.0
421.0
188.0
111.0
21.0
15.0
42.0
533.0
15.0
120.0
79.0
269.0
15.0
424.0
165.0
35.0
55.0
34.0
49.0
40.0
104.0
50.0
378.0
78.0
35.0
198.0
24.0
24.0
56.0
284.0
319.0
316.0
66.0
42.0
156.0
84.0
101.0
285.0
15.0
315.0
80.0
295.0
100.0
150.0
15.0
64.0
96.0
82.0
220.0
205.0
148.0
88.0
37.0
28.0
135.0
163.0
193.0
137.0
181.0
36.0
248.0
134.0
36.0
133.0
339.0
42.0
196.0
65.0
375.0
51.0
47.0
150.0
55.0
57.0
66.0
147.0
103.0
370.0
92.0
156.0
209.0
15.0
251.0
420.0
434.0
25.0
67.0
60.0
323.0
299.0
94.0
363.0
129.0
174.0
225.0
27.0
31.0
15.0
34.0
48.0
263.0
99.0
48.0
103.0
55.0
366.0
274.0
243.0
15.0
144.0
89.0
87.0
91.0
33.0
83.0
15.0
101.0
42.0
25.0
24.0
26.0
215.0
451.0
317.0
58.0
46.0
129.0
112.0
26.0
56.0
61.0
241.0
218.0
83.0
34.0
27.0
15.0
341.0
24.0
106.0
233.0
259.0
122.0
56.0
320.0
380.0
15.0
77.0
15.0
46.0
75.0
21.0
148.0
91.0
317.0
27.0
107.0
43.0
262.0
178.0
213.0
40.0
65.0
76.0
26.0
76.0
131.0
50.0
537.0
252.0
192.0
62.0
173.0
72.0
147.0
400.0
235.0
59.0
177.0
137.0
175.0
147.0
25.0
28.0
276.0
101.0
195.0
62.0
266.0
114.0
205.0
27.0
103.0
88.0
284.0
15.0
30.0
109.0
536.0
33.0
368.0
53.0
233.0
49.0
167.0
318.0
15.0
15.0
208.0
35.0
153.0
15.0
28.0
25.0
83.0
21.0
45.0
53.0
45.0
94.0
102.0
316.0
197.0
43.0
63.0
252.0
138.0
65.0
172.0
149.0
241.0
296.0
143.0
189.0
100.0
64.0
15.0
267.0
37.0
231.0
52.0
107.0
72.0
230.0
166.0
144.0
639.0
42.0
148.0
183.0
24.0
114.0
181.0
46.0
41.0
33.0
23.0
42.0
69.0
150.0
121.0
81.0
263.0
53.0
206.0
82.0
163.0
256.0
42.0
158.0
53.0
287.0
268.0
64.0
32.0
23.0
500.0
27.0
128.0
51.0
246.0
122.0
215.0
36.0
28.0
179.0
239.0
118.0
186.0
197.0
46.0
143.0
15.0
156.0
92.0
524.0
75.0
275.0
34.0
15.0
210.0
81.0
443.0
334.0
