5338	0	0	0	0	5	2429	5	5	0
5337	0	0	0	0	6	2421	6	6	0
5337	0	0	0	0	6	2430	6	5	1
5334	0	0	0	0	9	2414	9	9	0
5335	0	0	0	0	8	2427	8	8	0
5338	0	0	0	0	5	2410	5	5	0
5329	0	0	0	0	14	2447	14	13	1
5306	0	0	0	0	37	2482	37	36	1
5337	0	0	0	0	6	2425	6	5	1
5332	0	0	0	0	11	2438	11	10	1
5335	0	0	0	0	8	2421	8	8	0
5338	0	0	0	0	5	2423	5	5	0
5338	0	0	0	0	5	2425	5	5	0
5323	0	0	0	0	20	2438	20	20	0
5337	0	0	0	0	6	2427	6	5	1
5330	0	0	0	0	13	2445	13	11	2
5331	0	0	0	0	12	2433	12	11	1
5337	0	0	0	0	6	2418	6	6	0
5337	0	0	0	0	6	2433	6	5	1
5331	0	0	0	0	12	2424	12	10	2
5338	0	0	0	0	5	2419	5	5	0
5338	0	0	0	0	5	2432	5	5	0
5333	0	0	0	0	10	2428	10	10	0
5336	0	0	0	0	7	2423	7	6	1
5337	0	0	0	0	6	2438	6	5	1
5337	0	0	0	0	6	2439	6	6	0
5333	0	0	0	0	10	2436	10	10	0
5335	0	0	0	0	8	2442	8	7	1
5335	0	0	0	0	8	2426	8	7	1
5337	0	0	0	0	6	2433	6	6	0
5329	0	0	0	0	14	2437	14	12	2
5306	0	0	0	0	37	2447	37	37	0
5330	0	0	0	0	13	2439	13	12	1
5325	0	0	0	0	18	2440	18	18	0
5324	0	0	0	0	19	2453	19	19	0
5328	0	0	0	0	15	2444	15	14	1
5338	0	0	0	0	5	2434	5	5	0
5338	0	0	0	0	5	2431	5	5	0
5323	0	0	0	0	20	2441	20	19	1
5334	0	0	0	0	9	2434	9	9	0
5337	0	0	0	0	6	2413	6	6	0
5338	0	0	0	0	5	2414	5	5	0
5332	0	0	0	0	11	2438	11	9	2
5338	0	0	0	0	5	2423	5	5	0
5337	0	0	0	0	6	2422	6	6	0
5334	0	0	0	0	9	2459	9	8	1
5335	0	0	0	0	8	2426	8	8	0
5334	0	0	0	0	9	2446	9	8	1
5318	0	0	0	0	25	2442	25	24	1
5332	0	0	0	0	11	2443	11	11	0
5329	0	0	0	0	14	2414	14	14	0
5335	0	0	0	0	8	2439	8	8	0
5338	0	0	0	0	5	2421	5	5	0
5338	0	0	0	0	5	2424	5	5	0
5332	0	0	0	0	11	2426	11	11	0
5324	0	0	0	0	19	2453	19	18	1
5332	0	0	0	0	11	2424	11	11	0
5329	0	0	0	0	14	2444	14	13	1
5335	0	0	0	0	8	2426	8	8	0
5331	0	0	0	0	12	2438	12	11	1
5319	0	0	0	0	24	2430	24	23	1
5338	0	0	0	0	5	2419	5	5	0
5328	0	0	0	0	15	2429	15	13	2
5330	0	0	0	0	13	2440	13	11	2
5337	0	0	0	0	6	2410	6	6	0
5337	0	0	0	0	6	2430	6	6	0
5332	0	0	0	0	11	2421	11	10	1
5330	0	0	0	0	13	2426	13	12	1
5319	0	0	0	0	24	2446	24	24	0
5332	0	0	0	0	11	2446	11	10	1
5325	0	0	0	0	18	2439	18	16	2
5338	0	0	0	0	5	2426	5	5	0
5337	0	0	0	0	6	2417	6	5	1
5338	0	0	0	0	5	2414	5	5	0
5335	0	0	0	0	8	2432	8	7	1
5326	0	0	0	0	17	2435	17	17	0
5324	0	0	0	0	19	2426	19	18	1
5338	0	0	0	0	5	2434	5	5	0
5326	0	0	0	0	17	2440	17	15	2
5331	0	0	0	0	12	2460	12	12	0
5332	0	0	0	0	11	2432	11	11	0
5332	0	0	0	0	11	2435	11	11	0
5310	0	0	0	0	33	2443	33	32	1
5336	0	0	0	0	7	2418	7	7	0
5338	0	0	0	0	5	2428	5	5	0
5332	0	0	0	0	11	2433	11	10	1
5337	0	0	0	0	6	2433	6	6	0
5338	0	0	0	0	5	2407	5	5	0
5335	0	0	0	0	8	2433	8	8	0
5333	0	0	0	0	10	2420	10	10	0
5330	0	0	0	0	13	2440	13	13	0
5336	0	0	0	0	7	2435	7	7	0
5337	0	0	0	0	6	2421	6	6	0
5335	0	0	0	0	8	2420	8	8	0
5335	0	0	0	0	8	2441	8	7	1
5338	0	0	0	0	5	2424	5	5	0
5330	0	0	0	0	13	2418	13	13	0
5336	0	0	0	0	7	2426	7	6	1
5338	0	0	0	0	5	2421	5	5	0
5330	0	0	0	0	13	2434	13	12	1
5330	0	0	0	0	13	2446	13	12	1
5313	0	0	0	0	30	2450	30	30	0
5324	0	0	0	0	19	2445	19	18	1
5336	0	0	0	0	7	2444	7	6	1
5332	0	0	0	0	11	2430	11	11	0
5330	0	0	0	0	13	2439	13	13	0
5333	0	0	0	0	10	2444	10	9	1
5333	0	0	0	0	10	2434	10	9	1
5336	0	0	0	0	7	2444	7	6	1
5328	0	0	0	0	15	2425	15	14	1
5336	0	0	0	0	7	2409	7	7	0
5334	0	0	0	0	9	2440	9	9	0
5333	0	0	0	0	10	2438	10	9	1
5331	0	0	0	0	12	2424	12	12	0
5333	0	0	0	0	10	2436	10	10	0
5330	0	0	0	0	13	2433	13	13	0
5338	0	0	0	0	5	2414	5	5	0
5338	0	0	0	0	5	2425	5	5	0
5335	0	0	0	0	8	2439	8	8	0
5320	0	0	0	0	23	2455	23	23	0
5337	0	0	0	0	6	2434	6	6	0
5327	0	0	0	0	16	2451	16	14	2
5326	0	0	0	0	17	2440	17	17	0
5335	0	0	0	0	8	2433	8	8	0
5326	0	0	0	0	17	2470	17	15	2
5337	0	0	0	0	6	2433	6	5	1
5320	0	0	0	0	23	2459	23	22	1
5338	0	0	0	0	5	2415	5	5	0
5335	0	0	0	0	8	2435	8	7	1
5337	0	0	0	0	6	2422	6	5	1
5325	0	0	0	0	18	2457	18	17	1
5309	0	0	0	0	34	2457	34	32	2
5329	0	0	0	0	14	2448	14	14	0
5338	0	0	0	0	5	2422	5	5	0
5330	0	0	0	0	13	2438	13	12	1
5317	0	0	0	0	26	2441	26	23	3
5316	0	0	0	0	27	2455	27	26	1
5337	0	0	0	0	6	2416	6	6	0
5335	0	0	0	0	8	2424	8	8	0
5332	0	0	0	0	11	2453	11	10	1
5309	0	0	0	0	34	2442	34	34	0
5338	0	0	0	0	5	2427	5	5	0
5337	0	0	0	0	6	2436	6	6	0
5337	0	0	0	0	6	2430	6	6	0
5323	0	0	0	0	20	2440	20	18	2
5324	0	0	0	0	19	2439	19	17	2
5317	0	0	0	0	26	2456	26	25	1
5325	0	0	0	0	18	2439	18	18	0
5335	0	0	0	0	8	2427	8	7	1
5338	0	0	0	0	5	2420	5	5	0
5336	0	0	0	0	7	2421	7	7	0
5318	0	0	0	0	25	2444	25	23	2
5336	0	0	0	0	7	2441	7	6	1
5337	0	0	0	0	6	2425	6	5	1
5323	0	0	0	0	20	2443	20	20	0
5329	0	0	0	0	14	2436	14	14	0
5317	0	0	0	0	26	2457	26	26	0
5325	0	0	0	0	18	2451	18	18	0
5328	0	0	0	0	15	2448	15	13	2
5326	0	0	0	0	17	2420	17	16	1
5336	0	0	0	0	7	2422	7	7	0
5320	0	0	0	0	23	2444	23	22	1
5336	0	0	0	0	7	2423	7	7	0
5321	0	0	0	0	22	2464	22	21	1
5333	0	0	0	0	10	2424	10	10	0
5335	0	0	0	0	8	2435	8	7	1
5331	0	0	0	0	12	2427	12	11	1
5337	0	0	0	0	6	2405	6	6	0
5337	0	0	0	0	6	2436	6	6	0
5330	0	0	0	0	13	2431	13	12	1
5337	0	0	0	0	6	2426	6	6	0
5337	0	0	0	0	6	2419	6	6	0
5321	0	0	0	0	22	2423	22	21	1
5333	0	0	0	0	10	2436	10	9	1
5337	0	0	0	0	6	2422	6	6	0
5333	0	0	0	0	10	2434	10	9	1
5333	0	0	0	0	10	2442	10	10	0
5335	0	0	0	0	8	2431	8	7	1
5337	0	0	0	0	6	2418	6	6	0
5327	0	0	0	0	16	2434	16	16	0
5336	0	0	0	0	7	2441	7	7	0
5324	0	0	0	0	19	2446	19	19	0
5336	0	0	0	0	7	2420	7	7	0
5336	0	0	0	0	7	2422	7	7	0
5330	0	0	0	0	13	2436	13	13	0
5337	0	0	0	0	6	2428	6	6	0
5338	0	0	0	0	5	2410	5	5	0
5328	0	0	0	0	15	2445	15	15	0
5332	0	0	0	0	11	2431	11	10	1
5334	0	0	0	0	9	2437	9	7	2
5329	0	0	0	0	14	2430	14	13	1
5335	0	0	0	0	8	2433	8	7	1
5336	0	0	0	0	7	2425	7	6	1
5332	0	0	0	0	11	2446	11	10	1
5323	0	0	0	0	20	2462	20	19	1
5318	0	0	0	0	25	2442	25	21	4
5338	0	0	0	0	5	2420	5	5	0
5335	0	0	0	0	8	2427	8	7	1
5334	0	0	0	0	9	2429	9	9	0
5330	0	0	0	0	13	2435	13	13	0
5337	0	0	0	0	6	2422	6	6	0
5338	0	0	0	0	5	2412	5	5	0
5329	0	0	0	0	14	2437	14	12	2
5329	0	0	0	0	14	2431	14	13	1
5337	0	0	0	0	6	2419	6	5	1
5324	0	0	0	0	19	2450	19	18	1
5328	0	0	0	0	15	2447	15	14	1
5333	0	0	0	0	10	2430	10	10	0
5338	0	0	0	0	5	2410	5	5	0
5327	0	0	0	0	16	2444	16	16	0
5332	0	0	0	0	11	2422	11	11	0
5338	0	0	0	0	5	2415	5	5	0
5336	0	0	0	0	7	2428	7	7	0
5334	0	0	0	0	9	2426	9	8	1
5334	0	0	0	0	9	2418	9	9	0
5337	0	0	0	0	6	2423	6	6	0
5333	0	0	0	0	10	2424	10	10	0
5336	0	0	0	0	7	2426	7	6	1
5330	0	0	0	0	13	2439	13	13	0
5330	0	0	0	0	13	2424	13	13	0
5336	0	0	0	0	7	2410	7	7	0
5311	0	0	0	0	32	2467	32	32	0
5338	0	0	0	0	5	2413	5	5	0
5337	0	0	0	0	6	2424	6	6	0
5337	0	0	0	0	6	2425	6	6	0
5329	0	0	0	0	14	2436	14	14	0
5335	0	0	0	0	8	2443	8	8	0
5332	0	0	0	0	11	2437	11	9	2
5334	0	0	0	0	9	2431	9	9	0
5337	0	0	0	0	6	2426	6	6	0
5333	0	0	0	0	10	2423	10	9	1
5330	0	0	0	0	13	2423	13	12	1
5338	0	0	0	0	5	2422	5	5	0
5337	0	0	0	0	6	2424	6	6	0
5338	0	0	0	0	5	2421	5	5	0
5330	0	0	0	0	13	2433	13	12	1
5332	0	0	0	0	11	2429	11	10	1
5325	0	0	0	0	18	2447	18	16	2
5321	0	0	0	0	22	2456	22	22	0
5337	0	0	0	0	6	2432	6	5	1
5338	0	0	0	0	5	2411	5	5	0
5337	0	0	0	0	6	2425	6	6	0
5335	0	0	0	0	8	2438	8	8	0
5320	0	0	0	0	23	2447	23	23	0
5325	0	0	0	0	18	2440	18	18	0
5336	0	0	0	0	7	2437	7	7	0
5335	0	0	0	0	8	2420	8	7	1
5313	0	0	0	0	30	2444	30	30	0
5333	0	0	0	0	10	2416	10	9	1
5337	0	0	0	0	6	2421	6	6	0
5330	0	0	0	0	13	2439	13	10	3
5331	0	0	0	0	12	2428	12	12	0
5335	0	0	0	0	8	2430	8	7	1
5318	0	0	0	0	25	2450	25	24	1
5315	0	0	0	0	28	2437	28	25	3
5332	0	0	0	0	11	2429	11	10	1
5326	0	0	0	0	17	2432	17	17	0
5325	0	0	0	0	18	2433	18	17	1
5338	0	0	0	0	5	2413	5	5	0
5307	0	0	0	0	36	2473	36	34	2
5337	0	0	0	0	6	2433	6	6	0
5333	0	0	0	0	10	2445	10	10	0
5337	0	0	0	0	6	2419	6	5	1
5338	0	0	0	0	5	2420	5	5	0
5333	0	0	0	0	10	2426	10	10	0
5337	0	0	0	0	6	2426	6	6	0
5336	0	0	0	0	7	2433	7	7	0
5324	0	0	0	0	19	2439	19	18	1
5338	0	0	0	0	5	2417	5	5	0
5327	0	0	0	0	16	2410	16	15	1
5334	0	0	0	0	9	2435	9	9	0
5336	0	0	0	0	7	2433	7	7	0
5335	0	0	0	0	8	2429	8	8	0
5326	0	0	0	0	17	2454	17	15	2
5338	0	0	0	0	5	2426	5	5	0
5338	0	0	0	0	5	2423	5	5	0
5337	0	0	0	0	6	2430	6	6	0
5338	0	0	0	0	5	2420	5	5	0
5336	0	0	0	0	7	2422	7	7	0
5335	0	0	0	0	8	2423	8	8	0
5325	0	0	0	0	18	2442	18	17	1
5338	0	0	0	0	5	2421	5	5	0
5331	0	0	0	0	12	2430	12	12	0
5331	0	0	0	0	12	2441	12	10	2
5334	0	0	0	0	9	2447	9	8	1
5325	0	0	0	0	18	2445	18	17	1
5333	0	0	0	0	10	2430	10	9	1
5325	0	0	0	0	18	2446	18	17	1
5329	0	0	0	0	14	2432	14	13	1
5308	0	0	0	0	35	2444	35	31	4
5335	0	0	0	0	8	2430	8	8	0
5337	0	0	0	0	6	2428	6	6	0
5335	0	0	0	0	8	2418	8	7	1
5338	0	0	0	0	5	2431	5	5	0
5338	0	0	0	0	5	2421	5	5	0
5338	0	0	0	0	5	2415	5	5	0
5328	0	0	0	0	15	2469	15	15	0
5320	0	0	0	0	23	2437	23	20	3
5335	0	0	0	0	8	2443	8	8	0
5330	0	0	0	0	13	2439	13	13	0
5328	0	0	0	0	15	2457	15	14	1
5334	0	0	0	0	9	2439	9	9	0
5336	0	0	0	0	7	2431	7	7	0
5310	0	0	0	0	33	2457	33	33	0
5337	0	0	0	0	6	2437	6	5	1
5328	0	0	0	0	15	2446	15	14	1
5337	0	0	0	0	6	2433	6	6	0
5334	0	0	0	0	9	2442	9	9	0
5336	0	0	0	0	7	2434	7	7	0
5336	0	0	0	0	7	2434	7	5	2
5328	0	0	0	0	15	2426	15	13	2
5338	0	0	0	0	5	2412	5	5	0
5337	0	0	0	0	6	2419	6	6	0
5333	0	0	0	0	10	2444	10	9	1
5337	0	0	0	0	6	2425	6	6	0
5337	0	0	0	0	6	2432	6	6	0
5337	0	0	0	0	6	2417	6	6	0
5337	0	0	0	0	6	2415	6	5	1
5322	0	0	0	0	21	2447	21	20	1
5326	0	0	0	0	17	2448	17	16	1
5334	0	0	0	0	9	2414	9	9	0
5330	0	0	0	0	13	2422	13	13	0
5335	0	0	0	0	8	2453	8	8	0
5326	0	0	0	0	17	2438	17	16	1
5334	0	0	0	0	9	2420	9	9	0
5333	0	0	0	0	10	2439	10	9	1
5335	0	0	0	0	8	2427	8	7	1
5338	0	0	0	0	5	2419	5	5	0
5333	0	0	0	0	10	2417	10	10	0
5336	0	0	0	0	7	2418	7	7	0
5337	0	0	0	0	6	2440	6	6	0
5336	0	0	0	0	7	2417	7	7	0
5338	0	0	0	0	5	2417	5	5	0
5333	0	0	0	0	10	2445	10	9	1
5336	0	0	0	0	7	2418	7	7	0
5337	0	0	0	0	6	2424	6	6	0
5330	0	0	0	0	13	2437	13	13	0
5322	0	0	0	0	21	2449	21	21	0
5325	0	0	0	0	18	2441	18	16	2
5337	0	0	0	0	6	2418	6	6	0
5330	0	0	0	0	13	2436	13	13	0
5327	0	0	0	0	16	2452	16	14	2
5338	0	0	0	0	5	2421	5	5	0
5325	0	0	0	0	18	2439	18	16	2
5338	0	0	0	0	5	2421	5	5	0
5334	0	0	0	0	9	2432	9	8	1
5333	0	0	0	0	10	2413	10	10	0
5338	0	0	0	0	5	2419	5	5	0
5332	0	0	0	0	11	2424	11	9	2
5325	0	0	0	0	18	2452	18	16	2
5324	0	0	0	0	19	2444	19	15	4
5337	0	0	0	0	6	2433	6	6	0
5338	0	0	0	0	5	2432	5	5	0
5331	0	0	0	0	12	2440	12	10	2
5331	0	0	0	0	12	2440	12	12	0
5325	0	0	0	0	18	2423	18	18	0
5336	0	0	0	0	7	2431	7	6	1
5331	0	0	0	0	12	2417	12	12	0
5332	0	0	0	0	11	2429	11	10	1
5328	0	0	0	0	15	2436	15	15	0
5338	0	0	0	0	5	2420	5	5	0
5328	0	0	0	0	15	2439	15	13	2
5322	0	0	0	0	21	2458	21	21	0
5335	0	0	0	0	8	2424	8	7	1
5333	0	0	0	0	10	2427	10	10	0
5335	0	0	0	0	8	2435	8	7	1
5319	0	0	0	0	24	2468	24	24	0
5333	0	0	0	0	10	2431	10	9	1
5337	0	0	0	0	6	2434	6	5	1
5337	0	0	0	0	6	2419	6	6	0
5314	0	0	0	0	29	2465	29	27	2
5331	0	0	0	0	12	2446	12	11	1
5324	0	0	0	0	19	2456	19	18	1
5330	0	0	0	0	13	2436	13	12	1
5336	0	0	0	0	7	2434	7	7	0
5338	0	0	0	0	5	2423	5	5	0
5331	0	0	0	0	12	2431	12	10	2
5337	0	0	0	0	6	2437	6	6	0
5337	0	0	0	0	6	2408	6	6	0
5337	0	0	0	0	6	2418	6	6	0
5327	0	0	0	0	16	2438	16	16	0
5308	0	0	0	0	35	2444	35	35	0
5338	0	0	0	0	5	2419	5	5	0
5330	0	0	0	0	13	2426	13	13	0
5336	0	0	0	0	7	2425	7	6	1
5333	0	0	0	0	10	2426	10	10	0
5328	0	0	0	0	15	2436	15	15	0
5338	0	0	0	0	5	2425	5	5	0
5337	0	0	0	0	6	2423	6	6	0
5332	0	0	0	0	11	2432	11	11	0
5337	0	0	0	0	6	2436	6	6	0
5338	0	0	0	0	5	2410	5	5	0
5334	0	0	0	0	9	2416	9	8	1
5330	0	0	0	0	13	2475	13	12	1
5330	0	0	0	0	13	2443	13	12	1
5337	0	0	0	0	6	2429	6	6	0
5323	0	0	0	0	20	2455	20	19	1
5333	0	0	0	0	10	2426	10	8	2
5324	0	0	0	0	19	2444	19	18	1
5331	0	0	0	0	12	2425	12	12	0
5334	0	0	0	0	9	2431	9	9	0
5336	0	0	0	0	7	2426	7	7	0
5338	0	0	0	0	5	2408	5	5	0
5338	0	0	0	0	5	2405	5	5	0
5331	0	0	0	0	12	2429	12	12	0
5336	0	0	0	0	7	2408	7	6	1
5334	0	0	0	0	9	2436	9	8	1
5338	0	0	0	0	5	2425	5	5	0
5337	0	0	0	0	6	2429	6	6	0
5337	0	0	0	0	6	2418	6	6	0
5332	0	0	0	0	11	2441	11	10	1
5338	0	0	0	0	5	2405	5	5	0
5336	0	0	0	0	7	2422	7	7	0
5328	0	0	0	0	15	2445	15	13	2
5336	0	0	0	0	7	2417	7	5	2
5337	0	0	0	0	6	2420	6	6	0
5336	0	0	0	0	7	2433	7	6	1
5329	0	0	0	0	14	2430	14	13	1
5322	0	0	0	0	21	2460	21	21	0
5335	0	0	0	0	8	2425	8	7	1
5333	0	0	0	0	10	2415	10	10	0
5333	0	0	0	0	10	2435	10	7	3
5327	0	0	0	0	16	2436	16	14	2
5334	0	0	0	0	9	2432	9	9	0
5315	0	0	0	0	28	2447	28	28	0
5327	0	0	0	0	16	2444	16	13	3
5322	0	0	0	0	21	2464	21	20	1
5335	0	0	0	0	8	2437	8	7	1
5334	0	0	0	0	9	2437	9	9	0
5338	0	0	0	0	5	2429	5	5	0
5335	0	0	0	0	8	2430	8	8	0
5326	0	0	0	0	17	2412	17	17	0
5338	0	0	0	0	5	2423	5	5	0
5329	0	0	0	0	14	2441	14	14	0
5332	0	0	0	0	11	2421	11	8	3
5321	0	0	0	0	22	2454	22	21	1
5336	0	0	0	0	7	2419	7	7	0
5336	0	0	0	0	7	2441	7	7	0
5338	0	0	0	0	5	2419	5	5	0
5333	0	0	0	0	10	2412	10	9	1
5316	0	0	0	0	27	2468	27	26	1
5336	0	0	0	0	7	2429	7	7	0
5324	0	0	0	0	19	2449	19	18	1
5333	0	0	0	0	10	2421	10	9	1
5334	0	0	0	0	9	2445	9	9	0
5336	0	0	0	0	7	2439	7	6	1
5336	0	0	0	0	7	2419	7	6	1
5321	0	0	0	0	22	2454	22	22	0
5332	0	0	0	0	11	2440	11	10	1
5335	0	0	0	0	8	2426	8	8	0
5336	0	0	0	0	7	2422	7	7	0
5336	0	0	0	0	7	2429	7	7	0
5338	0	0	0	0	5	2424	5	5	0
5333	0	0	0	0	10	2424	10	9	1
5330	0	0	0	0	13	2438	13	12	1
5324	0	0	0	0	19	2462	19	16	3
5334	0	0	0	0	9	2436	9	9	0
5336	0	0	0	0	7	2424	7	7	0
5329	0	0	0	0	14	2430	14	13	1
5329	0	0	0	0	14	2444	14	13	1
5337	0	0	0	0	6	2420	6	6	0
5334	0	0	0	0	9	2421	9	9	0
5324	0	0	0	0	19	2443	19	17	2
5328	0	0	0	0	15	2437	15	14	1
5331	0	0	0	0	12	2426	12	12	0
5330	0	0	0	0	13	2440	13	12	1
5330	0	0	0	0	13	2414	13	13	0
5328	0	0	0	0	15	2430	15	14	1
5330	0	0	0	0	13	2439	13	12	1
5334	0	0	0	0	9	2431	9	8	1
5337	0	0	0	0	6	2410	6	5	1
5337	0	0	0	0	6	2409	6	6	0
5335	0	0	0	0	8	2437	8	8	0
5337	0	0	0	0	6	2418	6	6	0
5335	0	0	0	0	8	2423	8	8	0
5334	0	0	0	0	9	2425	9	8	1
5325	0	0	0	0	18	2426	18	17	1
5300	0	0	0	0	43	2468	43	40	3
5336	0	0	0	0	7	2439	7	6	1
5334	0	0	0	0	9	2442	9	9	0
5337	0	0	0	0	6	2431	6	6	0
5336	0	0	0	0	7	2422	7	6	1
5333	0	0	0	0	10	2450	10	10	0
5335	0	0	0	0	8	2426	8	8	0
5332	0	0	0	0	11	2435	11	11	0
5333	0	0	0	0	10	2420	10	9	1
5336	0	0	0	0	7	2436	7	7	0
5323	0	0	0	0	20	2452	20	19	1
5338	0	0	0	0	5	2419	5	5	0
5335	0	0	0	0	8	2421	8	8	0
5325	0	0	0	0	18	2453	18	17	1
5333	0	0	0	0	10	2428	10	9	1
5335	0	0	0	0	8	2415	8	8	0
5336	0	0	0	0	7	2440	7	7	0
5338	0	0	0	0	5	2429	5	5	0
5338	0	0	0	0	5	2415	5	5	0
5334	0	0	0	0	9	2449	9	8	1
5334	0	0	0	0	9	2414	9	9	0
5336	0	0	0	0	7	2434	7	7	0
5332	0	0	0	0	11	2441	11	11	0
