5338	0	0	0	0	5	826	5	5	0
5336	0	0	0	0	7	846	7	7	0
5336	0	0	0	0	7	821	7	5	2
5336	0	0	0	0	7	846	7	6	1
5333	0	0	0	0	10	859	10	7	3
5335	0	0	0	0	8	817	8	5	3
5324	0	0	0	0	19	944	19	15	4
5302	0	0	0	0	41	1089	41	23	18
5336	0	0	0	0	7	831	7	5	2
5331	0	0	0	0	12	872	12	7	5
5334	0	0	0	0	9	845	9	7	2
5329	0	0	0	0	14	873	14	9	5
5333	0	0	0	0	10	849	10	8	2
5332	0	0	0	0	11	877	11	7	4
5333	0	0	0	0	10	835	10	5	5
5325	0	0	0	0	18	927	18	10	8
5334	0	0	0	0	9	869	9	6	3
5330	0	0	0	0	13	842	13	7	6
5337	0	0	0	0	6	829	6	5	1
5329	0	0	0	0	14	888	14	7	7
5337	0	0	0	0	6	830	6	5	1
5317	0	0	0	0	26	976	26	11	15
5335	0	0	0	0	8	856	8	8	0
5325	0	0	0	0	18	903	18	9	9
5333	0	0	0	0	10	893	10	6	4
5337	0	0	0	0	6	839	6	5	1
5331	0	0	0	0	12	871	12	10	2
5324	0	0	0	0	19	913	19	10	9
5335	0	0	0	0	8	847	8	6	2
5337	0	0	0	0	6	852	6	5	1
5330	0	0	0	0	13	882	13	6	7
5335	0	0	0	0	8	857	8	7	1
5334	0	0	0	0	9	833	9	5	4
5331	0	0	0	0	12	895	12	10	2
5327	0	0	0	0	16	880	16	11	5
5332	0	0	0	0	11	856	11	9	2
5338	0	0	0	0	5	848	5	5	0
5338	0	0	0	0	5	843	5	5	0
5323	0	0	0	0	20	891	20	11	9
5321	0	0	0	0	22	956	22	13	9
5336	0	0	0	0	7	828	7	6	1
5338	0	0	0	0	5	821	5	5	0
5326	0	0	0	0	17	912	17	8	9
5332	0	0	0	0	11	870	11	8	3
5329	0	0	0	0	14	889	14	9	5
5334	0	0	0	0	9	868	9	6	3
5327	0	0	0	0	16	863	16	14	2
5332	0	0	0	0	11	865	11	7	4
5321	0	0	0	0	22	917	22	13	9
5317	0	0	0	0	26	952	26	12	14
5331	0	0	0	0	12	835	12	9	3
5314	0	0	0	0	29	978	29	19	10
5336	0	0	0	0	7	840	7	5	2
5338	0	0	0	0	5	841	5	5	0
5319	0	0	0	0	24	920	24	11	13
5329	0	0	0	0	14	864	14	10	4
5324	0	0	0	0	19	887	19	10	9
5312	0	0	0	0	31	961	31	20	11
5332	0	0	0	0	11	862	11	8	3
5330	0	0	0	0	13	884	13	8	5
5315	0	0	0	0	28	909	28	12	16
5334	0	0	0	0	9	843	9	5	4
5328	0	0	0	0	15	896	15	8	7
5327	0	0	0	0	16	881	16	12	4
5334	0	0	0	0	9	831	9	6	3
5334	0	0	0	0	9	851	9	7	2
5336	0	0	0	0	7	817	7	6	1
5328	0	0	0	0	15	865	15	9	6
5325	0	0	0	0	18	914	18	11	7
5331	0	0	0	0	12	856	12	7	5
5334	0	0	0	0	9	855	9	8	1
5336	0	0	0	0	7	821	7	5	2
5336	0	0	0	0	7	839	7	5	2
5338	0	0	0	0	5	815	5	5	0
5336	0	0	0	0	7	854	7	5	2
5328	0	0	0	0	15	895	15	11	4
5323	0	0	0	0	20	923	20	14	6
5335	0	0	0	0	8	852	8	6	2
5329	0	0	0	0	14	883	14	8	6
5324	0	0	0	0	19	930	19	10	9
5327	0	0	0	0	16	894	16	11	5
5335	0	0	0	0	8	858	8	6	2
5324	0	0	0	0	19	912	19	7	12
5337	0	0	0	0	6	823	6	5	1
5337	0	0	0	0	6	848	6	5	1
5332	0	0	0	0	11	859	11	6	5
5332	0	0	0	0	11	887	11	7	4
5338	0	0	0	0	5	817	5	5	0
5336	0	0	0	0	7	861	7	6	1
5333	0	0	0	0	10	836	10	8	2
5333	0	0	0	0	10	862	10	8	2
5337	0	0	0	0	6	833	6	5	1
5333	0	0	0	0	10	884	10	7	3
5335	0	0	0	0	8	840	8	6	2
5333	0	0	0	0	10	834	10	6	4
5337	0	0	0	0	6	850	6	5	1
5331	0	0	0	0	12	857	12	7	5
5334	0	0	0	0	9	848	9	6	3
5337	0	0	0	0	6	838	6	5	1
5333	0	0	0	0	10	857	10	6	4
5337	0	0	0	0	6	841	6	5	1
5336	0	0	0	0	7	838	7	6	1
5330	0	0	0	0	13	894	13	10	3
5334	0	0	0	0	9	857	9	5	4
5329	0	0	0	0	14	874	14	10	4
5331	0	0	0	0	12	872	12	10	2
5327	0	0	0	0	16	908	16	11	5
5333	0	0	0	0	10	872	10	6	4
5332	0	0	0	0	11	866	11	7	4
5332	0	0	0	0	11	880	11	6	5
5337	0	0	0	0	6	814	6	6	0
5330	0	0	0	0	13	895	13	8	5
5334	0	0	0	0	9	862	9	6	3
5321	0	0	0	0	22	957	22	17	5
5327	0	0	0	0	16	862	16	9	7
5334	0	0	0	0	9	861	9	6	3
5335	0	0	0	0	8	847	8	5	3
5318	0	0	0	0	25	949	25	15	10
5332	0	0	0	0	11	882	11	7	4
5319	0	0	0	0	24	1006	24	11	13
5335	0	0	0	0	8	862	8	7	1
5324	0	0	0	0	19	917	19	12	7
5327	0	0	0	0	16	904	16	9	7
5325	0	0	0	0	18	916	18	9	9
5332	0	0	0	0	11	855	11	7	4
5337	0	0	0	0	6	851	6	5	1
5313	0	0	0	0	30	968	30	20	10
5336	0	0	0	0	7	821	7	5	2
5329	0	0	0	0	14	885	14	9	5
5337	0	0	0	0	6	829	6	5	1
5323	0	0	0	0	20	911	20	11	9
5331	0	0	0	0	12	909	12	6	6
5326	0	0	0	0	17	911	17	14	3
5338	0	0	0	0	5	842	5	5	0
5323	0	0	0	0	20	922	20	9	11
5331	0	0	0	0	12	876	12	8	4
5329	0	0	0	0	14	885	14	8	6
5332	0	0	0	0	11	843	11	6	5
5335	0	0	0	0	8	861	8	7	1
5331	0	0	0	0	12	861	12	6	6
5327	0	0	0	0	16	893	16	14	2
5318	0	0	0	0	25	944	25	14	11
5337	0	0	0	0	6	847	6	6	0
5336	0	0	0	0	7	836	7	5	2
5307	0	0	0	0	36	940	36	22	14
5322	0	0	0	0	21	877	21	14	7
5329	0	0	0	0	14	902	14	8	6
5324	0	0	0	0	19	914	19	10	9
5331	0	0	0	0	12	857	12	6	6
5333	0	0	0	0	10	868	10	5	5
5338	0	0	0	0	5	827	5	5	0
5331	0	0	0	0	12	880	12	6	6
5327	0	0	0	0	16	908	16	7	9
5336	0	0	0	0	7	837	7	5	2
5336	0	0	0	0	7	842	7	5	2
5328	0	0	0	0	15	926	15	11	4
5329	0	0	0	0	14	882	14	9	5
5326	0	0	0	0	17	932	17	11	6
5326	0	0	0	0	17	904	17	12	5
5334	0	0	0	0	9	834	9	6	3
5336	0	0	0	0	7	849	7	5	2
5335	0	0	0	0	8	835	8	7	1
5332	0	0	0	0	11	861	11	7	4
5331	0	0	0	0	12	870	12	9	3
5331	0	0	0	0	12	863	12	8	4
5335	0	0	0	0	8	869	8	5	3
5325	0	0	0	0	18	903	18	9	9
5336	0	0	0	0	7	820	7	7	0
5337	0	0	0	0	6	853	6	5	1
5332	0	0	0	0	11	882	11	7	4
5330	0	0	0	0	13	859	13	9	4
5335	0	0	0	0	8	865	8	6	2
5319	0	0	0	0	24	913	24	17	7
5323	0	0	0	0	20	921	20	10	10
5331	0	0	0	0	12	864	12	8	4
5334	0	0	0	0	9	876	9	7	2
5335	0	0	0	0	8	878	8	7	1
5337	0	0	0	0	6	854	6	5	1
5336	0	0	0	0	7	817	7	5	2
5329	0	0	0	0	14	869	14	9	5
5336	0	0	0	0	7	853	7	5	2
5322	0	0	0	0	21	913	21	14	7
5302	0	0	0	0	41	969	41	18	23
5321	0	0	0	0	22	902	22	11	11
5325	0	0	0	0	18	891	18	10	8
5336	0	0	0	0	7	845	7	5	2
5336	0	0	0	0	7	826	7	5	2
5333	0	0	0	0	10	872	10	8	2
5332	0	0	0	0	11	868	11	9	2
5312	0	0	0	0	31	1042	31	22	9
5333	0	0	0	0	10	874	10	7	3
5335	0	0	0	0	8	844	8	6	2
5337	0	0	0	0	6	843	6	5	1
5329	0	0	0	0	14	883	14	8	6
5334	0	0	0	0	9	849	9	7	2
5318	0	0	0	0	25	901	25	14	11
5338	0	0	0	0	5	821	5	5	0
5328	0	0	0	0	15	876	15	8	7
5329	0	0	0	0	14	869	14	8	6
5332	0	0	0	0	11	881	11	8	3
5337	0	0	0	0	6	846	6	6	0
5338	0	0	0	0	5	808	5	5	0
5335	0	0	0	0	8	860	8	5	3
5318	0	0	0	0	25	926	25	13	12
5337	0	0	0	0	6	828	6	5	1
5323	0	0	0	0	20	964	20	12	8
5330	0	0	0	0	13	869	13	10	3
5328	0	0	0	0	15	910	15	8	7
5338	0	0	0	0	5	822	5	5	0
5324	0	0	0	0	19	924	19	11	8
5327	0	0	0	0	16	879	16	12	4
5335	0	0	0	0	8	825	8	6	2
5336	0	0	0	0	7	840	7	7	0
5332	0	0	0	0	11	846	11	7	4
5335	0	0	0	0	8	827	8	7	1
5331	0	0	0	0	12	864	12	8	4
5335	0	0	0	0	8	841	8	7	1
5334	0	0	0	0	9	846	9	6	3
5331	0	0	0	0	12	877	12	6	6
5336	0	0	0	0	7	836	7	6	1
5336	0	0	0	0	7	807	7	6	1
5325	0	0	0	0	18	903	18	13	5
5337	0	0	0	0	6	815	6	5	1
5336	0	0	0	0	7	844	7	6	1
5335	0	0	0	0	8	853	8	6	2
5334	0	0	0	0	9	867	9	5	4
5325	0	0	0	0	18	894	18	12	6
5325	0	0	0	0	18	912	18	9	9
5332	0	0	0	0	11	887	11	6	5
5333	0	0	0	0	10	875	10	5	5
5327	0	0	0	0	16	902	16	9	7
5319	0	0	0	0	24	898	24	18	6
5337	0	0	0	0	6	837	6	5	1
5333	0	0	0	0	10	860	10	7	3
5337	0	0	0	0	6	839	6	5	1
5327	0	0	0	0	16	944	16	12	4
5332	0	0	0	0	11	866	11	10	1
5316	0	0	0	0	27	981	27	13	14
5312	0	0	0	0	31	987	31	19	12
5319	0	0	0	0	24	979	24	15	9
5338	0	0	0	0	5	815	5	5	0
5336	0	0	0	0	7	826	7	5	2
5331	0	0	0	0	12	871	12	8	4
5320	0	0	0	0	23	933	23	16	7
5337	0	0	0	0	6	858	6	5	1
5319	0	0	0	0	24	990	24	17	7
5332	0	0	0	0	11	883	11	6	5
5327	0	0	0	0	16	906	16	10	6
5328	0	0	0	0	15	841	15	8	7
5338	0	0	0	0	5	818	5	5	0
5310	0	0	0	0	33	938	33	15	18
5337	0	0	0	0	6	852	6	5	1
5333	0	0	0	0	10	867	10	6	4
5325	0	0	0	0	18	889	18	13	5
5333	0	0	0	0	10	851	10	6	4
5331	0	0	0	0	12	862	12	7	5
5337	0	0	0	0	6	838	6	6	0
5321	0	0	0	0	22	902	22	16	6
5333	0	0	0	0	10	825	10	9	1
5313	0	0	0	0	30	1006	30	20	10
5321	0	0	0	0	22	969	22	14	8
5333	0	0	0	0	10	884	10	7	3
5331	0	0	0	0	12	872	12	7	5
5330	0	0	0	0	13	857	13	6	7
5334	0	0	0	0	9	886	9	6	3
5334	0	0	0	0	9	853	9	7	2
5325	0	0	0	0	18	889	18	10	8
5327	0	0	0	0	16	884	16	7	9
5337	0	0	0	0	6	822	6	5	1
5332	0	0	0	0	11	836	11	10	1
5328	0	0	0	0	15	884	15	8	7
5323	0	0	0	0	20	969	20	10	10
5336	0	0	0	0	7	845	7	6	1
5323	0	0	0	0	20	906	20	13	7
5326	0	0	0	0	17	888	17	9	8
5336	0	0	0	0	7	836	7	5	2
5332	0	0	0	0	11	870	11	9	2
5338	0	0	0	0	5	835	5	5	0
5327	0	0	0	0	16	886	16	9	7
5337	0	0	0	0	6	829	6	6	0
5322	0	0	0	0	21	945	21	10	11
5335	0	0	0	0	8	841	8	5	3
5321	0	0	0	0	22	883	22	12	10
5331	0	0	0	0	12	874	12	7	5
5333	0	0	0	0	10	867	10	5	5
5304	0	0	0	0	39	1029	39	20	19
5328	0	0	0	0	15	872	15	9	6
5327	0	0	0	0	16	894	16	13	3
5331	0	0	0	0	12	880	12	7	5
5324	0	0	0	0	19	894	19	11	8
5336	0	0	0	0	7	859	7	6	1
5335	0	0	0	0	8	863	8	6	2
5336	0	0	0	0	7	822	7	6	1
5338	0	0	0	0	5	846	5	5	0
5332	0	0	0	0	11	848	11	7	4
5335	0	0	0	0	8	838	8	6	2
5331	0	0	0	0	12	887	12	10	2
5328	0	0	0	0	15	873	15	6	9
5334	0	0	0	0	9	880	9	7	2
5333	0	0	0	0	10	865	10	6	4
5330	0	0	0	0	13	936	13	10	3
5330	0	0	0	0	13	859	13	6	7
5321	0	0	0	0	22	955	22	12	10
5327	0	0	0	0	16	913	16	10	6
5337	0	0	0	0	6	844	6	5	1
5306	0	0	0	0	37	993	37	21	16
5332	0	0	0	0	11	893	11	7	4
5338	0	0	0	0	5	839	5	5	0
5333	0	0	0	0	10	872	10	8	2
5332	0	0	0	0	11	890	11	7	4
5334	0	0	0	0	9	836	9	5	4
5338	0	0	0	0	5	816	5	5	0
5336	0	0	0	0	7	843	7	6	1
5332	0	0	0	0	11	882	11	8	3
5336	0	0	0	0	7	826	7	6	1
5337	0	0	0	0	6	850	6	6	0
5336	0	0	0	0	7	828	7	6	1
5330	0	0	0	0	13	878	13	8	5
5318	0	0	0	0	25	904	25	18	7
5322	0	0	0	0	21	919	21	12	9
5333	0	0	0	0	10	843	10	7	3
5331	0	0	0	0	12	836	12	9	3
5328	0	0	0	0	15	923	15	10	5
5325	0	0	0	0	18	903	18	7	11
5334	0	0	0	0	9	868	9	7	2
5331	0	0	0	0	12	880	12	7	5
5330	0	0	0	0	13	869	13	8	5
5336	0	0	0	0	7	867	7	5	2
5335	0	0	0	0	8	840	8	7	1
5330	0	0	0	0	13	852	13	8	5
5331	0	0	0	0	12	886	12	8	4
5336	0	0	0	0	7	820	7	6	1
5338	0	0	0	0	5	815	5	5	0
5331	0	0	0	0	12	897	12	6	6
5338	0	0	0	0	5	822	5	5	0
5332	0	0	0	0	11	862	11	7	4
5331	0	0	0	0	12	873	12	8	4
5337	0	0	0	0	6	846	6	5	1
5329	0	0	0	0	14	872	14	10	4
5332	0	0	0	0	11	835	11	9	2
5335	0	0	0	0	8	855	8	5	3
5328	0	0	0	0	15	900	15	6	9
5338	0	0	0	0	5	840	5	5	0
5324	0	0	0	0	19	876	19	12	7
5338	0	0	0	0	5	827	5	5	0
5332	0	0	0	0	11	890	11	7	4
5332	0	0	0	0	11	848	11	9	2
5336	0	0	0	0	7	880	7	6	1
5321	0	0	0	0	22	921	22	12	10
5329	0	0	0	0	14	880	14	9	5
5329	0	0	0	0	14	930	14	9	5
5333	0	0	0	0	10	857	10	5	5
5335	0	0	0	0	8	858	8	5	3
5331	0	0	0	0	12	887	12	7	5
5324	0	0	0	0	19	928	19	12	7
5313	0	0	0	0	30	993	30	18	12
5335	0	0	0	0	8	866	8	5	3
5328	0	0	0	0	15	826	15	10	5
5332	0	0	0	0	11	868	11	7	4
5321	0	0	0	0	22	922	22	12	10
5337	0	0	0	0	6	827	6	5	1
5331	0	0	0	0	12	856	12	7	5
5319	0	0	0	0	24	936	24	16	8
5335	0	0	0	0	8	846	8	6	2
5329	0	0	0	0	14	880	14	9	5
5333	0	0	0	0	10	859	10	6	4
5324	0	0	0	0	19	919	19	13	6
5333	0	0	0	0	10	869	10	7	3
5327	0	0	0	0	16	910	16	9	7
5336	0	0	0	0	7	835	7	5	2
5328	0	0	0	0	15	884	15	11	4
5317	0	0	0	0	26	1000	26	17	9
5328	0	0	0	0	15	872	15	10	5
5330	0	0	0	0	13	877	13	9	4
5334	0	0	0	0	9	863	9	7	2
5303	0	0	0	0	40	1055	40	25	15
5332	0	0	0	0	11	847	11	8	3
5330	0	0	0	0	13	898	13	9	4
5337	0	0	0	0	6	815	6	6	0
5336	0	0	0	0	7	830	7	6	1
5333	0	0	0	0	10	870	10	6	4
5327	0	0	0	0	16	912	16	10	6
5331	0	0	0	0	12	855	12	8	4
5336	0	0	0	0	7	833	7	5	2
5326	0	0	0	0	17	885	17	8	9
5304	0	0	0	0	39	957	39	19	20
5329	0	0	0	0	14	875	14	10	4
5337	0	0	0	0	6	836	6	5	1
5336	0	0	0	0	7	840	7	6	1
5329	0	0	0	0	14	888	14	9	5
5330	0	0	0	0	13	869	13	8	5
5338	0	0	0	0	5	824	5	5	0
5335	0	0	0	0	8	838	8	5	3
5321	0	0	0	0	22	985	22	9	13
5321	0	0	0	0	22	880	22	16	6
5336	0	0	0	0	7	839	7	5	2
5334	0	0	0	0	9	868	9	7	2
5334	0	0	0	0	9	862	9	5	4
5328	0	0	0	0	15	874	15	10	5
5327	0	0	0	0	16	906	16	10	6
5321	0	0	0	0	22	934	22	12	10
5332	0	0	0	0	11	888	11	8	3
5338	0	0	0	0	5	816	5	5	0
5338	0	0	0	0	5	804	5	5	0
5328	0	0	0	0	15	897	15	12	3
5335	0	0	0	0	8	825	8	6	2
5332	0	0	0	0	11	873	11	6	5
5338	0	0	0	0	5	841	5	5	0
5338	0	0	0	0	5	831	5	5	0
5335	0	0	0	0	8	826	8	5	3
5330	0	0	0	0	13	875	13	9	4
5337	0	0	0	0	6	809	6	5	1
5337	0	0	0	0	6	855	6	6	0
5326	0	0	0	0	17	921	17	9	8
5330	0	0	0	0	13	859	13	7	6
5336	0	0	0	0	7	830	7	6	1
5328	0	0	0	0	15	895	15	8	7
5328	0	0	0	0	15	892	15	8	7
5329	0	0	0	0	14	916	14	9	5
5333	0	0	0	0	10	837	10	5	5
5330	0	0	0	0	13	845	13	7	6
5334	0	0	0	0	9	846	9	6	3
5320	0	0	0	0	23	932	23	13	10
5335	0	0	0	0	8	857	8	7	1
5325	0	0	0	0	18	861	18	13	5
5320	0	0	0	0	23	933	23	13	10
5320	0	0	0	0	23	966	23	15	8
5326	0	0	0	0	17	886	17	11	6
5333	0	0	0	0	10	879	10	5	5
5337	0	0	0	0	6	846	6	5	1
5335	0	0	0	0	8	872	8	7	1
5328	0	0	0	0	15	833	15	12	3
5338	0	0	0	0	5	840	5	5	0
5329	0	0	0	0	14	902	14	9	5
5318	0	0	0	0	25	920	25	11	14
5307	0	0	0	0	36	975	36	19	17
5332	0	0	0	0	11	847	11	8	3
5335	0	0	0	0	8	869	8	6	2
5333	0	0	0	0	10	845	10	8	2
5335	0	0	0	0	8	815	8	7	1
5329	0	0	0	0	14	898	14	9	5
5330	0	0	0	0	13	871	13	7	6
5327	0	0	0	0	16	883	16	13	3
5334	0	0	0	0	9	836	9	6	3
5332	0	0	0	0	11	873	11	7	4
5334	0	0	0	0	9	893	9	5	4
5335	0	0	0	0	8	833	8	5	3
5330	0	0	0	0	13	866	13	9	4
5321	0	0	0	0	22	972	22	12	10
5335	0	0	0	0	8	834	8	5	3
5336	0	0	0	0	7	841	7	6	1
5337	0	0	0	0	6	839	6	6	0
5335	0	0	0	0	8	852	8	5	3
5332	0	0	0	0	11	830	11	7	4
5334	0	0	0	0	9	857	9	7	2
5320	0	0	0	0	23	946	23	11	12
5327	0	0	0	0	16	884	16	8	8
5333	0	0	0	0	10	847	10	8	2
5324	0	0	0	0	19	879	19	13	6
5328	0	0	0	0	15	887	15	10	5
5320	0	0	0	0	23	935	23	14	9
5335	0	0	0	0	8	835	8	6	2
5314	0	0	0	0	29	968	29	18	11
5328	0	0	0	0	15	913	15	10	5
5329	0	0	0	0	14	891	14	10	4
5329	0	0	0	0	14	872	14	9	5
5335	0	0	0	0	8	834	8	8	0
5327	0	0	0	0	16	894	16	10	6
5333	0	0	0	0	10	870	10	6	4
5329	0	0	0	0	14	887	14	9	5
5335	0	0	0	0	8	826	8	6	2
5336	0	0	0	0	7	811	7	6	1
5328	0	0	0	0	15	881	15	9	6
5336	0	0	0	0	7	831	7	5	2
5333	0	0	0	0	10	837	10	8	2
5324	0	0	0	0	19	875	19	11	8
5329	0	0	0	0	14	869	14	11	3
5320	0	0	0	0	23	927	23	18	5
5333	0	0	0	0	10	885	10	6	4
5332	0	0	0	0	11	875	11	7	4
5336	0	0	0	0	7	853	7	5	2
5334	0	0	0	0	9	858	9	5	4
5299	0	0	0	0	44	1047	44	29	15
5333	0	0	0	0	10	871	10	8	2
5334	0	0	0	0	9	860	9	6	3
5326	0	0	0	0	17	891	17	6	11
5335	0	0	0	0	8	843	8	6	2
5322	0	0	0	0	21	954	21	11	10
5338	0	0	0	0	5	832	5	5	0
5334	0	0	0	0	9	854	9	6	3
5321	0	0	0	0	22	923	22	14	8
5332	0	0	0	0	11	892	11	6	5
5334	0	0	0	0	9	824	9	8	1
5330	0	0	0	0	13	863	13	9	4
5336	0	0	0	0	7	838	7	6	1
5337	0	0	0	0	6	831	6	5	1
5324	0	0	0	0	19	954	19	12	7
5332	0	0	0	0	11	834	11	8	3
5333	0	0	0	0	10	855	10	6	4
5324	0	0	0	0	19	943	19	12	7
