5338	0	0	0	0	5	3220	5	5	0
5337	0	0	0	0	6	3225	6	6	0
5338	0	0	0	0	5	3214	5	5	0
5337	0	0	0	0	6	3219	6	6	0
5336	0	0	0	0	7	3225	7	7	0
5337	0	0	0	0	6	3212	6	5	1
5336	0	0	0	0	7	3218	7	7	0
5329	0	0	0	0	14	3247	14	13	1
5338	0	0	0	0	5	3214	5	5	0
5336	0	0	0	0	7	3228	7	7	0
5336	0	0	0	0	7	3221	7	7	0
5338	0	0	0	0	5	3214	5	5	0
5338	0	0	0	0	5	3215	5	5	0
5336	0	0	0	0	7	3227	7	7	0
5337	0	0	0	0	6	3210	6	5	1
5338	0	0	0	0	5	3214	5	5	0
5335	0	0	0	0	8	3232	8	6	2
5338	0	0	0	0	5	3212	5	5	0
5338	0	0	0	0	5	3220	5	5	0
5336	0	0	0	0	7	3217	7	6	1
5338	0	0	0	0	5	3217	5	5	0
5338	0	0	0	0	5	3223	5	5	0
5336	0	0	0	0	7	3221	7	7	0
5337	0	0	0	0	6	3220	6	5	1
5337	0	0	0	0	6	3233	6	5	1
5338	0	0	0	0	5	3226	5	5	0
5334	0	0	0	0	9	3229	9	9	0
5337	0	0	0	0	6	3224	6	5	1
5337	0	0	0	0	6	3217	6	6	0
5338	0	0	0	0	5	3222	5	5	0
5338	0	0	0	0	5	3220	5	5	0
5336	0	0	0	0	7	3223	7	7	0
5338	0	0	0	0	5	3215	5	5	0
5335	0	0	0	0	8	3237	8	8	0
5332	0	0	0	0	11	3226	11	10	1
5334	0	0	0	0	9	3235	9	8	1
5338	0	0	0	0	5	3230	5	5	0
5338	0	0	0	0	5	3225	5	5	0
5335	0	0	0	0	8	3222	8	7	1
5338	0	0	0	0	5	3231	5	5	0
5336	0	0	0	0	7	3213	7	6	1
5338	0	0	0	0	5	3213	5	5	0
5337	0	0	0	0	6	3216	6	5	1
5337	0	0	0	0	6	3221	6	5	1
5337	0	0	0	0	6	3211	6	6	0
5337	0	0	0	0	6	3241	6	6	0
5335	0	0	0	0	8	3226	8	8	0
5338	0	0	0	0	5	3218	5	5	0
5330	0	0	0	0	13	3246	13	12	1
5335	0	0	0	0	8	3242	8	8	0
5333	0	0	0	0	10	3220	10	9	1
5337	0	0	0	0	6	3228	6	6	0
5338	0	0	0	0	5	3215	5	5	0
5338	0	0	0	0	5	3217	5	5	0
5335	0	0	0	0	8	3218	8	7	1
5336	0	0	0	0	7	3229	7	7	0
5335	0	0	0	0	8	3221	8	6	2
5337	0	0	0	0	6	3229	6	5	1
5337	0	0	0	0	6	3219	6	6	0
5334	0	0	0	0	9	3235	9	8	1
5334	0	0	0	0	9	3223	9	9	0
5337	0	0	0	0	6	3218	6	5	1
5337	0	0	0	0	6	3223	6	5	1
5336	0	0	0	0	7	3232	7	7	0
5336	0	0	0	0	7	3209	7	6	1
5335	0	0	0	0	8	3222	8	7	1
5337	0	0	0	0	6	3211	6	6	0
5334	0	0	0	0	9	3223	9	8	1
5334	0	0	0	0	9	3241	9	9	0
5336	0	0	0	0	7	3224	7	7	0
5335	0	0	0	0	8	3229	8	8	0
5337	0	0	0	0	6	3213	6	5	1
5337	0	0	0	0	6	3209	6	5	1
5338	0	0	0	0	5	3211	5	5	0
5338	0	0	0	0	5	3225	5	5	0
5336	0	0	0	0	7	3224	7	7	0
5335	0	0	0	0	8	3230	8	7	1
5338	0	0	0	0	5	3225	5	5	0
5338	0	0	0	0	5	3220	5	5	0
5337	0	0	0	0	6	3232	6	6	0
5337	0	0	0	0	6	3223	6	6	0
5338	0	0	0	0	5	3215	5	5	0
5337	0	0	0	0	6	3220	6	5	1
5338	0	0	0	0	5	3216	5	5	0
5337	0	0	0	0	6	3225	6	5	1
5338	0	0	0	0	5	3222	5	5	0
5337	0	0	0	0	6	3221	6	6	0
5338	0	0	0	0	5	3210	5	5	0
5338	0	0	0	0	5	3225	5	5	0
5337	0	0	0	0	6	3212	6	6	0
5337	0	0	0	0	6	3232	6	6	0
5338	0	0	0	0	5	3225	5	5	0
5338	0	0	0	0	5	3218	5	5	0
5337	0	0	0	0	6	3222	6	6	0
5338	0	0	0	0	5	3211	5	5	0
5338	0	0	0	0	5	3220	5	5	0
5337	0	0	0	0	6	3212	6	6	0
5335	0	0	0	0	8	3225	8	6	2
5338	0	0	0	0	5	3218	5	5	0
5337	0	0	0	0	6	3216	6	6	0
5338	0	0	0	0	5	3223	5	5	0
5337	0	0	0	0	6	3214	6	6	0
5336	0	0	0	0	7	3230	7	7	0
5338	0	0	0	0	5	3225	5	5	0
5335	0	0	0	0	8	3227	8	8	0
5335	0	0	0	0	8	3229	8	8	0
5335	0	0	0	0	8	3232	8	7	1
5337	0	0	0	0	6	3225	6	5	1
5337	0	0	0	0	6	3227	6	6	0
5337	0	0	0	0	6	3231	6	6	0
5337	0	0	0	0	6	3210	6	6	0
5333	0	0	0	0	10	3232	10	8	2
5337	0	0	0	0	6	3218	6	6	0
5333	0	0	0	0	10	3220	10	10	0
5334	0	0	0	0	9	3223	9	9	0
5337	0	0	0	0	6	3227	6	6	0
5338	0	0	0	0	5	3216	5	5	0
5338	0	0	0	0	5	3221	5	5	0
5337	0	0	0	0	6	3222	6	6	0
5337	0	0	0	0	6	3229	6	6	0
5337	0	0	0	0	6	3229	6	6	0
5331	0	0	0	0	12	3250	12	12	0
5334	0	0	0	0	9	3228	9	7	2
5334	0	0	0	0	9	3240	9	8	1
5336	0	0	0	0	7	3218	7	7	0
5337	0	0	0	0	6	3227	6	5	1
5338	0	0	0	0	5	3220	5	5	0
5338	0	0	0	0	5	3210	5	5	0
5338	0	0	0	0	5	3211	5	5	0
5338	0	0	0	0	5	3212	5	5	0
5335	0	0	0	0	8	3236	8	8	0
5337	0	0	0	0	6	3234	6	5	1
5331	0	0	0	0	12	3239	12	12	0
5338	0	0	0	0	5	3221	5	5	0
5337	0	0	0	0	6	3223	6	5	1
5333	0	0	0	0	10	3229	10	8	2
5336	0	0	0	0	7	3225	7	7	0
5338	0	0	0	0	5	3216	5	5	0
5336	0	0	0	0	7	3222	7	7	0
5338	0	0	0	0	5	3220	5	5	0
5330	0	0	0	0	13	3234	13	13	0
5338	0	0	0	0	5	3225	5	5	0
5337	0	0	0	0	6	3215	6	6	0
5338	0	0	0	0	5	3220	5	5	0
5330	0	0	0	0	13	3243	13	11	2
5329	0	0	0	0	14	3229	14	11	3
5335	0	0	0	0	8	3239	8	7	1
5336	0	0	0	0	7	3220	7	7	0
5338	0	0	0	0	5	3215	5	5	0
5337	0	0	0	0	6	3218	6	5	1
5338	0	0	0	0	5	3217	5	5	0
5337	0	0	0	0	6	3224	6	6	0
5334	0	0	0	0	9	3237	9	6	3
5337	0	0	0	0	6	3213	6	5	1
5338	0	0	0	0	5	3214	5	5	0
5336	0	0	0	0	7	3230	7	7	0
5336	0	0	0	0	7	3227	7	7	0
5334	0	0	0	0	9	3238	9	9	0
5332	0	0	0	0	11	3236	11	11	0
5336	0	0	0	0	7	3211	7	6	1
5338	0	0	0	0	5	3216	5	5	0
5338	0	0	0	0	5	3217	5	5	0
5336	0	0	0	0	7	3220	7	7	0
5334	0	0	0	0	9	3229	9	9	0
5334	0	0	0	0	9	3218	9	8	1
5337	0	0	0	0	6	3225	6	5	1
5336	0	0	0	0	7	3228	7	6	1
5337	0	0	0	0	6	3210	6	6	0
5338	0	0	0	0	5	3228	5	5	0
5336	0	0	0	0	7	3231	7	6	1
5337	0	0	0	0	6	3221	6	6	0
5338	0	0	0	0	5	3217	5	5	0
5337	0	0	0	0	6	3223	6	6	0
5337	0	0	0	0	6	3229	6	6	0
5338	0	0	0	0	5	3221	5	5	0
5338	0	0	0	0	5	3219	5	5	0
5337	0	0	0	0	6	3225	6	6	0
5338	0	0	0	0	5	3220	5	5	0
5338	0	0	0	0	5	3210	5	5	0
5336	0	0	0	0	7	3227	7	7	0
5338	0	0	0	0	5	3225	5	5	0
5337	0	0	0	0	6	3232	6	6	0
5338	0	0	0	0	5	3217	5	5	0
5336	0	0	0	0	7	3219	7	7	0
5337	0	0	0	0	6	3221	6	6	0
5338	0	0	0	0	5	3214	5	5	0
5338	0	0	0	0	5	3211	5	5	0
5336	0	0	0	0	7	3220	7	7	0
5338	0	0	0	0	5	3219	5	5	0
5337	0	0	0	0	6	3221	6	6	0
5336	0	0	0	0	7	3220	7	6	1
5336	0	0	0	0	7	3229	7	6	1
5337	0	0	0	0	6	3225	6	5	1
5335	0	0	0	0	8	3233	8	7	1
5336	0	0	0	0	7	3215	7	7	0
5332	0	0	0	0	11	3221	11	9	2
5338	0	0	0	0	5	3211	5	5	0
5337	0	0	0	0	6	3223	6	5	1
5334	0	0	0	0	9	3229	9	8	1
5338	0	0	0	0	5	3217	5	5	0
5337	0	0	0	0	6	3222	6	6	0
5338	0	0	0	0	5	3205	5	5	0
5338	0	0	0	0	5	3216	5	5	0
5335	0	0	0	0	8	3228	8	6	2
5337	0	0	0	0	6	3215	6	5	1
5332	0	0	0	0	11	3243	11	9	2
5334	0	0	0	0	9	3231	9	9	0
5336	0	0	0	0	7	3228	7	7	0
5338	0	0	0	0	5	3214	5	5	0
5336	0	0	0	0	7	3233	7	7	0
5337	0	0	0	0	6	3211	6	6	0
5338	0	0	0	0	5	3213	5	5	0
5336	0	0	0	0	7	3222	7	7	0
5335	0	0	0	0	8	3220	8	7	1
5336	0	0	0	0	7	3213	7	7	0
5337	0	0	0	0	6	3214	6	6	0
5336	0	0	0	0	7	3222	7	7	0
5337	0	0	0	0	6	3216	6	6	0
5337	0	0	0	0	6	3218	6	6	0
5337	0	0	0	0	6	3216	6	6	0
5338	0	0	0	0	5	3202	5	5	0
5329	0	0	0	0	14	3240	14	13	1
5338	0	0	0	0	5	3209	5	5	0
5338	0	0	0	0	5	3211	5	5	0
5337	0	0	0	0	6	3224	6	6	0
5338	0	0	0	0	5	3218	5	5	0
5336	0	0	0	0	7	3234	7	7	0
5336	0	0	0	0	7	3222	7	6	1
5338	0	0	0	0	5	3222	5	5	0
5338	0	0	0	0	5	3219	5	5	0
5336	0	0	0	0	7	3219	7	7	0
5332	0	0	0	0	11	3218	11	10	1
5338	0	0	0	0	5	3218	5	5	0
5337	0	0	0	0	6	3225	6	6	0
5338	0	0	0	0	5	3218	5	5	0
5337	0	0	0	0	6	3225	6	6	0
5334	0	0	0	0	9	3227	9	9	0
5336	0	0	0	0	7	3223	7	5	2
5338	0	0	0	0	5	3222	5	5	0
5338	0	0	0	0	5	3224	5	5	0
5338	0	0	0	0	5	3209	5	5	0
5338	0	0	0	0	5	3217	5	5	0
5338	0	0	0	0	5	3215	5	5	0
5330	0	0	0	0	13	3233	13	13	0
5338	0	0	0	0	5	3220	5	5	0
5337	0	0	0	0	6	3224	6	6	0
5336	0	0	0	0	7	3222	7	6	1
5335	0	0	0	0	8	3234	8	8	0
5336	0	0	0	0	7	3211	7	7	0
5338	0	0	0	0	5	3215	5	5	0
5335	0	0	0	0	8	3230	8	7	1
5338	0	0	0	0	5	3222	5	5	0
5338	0	0	0	0	5	3222	5	5	0
5330	0	0	0	0	13	3245	13	13	0
5336	0	0	0	0	7	3219	7	6	1
5336	0	0	0	0	7	3217	7	6	1
5337	0	0	0	0	6	3228	6	6	0
5332	0	0	0	0	11	3223	11	10	1
5338	0	0	0	0	5	3208	5	5	0
5323	0	0	0	0	20	3265	20	18	2
5337	0	0	0	0	6	3230	6	6	0
5338	0	0	0	0	5	3234	5	5	0
5337	0	0	0	0	6	3214	6	5	1
5336	0	0	0	0	7	3220	7	5	2
5338	0	0	0	0	5	3217	5	5	0
5337	0	0	0	0	6	3228	6	6	0
5334	0	0	0	0	9	3225	9	7	2
5338	0	0	0	0	5	3215	5	5	0
5338	0	0	0	0	5	3210	5	5	0
5333	0	0	0	0	10	3218	10	10	0
5337	0	0	0	0	6	3225	6	6	0
5336	0	0	0	0	7	3218	7	7	0
5337	0	0	0	0	6	3222	6	6	0
5333	0	0	0	0	10	3234	10	10	0
5338	0	0	0	0	5	3218	5	5	0
5338	0	0	0	0	5	3218	5	5	0
5337	0	0	0	0	6	3227	6	6	0
5338	0	0	0	0	5	3218	5	5	0
5338	0	0	0	0	5	3208	5	5	0
5337	0	0	0	0	6	3215	6	6	0
5336	0	0	0	0	7	3227	7	6	1
5338	0	0	0	0	5	3219	5	5	0
5335	0	0	0	0	8	3217	8	7	1
5337	0	0	0	0	6	3229	6	5	1
5337	0	0	0	0	6	3230	6	5	1
5337	0	0	0	0	6	3224	6	6	0
5336	0	0	0	0	7	3220	7	6	1
5331	0	0	0	0	12	3226	12	12	0
5337	0	0	0	0	6	3229	6	6	0
5335	0	0	0	0	8	3232	8	8	0
5337	0	0	0	0	6	3226	6	6	0
5337	0	0	0	0	6	3231	6	6	0
5337	0	0	0	0	6	3210	6	6	0
5338	0	0	0	0	5	3230	5	5	0
5338	0	0	0	0	5	3218	5	5	0
5337	0	0	0	0	6	3214	6	5	1
5334	0	0	0	0	9	3243	9	9	0
5336	0	0	0	0	7	3223	7	6	1
5337	0	0	0	0	6	3229	6	6	0
5335	0	0	0	0	8	3225	8	6	2
5338	0	0	0	0	5	3219	5	5	0
5338	0	0	0	0	5	3222	5	5	0
5337	0	0	0	0	6	3223	6	6	0
5338	0	0	0	0	5	3225	5	5	0
5338	0	0	0	0	5	3217	5	5	0
5337	0	0	0	0	6	3224	6	6	0
5336	0	0	0	0	7	3226	7	6	1
5338	0	0	0	0	5	3219	5	5	0
5337	0	0	0	0	6	3223	6	6	0
5336	0	0	0	0	7	3227	7	5	2
5338	0	0	0	0	5	3216	5	5	0
5338	0	0	0	0	5	3209	5	5	0
5338	0	0	0	0	5	3214	5	5	0
5335	0	0	0	0	8	3240	8	7	1
5337	0	0	0	0	6	3221	6	6	0
5337	0	0	0	0	6	3218	6	6	0
5337	0	0	0	0	6	3215	6	6	0
5338	0	0	0	0	5	3211	5	5	0
5336	0	0	0	0	7	3227	7	7	0
5338	0	0	0	0	5	3215	5	5	0
5337	0	0	0	0	6	3219	6	6	0
5333	0	0	0	0	10	3219	10	9	1
5335	0	0	0	0	8	3242	8	8	0
5337	0	0	0	0	6	3224	6	5	1
5336	0	0	0	0	7	3216	7	7	0
5336	0	0	0	0	7	3223	7	6	1
5336	0	0	0	0	7	3219	7	7	0
5338	0	0	0	0	5	3221	5	5	0
5336	0	0	0	0	7	3214	7	7	0
5337	0	0	0	0	6	3213	6	6	0
5338	0	0	0	0	5	3223	5	5	0
5337	0	0	0	0	6	3212	6	6	0
5338	0	0	0	0	5	3208	5	5	0
5338	0	0	0	0	5	3222	5	5	0
5338	0	0	0	0	5	3209	5	5	0
5337	0	0	0	0	6	3220	6	6	0
5337	0	0	0	0	6	3228	6	6	0
5338	0	0	0	0	5	3219	5	5	0
5333	0	0	0	0	10	3233	10	10	0
5337	0	0	0	0	6	3217	6	6	0
5338	0	0	0	0	5	3223	5	5	0
5335	0	0	0	0	8	3238	8	6	2
5338	0	0	0	0	5	3216	5	5	0
5336	0	0	0	0	7	3214	7	7	0
5338	0	0	0	0	5	3217	5	5	0
5338	0	0	0	0	5	3213	5	5	0
5334	0	0	0	0	9	3221	9	9	0
5337	0	0	0	0	6	3231	6	6	0
5336	0	0	0	0	7	3219	7	7	0
5333	0	0	0	0	10	3235	10	8	2
5335	0	0	0	0	8	3223	8	7	1
5338	0	0	0	0	5	3217	5	5	0
5338	0	0	0	0	5	3228	5	5	0
5338	0	0	0	0	5	3216	5	5	0
5336	0	0	0	0	7	3224	7	6	1
5333	0	0	0	0	10	3233	10	10	0
5337	0	0	0	0	6	3220	6	5	1
5332	0	0	0	0	11	3217	11	10	1
5336	0	0	0	0	7	3229	7	7	0
5332	0	0	0	0	11	3234	11	11	0
5338	0	0	0	0	5	3217	5	5	0
5335	0	0	0	0	8	3231	8	7	1
5333	0	0	0	0	10	3224	10	10	0
5337	0	0	0	0	6	3218	6	6	0
5336	0	0	0	0	7	3224	7	7	0
5337	0	0	0	0	6	3231	6	6	0
5338	0	0	0	0	5	3218	5	5	0
5338	0	0	0	0	5	3221	5	5	0
5338	0	0	0	0	5	3221	5	5	0
5338	0	0	0	0	5	3214	5	5	0
5333	0	0	0	0	10	3227	10	9	1
5334	0	0	0	0	9	3229	9	8	1
5334	0	0	0	0	9	3229	9	8	1
5335	0	0	0	0	8	3237	8	8	0
5336	0	0	0	0	7	3229	7	7	0
5335	0	0	0	0	8	3223	8	7	1
5334	0	0	0	0	9	3222	9	8	1
5337	0	0	0	0	6	3229	6	6	0
5337	0	0	0	0	6	3212	6	6	0
5337	0	0	0	0	6	3211	6	6	0
5338	0	0	0	0	5	3216	5	5	0
5333	0	0	0	0	10	3232	10	8	2
5338	0	0	0	0	5	3216	5	5	0
5338	0	0	0	0	5	3213	5	5	0
5337	0	0	0	0	6	3221	6	5	1
5337	0	0	0	0	6	3219	6	6	0
5334	0	0	0	0	9	3226	9	9	0
5338	0	0	0	0	5	3220	5	5	0
5337	0	0	0	0	6	3218	6	6	0
5337	0	0	0	0	6	3222	6	6	0
5337	0	0	0	0	6	3224	6	5	1
5338	0	0	0	0	5	3212	5	5	0
5337	0	0	0	0	6	3213	6	5	1
5338	0	0	0	0	5	3222	5	5	0
5337	0	0	0	0	6	3214	6	6	0
5338	0	0	0	0	5	3217	5	5	0
5335	0	0	0	0	8	3231	8	7	1
5336	0	0	0	0	7	3232	7	5	2
5333	0	0	0	0	10	3233	10	10	0
5337	0	0	0	0	6	3219	6	6	0
5336	0	0	0	0	7	3231	7	7	0
5333	0	0	0	0	10	3236	10	8	2
5338	0	0	0	0	5	3209	5	5	0
5338	0	0	0	0	5	3206	5	5	0
5333	0	0	0	0	10	3226	10	10	0
5338	0	0	0	0	5	3204	5	5	0
5338	0	0	0	0	5	3225	5	5	0
5338	0	0	0	0	5	3222	5	5	0
5338	0	0	0	0	5	3221	5	5	0
5338	0	0	0	0	5	3215	5	5	0
5336	0	0	0	0	7	3226	7	6	1
5338	0	0	0	0	5	3203	5	5	0
5338	0	0	0	0	5	3216	5	5	0
5334	0	0	0	0	9	3241	9	8	1
5337	0	0	0	0	6	3223	6	5	1
5337	0	0	0	0	6	3218	6	6	0
5337	0	0	0	0	6	3216	6	6	0
5335	0	0	0	0	8	3226	8	6	2
5337	0	0	0	0	6	3226	6	6	0
5337	0	0	0	0	6	3217	6	5	1
5334	0	0	0	0	9	3224	9	7	2
5338	0	0	0	0	5	3217	5	5	0
5335	0	0	0	0	8	3233	8	7	1
5336	0	0	0	0	7	3223	7	7	0
5335	0	0	0	0	8	3221	8	8	0
5329	0	0	0	0	14	3255	14	11	3
5337	0	0	0	0	6	3219	6	6	0
5336	0	0	0	0	7	3222	7	7	0
5338	0	0	0	0	5	3225	5	5	0
5337	0	0	0	0	6	3219	6	5	1
5338	0	0	0	0	5	3211	5	5	0
5331	0	0	0	0	12	3211	12	12	0
5338	0	0	0	0	5	3216	5	5	0
5337	0	0	0	0	6	3224	6	6	0
5337	0	0	0	0	6	3217	6	6	0
5335	0	0	0	0	8	3236	8	7	1
5336	0	0	0	0	7	3215	7	7	0
5337	0	0	0	0	6	3228	6	6	0
5338	0	0	0	0	5	3216	5	5	0
5336	0	0	0	0	7	3208	7	7	0
5335	0	0	0	0	8	3233	8	7	1
5337	0	0	0	0	6	3224	6	6	0
5331	0	0	0	0	12	3229	12	12	0
5336	0	0	0	0	7	3221	7	6	1
5337	0	0	0	0	6	3223	6	5	1
5338	0	0	0	0	5	3230	5	5	0
5338	0	0	0	0	5	3215	5	5	0
5338	0	0	0	0	5	3221	5	5	0
5334	0	0	0	0	9	3236	9	8	1
5338	0	0	0	0	5	3212	5	5	0
5337	0	0	0	0	6	3224	6	6	0
5337	0	0	0	0	6	3219	6	6	0
5337	0	0	0	0	6	3226	6	5	1
5336	0	0	0	0	7	3216	7	7	0
5335	0	0	0	0	8	3221	8	7	1
5336	0	0	0	0	7	3229	7	6	1
5337	0	0	0	0	6	3217	6	6	0
5336	0	0	0	0	7	3209	7	7	0
5332	0	0	0	0	11	3232	11	10	1
5333	0	0	0	0	10	3220	10	9	1
5337	0	0	0	0	6	3218	6	6	0
5338	0	0	0	0	5	3214	5	5	0
5329	0	0	0	0	14	3242	14	12	2
5335	0	0	0	0	8	3212	8	7	1
5333	0	0	0	0	10	3224	10	8	2
5333	0	0	0	0	10	3233	10	9	1
5335	0	0	0	0	8	3219	8	8	0
5333	0	0	0	0	10	3230	10	9	1
5338	0	0	0	0	5	3228	5	5	0
5338	0	0	0	0	5	3222	5	5	0
5337	0	0	0	0	6	3209	6	5	1
5337	0	0	0	0	6	3207	6	6	0
5338	0	0	0	0	5	3224	5	5	0
5338	0	0	0	0	5	3215	5	5	0
5335	0	0	0	0	8	3219	8	8	0
5338	0	0	0	0	5	3214	5	5	0
5333	0	0	0	0	10	3230	10	10	0
5332	0	0	0	0	11	3246	11	11	0
5336	0	0	0	0	7	3231	7	5	2
5335	0	0	0	0	8	3228	8	7	1
5337	0	0	0	0	6	3231	6	5	1
5338	0	0	0	0	5	3220	5	5	0
5338	0	0	0	0	5	3235	5	5	0
5335	0	0	0	0	8	3233	8	8	0
5337	0	0	0	0	6	3224	6	6	0
5337	0	0	0	0	6	3226	6	5	1
5337	0	0	0	0	6	3225	6	6	0
5333	0	0	0	0	10	3234	10	9	1
5338	0	0	0	0	5	3212	5	5	0
5338	0	0	0	0	5	3215	5	5	0
5334	0	0	0	0	9	3225	9	6	3
5338	0	0	0	0	5	3219	5	5	0
5335	0	0	0	0	8	3215	8	8	0
5336	0	0	0	0	7	3232	7	7	0
5338	0	0	0	0	5	3217	5	5	0
5338	0	0	0	0	5	3214	5	5	0
5337	0	0	0	0	6	3227	6	6	0
5335	0	0	0	0	8	3212	8	8	0
5337	0	0	0	0	6	3225	6	6	0
5335	0	0	0	0	8	3234	8	8	0
