5338	0	0	0	0	5	1172	5	5	0
5336	0	0	0	0	7	1169	7	6	1
5336	0	0	0	0	7	1186	7	5	2
5333	0	0	0	0	10	1163	10	9	1
5334	0	0	0	0	9	1223	9	7	2
5334	0	0	0	0	9	1138	9	6	3
5329	0	0	0	0	14	1274	14	12	2
5310	0	0	0	0	33	1472	33	24	9
5336	0	0	0	0	7	1179	7	5	2
5334	0	0	0	0	9	1210	9	8	1
5334	0	0	0	0	9	1183	9	7	2
5330	0	0	0	0	13	1212	13	9	4
5333	0	0	0	0	10	1217	10	8	2
5325	0	0	0	0	18	1279	18	16	2
5325	0	0	0	0	18	1226	18	14	4
5325	0	0	0	0	18	1330	18	12	6
5333	0	0	0	0	10	1238	10	8	2
5332	0	0	0	0	11	1184	11	7	4
5337	0	0	0	0	6	1210	6	5	1
5329	0	0	0	0	14	1213	14	8	6
5337	0	0	0	0	6	1169	6	5	1
5334	0	0	0	0	9	1278	9	6	3
5336	0	0	0	0	7	1206	7	7	0
5332	0	0	0	0	11	1206	11	6	5
5334	0	0	0	0	9	1268	9	5	4
5338	0	0	0	0	5	1209	5	5	0
5332	0	0	0	0	11	1186	11	9	2
5326	0	0	0	0	17	1306	17	11	6
5336	0	0	0	0	7	1182	7	6	1
5338	0	0	0	0	5	1198	5	5	0
5333	0	0	0	0	10	1247	10	6	4
5323	0	0	0	0	20	1222	20	19	1
5331	0	0	0	0	12	1178	12	9	3
5334	0	0	0	0	9	1214	9	8	1
5323	0	0	0	0	20	1280	20	16	4
5331	0	0	0	0	12	1241	12	10	2
5338	0	0	0	0	5	1202	5	5	0
5338	0	0	0	0	5	1209	5	5	0
5330	0	0	0	0	13	1206	13	7	6
5338	0	0	0	0	5	1195	5	5	0
5336	0	0	0	0	7	1157	7	6	1
5338	0	0	0	0	5	1126	5	5	0
5329	0	0	0	0	14	1261	14	8	6
5328	0	0	0	0	15	1324	15	11	4
5336	0	0	0	0	7	1168	7	6	1
5336	0	0	0	0	7	1334	7	6	1
5327	0	0	0	0	16	1182	16	14	2
5333	0	0	0	0	10	1271	10	8	2
5322	0	0	0	0	21	1257	21	16	5
5324	0	0	0	0	19	1330	19	12	7
5332	0	0	0	0	11	1140	11	9	2
5308	0	0	0	0	35	1490	35	27	8
5337	0	0	0	0	6	1165	6	5	1
5338	0	0	0	0	5	1198	5	5	0
5331	0	0	0	0	12	1237	12	9	3
5327	0	0	0	0	16	1283	16	14	2
5328	0	0	0	0	15	1186	15	11	4
5334	0	0	0	0	9	1244	9	6	3
5334	0	0	0	0	9	1202	9	7	2
5332	0	0	0	0	11	1250	11	9	2
5321	0	0	0	0	22	1248	22	17	5
5333	0	0	0	0	10	1158	10	7	3
5332	0	0	0	0	11	1224	11	9	2
5327	0	0	0	0	16	1233	16	12	4
5335	0	0	0	0	8	1110	8	6	2
5334	0	0	0	0	9	1187	9	7	2
5335	0	0	0	0	8	1150	8	7	1
5326	0	0	0	0	17	1171	17	12	5
5319	0	0	0	0	24	1310	24	19	5
5332	0	0	0	0	11	1236	11	7	4
5329	0	0	0	0	14	1269	14	12	2
5336	0	0	0	0	7	1151	7	5	2
5336	0	0	0	0	7	1164	7	5	2
5338	0	0	0	0	5	1125	5	5	0
5334	0	0	0	0	9	1210	9	7	2
5332	0	0	0	0	11	1172	11	9	2
5326	0	0	0	0	17	1240	17	14	3
5338	0	0	0	0	5	1209	5	5	0
5330	0	0	0	0	13	1246	13	9	4
5332	0	0	0	0	11	1291	11	8	3
5330	0	0	0	0	13	1236	13	11	2
5329	0	0	0	0	14	1264	14	13	1
5328	0	0	0	0	15	1265	15	9	6
5334	0	0	0	0	9	1151	9	8	1
5337	0	0	0	0	6	1191	6	5	1
5330	0	0	0	0	13	1224	13	9	4
5334	0	0	0	0	9	1256	9	6	3
5338	0	0	0	0	5	1127	5	5	0
5335	0	0	0	0	8	1226	8	7	1
5334	0	0	0	0	9	1147	9	8	1
5328	0	0	0	0	15	1262	15	13	2
5335	0	0	0	0	8	1189	8	7	1
5334	0	0	0	0	9	1212	9	7	2
5335	0	0	0	0	8	1188	8	7	1
5332	0	0	0	0	11	1177	11	7	4
5337	0	0	0	0	6	1218	6	5	1
5335	0	0	0	0	8	1166	8	6	2
5334	0	0	0	0	9	1211	9	6	3
5338	0	0	0	0	5	1154	5	5	0
5332	0	0	0	0	11	1214	11	8	3
5334	0	0	0	0	9	1233	9	8	1
5337	0	0	0	0	6	1185	6	6	0
5329	0	0	0	0	14	1269	14	12	2
5332	0	0	0	0	11	1242	11	8	3
5322	0	0	0	0	21	1246	21	17	4
5328	0	0	0	0	15	1275	15	13	2
5328	0	0	0	0	15	1325	15	11	4
5334	0	0	0	0	9	1230	9	6	3
5333	0	0	0	0	10	1236	10	6	4
5331	0	0	0	0	12	1227	12	9	3
5336	0	0	0	0	7	1114	7	7	0
5332	0	0	0	0	11	1274	11	8	3
5333	0	0	0	0	10	1210	10	8	2
5330	0	0	0	0	13	1219	13	12	1
5328	0	0	0	0	15	1213	15	10	5
5331	0	0	0	0	12	1250	12	9	3
5335	0	0	0	0	8	1176	8	5	3
5329	0	0	0	0	14	1263	14	9	5
5330	0	0	0	0	13	1282	13	11	2
5322	0	0	0	0	21	1398	21	13	8
5334	0	0	0	0	9	1258	9	8	1
5319	0	0	0	0	24	1344	24	16	8
5328	0	0	0	0	15	1225	15	11	4
5332	0	0	0	0	11	1214	11	7	4
5321	0	0	0	0	22	1428	22	17	5
5337	0	0	0	0	6	1218	6	5	1
5321	0	0	0	0	22	1329	22	18	4
5336	0	0	0	0	7	1161	7	5	2
5336	0	0	0	0	7	1188	7	5	2
5337	0	0	0	0	6	1171	6	5	1
5323	0	0	0	0	20	1331	20	14	6
5324	0	0	0	0	19	1278	19	11	8
5325	0	0	0	0	18	1267	18	16	2
5338	0	0	0	0	5	1199	5	5	0
5321	0	0	0	0	22	1361	22	15	7
5330	0	0	0	0	13	1239	13	9	4
5322	0	0	0	0	21	1339	21	16	5
5333	0	0	0	0	10	1175	10	6	4
5336	0	0	0	0	7	1188	7	7	0
5320	0	0	0	0	23	1472	23	13	10
5323	0	0	0	0	20	1253	20	20	0
5332	0	0	0	0	11	1233	11	8	3
5337	0	0	0	0	6	1201	6	6	0
5336	0	0	0	0	7	1227	7	6	1
5318	0	0	0	0	25	1241	25	17	8
5321	0	0	0	0	22	1262	22	16	6
5334	0	0	0	0	9	1252	9	7	2
5330	0	0	0	0	13	1225	13	9	4
5330	0	0	0	0	13	1221	13	7	6
5331	0	0	0	0	12	1249	12	8	4
5337	0	0	0	0	6	1146	6	6	0
5328	0	0	0	0	15	1237	15	12	3
5328	0	0	0	0	15	1288	15	8	7
5336	0	0	0	0	7	1194	7	5	2
5336	0	0	0	0	7	1186	7	6	1
5333	0	0	0	0	10	1258	10	8	2
5327	0	0	0	0	16	1209	16	12	4
5326	0	0	0	0	17	1330	17	15	2
5329	0	0	0	0	14	1291	14	11	3
5333	0	0	0	0	10	1142	10	8	2
5321	0	0	0	0	22	1226	22	20	2
5324	0	0	0	0	19	1231	19	17	2
5332	0	0	0	0	11	1207	11	9	2
5325	0	0	0	0	18	1312	18	17	1
5334	0	0	0	0	9	1218	9	8	1
5330	0	0	0	0	13	1243	13	9	4
5325	0	0	0	0	18	1270	18	12	6
5337	0	0	0	0	6	1088	6	6	0
5336	0	0	0	0	7	1247	7	6	1
5332	0	0	0	0	11	1231	11	7	4
5330	0	0	0	0	13	1235	13	9	4
5323	0	0	0	0	20	1242	20	18	2
5323	0	0	0	0	20	1236	20	16	4
5320	0	0	0	0	23	1402	23	18	5
5334	0	0	0	0	9	1185	9	7	2
5333	0	0	0	0	10	1236	10	9	1
5333	0	0	0	0	10	1239	10	9	1
5336	0	0	0	0	7	1210	7	6	1
5335	0	0	0	0	8	1147	8	6	2
5333	0	0	0	0	10	1225	10	7	3
5338	0	0	0	0	5	1205	5	5	0
5321	0	0	0	0	22	1270	22	18	4
5338	0	0	0	0	5	1157	5	5	0
5332	0	0	0	0	11	1192	11	8	3
5325	0	0	0	0	18	1255	18	12	6
5337	0	0	0	0	6	1198	6	5	1
5336	0	0	0	0	7	1126	7	5	2
5336	0	0	0	0	7	1228	7	7	0
5314	0	0	0	0	29	1358	29	26	3
5316	0	0	0	0	27	1400	27	23	4
5332	0	0	0	0	11	1256	11	9	2
5336	0	0	0	0	7	1211	7	6	1
5337	0	0	0	0	6	1207	6	5	1
5326	0	0	0	0	17	1292	17	11	6
5334	0	0	0	0	9	1241	9	7	2
5313	0	0	0	0	30	1276	30	21	9
5338	0	0	0	0	5	1158	5	5	0
5329	0	0	0	0	14	1255	14	9	5
5331	0	0	0	0	12	1198	12	8	4
5335	0	0	0	0	8	1183	8	6	2
5337	0	0	0	0	6	1197	6	6	0
5338	0	0	0	0	5	1139	5	5	0
5332	0	0	0	0	11	1196	11	9	2
5317	0	0	0	0	26	1319	26	17	9
5337	0	0	0	0	6	1144	6	5	1
5329	0	0	0	0	14	1258	14	12	2
5331	0	0	0	0	12	1221	12	10	2
5331	0	0	0	0	12	1242	12	8	4
5338	0	0	0	0	5	1141	5	5	0
5331	0	0	0	0	12	1239	12	9	3
5335	0	0	0	0	8	1137	8	7	1
5336	0	0	0	0	7	1155	7	6	1
5336	0	0	0	0	7	1194	7	7	0
5333	0	0	0	0	10	1178	10	7	3
5335	0	0	0	0	8	1137	8	8	0
5334	0	0	0	0	9	1183	9	8	1
5333	0	0	0	0	10	1154	10	9	1
5334	0	0	0	0	9	1174	9	7	2
5322	0	0	0	0	21	1325	21	15	6
5336	0	0	0	0	7	1167	7	6	1
5338	0	0	0	0	5	1126	5	5	0
5323	0	0	0	0	20	1302	20	17	3
5337	0	0	0	0	6	1126	6	5	1
5338	0	0	0	0	5	1120	5	5	0
5334	0	0	0	0	9	1207	9	7	2
5335	0	0	0	0	8	1225	8	6	2
5335	0	0	0	0	8	1256	8	8	0
5330	0	0	0	0	13	1269	13	7	6
5332	0	0	0	0	11	1253	11	8	3
5334	0	0	0	0	9	1217	9	6	3
5329	0	0	0	0	14	1211	14	9	5
5323	0	0	0	0	20	1244	20	16	4
5331	0	0	0	0	12	1289	12	10	2
5326	0	0	0	0	17	1232	17	14	3
5337	0	0	0	0	6	1199	6	5	1
5335	0	0	0	0	8	1249	8	6	2
5333	0	0	0	0	10	1213	10	9	1
5331	0	0	0	0	12	1252	12	6	6
5321	0	0	0	0	22	1328	22	17	5
5325	0	0	0	0	18	1287	18	13	5
5338	0	0	0	0	5	1121	5	5	0
5335	0	0	0	0	8	1205	8	6	2
5330	0	0	0	0	13	1239	13	9	4
5327	0	0	0	0	16	1257	16	14	2
5328	0	0	0	0	15	1269	15	15	0
5334	0	0	0	0	9	1238	9	6	3
5334	0	0	0	0	9	1197	9	6	3
5335	0	0	0	0	8	1174	8	8	0
5331	0	0	0	0	12	1137	12	7	5
5338	0	0	0	0	5	1165	5	5	0
5315	0	0	0	0	28	1280	28	15	13
5331	0	0	0	0	12	1247	12	10	2
5335	0	0	0	0	8	1256	8	6	2
5322	0	0	0	0	21	1276	21	18	3
5333	0	0	0	0	10	1152	10	6	4
5334	0	0	0	0	9	1185	9	6	3
5337	0	0	0	0	6	1177	6	6	0
5323	0	0	0	0	20	1289	20	16	4
5336	0	0	0	0	7	1156	7	6	1
5314	0	0	0	0	29	1420	29	25	4
5328	0	0	0	0	15	1295	15	11	4
5332	0	0	0	0	11	1274	11	10	1
5332	0	0	0	0	11	1224	11	8	3
5332	0	0	0	0	11	1143	11	5	6
5336	0	0	0	0	7	1220	7	6	1
5333	0	0	0	0	10	1164	10	8	2
5326	0	0	0	0	17	1233	17	11	6
5330	0	0	0	0	13	1267	13	9	4
5337	0	0	0	0	6	1186	6	5	1
5331	0	0	0	0	12	1126	12	11	1
5328	0	0	0	0	15	1268	15	10	5
5332	0	0	0	0	11	1287	11	7	4
5334	0	0	0	0	9	1220	9	8	1
5321	0	0	0	0	22	1316	22	18	4
5324	0	0	0	0	19	1276	19	11	8
5330	0	0	0	0	13	1232	13	11	2
5337	0	0	0	0	6	1222	6	6	0
5338	0	0	0	0	5	1166	5	5	0
5337	0	0	0	0	6	1116	6	5	1
5336	0	0	0	0	7	1178	7	7	0
5329	0	0	0	0	14	1286	14	9	5
5334	0	0	0	0	9	1192	9	6	3
5324	0	0	0	0	19	1218	19	13	6
5330	0	0	0	0	13	1256	13	10	3
5331	0	0	0	0	12	1279	12	7	5
5323	0	0	0	0	20	1339	20	11	9
5334	0	0	0	0	9	1187	9	6	3
5327	0	0	0	0	16	1241	16	15	1
5334	0	0	0	0	9	1226	9	7	2
5324	0	0	0	0	19	1248	19	13	6
5335	0	0	0	0	8	1215	8	7	1
5335	0	0	0	0	8	1192	8	6	2
5336	0	0	0	0	7	1137	7	6	1
5338	0	0	0	0	5	1198	5	5	0
5333	0	0	0	0	10	1173	10	7	3
5337	0	0	0	0	6	1160	6	5	1
5330	0	0	0	0	13	1312	13	11	2
5325	0	0	0	0	18	1207	18	11	7
5334	0	0	0	0	9	1246	9	8	1
5327	0	0	0	0	16	1251	16	13	3
5330	0	0	0	0	13	1285	13	10	3
5333	0	0	0	0	10	1235	10	5	5
5329	0	0	0	0	14	1277	14	11	3
5330	0	0	0	0	13	1243	13	11	2
5337	0	0	0	0	6	1224	6	5	1
5336	0	0	0	0	7	1180	7	6	1
5334	0	0	0	0	9	1214	9	6	3
5334	0	0	0	0	9	1280	9	9	0
5333	0	0	0	0	10	1242	10	9	1
5332	0	0	0	0	11	1274	11	7	4
5335	0	0	0	0	8	1167	8	8	0
5338	0	0	0	0	5	1116	5	5	0
5336	0	0	0	0	7	1193	7	6	1
5331	0	0	0	0	12	1280	12	9	3
5336	0	0	0	0	7	1208	7	6	1
5337	0	0	0	0	6	1216	6	6	0
5336	0	0	0	0	7	1167	7	6	1
5336	0	0	0	0	7	1146	7	5	2
5323	0	0	0	0	20	1262	20	19	1
5334	0	0	0	0	9	1228	9	6	3
5331	0	0	0	0	12	1145	12	10	2
5328	0	0	0	0	15	1176	15	13	2
5329	0	0	0	0	14	1308	14	10	4
5326	0	0	0	0	17	1264	17	11	6
5335	0	0	0	0	8	1226	8	7	1
5334	0	0	0	0	9	1210	9	6	3
5334	0	0	0	0	9	1176	9	6	3
5337	0	0	0	0	6	1188	6	5	1
5334	0	0	0	0	9	1141	9	8	1
5329	0	0	0	0	14	1220	14	10	4
5338	0	0	0	0	5	1233	5	5	0
5335	0	0	0	0	8	1123	8	7	1
5338	0	0	0	0	5	1125	5	5	0
5335	0	0	0	0	8	1228	8	6	2
5336	0	0	0	0	7	1156	7	7	0
5334	0	0	0	0	9	1195	9	7	2
5335	0	0	0	0	8	1294	8	6	2
5338	0	0	0	0	5	1173	5	5	0
5330	0	0	0	0	13	1228	13	10	3
5332	0	0	0	0	11	1170	11	9	2
5335	0	0	0	0	8	1224	8	7	1
5330	0	0	0	0	13	1269	13	7	6
5338	0	0	0	0	5	1165	5	5	0
5329	0	0	0	0	14	1183	14	9	5
5338	0	0	0	0	5	1161	5	5	0
5337	0	0	0	0	6	1214	6	5	1
5334	0	0	0	0	9	1158	9	9	0
5336	0	0	0	0	7	1267	7	5	2
5326	0	0	0	0	17	1304	17	11	6
5330	0	0	0	0	13	1231	13	9	4
5331	0	0	0	0	12	1299	12	8	4
5334	0	0	0	0	9	1223	9	5	4
5335	0	0	0	0	8	1204	8	6	2
5335	0	0	0	0	8	1185	8	5	3
5318	0	0	0	0	25	1324	25	20	5
5324	0	0	0	0	19	1238	19	15	4
5337	0	0	0	0	6	1206	6	5	1
5328	0	0	0	0	15	1146	15	11	4
5329	0	0	0	0	14	1239	14	11	3
5326	0	0	0	0	17	1249	17	12	5
5337	0	0	0	0	6	1152	6	5	1
5329	0	0	0	0	14	1228	14	10	4
5326	0	0	0	0	17	1259	17	13	4
5335	0	0	0	0	8	1202	8	6	2
5327	0	0	0	0	16	1233	16	11	5
5330	0	0	0	0	13	1234	13	7	6
5331	0	0	0	0	12	1253	12	10	2
5332	0	0	0	0	11	1252	11	7	4
5320	0	0	0	0	23	1305	23	17	6
5336	0	0	0	0	7	1200	7	6	1
5328	0	0	0	0	15	1348	15	13	2
5332	0	0	0	0	11	1287	11	8	3
5328	0	0	0	0	15	1282	15	12	3
5330	0	0	0	0	13	1232	13	11	2
5335	0	0	0	0	8	1224	8	7	1
5322	0	0	0	0	21	1365	21	16	5
5331	0	0	0	0	12	1214	12	9	3
5332	0	0	0	0	11	1247	11	8	3
5337	0	0	0	0	6	1108	6	6	0
5336	0	0	0	0	7	1154	7	6	1
5338	0	0	0	0	5	1167	5	5	0
5327	0	0	0	0	16	1295	16	11	5
5338	0	0	0	0	5	1159	5	5	0
5338	0	0	0	0	5	1116	5	5	0
5325	0	0	0	0	18	1257	18	12	6
5333	0	0	0	0	10	1190	10	7	3
5328	0	0	0	0	15	1244	15	11	4
5337	0	0	0	0	6	1153	6	5	1
5337	0	0	0	0	6	1148	6	6	0
5332	0	0	0	0	11	1222	11	9	2
5336	0	0	0	0	7	1224	7	5	2
5338	0	0	0	0	5	1125	5	5	0
5335	0	0	0	0	8	1145	8	6	2
5328	0	0	0	0	15	1402	15	9	6
5319	0	0	0	0	24	1235	24	18	6
5337	0	0	0	0	6	1166	6	5	1
5326	0	0	0	0	17	1346	17	13	4
5333	0	0	0	0	10	1213	10	6	4
5326	0	0	0	0	17	1284	17	12	5
5326	0	0	0	0	17	1248	17	10	7
5333	0	0	0	0	10	1255	10	9	1
5332	0	0	0	0	11	1267	11	8	3
5338	0	0	0	0	5	1114	5	5	0
5338	0	0	0	0	5	1077	5	5	0
5331	0	0	0	0	12	1216	12	11	1
5335	0	0	0	0	8	1148	8	6	2
5335	0	0	0	0	8	1234	8	6	2
5338	0	0	0	0	5	1175	5	5	0
5337	0	0	0	0	6	1170	6	6	0
5337	0	0	0	0	6	1146	6	5	1
5325	0	0	0	0	18	1281	18	15	3
5337	0	0	0	0	6	1098	6	5	1
5338	0	0	0	0	5	1165	5	5	0
5330	0	0	0	0	13	1257	13	9	4
5335	0	0	0	0	8	1160	8	5	3
5336	0	0	0	0	7	1165	7	6	1
5332	0	0	0	0	11	1278	11	7	4
5330	0	0	0	0	13	1265	13	8	5
5318	0	0	0	0	25	1377	25	23	2
5336	0	0	0	0	7	1173	7	5	2
5329	0	0	0	0	14	1205	14	9	5
5332	0	0	0	0	11	1206	11	7	4
5323	0	0	0	0	20	1277	20	13	7
5335	0	0	0	0	8	1215	8	7	1
5333	0	0	0	0	10	1205	10	8	2
5323	0	0	0	0	20	1308	20	13	7
5332	0	0	0	0	11	1229	11	10	1
5331	0	0	0	0	12	1262	12	9	3
5336	0	0	0	0	7	1214	7	5	2
5332	0	0	0	0	11	1248	11	10	1
5337	0	0	0	0	6	1230	6	6	0
5329	0	0	0	0	14	1126	14	14	0
5338	0	0	0	0	5	1187	5	5	0
5330	0	0	0	0	13	1300	13	10	3
5327	0	0	0	0	16	1195	16	9	7
5306	0	0	0	0	37	1353	37	29	8
5334	0	0	0	0	9	1178	9	7	2
5332	0	0	0	0	11	1283	11	9	2
5337	0	0	0	0	6	1144	6	5	1
5335	0	0	0	0	8	1127	8	7	1
5324	0	0	0	0	19	1334	19	15	4
5333	0	0	0	0	10	1210	10	7	3
5327	0	0	0	0	16	1269	16	14	2
5334	0	0	0	0	9	1176	9	6	3
5324	0	0	0	0	19	1326	19	15	4
5335	0	0	0	0	8	1273	8	6	2
5335	0	0	0	0	8	1129	8	6	2
5333	0	0	0	0	10	1230	10	7	3
5326	0	0	0	0	17	1309	17	13	4
5335	0	0	0	0	8	1170	8	6	2
5333	0	0	0	0	10	1177	10	8	2
5336	0	0	0	0	7	1198	7	7	0
5334	0	0	0	0	9	1214	9	6	3
5332	0	0	0	0	11	1150	11	8	3
5332	0	0	0	0	11	1237	11	9	2
5323	0	0	0	0	20	1291	20	13	7
5332	0	0	0	0	11	1201	11	7	4
5333	0	0	0	0	10	1188	10	8	2
5320	0	0	0	0	23	1246	23	17	6
5330	0	0	0	0	13	1255	13	11	2
5329	0	0	0	0	14	1260	14	11	3
5337	0	0	0	0	6	1142	6	5	1
5317	0	0	0	0	26	1418	26	18	8
5332	0	0	0	0	11	1217	11	8	3
5332	0	0	0	0	11	1221	11	8	3
5331	0	0	0	0	12	1260	12	9	3
5331	0	0	0	0	12	1141	12	12	0
5327	0	0	0	0	16	1229	16	11	5
5328	0	0	0	0	15	1273	15	10	5
5332	0	0	0	0	11	1252	11	9	2
5335	0	0	0	0	8	1145	8	6	2
5336	0	0	0	0	7	1133	7	6	1
5335	0	0	0	0	8	1215	8	7	1
5337	0	0	0	0	6	1146	6	5	1
5334	0	0	0	0	9	1209	9	8	1
5326	0	0	0	0	17	1241	17	12	5
5328	0	0	0	0	15	1193	15	13	2
5322	0	0	0	0	21	1278	21	18	3
5333	0	0	0	0	10	1255	10	7	3
5333	0	0	0	0	10	1249	10	8	2
5337	0	0	0	0	6	1215	6	5	1
5335	0	0	0	0	8	1183	8	5	3
5330	0	0	0	0	13	1279	13	11	2
5334	0	0	0	0	9	1202	9	8	1
5333	0	0	0	0	10	1233	10	8	2
5328	0	0	0	0	15	1206	15	8	7
5333	0	0	0	0	10	1212	10	8	2
5325	0	0	0	0	18	1275	18	14	4
5338	0	0	0	0	5	1187	5	5	0
5336	0	0	0	0	7	1209	7	5	2
5331	0	0	0	0	12	1211	12	9	3
5332	0	0	0	0	11	1234	11	8	3
5335	0	0	0	0	8	1139	8	8	0
5331	0	0	0	0	12	1241	12	9	3
5336	0	0	0	0	7	1203	7	6	1
5337	0	0	0	0	6	1144	6	5	1
5331	0	0	0	0	12	1331	12	9	3
5333	0	0	0	0	10	1150	10	8	2
5332	0	0	0	0	11	1231	11	7	4
5333	0	0	0	0	10	1249	10	9	1
