5338	0	0	0	0	5	2403	5	5	0
5337	0	0	0	0	6	2403	6	6	0
5335	0	0	0	0	8	2404	8	6	2
5334	0	0	0	0	9	2406	9	9	0
5335	0	0	0	0	8	2403	8	8	0
5338	0	0	0	0	5	2403	5	5	0
5328	0	0	0	0	15	2412	15	13	2
5323	0	0	0	0	20	2412	20	18	2
5336	0	0	0	0	7	2405	7	5	2
5316	0	0	0	0	27	2417	27	24	3
5335	0	0	0	0	8	2403	8	8	0
5338	0	0	0	0	5	2403	5	5	0
5332	0	0	0	0	11	2405	11	10	1
5325	0	0	0	0	18	2408	18	16	2
5337	0	0	0	0	6	2403	6	5	1
5331	0	0	0	0	12	2406	12	11	1
5325	0	0	0	0	18	2419	18	14	4
5337	0	0	0	0	6	2403	6	6	0
5323	0	0	0	0	20	2413	20	16	4
5327	0	0	0	0	16	2411	16	13	3
5338	0	0	0	0	5	2406	5	5	0
5333	0	0	0	0	10	2410	10	10	0
5331	0	0	0	0	12	2404	12	12	0
5334	0	0	0	0	9	2408	9	7	2
5332	0	0	0	0	11	2411	11	7	4
5337	0	0	0	0	6	2402	6	6	0
5332	0	0	0	0	11	2411	11	10	1
5336	0	0	0	0	7	2408	7	5	2
5333	0	0	0	0	10	2405	10	8	2
5337	0	0	0	0	6	2407	6	6	0
5329	0	0	0	0	14	2410	14	12	2
5316	0	0	0	0	27	2414	27	26	1
5329	0	0	0	0	14	2407	14	12	2
5332	0	0	0	0	11	2408	11	10	1
5325	0	0	0	0	18	2410	18	16	2
5328	0	0	0	0	15	2414	15	14	1
5338	0	0	0	0	5	2405	5	5	0
5338	0	0	0	0	5	2407	5	5	0
5330	0	0	0	0	13	2405	13	10	3
5333	0	0	0	0	10	2413	10	8	2
5337	0	0	0	0	6	2401	6	6	0
5338	0	0	0	0	5	2401	5	5	0
5332	0	0	0	0	11	2405	11	10	1
5338	0	0	0	0	5	2405	5	5	0
5337	0	0	0	0	6	2402	6	6	0
5336	0	0	0	0	7	2408	7	6	1
5335	0	0	0	0	8	2407	8	8	0
5334	0	0	0	0	9	2403	9	9	0
5318	0	0	0	0	25	2421	25	23	2
5329	0	0	0	0	14	2412	14	12	2
5329	0	0	0	0	14	2404	14	14	0
5335	0	0	0	0	8	2408	8	7	1
5338	0	0	0	0	5	2402	5	5	0
5338	0	0	0	0	5	2403	5	5	0
5328	0	0	0	0	15	2406	15	14	1
5317	0	0	0	0	26	2416	26	24	2
5330	0	0	0	0	13	2408	13	12	1
5326	0	0	0	0	17	2416	17	16	1
5334	0	0	0	0	9	2409	9	8	1
5332	0	0	0	0	11	2405	11	10	1
5318	0	0	0	0	25	2412	25	23	2
5338	0	0	0	0	5	2404	5	5	0
5320	0	0	0	0	23	2416	23	19	4
5330	0	0	0	0	13	2409	13	12	1
5337	0	0	0	0	6	2402	6	6	0
5337	0	0	0	0	6	2403	6	6	0
5335	0	0	0	0	8	2403	8	8	0
5329	0	0	0	0	14	2410	14	14	0
5311	0	0	0	0	32	2419	32	25	7
5333	0	0	0	0	10	2408	10	9	1
5324	0	0	0	0	19	2411	19	16	3
5337	0	0	0	0	6	2403	6	5	1
5337	0	0	0	0	6	2403	6	5	1
5338	0	0	0	0	5	2406	5	5	0
5335	0	0	0	0	8	2409	8	7	1
5329	0	0	0	0	14	2412	14	13	1
5321	0	0	0	0	22	2411	22	19	3
5338	0	0	0	0	5	2406	5	5	0
5326	0	0	0	0	17	2406	17	16	1
5334	0	0	0	0	9	2408	9	9	0
5337	0	0	0	0	6	2404	6	6	0
5331	0	0	0	0	12	2408	12	11	1
5321	0	0	0	0	22	2413	22	20	2
5336	0	0	0	0	7	2402	7	7	0
5338	0	0	0	0	5	2402	5	5	0
5327	0	0	0	0	16	2410	16	13	3
5337	0	0	0	0	6	2402	6	6	0
5338	0	0	0	0	5	2402	5	5	0
5335	0	0	0	0	8	2406	8	8	0
5335	0	0	0	0	8	2403	8	8	0
5329	0	0	0	0	14	2406	14	13	1
5336	0	0	0	0	7	2408	7	7	0
5337	0	0	0	0	6	2405	6	6	0
5336	0	0	0	0	7	2405	7	7	0
5333	0	0	0	0	10	2405	10	9	1
5338	0	0	0	0	5	2400	5	5	0
5333	0	0	0	0	10	2400	10	10	0
5335	0	0	0	0	8	2404	8	7	1
5338	0	0	0	0	5	2404	5	5	0
5332	0	0	0	0	11	2405	11	10	1
5318	0	0	0	0	25	2416	25	22	3
5336	0	0	0	0	7	2404	7	7	0
5322	0	0	0	0	21	2419	21	18	3
5335	0	0	0	0	8	2410	8	6	2
5330	0	0	0	0	13	2413	13	11	2
5326	0	0	0	0	17	2409	17	17	0
5332	0	0	0	0	11	2409	11	10	1
5334	0	0	0	0	9	2410	9	8	1
5335	0	0	0	0	8	2410	8	7	1
5322	0	0	0	0	21	2414	21	16	5
5336	0	0	0	0	7	2400	7	7	0
5334	0	0	0	0	9	2406	9	8	1
5333	0	0	0	0	10	2407	10	9	1
5315	0	0	0	0	28	2415	28	25	3
5327	0	0	0	0	16	2407	16	14	2
5324	0	0	0	0	19	2413	19	16	3
5338	0	0	0	0	5	2403	5	5	0
5338	0	0	0	0	5	2403	5	5	0
5289	0	0	0	0	54	2431	54	46	8
5330	0	0	0	0	13	2408	13	13	0
5337	0	0	0	0	6	2405	6	6	0
5323	0	0	0	0	20	2421	20	18	2
5323	0	0	0	0	20	2410	20	17	3
5327	0	0	0	0	16	2413	16	12	4
5319	0	0	0	0	24	2422	24	20	4
5337	0	0	0	0	6	2408	6	5	1
5316	0	0	0	0	27	2418	27	21	6
5338	0	0	0	0	5	2403	5	5	0
5335	0	0	0	0	8	2405	8	8	0
5337	0	0	0	0	6	2404	6	5	1
5319	0	0	0	0	24	2423	24	19	5
5322	0	0	0	0	21	2416	21	17	4
5310	0	0	0	0	33	2422	33	30	3
5338	0	0	0	0	5	2402	5	5	0
5330	0	0	0	0	13	2408	13	12	1
5313	0	0	0	0	30	2426	30	22	8
5306	0	0	0	0	37	2415	37	36	1
5336	0	0	0	0	7	2406	7	6	1
5336	0	0	0	0	7	2407	7	7	0
5330	0	0	0	0	13	2411	13	12	1
5312	0	0	0	0	31	2417	31	30	1
5338	0	0	0	0	5	2404	5	5	0
5337	0	0	0	0	6	2405	6	6	0
5337	0	0	0	0	6	2404	6	6	0
5321	0	0	0	0	22	2410	22	18	4
5322	0	0	0	0	21	2409	21	18	3
5334	0	0	0	0	9	2413	9	8	1
5332	0	0	0	0	11	2407	11	11	0
5335	0	0	0	0	8	2405	8	7	1
5338	0	0	0	0	5	2405	5	5	0
5337	0	0	0	0	6	2405	6	6	0
5328	0	0	0	0	15	2411	15	14	1
5332	0	0	0	0	11	2413	11	10	1
5337	0	0	0	0	6	2401	6	5	1
5336	0	0	0	0	7	2404	7	7	0
5328	0	0	0	0	15	2409	15	15	0
5324	0	0	0	0	19	2409	19	17	2
5324	0	0	0	0	19	2412	19	16	3
5326	0	0	0	0	17	2410	17	15	2
5327	0	0	0	0	16	2406	16	14	2
5336	0	0	0	0	7	2407	7	7	0
5318	0	0	0	0	25	2414	25	23	2
5336	0	0	0	0	7	2405	7	7	0
5323	0	0	0	0	20	2409	20	18	2
5332	0	0	0	0	11	2405	11	10	1
5335	0	0	0	0	8	2407	8	7	1
5332	0	0	0	0	11	2408	11	10	1
5337	0	0	0	0	6	2402	6	6	0
5337	0	0	0	0	6	2407	6	6	0
5329	0	0	0	0	14	2408	14	13	1
5336	0	0	0	0	7	2405	7	7	0
5337	0	0	0	0	6	2405	6	6	0
5307	0	0	0	0	36	2418	36	31	5
5334	0	0	0	0	9	2405	9	8	1
5337	0	0	0	0	6	2404	6	6	0
5328	0	0	0	0	15	2411	15	13	2
5329	0	0	0	0	14	2412	14	11	3
5329	0	0	0	0	14	2404	14	13	1
5337	0	0	0	0	6	2401	6	6	0
5329	0	0	0	0	14	2414	14	12	2
5335	0	0	0	0	8	2407	8	8	0
5303	0	0	0	0	40	2424	40	34	6
5336	0	0	0	0	7	2403	7	7	0
5335	0	0	0	0	8	2404	8	7	1
5330	0	0	0	0	13	2408	13	13	0
5338	0	0	0	0	5	2402	5	5	0
5337	0	0	0	0	6	2401	6	6	0
5328	0	0	0	0	15	2416	15	14	1
5328	0	0	0	0	15	2412	15	11	4
5334	0	0	0	0	9	2408	9	8	1
5328	0	0	0	0	15	2406	15	13	2
5335	0	0	0	0	8	2409	8	7	1
5336	0	0	0	0	7	2407	7	5	2
5330	0	0	0	0	13	2410	13	12	1
5323	0	0	0	0	20	2411	20	20	0
5321	0	0	0	0	22	2412	22	19	3
5338	0	0	0	0	5	2403	5	5	0
5336	0	0	0	0	7	2405	7	7	0
5331	0	0	0	0	12	2413	12	9	3
5330	0	0	0	0	13	2410	13	13	0
5337	0	0	0	0	6	2403	6	6	0
5338	0	0	0	0	5	2400	5	5	0
5332	0	0	0	0	11	2408	11	10	1
5336	0	0	0	0	7	2406	7	7	0
5337	0	0	0	0	6	2406	6	5	1
5323	0	0	0	0	20	2411	20	18	2
5330	0	0	0	0	13	2411	13	11	2
5328	0	0	0	0	15	2413	15	13	2
5338	0	0	0	0	5	2405	5	5	0
5330	0	0	0	0	13	2409	13	13	0
5333	0	0	0	0	10	2405	10	10	0
5338	0	0	0	0	5	2404	5	5	0
5336	0	0	0	0	7	2408	7	7	0
5335	0	0	0	0	8	2408	8	7	1
5331	0	0	0	0	12	2410	12	11	1
5337	0	0	0	0	6	2402	6	6	0
5332	0	0	0	0	11	2407	11	10	1
5336	0	0	0	0	7	2406	7	6	1
5328	0	0	0	0	15	2407	15	14	1
5330	0	0	0	0	13	2409	13	13	0
5336	0	0	0	0	7	2402	7	7	0
5313	0	0	0	0	30	2419	30	28	2
5338	0	0	0	0	5	2402	5	5	0
5338	0	0	0	0	5	2401	5	5	0
5337	0	0	0	0	6	2405	6	6	0
5329	0	0	0	0	14	2413	14	13	1
5331	0	0	0	0	12	2414	12	10	2
5330	0	0	0	0	13	2408	13	10	3
5336	0	0	0	0	7	2406	7	7	0
5336	0	0	0	0	7	2404	7	6	1
5334	0	0	0	0	9	2404	9	9	0
5330	0	0	0	0	13	2402	13	13	0
5338	0	0	0	0	5	2404	5	5	0
5324	0	0	0	0	19	2414	19	16	3
5337	0	0	0	0	6	2405	6	5	1
5335	0	0	0	0	8	2405	8	7	1
5331	0	0	0	0	12	2406	12	11	1
5314	0	0	0	0	29	2418	29	24	5
5317	0	0	0	0	26	2410	26	25	1
5337	0	0	0	0	6	2405	6	5	1
5338	0	0	0	0	5	2402	5	5	0
5324	0	0	0	0	19	2412	19	19	0
5333	0	0	0	0	10	2413	10	10	0
5301	0	0	0	0	42	2421	42	39	3
5325	0	0	0	0	18	2407	18	16	2
5336	0	0	0	0	7	2407	7	7	0
5335	0	0	0	0	8	2408	8	7	1
5311	0	0	0	0	32	2423	32	29	3
5333	0	0	0	0	10	2403	10	8	2
5337	0	0	0	0	6	2403	6	6	0
5326	0	0	0	0	17	2411	17	13	4
5332	0	0	0	0	11	2408	11	11	0
5335	0	0	0	0	8	2410	8	7	1
5312	0	0	0	0	31	2423	31	25	6
5318	0	0	0	0	25	2412	25	21	4
5335	0	0	0	0	8	2407	8	7	1
5326	0	0	0	0	17	2404	17	16	1
5321	0	0	0	0	22	2408	22	19	3
5338	0	0	0	0	5	2401	5	5	0
5304	0	0	0	0	39	2428	39	37	2
5333	0	0	0	0	10	2414	10	9	1
5329	0	0	0	0	14	2416	14	13	1
5337	0	0	0	0	6	2405	6	5	1
5338	0	0	0	0	5	2401	5	5	0
5333	0	0	0	0	10	2405	10	10	0
5337	0	0	0	0	6	2407	6	6	0
5333	0	0	0	0	10	2404	10	9	1
5333	0	0	0	0	10	2405	10	9	1
5338	0	0	0	0	5	2402	5	5	0
5327	0	0	0	0	16	2406	16	14	2
5324	0	0	0	0	19	2409	19	18	1
5336	0	0	0	0	7	2406	7	7	0
5335	0	0	0	0	8	2405	8	8	0
5316	0	0	0	0	27	2420	27	22	5
5338	0	0	0	0	5	2403	5	5	0
5338	0	0	0	0	5	2402	5	5	0
5332	0	0	0	0	11	2405	11	10	1
5338	0	0	0	0	5	2404	5	5	0
5337	0	0	0	0	6	2404	6	6	0
5336	0	0	0	0	7	2407	7	7	0
5324	0	0	0	0	19	2417	19	17	2
5337	0	0	0	0	6	2404	6	5	1
5291	0	0	0	0	52	2423	52	45	7
5329	0	0	0	0	14	2410	14	11	3
5331	0	0	0	0	12	2412	12	10	2
5325	0	0	0	0	18	2412	18	16	2
5329	0	0	0	0	14	2409	14	13	1
5322	0	0	0	0	21	2415	21	18	3
5326	0	0	0	0	17	2410	17	15	2
5322	0	0	0	0	21	2415	21	17	4
5336	0	0	0	0	7	2407	7	7	0
5337	0	0	0	0	6	2402	6	6	0
5336	0	0	0	0	7	2404	7	7	0
5338	0	0	0	0	5	2406	5	5	0
5338	0	0	0	0	5	2403	5	5	0
5338	0	0	0	0	5	2402	5	5	0
5311	0	0	0	0	32	2431	32	29	3
5321	0	0	0	0	22	2411	22	18	4
5336	0	0	0	0	7	2405	7	7	0
5330	0	0	0	0	13	2410	13	11	2
5331	0	0	0	0	12	2405	12	11	1
5333	0	0	0	0	10	2403	10	9	1
5336	0	0	0	0	7	2407	7	7	0
5309	0	0	0	0	34	2424	34	33	1
5337	0	0	0	0	6	2403	6	5	1
5335	0	0	0	0	8	2411	8	7	1
5336	0	0	0	0	7	2407	7	6	1
5333	0	0	0	0	10	2408	10	10	0
5329	0	0	0	0	14	2408	14	13	1
5333	0	0	0	0	10	2409	10	7	3
5330	0	0	0	0	13	2407	13	11	2
5338	0	0	0	0	5	2401	5	5	0
5333	0	0	0	0	10	2407	10	8	2
5333	0	0	0	0	10	2409	10	9	1
5336	0	0	0	0	7	2406	7	6	1
5337	0	0	0	0	6	2404	6	6	0
5336	0	0	0	0	7	2405	7	6	1
5337	0	0	0	0	6	2406	6	5	1
5328	0	0	0	0	15	2408	15	12	3
5331	0	0	0	0	12	2408	12	11	1
5334	0	0	0	0	9	2401	9	9	0
5329	0	0	0	0	14	2407	14	13	1
5335	0	0	0	0	8	2408	8	8	0
5324	0	0	0	0	19	2412	19	17	2
5334	0	0	0	0	9	2406	9	9	0
5332	0	0	0	0	11	2412	11	9	2
5335	0	0	0	0	8	2405	8	7	1
5338	0	0	0	0	5	2407	5	5	0
5334	0	0	0	0	9	2402	9	9	0
5336	0	0	0	0	7	2403	7	7	0
5335	0	0	0	0	8	2410	8	7	1
5336	0	0	0	0	7	2404	7	7	0
5338	0	0	0	0	5	2407	5	5	0
5334	0	0	0	0	9	2407	9	8	1
5336	0	0	0	0	7	2403	7	7	0
5337	0	0	0	0	6	2404	6	6	0
5328	0	0	0	0	15	2417	15	13	2
5338	0	0	0	0	5	2405	5	5	0
5326	0	0	0	0	17	2416	17	14	3
5337	0	0	0	0	6	2403	6	6	0
5332	0	0	0	0	11	2405	11	11	0
5325	0	0	0	0	18	2413	18	15	3
5338	0	0	0	0	5	2405	5	5	0
5301	0	0	0	0	42	2436	42	34	8
5338	0	0	0	0	5	2404	5	5	0
5337	0	0	0	0	6	2404	6	5	1
5333	0	0	0	0	10	2404	10	10	0
5337	0	0	0	0	6	2404	6	6	0
5332	0	0	0	0	11	2408	11	10	1
5331	0	0	0	0	12	2409	12	10	2
5324	0	0	0	0	19	2411	19	16	3
5337	0	0	0	0	6	2405	6	6	0
5338	0	0	0	0	5	2405	5	5	0
5329	0	0	0	0	14	2407	14	13	1
5314	0	0	0	0	29	2413	29	26	3
5311	0	0	0	0	32	2419	32	32	0
5335	0	0	0	0	8	2406	8	7	1
5330	0	0	0	0	13	2407	13	12	1
5327	0	0	0	0	16	2414	16	12	4
5327	0	0	0	0	16	2408	16	15	1
5338	0	0	0	0	5	2401	5	5	0
5327	0	0	0	0	16	2411	16	13	3
5319	0	0	0	0	24	2415	24	21	3
5335	0	0	0	0	8	2406	8	7	1
5332	0	0	0	0	11	2406	11	11	0
5334	0	0	0	0	9	2408	9	7	2
5282	0	0	0	0	61	2437	61	48	13
5333	0	0	0	0	10	2408	10	9	1
5337	0	0	0	0	6	2408	6	5	1
5337	0	0	0	0	6	2405	6	6	0
5316	0	0	0	0	27	2415	27	24	3
5332	0	0	0	0	11	2407	11	9	2
5316	0	0	0	0	27	2420	27	21	6
5331	0	0	0	0	12	2406	12	11	1
5336	0	0	0	0	7	2408	7	7	0
5338	0	0	0	0	5	2407	5	5	0
5331	0	0	0	0	12	2410	12	10	2
5337	0	0	0	0	6	2407	6	6	0
5337	0	0	0	0	6	2402	6	6	0
5337	0	0	0	0	6	2401	6	6	0
5326	0	0	0	0	17	2411	17	15	2
5302	0	0	0	0	41	2420	41	36	5
5338	0	0	0	0	5	2405	5	5	0
5331	0	0	0	0	12	2408	12	12	0
5336	0	0	0	0	7	2407	7	6	1
5333	0	0	0	0	10	2405	10	10	0
5324	0	0	0	0	19	2420	19	17	2
5338	0	0	0	0	5	2407	5	5	0
5337	0	0	0	0	6	2409	6	6	0
5327	0	0	0	0	16	2411	16	14	2
5337	0	0	0	0	6	2406	6	6	0
5338	0	0	0	0	5	2403	5	5	0
5335	0	0	0	0	8	2404	8	7	1
5332	0	0	0	0	11	2415	11	10	1
5322	0	0	0	0	21	2411	21	19	2
5338	0	0	0	0	5	2403	5	5	0
5327	0	0	0	0	16	2414	16	15	1
5332	0	0	0	0	11	2412	11	8	3
5319	0	0	0	0	24	2417	24	21	3
5331	0	0	0	0	12	2405	12	11	1
5336	0	0	0	0	7	2406	7	7	0
5336	0	0	0	0	7	2403	7	7	0
5338	0	0	0	0	5	2401	5	5	0
5338	0	0	0	0	5	2405	5	5	0
5331	0	0	0	0	12	2406	12	12	0
5336	0	0	0	0	7	2401	7	7	0
5334	0	0	0	0	9	2404	9	8	1
5338	0	0	0	0	5	2404	5	5	0
5337	0	0	0	0	6	2404	6	6	0
5337	0	0	0	0	6	2406	6	6	0
5329	0	0	0	0	14	2411	14	12	2
5338	0	0	0	0	5	2402	5	5	0
5337	0	0	0	0	6	2402	6	6	0
5331	0	0	0	0	12	2411	12	11	1
5336	0	0	0	0	7	2404	7	5	2
5337	0	0	0	0	6	2402	6	6	0
5336	0	0	0	0	7	2405	7	7	0
5334	0	0	0	0	9	2405	9	8	1
5324	0	0	0	0	19	2414	19	18	1
5336	0	0	0	0	7	2404	7	6	1
5324	0	0	0	0	19	2409	19	17	2
5333	0	0	0	0	10	2409	10	8	2
5329	0	0	0	0	14	2415	14	12	2
5334	0	0	0	0	9	2405	9	9	0
5295	0	0	0	0	48	2427	48	39	9
5328	0	0	0	0	15	2412	15	13	2
5322	0	0	0	0	21	2410	21	19	2
5333	0	0	0	0	10	2406	10	9	1
5330	0	0	0	0	13	2416	13	11	2
5338	0	0	0	0	5	2403	5	5	0
5338	0	0	0	0	5	2401	5	5	0
5327	0	0	0	0	16	2407	16	15	1
5338	0	0	0	0	5	2405	5	5	0
5327	0	0	0	0	16	2411	16	15	1
5332	0	0	0	0	11	2408	11	8	3
5310	0	0	0	0	33	2430	33	30	3
5336	0	0	0	0	7	2403	7	7	0
5324	0	0	0	0	19	2413	19	17	2
5338	0	0	0	0	5	2405	5	5	0
5333	0	0	0	0	10	2403	10	9	1
5289	0	0	0	0	54	2446	54	47	7
5336	0	0	0	0	7	2404	7	7	0
5302	0	0	0	0	41	2424	41	36	5
5333	0	0	0	0	10	2408	10	10	0
5334	0	0	0	0	9	2407	9	9	0
5336	0	0	0	0	7	2408	7	7	0
5335	0	0	0	0	8	2407	8	6	2
5334	0	0	0	0	9	2413	9	8	1
5322	0	0	0	0	21	2417	21	18	3
5337	0	0	0	0	6	2404	6	6	0
5336	0	0	0	0	7	2403	7	7	0
5336	0	0	0	0	7	2405	7	7	0
5336	0	0	0	0	7	2406	7	7	0
5334	0	0	0	0	9	2405	9	8	1
5330	0	0	0	0	13	2406	13	13	0
5322	0	0	0	0	21	2412	21	20	1
5329	0	0	0	0	14	2411	14	12	2
5336	0	0	0	0	7	2404	7	7	0
5329	0	0	0	0	14	2409	14	13	1
5323	0	0	0	0	20	2414	20	16	4
5337	0	0	0	0	6	2406	6	6	0
5338	0	0	0	0	5	2403	5	5	0
5319	0	0	0	0	24	2415	24	22	2
5326	0	0	0	0	17	2416	17	14	3
5331	0	0	0	0	12	2407	12	12	0
5329	0	0	0	0	14	2411	14	14	0
5329	0	0	0	0	14	2405	14	12	2
5324	0	0	0	0	19	2408	19	17	2
5329	0	0	0	0	14	2412	14	13	1
5336	0	0	0	0	7	2408	7	6	1
5336	0	0	0	0	7	2404	7	5	2
5336	0	0	0	0	7	2404	7	7	0
5335	0	0	0	0	8	2407	8	8	0
5337	0	0	0	0	6	2404	6	6	0
5335	0	0	0	0	8	2404	8	8	0
5336	0	0	0	0	7	2403	7	6	1
5322	0	0	0	0	21	2409	21	19	2
5301	0	0	0	0	42	2427	42	32	10
5336	0	0	0	0	7	2408	7	7	0
5334	0	0	0	0	9	2407	9	9	0
5336	0	0	0	0	7	2408	7	6	1
5336	0	0	0	0	7	2402	7	6	1
5338	0	0	0	0	5	2411	5	5	0
5334	0	0	0	0	9	2409	9	8	1
5334	0	0	0	0	9	2403	9	9	0
5330	0	0	0	0	13	2410	13	11	2
5334	0	0	0	0	9	2406	9	8	1
5319	0	0	0	0	24	2413	24	21	3
5338	0	0	0	0	5	2400	5	5	0
5335	0	0	0	0	8	2405	8	8	0
5328	0	0	0	0	15	2409	15	12	3
5333	0	0	0	0	10	2407	10	9	1
5335	0	0	0	0	8	2404	8	8	0
5335	0	0	0	0	8	2406	8	7	1
5338	0	0	0	0	5	2401	5	5	0
5337	0	0	0	0	6	2405	6	5	1
5334	0	0	0	0	9	2407	9	8	1
5334	0	0	0	0	9	2402	9	9	0
5336	0	0	0	0	7	2406	7	7	0
5315	0	0	0	0	28	2413	28	27	1
