5338	0	0	0	0	5	3215	5	5	0
5337	0	0	0	0	6	3215	6	6	0
5338	0	0	0	0	5	3211	5	5	0
5334	0	0	0	0	9	3209	9	9	0
5336	0	0	0	0	7	3214	7	7	0
5338	0	0	0	0	5	3204	5	5	0
5336	0	0	0	0	7	3211	7	7	0
5328	0	0	0	0	15	3225	15	15	0
5338	0	0	0	0	5	3211	5	5	0
5336	0	0	0	0	7	3218	7	7	0
5336	0	0	0	0	7	3211	7	7	0
5338	0	0	0	0	5	3210	5	5	0
5338	0	0	0	0	5	3208	5	5	0
5332	0	0	0	0	11	3211	11	11	0
5337	0	0	0	0	6	3206	6	5	1
5335	0	0	0	0	8	3213	8	8	0
5334	0	0	0	0	9	3217	9	8	1
5338	0	0	0	0	5	3207	5	5	0
5338	0	0	0	0	5	3209	5	5	0
5335	0	0	0	0	8	3212	8	7	1
5338	0	0	0	0	5	3209	5	5	0
5338	0	0	0	0	5	3215	5	5	0
5336	0	0	0	0	7	3210	7	7	0
5337	0	0	0	0	6	3211	6	5	1
5338	0	0	0	0	5	3217	5	5	0
5338	0	0	0	0	5	3216	5	5	0
5334	0	0	0	0	9	3219	9	9	0
5337	0	0	0	0	6	3216	6	5	1
5337	0	0	0	0	6	3208	6	6	0
5338	0	0	0	0	5	3212	5	5	0
5338	0	0	0	0	5	3212	5	5	0
5333	0	0	0	0	10	3213	10	10	0
5336	0	0	0	0	7	3213	7	7	0
5335	0	0	0	0	8	3219	8	8	0
5329	0	0	0	0	14	3220	14	14	0
5333	0	0	0	0	10	3220	10	9	1
5338	0	0	0	0	5	3217	5	5	0
5338	0	0	0	0	5	3218	5	5	0
5336	0	0	0	0	7	3205	7	7	0
5338	0	0	0	0	5	3217	5	5	0
5337	0	0	0	0	6	3203	6	6	0
5338	0	0	0	0	5	3210	5	5	0
5337	0	0	0	0	6	3211	6	5	1
5338	0	0	0	0	5	3209	5	5	0
5337	0	0	0	0	6	3209	6	6	0
5337	0	0	0	0	6	3223	6	6	0
5335	0	0	0	0	8	3215	8	8	0
5336	0	0	0	0	7	3220	7	7	0
5328	0	0	0	0	15	3226	15	14	1
5337	0	0	0	0	6	3212	6	6	0
5334	0	0	0	0	9	3208	9	9	0
5336	0	0	0	0	7	3221	7	7	0
5338	0	0	0	0	5	3209	5	5	0
5338	0	0	0	0	5	3209	5	5	0
5335	0	0	0	0	8	3211	8	8	0
5335	0	0	0	0	8	3219	8	8	0
5338	0	0	0	0	5	3208	5	5	0
5336	0	0	0	0	7	3216	7	6	1
5337	0	0	0	0	6	3210	6	6	0
5334	0	0	0	0	9	3213	9	8	1
5330	0	0	0	0	13	3210	13	13	0
5338	0	0	0	0	5	3210	5	5	0
5336	0	0	0	0	7	3217	7	6	1
5334	0	0	0	0	9	3225	9	9	0
5337	0	0	0	0	6	3204	6	6	0
5337	0	0	0	0	6	3210	6	6	0
5337	0	0	0	0	6	3209	6	6	0
5331	0	0	0	0	12	3214	12	12	0
5327	0	0	0	0	16	3219	16	16	0
5336	0	0	0	0	7	3212	7	7	0
5331	0	0	0	0	12	3220	12	12	0
5338	0	0	0	0	5	3208	5	5	0
5337	0	0	0	0	6	3206	6	5	1
5338	0	0	0	0	5	3208	5	5	0
5336	0	0	0	0	7	3219	7	7	0
5334	0	0	0	0	9	3217	9	9	0
5335	0	0	0	0	8	3212	8	7	1
5338	0	0	0	0	5	3214	5	5	0
5338	0	0	0	0	5	3211	5	5	0
5335	0	0	0	0	8	3224	8	8	0
5337	0	0	0	0	6	3211	6	6	0
5333	0	0	0	0	10	3213	10	10	0
5337	0	0	0	0	6	3211	6	5	1
5336	0	0	0	0	7	3210	7	7	0
5338	0	0	0	0	5	3212	5	5	0
5335	0	0	0	0	8	3215	8	8	0
5337	0	0	0	0	6	3212	6	6	0
5338	0	0	0	0	5	3205	5	5	0
5336	0	0	0	0	7	3214	7	7	0
5336	0	0	0	0	7	3209	7	7	0
5334	0	0	0	0	9	3218	9	9	0
5336	0	0	0	0	7	3215	7	7	0
5337	0	0	0	0	6	3208	6	6	0
5336	0	0	0	0	7	3217	7	7	0
5338	0	0	0	0	5	3210	5	5	0
5338	0	0	0	0	5	3207	5	5	0
5337	0	0	0	0	6	3204	6	6	0
5336	0	0	0	0	7	3209	7	6	1
5338	0	0	0	0	5	3211	5	5	0
5336	0	0	0	0	7	3213	7	7	0
5337	0	0	0	0	6	3208	6	6	0
5337	0	0	0	0	6	3207	6	6	0
5332	0	0	0	0	11	3216	11	11	0
5338	0	0	0	0	5	3219	5	5	0
5332	0	0	0	0	11	3214	11	11	0
5331	0	0	0	0	12	3220	12	12	0
5334	0	0	0	0	9	3217	9	8	1
5337	0	0	0	0	6	3215	6	5	1
5337	0	0	0	0	6	3219	6	6	0
5335	0	0	0	0	8	3213	8	8	0
5336	0	0	0	0	7	3206	7	7	0
5335	0	0	0	0	8	3217	8	8	0
5335	0	0	0	0	8	3215	8	8	0
5332	0	0	0	0	11	3214	11	11	0
5333	0	0	0	0	10	3216	10	10	0
5334	0	0	0	0	9	3216	9	9	0
5338	0	0	0	0	5	3207	5	5	0
5338	0	0	0	0	5	3211	5	5	0
5336	0	0	0	0	7	3214	7	7	0
5333	0	0	0	0	10	3214	10	10	0
5337	0	0	0	0	6	3213	6	6	0
5328	0	0	0	0	15	3227	15	15	0
5335	0	0	0	0	8	3214	8	8	0
5337	0	0	0	0	6	3214	6	6	0
5331	0	0	0	0	12	3220	12	12	0
5337	0	0	0	0	6	3221	6	5	1
5326	0	0	0	0	17	3226	17	17	0
5338	0	0	0	0	5	3207	5	5	0
5338	0	0	0	0	5	3208	5	5	0
5338	0	0	0	0	5	3208	5	5	0
5332	0	0	0	0	11	3236	11	11	0
5333	0	0	0	0	10	3222	10	9	1
5329	0	0	0	0	14	3223	14	14	0
5338	0	0	0	0	5	3213	5	5	0
5337	0	0	0	0	6	3209	6	6	0
5332	0	0	0	0	11	3216	11	9	2
5333	0	0	0	0	10	3214	10	10	0
5338	0	0	0	0	5	3208	5	5	0
5336	0	0	0	0	7	3212	7	7	0
5338	0	0	0	0	5	3212	5	5	0
5323	0	0	0	0	20	3220	20	20	0
5338	0	0	0	0	5	3215	5	5	0
5337	0	0	0	0	6	3209	6	6	0
5337	0	0	0	0	6	3215	6	6	0
5329	0	0	0	0	14	3218	14	14	0
5325	0	0	0	0	18	3219	18	16	2
5335	0	0	0	0	8	3220	8	7	1
5335	0	0	0	0	8	3214	8	8	0
5337	0	0	0	0	6	3211	6	6	0
5338	0	0	0	0	5	3211	5	5	0
5337	0	0	0	0	6	3208	6	6	0
5331	0	0	0	0	12	3216	12	12	0
5336	0	0	0	0	7	3222	7	6	1
5337	0	0	0	0	6	3208	6	5	1
5337	0	0	0	0	6	3210	6	6	0
5336	0	0	0	0	7	3220	7	7	0
5333	0	0	0	0	10	3218	10	10	0
5330	0	0	0	0	13	3225	13	13	0
5332	0	0	0	0	11	3218	11	11	0
5336	0	0	0	0	7	3209	7	6	1
5337	0	0	0	0	6	3209	6	6	0
5328	0	0	0	0	15	3221	15	15	0
5336	0	0	0	0	7	3217	7	7	0
5326	0	0	0	0	17	3227	17	17	0
5335	0	0	0	0	8	3208	8	8	0
5335	0	0	0	0	8	3215	8	7	1
5332	0	0	0	0	11	3210	11	10	1
5337	0	0	0	0	6	3204	6	6	0
5337	0	0	0	0	6	3215	6	6	0
5336	0	0	0	0	7	3214	7	6	1
5337	0	0	0	0	6	3210	6	6	0
5337	0	0	0	0	6	3209	6	6	0
5337	0	0	0	0	6	3208	6	6	0
5337	0	0	0	0	6	3217	6	6	0
5337	0	0	0	0	6	3213	6	6	0
5336	0	0	0	0	7	3215	7	7	0
5334	0	0	0	0	9	3215	9	9	0
5338	0	0	0	0	5	3211	5	5	0
5337	0	0	0	0	6	3207	6	6	0
5336	0	0	0	0	7	3212	7	7	0
5338	0	0	0	0	5	3217	5	5	0
5337	0	0	0	0	6	3215	6	6	0
5338	0	0	0	0	5	3209	5	5	0
5336	0	0	0	0	7	3207	7	7	0
5337	0	0	0	0	6	3212	6	6	0
5338	0	0	0	0	5	3207	5	5	0
5338	0	0	0	0	5	3205	5	5	0
5336	0	0	0	0	7	3212	7	7	0
5337	0	0	0	0	6	3215	6	6	0
5337	0	0	0	0	6	3219	6	6	0
5336	0	0	0	0	7	3209	7	7	0
5336	0	0	0	0	7	3216	7	6	1
5337	0	0	0	0	6	3213	6	5	1
5333	0	0	0	0	10	3223	10	9	1
5336	0	0	0	0	7	3212	7	7	0
5325	0	0	0	0	18	3223	18	16	2
5338	0	0	0	0	5	3209	5	5	0
5338	0	0	0	0	5	3209	5	5	0
5335	0	0	0	0	8	3217	8	8	0
5338	0	0	0	0	5	3211	5	5	0
5337	0	0	0	0	6	3208	6	6	0
5338	0	0	0	0	5	3203	5	5	0
5334	0	0	0	0	9	3214	9	9	0
5336	0	0	0	0	7	3216	7	6	1
5337	0	0	0	0	6	3208	6	5	1
5326	0	0	0	0	17	3224	17	15	2
5334	0	0	0	0	9	3218	9	9	0
5335	0	0	0	0	8	3214	8	8	0
5338	0	0	0	0	5	3209	5	5	0
5336	0	0	0	0	7	3217	7	7	0
5337	0	0	0	0	6	3208	6	6	0
5338	0	0	0	0	5	3206	5	5	0
5336	0	0	0	0	7	3217	7	7	0
5335	0	0	0	0	8	3213	8	7	1
5335	0	0	0	0	8	3210	8	8	0
5337	0	0	0	0	6	3207	6	6	0
5334	0	0	0	0	9	3212	9	9	0
5337	0	0	0	0	6	3212	6	6	0
5332	0	0	0	0	11	3216	11	11	0
5337	0	0	0	0	6	3209	6	6	0
5338	0	0	0	0	5	3204	5	5	0
5330	0	0	0	0	13	3223	13	13	0
5338	0	0	0	0	5	3207	5	5	0
5338	0	0	0	0	5	3204	5	5	0
5337	0	0	0	0	6	3217	6	6	0
5338	0	0	0	0	5	3209	5	5	0
5335	0	0	0	0	8	3223	8	8	0
5335	0	0	0	0	8	3214	8	7	1
5337	0	0	0	0	6	3213	6	6	0
5338	0	0	0	0	5	3209	5	5	0
5336	0	0	0	0	7	3210	7	7	0
5332	0	0	0	0	11	3210	11	10	1
5338	0	0	0	0	5	3210	5	5	0
5337	0	0	0	0	6	3210	6	6	0
5338	0	0	0	0	5	3207	5	5	0
5337	0	0	0	0	6	3209	6	6	0
5334	0	0	0	0	9	3213	9	9	0
5338	0	0	0	0	5	3216	5	5	0
5335	0	0	0	0	8	3216	8	8	0
5338	0	0	0	0	5	3213	5	5	0
5338	0	0	0	0	5	3207	5	5	0
5337	0	0	0	0	6	3209	6	6	0
5336	0	0	0	0	7	3215	7	7	0
5329	0	0	0	0	14	3223	14	14	0
5328	0	0	0	0	15	3219	15	15	0
5337	0	0	0	0	6	3216	6	6	0
5336	0	0	0	0	7	3211	7	6	1
5335	0	0	0	0	8	3215	8	8	0
5336	0	0	0	0	7	3206	7	7	0
5338	0	0	0	0	5	3209	5	5	0
5335	0	0	0	0	8	3220	8	7	1
5333	0	0	0	0	10	3216	10	10	0
5338	0	0	0	0	5	3217	5	5	0
5326	0	0	0	0	17	3234	17	17	0
5336	0	0	0	0	7	3208	7	6	1
5337	0	0	0	0	6	3211	6	6	0
5337	0	0	0	0	6	3214	6	6	0
5332	0	0	0	0	11	3211	11	11	0
5338	0	0	0	0	5	3206	5	5	0
5317	0	0	0	0	26	3236	26	25	1
5337	0	0	0	0	6	3212	6	6	0
5334	0	0	0	0	9	3225	9	9	0
5337	0	0	0	0	6	3207	6	5	1
5338	0	0	0	0	5	3215	5	5	0
5337	0	0	0	0	6	3209	6	6	0
5337	0	0	0	0	6	3214	6	6	0
5337	0	0	0	0	6	3214	6	6	0
5337	0	0	0	0	6	3214	6	6	0
5338	0	0	0	0	5	3205	5	5	0
5332	0	0	0	0	11	3208	11	11	0
5335	0	0	0	0	8	3217	8	8	0
5336	0	0	0	0	7	3214	7	7	0
5335	0	0	0	0	8	3211	8	8	0
5329	0	0	0	0	14	3227	14	14	0
5338	0	0	0	0	5	3212	5	5	0
5338	0	0	0	0	5	3211	5	5	0
5337	0	0	0	0	6	3211	6	6	0
5338	0	0	0	0	5	3212	5	5	0
5338	0	0	0	0	5	3205	5	5	0
5336	0	0	0	0	7	3213	7	7	0
5337	0	0	0	0	6	3213	6	6	0
5338	0	0	0	0	5	3207	5	5	0
5333	0	0	0	0	10	3213	10	10	0
5334	0	0	0	0	9	3219	9	8	1
5337	0	0	0	0	6	3219	6	5	1
5335	0	0	0	0	8	3221	8	8	0
5337	0	0	0	0	6	3209	6	6	0
5328	0	0	0	0	15	3217	15	15	0
5336	0	0	0	0	7	3216	7	7	0
5332	0	0	0	0	11	3220	11	11	0
5336	0	0	0	0	7	3217	7	7	0
5337	0	0	0	0	6	3217	6	6	0
5337	0	0	0	0	6	3207	6	6	0
5338	0	0	0	0	5	3219	5	5	0
5338	0	0	0	0	5	3209	5	5	0
5338	0	0	0	0	5	3205	5	5	0
5334	0	0	0	0	9	3228	9	9	0
5333	0	0	0	0	10	3219	10	9	1
5336	0	0	0	0	7	3220	7	7	0
5334	0	0	0	0	9	3217	9	9	0
5338	0	0	0	0	5	3212	5	5	0
5338	0	0	0	0	5	3214	5	5	0
5336	0	0	0	0	7	3217	7	7	0
5332	0	0	0	0	11	3223	11	11	0
5338	0	0	0	0	5	3207	5	5	0
5337	0	0	0	0	6	3213	6	6	0
5337	0	0	0	0	6	3212	6	6	0
5334	0	0	0	0	9	3212	9	9	0
5337	0	0	0	0	6	3213	6	6	0
5336	0	0	0	0	7	3212	7	5	2
5335	0	0	0	0	8	3212	8	8	0
5338	0	0	0	0	5	3203	5	5	0
5338	0	0	0	0	5	3206	5	5	0
5335	0	0	0	0	8	3221	8	8	0
5337	0	0	0	0	6	3210	6	6	0
5337	0	0	0	0	6	3211	6	6	0
5337	0	0	0	0	6	3207	6	6	0
5338	0	0	0	0	5	3207	5	5	0
5336	0	0	0	0	7	3214	7	7	0
5337	0	0	0	0	6	3214	6	6	0
5336	0	0	0	0	7	3211	7	7	0
5333	0	0	0	0	10	3211	10	10	0
5335	0	0	0	0	8	3231	8	8	0
5333	0	0	0	0	10	3213	10	10	0
5336	0	0	0	0	7	3208	7	7	0
5336	0	0	0	0	7	3216	7	6	1
5336	0	0	0	0	7	3213	7	7	0
5338	0	0	0	0	5	3212	5	5	0
5335	0	0	0	0	8	3207	8	8	0
5337	0	0	0	0	6	3205	6	6	0
5338	0	0	0	0	5	3214	5	5	0
5336	0	0	0	0	7	3208	7	7	0
5338	0	0	0	0	5	3207	5	5	0
5338	0	0	0	0	5	3208	5	5	0
5336	0	0	0	0	7	3214	7	7	0
5337	0	0	0	0	6	3209	6	6	0
5337	0	0	0	0	6	3216	6	6	0
5338	0	0	0	0	5	3212	5	5	0
5333	0	0	0	0	10	3218	10	10	0
5337	0	0	0	0	6	3212	6	6	0
5336	0	0	0	0	7	3213	7	7	0
5335	0	0	0	0	8	3216	8	7	1
5338	0	0	0	0	5	3209	5	5	0
5335	0	0	0	0	8	3205	8	8	0
5338	0	0	0	0	5	3212	5	5	0
5338	0	0	0	0	5	3208	5	5	0
5334	0	0	0	0	9	3207	9	9	0
5338	0	0	0	0	5	3210	5	5	0
5335	0	0	0	0	8	3208	8	8	0
5332	0	0	0	0	11	3217	11	9	2
5335	0	0	0	0	8	3213	8	7	1
5338	0	0	0	0	5	3209	5	5	0
5338	0	0	0	0	5	3214	5	5	0
5338	0	0	0	0	5	3209	5	5	0
5334	0	0	0	0	9	3215	9	9	0
5328	0	0	0	0	15	3217	15	15	0
5337	0	0	0	0	6	3213	6	5	1
5332	0	0	0	0	11	3210	11	11	0
5333	0	0	0	0	10	3216	10	10	0
5332	0	0	0	0	11	3220	11	11	0
5338	0	0	0	0	5	3207	5	5	0
5332	0	0	0	0	11	3219	11	10	1
5332	0	0	0	0	11	3214	11	11	0
5337	0	0	0	0	6	3213	6	6	0
5336	0	0	0	0	7	3212	7	7	0
5336	0	0	0	0	7	3217	7	7	0
5334	0	0	0	0	9	3217	9	9	0
5337	0	0	0	0	6	3216	6	6	0
5338	0	0	0	0	5	3212	5	5	0
5337	0	0	0	0	6	3206	6	6	0
5332	0	0	0	0	11	3220	11	10	1
5334	0	0	0	0	9	3220	9	8	1
5331	0	0	0	0	12	3228	12	11	1
5332	0	0	0	0	11	3219	11	11	0
5336	0	0	0	0	7	3219	7	7	0
5338	0	0	0	0	5	3210	5	5	0
5333	0	0	0	0	10	3216	10	9	1
5337	0	0	0	0	6	3223	6	6	0
5337	0	0	0	0	6	3204	6	6	0
5337	0	0	0	0	6	3207	6	6	0
5338	0	0	0	0	5	3213	5	5	0
5334	0	0	0	0	9	3219	9	9	0
5338	0	0	0	0	5	3210	5	5	0
5338	0	0	0	0	5	3211	5	5	0
5336	0	0	0	0	7	3217	7	6	1
5336	0	0	0	0	7	3212	7	7	0
5333	0	0	0	0	10	3214	10	10	0
5338	0	0	0	0	5	3212	5	5	0
5337	0	0	0	0	6	3212	6	6	0
5337	0	0	0	0	6	3215	6	6	0
5338	0	0	0	0	5	3214	5	5	0
5338	0	0	0	0	5	3208	5	5	0
5336	0	0	0	0	7	3210	7	6	1
5337	0	0	0	0	6	3218	6	6	0
5337	0	0	0	0	6	3207	6	6	0
5338	0	0	0	0	5	3214	5	5	0
5330	0	0	0	0	13	3228	13	13	0
5336	0	0	0	0	7	3214	7	5	2
5333	0	0	0	0	10	3216	10	10	0
5334	0	0	0	0	9	3212	9	9	0
5336	0	0	0	0	7	3218	7	7	0
5336	0	0	0	0	7	3213	7	7	0
5338	0	0	0	0	5	3205	5	5	0
5338	0	0	0	0	5	3205	5	5	0
5332	0	0	0	0	11	3217	11	11	0
5338	0	0	0	0	5	3205	5	5	0
5338	0	0	0	0	5	3211	5	5	0
5338	0	0	0	0	5	3213	5	5	0
5337	0	0	0	0	6	3212	6	6	0
5338	0	0	0	0	5	3208	5	5	0
5332	0	0	0	0	11	3225	11	10	1
5338	0	0	0	0	5	3204	5	5	0
5338	0	0	0	0	5	3208	5	5	0
5334	0	0	0	0	9	3219	9	8	1
5337	0	0	0	0	6	3208	6	5	1
5337	0	0	0	0	6	3210	6	6	0
5337	0	0	0	0	6	3213	6	6	0
5336	0	0	0	0	7	3212	7	6	1
5327	0	0	0	0	16	3236	16	16	0
5337	0	0	0	0	6	3207	6	5	1
5336	0	0	0	0	7	3208	7	7	0
5337	0	0	0	0	6	3213	6	6	0
5332	0	0	0	0	11	3219	11	10	1
5336	0	0	0	0	7	3213	7	7	0
5335	0	0	0	0	8	3218	8	8	0
5329	0	0	0	0	14	3223	14	11	3
5333	0	0	0	0	10	3218	10	10	0
5336	0	0	0	0	7	3211	7	7	0
5338	0	0	0	0	5	3215	5	5	0
5338	0	0	0	0	5	3210	5	5	0
5338	0	0	0	0	5	3207	5	5	0
5329	0	0	0	0	14	3210	14	14	0
5338	0	0	0	0	5	3208	5	5	0
5337	0	0	0	0	6	3211	6	6	0
5337	0	0	0	0	6	3212	6	6	0
5327	0	0	0	0	16	3231	16	16	0
5336	0	0	0	0	7	3210	7	7	0
5336	0	0	0	0	7	3220	7	7	0
5338	0	0	0	0	5	3212	5	5	0
5336	0	0	0	0	7	3204	7	7	0
5328	0	0	0	0	15	3239	15	15	0
5337	0	0	0	0	6	3214	6	6	0
5330	0	0	0	0	13	3216	13	13	0
5336	0	0	0	0	7	3209	7	6	1
5334	0	0	0	0	9	3221	9	9	0
5338	0	0	0	0	5	3219	5	5	0
5338	0	0	0	0	5	3211	5	5	0
5338	0	0	0	0	5	3211	5	5	0
5336	0	0	0	0	7	3218	7	7	0
5337	0	0	0	0	6	3208	6	6	0
5336	0	0	0	0	7	3213	7	7	0
5336	0	0	0	0	7	3210	7	7	0
5338	0	0	0	0	5	3211	5	5	0
5335	0	0	0	0	8	3211	8	8	0
5333	0	0	0	0	10	3212	10	9	1
5333	0	0	0	0	10	3223	10	9	1
5337	0	0	0	0	6	3210	6	6	0
5336	0	0	0	0	7	3208	7	7	0
5330	0	0	0	0	13	3213	13	12	1
5331	0	0	0	0	12	3218	12	11	1
5337	0	0	0	0	6	3210	6	6	0
5338	0	0	0	0	5	3206	5	5	0
5330	0	0	0	0	13	3217	13	12	1
5334	0	0	0	0	9	3209	9	8	1
5338	0	0	0	0	5	3210	5	5	0
5333	0	0	0	0	10	3221	10	9	1
5331	0	0	0	0	12	3207	12	12	0
5332	0	0	0	0	11	3216	11	10	1
5335	0	0	0	0	8	3215	8	8	0
5338	0	0	0	0	5	3216	5	5	0
5337	0	0	0	0	6	3207	6	5	1
5337	0	0	0	0	6	3205	6	6	0
5338	0	0	0	0	5	3214	5	5	0
5338	0	0	0	0	5	3209	5	5	0
5335	0	0	0	0	8	3207	8	8	0
5338	0	0	0	0	5	3207	5	5	0
5330	0	0	0	0	13	3215	13	13	0
5331	0	0	0	0	12	3226	12	12	0
5336	0	0	0	0	7	3216	7	6	1
5335	0	0	0	0	8	3215	8	8	0
5338	0	0	0	0	5	3217	5	5	0
5338	0	0	0	0	5	3209	5	5	0
5338	0	0	0	0	5	3222	5	5	0
5335	0	0	0	0	8	3216	8	8	0
5335	0	0	0	0	8	3216	8	8	0
5335	0	0	0	0	8	3213	8	7	1
5336	0	0	0	0	7	3218	7	7	0
5330	0	0	0	0	13	3219	13	12	1
5338	0	0	0	0	5	3205	5	5	0
5338	0	0	0	0	5	3208	5	5	0
5334	0	0	0	0	9	3217	9	8	1
5337	0	0	0	0	6	3212	6	6	0
5335	0	0	0	0	8	3207	8	8	0
5336	0	0	0	0	7	3217	7	7	0
5338	0	0	0	0	5	3207	5	5	0
5338	0	0	0	0	5	3208	5	5	0
5337	0	0	0	0	6	3217	6	6	0
5335	0	0	0	0	8	3209	8	8	0
5336	0	0	0	0	7	3222	7	7	0
5335	0	0	0	0	8	3219	8	8	0
