5338	0	0	0	0	5	4312	5	5	0
5338	0	0	0	0	5	4297	5	5	0
5338	0	0	0	0	5	4318	5	5	0
5338	0	0	0	0	5	4291	5	5	0
5337	0	0	0	0	6	4314	6	6	0
5338	0	0	0	0	5	4285	5	5	0
5338	0	0	0	0	5	4315	5	5	0
5334	0	0	0	0	9	4350	9	9	0
5338	0	0	0	0	5	4307	5	5	0
5337	0	0	0	0	6	4317	6	6	0
5338	0	0	0	0	5	4301	5	5	0
5338	0	0	0	0	5	4303	5	5	0
5338	0	0	0	0	5	4311	5	5	0
5338	0	0	0	0	5	4303	5	5	0
5337	0	0	0	0	6	4305	6	5	1
5338	0	0	0	0	5	4324	5	5	0
5337	0	0	0	0	6	4316	6	5	1
5338	0	0	0	0	5	4296	5	5	0
5338	0	0	0	0	5	4333	5	5	0
5337	0	0	0	0	6	4298	6	5	1
5338	0	0	0	0	5	4302	5	5	0
5338	0	0	0	0	5	4319	5	5	0
5337	0	0	0	0	6	4314	6	6	0
5337	0	0	0	0	6	4308	6	5	1
5337	0	0	0	0	6	4336	6	5	1
5338	0	0	0	0	5	4333	5	5	0
5337	0	0	0	0	6	4319	6	6	0
5337	0	0	0	0	6	4320	6	5	1
5338	0	0	0	0	5	4308	5	5	0
5338	0	0	0	0	5	4318	5	5	0
5338	0	0	0	0	5	4323	5	5	0
5338	0	0	0	0	5	4316	5	5	0
5338	0	0	0	0	5	4313	5	5	0
5338	0	0	0	0	5	4300	5	5	0
5338	0	0	0	0	5	4320	5	5	0
5337	0	0	0	0	6	4331	6	5	1
5338	0	0	0	0	5	4323	5	5	0
5338	0	0	0	0	5	4320	5	5	0
5336	0	0	0	0	7	4316	7	6	1
5338	0	0	0	0	5	4318	5	5	0
5338	0	0	0	0	5	4292	5	5	0
5338	0	0	0	0	5	4287	5	5	0
5337	0	0	0	0	6	4318	6	5	1
5338	0	0	0	0	5	4310	5	5	0
5338	0	0	0	0	5	4301	5	5	0
5337	0	0	0	0	6	4371	6	6	0
5338	0	0	0	0	5	4307	5	5	0
5338	0	0	0	0	5	4325	5	5	0
5337	0	0	0	0	6	4319	6	5	1
5338	0	0	0	0	5	4325	5	5	0
5337	0	0	0	0	6	4291	6	6	0
5338	0	0	0	0	5	4322	5	5	0
5338	0	0	0	0	5	4302	5	5	0
5338	0	0	0	0	5	4308	5	5	0
5338	0	0	0	0	5	4304	5	5	0
5338	0	0	0	0	5	4319	5	5	0
5337	0	0	0	0	6	4304	6	5	1
5337	0	0	0	0	6	4328	6	5	1
5337	0	0	0	0	6	4308	6	6	0
5337	0	0	0	0	6	4323	6	5	1
5338	0	0	0	0	5	4305	5	5	0
5338	0	0	0	0	5	4296	5	5	0
5337	0	0	0	0	6	4307	6	5	1
5338	0	0	0	0	5	4314	5	5	0
5337	0	0	0	0	6	4280	6	6	0
5338	0	0	0	0	5	4309	5	5	0
5338	0	0	0	0	5	4296	5	5	0
5337	0	0	0	0	6	4296	6	6	0
5337	0	0	0	0	6	4336	6	5	1
5338	0	0	0	0	5	4326	5	5	0
5338	0	0	0	0	5	4314	5	5	0
5337	0	0	0	0	6	4306	6	5	1
5337	0	0	0	0	6	4301	6	5	1
5338	0	0	0	0	5	4292	5	5	0
5338	0	0	0	0	5	4323	5	5	0
5337	0	0	0	0	6	4306	6	6	0
5338	0	0	0	0	5	4292	5	5	0
5338	0	0	0	0	5	4323	5	5	0
5338	0	0	0	0	5	4319	5	5	0
5337	0	0	0	0	6	4346	6	6	0
5338	0	0	0	0	5	4316	5	5	0
5338	0	0	0	0	5	4311	5	5	0
5337	0	0	0	0	6	4309	6	5	1
5338	0	0	0	0	5	4293	5	5	0
5338	0	0	0	0	5	4311	5	5	0
5338	0	0	0	0	5	4314	5	5	0
5338	0	0	0	0	5	4319	5	5	0
5338	0	0	0	0	5	4293	5	5	0
5338	0	0	0	0	5	4319	5	5	0
5338	0	0	0	0	5	4299	5	5	0
5338	0	0	0	0	5	4316	5	5	0
5338	0	0	0	0	5	4319	5	5	0
5338	0	0	0	0	5	4311	5	5	0
5338	0	0	0	0	5	4303	5	5	0
5338	0	0	0	0	5	4310	5	5	0
5338	0	0	0	0	5	4321	5	5	0
5338	0	0	0	0	5	4294	5	5	0
5336	0	0	0	0	7	4325	7	5	2
5338	0	0	0	0	5	4309	5	5	0
5337	0	0	0	0	6	4307	6	6	0
5338	0	0	0	0	5	4311	5	5	0
5338	0	0	0	0	5	4312	5	5	0
5338	0	0	0	0	5	4328	5	5	0
5338	0	0	0	0	5	4326	5	5	0
5338	0	0	0	0	5	4309	5	5	0
5338	0	0	0	0	5	4311	5	5	0
5337	0	0	0	0	6	4330	6	5	1
5337	0	0	0	0	6	4325	6	5	1
5338	0	0	0	0	5	4322	5	5	0
5337	0	0	0	0	6	4316	6	6	0
5338	0	0	0	0	5	4290	5	5	0
5335	0	0	0	0	8	4314	8	7	1
5338	0	0	0	0	5	4307	5	5	0
5337	0	0	0	0	6	4304	6	6	0
5338	0	0	0	0	5	4321	5	5	0
5338	0	0	0	0	5	4322	5	5	0
5338	0	0	0	0	5	4296	5	5	0
5338	0	0	0	0	5	4323	5	5	0
5337	0	0	0	0	6	4326	6	6	0
5338	0	0	0	0	5	4321	5	5	0
5338	0	0	0	0	5	4330	5	5	0
5335	0	0	0	0	8	4329	8	8	0
5335	0	0	0	0	8	4316	8	7	1
5338	0	0	0	0	5	4301	5	5	0
5338	0	0	0	0	5	4323	5	5	0
5337	0	0	0	0	6	4314	6	5	1
5338	0	0	0	0	5	4330	5	5	0
5338	0	0	0	0	5	4300	5	5	0
5338	0	0	0	0	5	4310	5	5	0
5338	0	0	0	0	5	4302	5	5	0
5338	0	0	0	0	5	4325	5	5	0
5337	0	0	0	0	6	4322	6	5	1
5338	0	0	0	0	5	4321	5	5	0
5338	0	0	0	0	5	4315	5	5	0
5338	0	0	0	0	5	4309	5	5	0
5335	0	0	0	0	8	4325	8	6	2
5338	0	0	0	0	5	4299	5	5	0
5338	0	0	0	0	5	4307	5	5	0
5338	0	0	0	0	5	4303	5	5	0
5338	0	0	0	0	5	4320	5	5	0
5337	0	0	0	0	6	4307	6	6	0
5338	0	0	0	0	5	4313	5	5	0
5338	0	0	0	0	5	4319	5	5	0
5338	0	0	0	0	5	4318	5	5	0
5336	0	0	0	0	7	4315	7	6	1
5336	0	0	0	0	7	4315	7	5	2
5337	0	0	0	0	6	4332	6	5	1
5338	0	0	0	0	5	4315	5	5	0
5338	0	0	0	0	5	4302	5	5	0
5338	0	0	0	0	5	4306	5	5	0
5338	0	0	0	0	5	4294	5	5	0
5338	0	0	0	0	5	4311	5	5	0
5336	0	0	0	0	7	4324	7	5	2
5337	0	0	0	0	6	4315	6	5	1
5338	0	0	0	0	5	4304	5	5	0
5337	0	0	0	0	6	4321	6	6	0
5337	0	0	0	0	6	4308	6	6	0
5338	0	0	0	0	5	4312	5	5	0
5338	0	0	0	0	5	4321	5	5	0
5337	0	0	0	0	6	4294	6	5	1
5338	0	0	0	0	5	4302	5	5	0
5338	0	0	0	0	5	4306	5	5	0
5336	0	0	0	0	7	4306	7	7	0
5338	0	0	0	0	5	4315	5	5	0
5337	0	0	0	0	6	4314	6	5	1
5337	0	0	0	0	6	4316	6	5	1
5337	0	0	0	0	6	4312	6	5	1
5337	0	0	0	0	6	4279	6	6	0
5338	0	0	0	0	5	4325	5	5	0
5337	0	0	0	0	6	4313	6	5	1
5338	0	0	0	0	5	4308	5	5	0
5338	0	0	0	0	5	4308	5	5	0
5338	0	0	0	0	5	4302	5	5	0
5338	0	0	0	0	5	4308	5	5	0
5338	0	0	0	0	5	4299	5	5	0
5338	0	0	0	0	5	4318	5	5	0
5338	0	0	0	0	5	4320	5	5	0
5338	0	0	0	0	5	4323	5	5	0
5338	0	0	0	0	5	4299	5	5	0
5337	0	0	0	0	6	4319	6	6	0
5338	0	0	0	0	5	4329	5	5	0
5338	0	0	0	0	5	4311	5	5	0
5338	0	0	0	0	5	4305	5	5	0
5338	0	0	0	0	5	4307	5	5	0
5338	0	0	0	0	5	4307	5	5	0
5338	0	0	0	0	5	4311	5	5	0
5338	0	0	0	0	5	4292	5	5	0
5337	0	0	0	0	6	4325	6	6	0
5338	0	0	0	0	5	4315	5	5	0
5338	0	0	0	0	5	4310	5	5	0
5336	0	0	0	0	7	4326	7	6	1
5337	0	0	0	0	6	4329	6	5	1
5337	0	0	0	0	6	4312	6	5	1
5337	0	0	0	0	6	4329	6	5	1
5338	0	0	0	0	5	4317	5	5	0
5334	0	0	0	0	9	4318	9	7	2
5338	0	0	0	0	5	4300	5	5	0
5338	0	0	0	0	5	4315	5	5	0
5337	0	0	0	0	6	4309	6	5	1
5338	0	0	0	0	5	4298	5	5	0
5337	0	0	0	0	6	4311	6	6	0
5338	0	0	0	0	5	4295	5	5	0
5338	0	0	0	0	5	4313	5	5	0
5337	0	0	0	0	6	4319	6	5	1
5337	0	0	0	0	6	4306	6	5	1
5337	0	0	0	0	6	4322	6	5	1
5336	0	0	0	0	7	4340	7	7	0
5337	0	0	0	0	6	4318	6	6	0
5338	0	0	0	0	5	4290	5	5	0
5338	0	0	0	0	5	4317	5	5	0
5338	0	0	0	0	5	4295	5	5	0
5338	0	0	0	0	5	4303	5	5	0
5338	0	0	0	0	5	4298	5	5	0
5336	0	0	0	0	7	4311	7	6	1
5337	0	0	0	0	6	4292	6	6	0
5338	0	0	0	0	5	4308	5	5	0
5338	0	0	0	0	5	4294	5	5	0
5338	0	0	0	0	5	4305	5	5	0
5338	0	0	0	0	5	4316	5	5	0
5337	0	0	0	0	6	4294	6	6	0
5338	0	0	0	0	5	4288	5	5	0
5337	0	0	0	0	6	4321	6	6	0
5338	0	0	0	0	5	4289	5	5	0
5338	0	0	0	0	5	4288	5	5	0
5338	0	0	0	0	5	4306	5	5	0
5338	0	0	0	0	5	4316	5	5	0
5337	0	0	0	0	6	4319	6	6	0
5337	0	0	0	0	6	4319	6	5	1
5338	0	0	0	0	5	4323	5	5	0
5338	0	0	0	0	5	4319	5	5	0
5337	0	0	0	0	6	4300	6	6	0
5336	0	0	0	0	7	4306	7	6	1
5338	0	0	0	0	5	4314	5	5	0
5338	0	0	0	0	5	4314	5	5	0
5338	0	0	0	0	5	4308	5	5	0
5338	0	0	0	0	5	4316	5	5	0
5337	0	0	0	0	6	4312	6	6	0
5338	0	0	0	0	5	4318	5	5	0
5338	0	0	0	0	5	4316	5	5	0
5338	0	0	0	0	5	4329	5	5	0
5338	0	0	0	0	5	4293	5	5	0
5338	0	0	0	0	5	4318	5	5	0
5338	0	0	0	0	5	4305	5	5	0
5338	0	0	0	0	5	4315	5	5	0
5338	0	0	0	0	5	4310	5	5	0
5338	0	0	0	0	5	4321	5	5	0
5337	0	0	0	0	6	4304	6	5	1
5338	0	0	0	0	5	4306	5	5	0
5338	0	0	0	0	5	4288	5	5	0
5338	0	0	0	0	5	4305	5	5	0
5338	0	0	0	0	5	4308	5	5	0
5338	0	0	0	0	5	4302	5	5	0
5338	0	0	0	0	5	4322	5	5	0
5338	0	0	0	0	5	4322	5	5	0
5337	0	0	0	0	6	4291	6	5	1
5338	0	0	0	0	5	4301	5	5	0
5338	0	0	0	0	5	4315	5	5	0
5336	0	0	0	0	7	4314	7	6	1
5338	0	0	0	0	5	4304	5	5	0
5337	0	0	0	0	6	4315	6	5	1
5338	0	0	0	0	5	4328	5	5	0
5338	0	0	0	0	5	4337	5	5	0
5337	0	0	0	0	6	4310	6	5	1
5338	0	0	0	0	5	4292	5	5	0
5338	0	0	0	0	5	4313	5	5	0
5338	0	0	0	0	5	4307	5	5	0
5337	0	0	0	0	6	4320	6	5	1
5338	0	0	0	0	5	4318	5	5	0
5338	0	0	0	0	5	4300	5	5	0
5338	0	0	0	0	5	4288	5	5	0
5338	0	0	0	0	5	4313	5	5	0
5336	0	0	0	0	7	4316	7	7	0
5338	0	0	0	0	5	4320	5	5	0
5338	0	0	0	0	5	4317	5	5	0
5338	0	0	0	0	5	4322	5	5	0
5338	0	0	0	0	5	4317	5	5	0
5338	0	0	0	0	5	4313	5	5	0
5338	0	0	0	0	5	4302	5	5	0
5338	0	0	0	0	5	4285	5	5	0
5338	0	0	0	0	5	4305	5	5	0
5337	0	0	0	0	6	4325	6	5	1
5338	0	0	0	0	5	4310	5	5	0
5337	0	0	0	0	6	4312	6	6	0
5337	0	0	0	0	6	4331	6	5	1
5337	0	0	0	0	6	4338	6	5	1
5338	0	0	0	0	5	4315	5	5	0
5338	0	0	0	0	5	4303	5	5	0
5335	0	0	0	0	8	4340	8	8	0
5337	0	0	0	0	6	4320	6	6	0
5338	0	0	0	0	5	4308	5	5	0
5338	0	0	0	0	5	4316	5	5	0
5338	0	0	0	0	5	4304	5	5	0
5338	0	0	0	0	5	4295	5	5	0
5338	0	0	0	0	5	4313	5	5	0
5338	0	0	0	0	5	4303	5	5	0
5338	0	0	0	0	5	4296	5	5	0
5337	0	0	0	0	6	4325	6	6	0
5336	0	0	0	0	7	4317	7	6	1
5338	0	0	0	0	5	4329	5	5	0
5336	0	0	0	0	7	4304	7	5	2
5338	0	0	0	0	5	4312	5	5	0
5338	0	0	0	0	5	4325	5	5	0
5338	0	0	0	0	5	4311	5	5	0
5338	0	0	0	0	5	4318	5	5	0
5338	0	0	0	0	5	4323	5	5	0
5338	0	0	0	0	5	4309	5	5	0
5337	0	0	0	0	6	4326	6	5	1
5338	0	0	0	0	5	4320	5	5	0
5338	0	0	0	0	5	4320	5	5	0
5336	0	0	0	0	7	4334	7	5	2
5338	0	0	0	0	5	4301	5	5	0
5338	0	0	0	0	5	4290	5	5	0
5338	0	0	0	0	5	4305	5	5	0
5338	0	0	0	0	5	4328	5	5	0
5338	0	0	0	0	5	4322	5	5	0
5337	0	0	0	0	6	4327	6	6	0
5338	0	0	0	0	5	4293	5	5	0
5338	0	0	0	0	5	4293	5	5	0
5337	0	0	0	0	6	4327	6	6	0
5338	0	0	0	0	5	4309	5	5	0
5338	0	0	0	0	5	4291	5	5	0
5336	0	0	0	0	7	4300	7	7	0
5338	0	0	0	0	5	4329	5	5	0
5338	0	0	0	0	5	4318	5	5	0
5338	0	0	0	0	5	4298	5	5	0
5336	0	0	0	0	7	4319	7	6	1
5338	0	0	0	0	5	4293	5	5	0
5338	0	0	0	0	5	4305	5	5	0
5338	0	0	0	0	5	4286	5	5	0
5338	0	0	0	0	5	4303	5	5	0
5338	0	0	0	0	5	4325	5	5	0
5338	0	0	0	0	5	4292	5	5	0
5338	0	0	0	0	5	4298	5	5	0
5338	0	0	0	0	5	4315	5	5	0
5338	0	0	0	0	5	4294	5	5	0
5338	0	0	0	0	5	4308	5	5	0
5338	0	0	0	0	5	4321	5	5	0
5338	0	0	0	0	5	4308	5	5	0
5338	0	0	0	0	5	4308	5	5	0
5338	0	0	0	0	5	4298	5	5	0
5338	0	0	0	0	5	4318	5	5	0
5337	0	0	0	0	6	4314	6	5	1
5338	0	0	0	0	5	4307	5	5	0
5337	0	0	0	0	6	4306	6	6	0
5338	0	0	0	0	5	4302	5	5	0
5338	0	0	0	0	5	4308	5	5	0
5338	0	0	0	0	5	4290	5	5	0
5337	0	0	0	0	6	4319	6	5	1
5336	0	0	0	0	7	4314	7	7	0
5336	0	0	0	0	7	4338	7	5	2
5336	0	0	0	0	7	4324	7	6	1
5338	0	0	0	0	5	4321	5	5	0
5338	0	0	0	0	5	4318	5	5	0
5338	0	0	0	0	5	4311	5	5	0
5337	0	0	0	0	6	4325	6	5	1
5337	0	0	0	0	6	4309	6	6	0
5337	0	0	0	0	6	4321	6	5	1
5337	0	0	0	0	6	4294	6	5	1
5338	0	0	0	0	5	4309	5	5	0
5337	0	0	0	0	6	4320	6	6	0
5338	0	0	0	0	5	4295	5	5	0
5337	0	0	0	0	6	4325	6	5	1
5338	0	0	0	0	5	4301	5	5	0
5337	0	0	0	0	6	4308	6	6	0
5338	0	0	0	0	5	4305	5	5	0
5338	0	0	0	0	5	4320	5	5	0
5338	0	0	0	0	5	4328	5	5	0
5338	0	0	0	0	5	4314	5	5	0
5338	0	0	0	0	5	4326	5	5	0
5338	0	0	0	0	5	4295	5	5	0
5336	0	0	0	0	7	4324	7	6	1
5337	0	0	0	0	6	4319	6	5	1
5336	0	0	0	0	7	4337	7	6	1
5335	0	0	0	0	8	4320	8	8	0
5336	0	0	0	0	7	4326	7	7	0
5338	0	0	0	0	5	4308	5	5	0
5337	0	0	0	0	6	4313	6	5	1
5338	0	0	0	0	5	4326	5	5	0
5338	0	0	0	0	5	4285	5	5	0
5338	0	0	0	0	5	4295	5	5	0
5338	0	0	0	0	5	4315	5	5	0
5336	0	0	0	0	7	4323	7	6	1
5338	0	0	0	0	5	4300	5	5	0
5338	0	0	0	0	5	4284	5	5	0
5337	0	0	0	0	6	4313	6	5	1
5338	0	0	0	0	5	4303	5	5	0
5338	0	0	0	0	5	4313	5	5	0
5338	0	0	0	0	5	4302	5	5	0
5338	0	0	0	0	5	4298	5	5	0
5338	0	0	0	0	5	4316	5	5	0
5338	0	0	0	0	5	4318	5	5	0
5338	0	0	0	0	5	4287	5	5	0
5337	0	0	0	0	6	4288	6	5	1
5338	0	0	0	0	5	4318	5	5	0
5338	0	0	0	0	5	4316	5	5	0
5338	0	0	0	0	5	4311	5	5	0
5338	0	0	0	0	5	4319	5	5	0
5336	0	0	0	0	7	4316	7	5	2
5337	0	0	0	0	6	4324	6	6	0
5338	0	0	0	0	5	4304	5	5	0
5338	0	0	0	0	5	4319	5	5	0
5337	0	0	0	0	6	4315	6	6	0
5338	0	0	0	0	5	4286	5	5	0
5338	0	0	0	0	5	4276	5	5	0
5337	0	0	0	0	6	4323	6	6	0
5338	0	0	0	0	5	4285	5	5	0
5338	0	0	0	0	5	4321	5	5	0
5338	0	0	0	0	5	4309	5	5	0
5338	0	0	0	0	5	4307	5	5	0
5338	0	0	0	0	5	4296	5	5	0
5337	0	0	0	0	6	4311	6	5	1
5338	0	0	0	0	5	4274	5	5	0
5338	0	0	0	0	5	4296	5	5	0
5335	0	0	0	0	8	4332	8	7	1
5337	0	0	0	0	6	4307	6	5	1
5338	0	0	0	0	5	4302	5	5	0
5337	0	0	0	0	6	4315	6	6	0
5336	0	0	0	0	7	4324	7	6	1
5338	0	0	0	0	5	4326	5	5	0
5337	0	0	0	0	6	4306	6	5	1
5334	0	0	0	0	9	4308	9	7	2
5338	0	0	0	0	5	4314	5	5	0
5337	0	0	0	0	6	4312	6	5	1
5338	0	0	0	0	5	4312	5	5	0
5337	0	0	0	0	6	4310	6	6	0
5336	0	0	0	0	7	4323	7	5	2
5338	0	0	0	0	5	4312	5	5	0
5338	0	0	0	0	5	4321	5	5	0
5338	0	0	0	0	5	4325	5	5	0
5338	0	0	0	0	5	4320	5	5	0
5338	0	0	0	0	5	4308	5	5	0
5338	0	0	0	0	5	4283	5	5	0
5338	0	0	0	0	5	4305	5	5	0
5338	0	0	0	0	5	4321	5	5	0
5338	0	0	0	0	5	4304	5	5	0
5338	0	0	0	0	5	4319	5	5	0
5338	0	0	0	0	5	4303	5	5	0
5338	0	0	0	0	5	4326	5	5	0
5338	0	0	0	0	5	4301	5	5	0
5338	0	0	0	0	5	4286	5	5	0
5337	0	0	0	0	6	4320	6	5	1
5338	0	0	0	0	5	4311	5	5	0
5335	0	0	0	0	8	4335	8	8	0
5336	0	0	0	0	7	4309	7	6	1
5338	0	0	0	0	5	4311	5	5	0
5338	0	0	0	0	5	4325	5	5	0
5338	0	0	0	0	5	4295	5	5	0
5338	0	0	0	0	5	4310	5	5	0
5337	0	0	0	0	6	4321	6	6	0
5338	0	0	0	0	5	4297	5	5	0
5338	0	0	0	0	5	4307	5	5	0
5338	0	0	0	0	5	4308	5	5	0
5337	0	0	0	0	6	4310	6	5	1
5338	0	0	0	0	5	4299	5	5	0
5337	0	0	0	0	6	4326	6	5	1
5337	0	0	0	0	6	4331	6	5	1
5338	0	0	0	0	5	4310	5	5	0
5338	0	0	0	0	5	4301	5	5	0
5337	0	0	0	0	6	4323	6	5	1
5336	0	0	0	0	7	4331	7	6	1
5338	0	0	0	0	5	4304	5	5	0
5338	0	0	0	0	5	4299	5	5	0
5336	0	0	0	0	7	4328	7	6	1
5337	0	0	0	0	6	4291	6	5	1
5338	0	0	0	0	5	4303	5	5	0
5334	0	0	0	0	9	4335	9	8	1
5336	0	0	0	0	7	4300	7	7	0
5336	0	0	0	0	7	4312	7	6	1
5338	0	0	0	0	5	4322	5	5	0
5338	0	0	0	0	5	4308	5	5	0
5337	0	0	0	0	6	4286	6	5	1
5337	0	0	0	0	6	4289	6	6	0
5338	0	0	0	0	5	4322	5	5	0
5338	0	0	0	0	5	4299	5	5	0
5337	0	0	0	0	6	4313	6	6	0
5338	0	0	0	0	5	4293	5	5	0
5338	0	0	0	0	5	4303	5	5	0
5337	0	0	0	0	6	4331	6	6	0
5337	0	0	0	0	6	4334	6	5	1
5338	0	0	0	0	5	4327	5	5	0
5337	0	0	0	0	6	4323	6	5	1
5338	0	0	0	0	5	4307	5	5	0
5338	0	0	0	0	5	4326	5	5	0
5337	0	0	0	0	6	4312	6	6	0
5338	0	0	0	0	5	4319	5	5	0
5337	0	0	0	0	6	4306	6	5	1
5338	0	0	0	0	5	4325	5	5	0
5336	0	0	0	0	7	4316	7	6	1
5338	0	0	0	0	5	4310	5	5	0
5338	0	0	0	0	5	4311	5	5	0
5337	0	0	0	0	6	4297	6	5	1
5338	0	0	0	0	5	4306	5	5	0
5338	0	0	0	0	5	4293	5	5	0
5337	0	0	0	0	6	4330	6	6	0
5338	0	0	0	0	5	4325	5	5	0
5338	0	0	0	0	5	4297	5	5	0
5338	0	0	0	0	5	4327	5	5	0
5338	0	0	0	0	5	4286	5	5	0
5338	0	0	0	0	5	4311	5	5	0
5338	0	0	0	0	5	4330	5	5	0
