5338	0	0	0	0	5	71	5	5	0
5336	0	0	0	0	7	86	7	5	2
5336	0	0	0	0	7	67	7	5	2
5334	0	0	0	0	9	96	9	5	4
5328	0	0	0	0	15	198	15	6	9
5335	0	0	0	0	8	50	8	5	3
5333	0	0	0	0	10	145	10	6	4
5314	0	0	0	0	29	412	29	9	20
5336	0	0	0	0	7	84	7	5	2
5332	0	0	0	0	11	159	11	5	6
5333	0	0	0	0	10	109	10	5	5
5334	0	0	0	0	9	100	9	5	4
5336	0	0	0	0	7	98	7	5	2
5333	0	0	0	0	10	134	10	5	5
5333	0	0	0	0	10	83	10	5	5
5326	0	0	0	0	17	240	17	6	11
5332	0	0	0	0	11	138	11	5	6
5333	0	0	0	0	10	85	10	5	5
5337	0	0	0	0	6	88	6	5	1
5322	0	0	0	0	21	208	21	6	15
5337	0	0	0	0	6	70	6	5	1
5331	0	0	0	0	12	204	12	6	6
5337	0	0	0	0	6	83	6	5	1
5332	0	0	0	0	11	121	11	5	6
5333	0	0	0	0	10	193	10	5	5
5337	0	0	0	0	6	97	6	5	1
5333	0	0	0	0	10	143	10	6	4
5329	0	0	0	0	14	206	14	5	9
5335	0	0	0	0	8	90	8	5	3
5337	0	0	0	0	6	102	6	5	1
5332	0	0	0	0	11	160	11	5	6
5335	0	0	0	0	8	119	8	5	3
5332	0	0	0	0	11	82	11	5	6
5331	0	0	0	0	12	165	12	6	6
5328	0	0	0	0	15	149	15	5	10
5333	0	0	0	0	10	129	10	5	5
5338	0	0	0	0	5	102	5	5	0
5338	0	0	0	0	5	87	5	5	0
5323	0	0	0	0	20	169	20	6	14
5335	0	0	0	0	8	156	8	5	3
5335	0	0	0	0	8	86	8	5	3
5338	0	0	0	0	5	43	5	5	0
5328	0	0	0	0	15	204	15	5	10
5329	0	0	0	0	14	228	14	6	8
5335	0	0	0	0	8	66	8	5	3
5334	0	0	0	0	9	166	9	6	3
5333	0	0	0	0	10	118	10	5	5
5332	0	0	0	0	11	187	11	5	6
5324	0	0	0	0	19	168	19	5	14
5321	0	0	0	0	22	257	22	6	16
5331	0	0	0	0	12	74	12	5	7
5320	0	0	0	0	23	317	23	7	16
5336	0	0	0	0	7	85	7	5	2
5338	0	0	0	0	5	80	5	5	0
5326	0	0	0	0	17	212	17	5	12
5331	0	0	0	0	12	139	12	5	7
5329	0	0	0	0	14	127	14	5	9
5326	0	0	0	0	17	235	17	6	11
5334	0	0	0	0	9	111	9	5	4
5331	0	0	0	0	12	187	12	5	7
5321	0	0	0	0	22	220	22	6	16
5335	0	0	0	0	8	68	8	5	3
5333	0	0	0	0	10	156	10	6	4
5330	0	0	0	0	13	162	13	6	7
5335	0	0	0	0	8	46	8	5	3
5335	0	0	0	0	8	104	8	5	3
5336	0	0	0	0	7	37	7	5	2
5328	0	0	0	0	15	101	15	5	10
5326	0	0	0	0	17	236	17	6	11
5329	0	0	0	0	14	143	14	5	9
5330	0	0	0	0	13	164	13	5	8
5336	0	0	0	0	7	45	7	5	2
5336	0	0	0	0	7	95	7	5	2
5338	0	0	0	0	5	33	5	5	0
5334	0	0	0	0	9	118	9	5	4
5325	0	0	0	0	18	196	18	7	11
5329	0	0	0	0	14	148	14	6	8
5336	0	0	0	0	7	102	7	5	2
5332	0	0	0	0	11	172	11	5	6
5324	0	0	0	0	19	262	19	7	12
5333	0	0	0	0	10	166	10	5	5
5334	0	0	0	0	9	105	9	5	4
5325	0	0	0	0	18	216	18	5	13
5335	0	0	0	0	8	77	8	5	3
5337	0	0	0	0	6	112	6	5	1
5330	0	0	0	0	13	131	13	5	8
5333	0	0	0	0	10	184	10	5	5
5338	0	0	0	0	5	40	5	5	0
5334	0	0	0	0	9	134	9	5	4
5334	0	0	0	0	9	78	9	5	4
5334	0	0	0	0	9	153	9	5	4
5335	0	0	0	0	8	93	8	5	3
5333	0	0	0	0	10	178	10	5	5
5334	0	0	0	0	9	95	9	5	4
5333	0	0	0	0	10	94	10	5	5
5337	0	0	0	0	6	115	6	5	1
5331	0	0	0	0	12	115	12	6	6
5334	0	0	0	0	9	119	9	5	4
5337	0	0	0	0	6	78	6	5	1
5330	0	0	0	0	13	122	13	5	8
5330	0	0	0	0	13	223	13	6	7
5336	0	0	0	0	7	95	7	5	2
5331	0	0	0	0	12	157	12	5	7
5332	0	0	0	0	11	179	11	6	5
5331	0	0	0	0	12	125	12	5	7
5331	0	0	0	0	12	167	12	5	7
5329	0	0	0	0	14	208	14	5	9
5334	0	0	0	0	9	118	9	5	4
5333	0	0	0	0	10	119	10	5	5
5326	0	0	0	0	17	178	17	5	12
5336	0	0	0	0	7	32	7	5	2
5330	0	0	0	0	13	199	13	6	7
5334	0	0	0	0	9	105	9	5	4
5333	0	0	0	0	10	99	10	5	5
5329	0	0	0	0	14	124	14	5	9
5331	0	0	0	0	12	162	12	5	7
5335	0	0	0	0	8	90	8	5	3
5332	0	0	0	0	11	224	11	6	5
5331	0	0	0	0	12	171	12	5	7
5321	0	0	0	0	22	373	22	8	14
5336	0	0	0	0	7	118	7	5	2
5322	0	0	0	0	21	275	21	6	15
5323	0	0	0	0	20	187	20	6	14
5326	0	0	0	0	17	215	17	5	12
5322	0	0	0	0	21	318	21	7	14
5337	0	0	0	0	6	109	6	5	1
5328	0	0	0	0	15	219	15	5	10
5336	0	0	0	0	7	49	7	5	2
5331	0	0	0	0	12	187	12	5	7
5337	0	0	0	0	6	67	6	5	1
5327	0	0	0	0	16	189	16	5	11
5326	0	0	0	0	17	235	17	6	11
5331	0	0	0	0	12	187	12	5	7
5338	0	0	0	0	5	93	5	5	0
5320	0	0	0	0	23	273	23	6	17
5332	0	0	0	0	11	141	11	5	6
5327	0	0	0	0	16	196	16	6	10
5333	0	0	0	0	10	61	10	5	5
5335	0	0	0	0	8	110	8	5	3
5319	0	0	0	0	24	438	24	8	16
5333	0	0	0	0	10	163	10	5	5
5333	0	0	0	0	10	162	10	5	5
5337	0	0	0	0	6	96	6	5	1
5335	0	0	0	0	8	110	8	5	3
5316	0	0	0	0	27	234	27	5	22
5325	0	0	0	0	18	163	18	5	13
5332	0	0	0	0	11	150	11	5	6
5327	0	0	0	0	16	207	16	5	11
5331	0	0	0	0	12	102	12	5	7
5333	0	0	0	0	10	153	10	5	5
5337	0	0	0	0	6	66	6	5	1
5328	0	0	0	0	15	192	15	5	10
5325	0	0	0	0	18	249	18	6	12
5336	0	0	0	0	7	71	7	5	2
5333	0	0	0	0	10	147	10	6	4
5330	0	0	0	0	13	233	13	6	7
5332	0	0	0	0	11	115	11	5	6
5327	0	0	0	0	16	234	16	6	10
5330	0	0	0	0	13	201	13	5	8
5331	0	0	0	0	12	65	12	5	7
5334	0	0	0	0	9	102	9	5	4
5328	0	0	0	0	15	134	15	5	10
5333	0	0	0	0	10	109	10	5	5
5329	0	0	0	0	14	216	14	6	8
5329	0	0	0	0	14	125	14	5	9
5331	0	0	0	0	12	170	12	5	7
5323	0	0	0	0	20	202	20	5	15
5336	0	0	0	0	7	33	7	5	2
5336	0	0	0	0	7	128	7	5	2
5330	0	0	0	0	13	162	13	6	7
5333	0	0	0	0	10	118	10	5	5
5335	0	0	0	0	8	144	8	5	3
5332	0	0	0	0	11	115	11	5	6
5326	0	0	0	0	17	245	17	7	10
5334	0	0	0	0	9	103	9	5	4
5334	0	0	0	0	9	166	9	5	4
5330	0	0	0	0	13	242	13	7	6
5336	0	0	0	0	7	106	7	5	2
5335	0	0	0	0	8	43	8	5	3
5330	0	0	0	0	13	138	13	5	8
5335	0	0	0	0	8	144	8	5	3
5329	0	0	0	0	14	193	14	5	9
5321	0	0	0	0	22	278	22	5	17
5334	0	0	0	0	9	75	9	5	4
5328	0	0	0	0	15	144	15	5	10
5336	0	0	0	0	7	88	7	5	2
5336	0	0	0	0	7	65	7	5	2
5333	0	0	0	0	10	152	10	5	5
5332	0	0	0	0	11	149	11	5	6
5330	0	0	0	0	13	245	13	6	7
5333	0	0	0	0	10	142	10	5	5
5336	0	0	0	0	7	99	7	5	2
5337	0	0	0	0	6	90	6	5	1
5329	0	0	0	0	14	180	14	5	9
5334	0	0	0	0	9	134	9	5	4
5322	0	0	0	0	21	167	21	5	16
5338	0	0	0	0	5	50	5	5	0
5332	0	0	0	0	11	131	11	5	6
5331	0	0	0	0	12	107	12	5	7
5331	0	0	0	0	12	197	12	5	7
5337	0	0	0	0	6	95	6	5	1
5338	0	0	0	0	5	16	5	5	0
5334	0	0	0	0	9	136	9	5	4
5321	0	0	0	0	22	227	22	6	16
5337	0	0	0	0	6	55	6	5	1
5323	0	0	0	0	20	297	20	7	13
5330	0	0	0	0	13	149	13	5	8
5331	0	0	0	0	12	143	12	5	7
5338	0	0	0	0	5	43	5	5	0
5332	0	0	0	0	11	153	11	5	6
5331	0	0	0	0	12	130	12	6	6
5336	0	0	0	0	7	50	7	5	2
5337	0	0	0	0	6	91	6	5	1
5332	0	0	0	0	11	93	11	5	6
5335	0	0	0	0	8	56	8	5	3
5335	0	0	0	0	8	67	8	5	3
5334	0	0	0	0	9	81	9	5	4
5334	0	0	0	0	9	106	9	5	4
5326	0	0	0	0	17	241	17	5	12
5335	0	0	0	0	8	86	8	5	3
5337	0	0	0	0	6	25	6	5	1
5331	0	0	0	0	12	151	12	5	7
5337	0	0	0	0	6	37	6	5	1
5336	0	0	0	0	7	87	7	6	1
5335	0	0	0	0	8	101	8	5	3
5334	0	0	0	0	9	130	9	5	4
5331	0	0	0	0	12	209	12	5	7
5328	0	0	0	0	15	156	15	5	10
5332	0	0	0	0	11	167	11	5	6
5333	0	0	0	0	10	114	10	5	5
5330	0	0	0	0	13	174	13	5	8
5323	0	0	0	0	20	208	20	6	14
5337	0	0	0	0	6	84	6	5	1
5334	0	0	0	0	9	116	9	5	4
5337	0	0	0	0	6	101	6	5	1
5334	0	0	0	0	9	151	9	5	4
5333	0	0	0	0	10	119	10	5	5
5326	0	0	0	0	17	212	17	6	11
5322	0	0	0	0	21	274	21	5	16
5328	0	0	0	0	15	206	15	5	10
5338	0	0	0	0	5	30	5	5	0
5335	0	0	0	0	8	92	8	5	3
5330	0	0	0	0	13	205	13	5	8
5321	0	0	0	0	22	261	22	6	16
5334	0	0	0	0	9	169	9	5	4
5333	0	0	0	0	10	125	10	5	5
5333	0	0	0	0	10	125	10	5	5
5331	0	0	0	0	12	219	12	6	6
5328	0	0	0	0	15	91	15	6	9
5337	0	0	0	0	6	58	6	5	1
5320	0	0	0	0	23	211	23	6	17
5332	0	0	0	0	11	189	11	6	5
5334	0	0	0	0	9	138	9	5	4
5326	0	0	0	0	17	175	17	5	12
5327	0	0	0	0	16	175	16	5	11
5332	0	0	0	0	11	132	11	5	6
5336	0	0	0	0	7	83	7	5	2
5328	0	0	0	0	15	192	15	6	9
5337	0	0	0	0	6	39	6	5	1
5317	0	0	0	0	26	376	26	7	19
5333	0	0	0	0	10	138	10	5	5
5334	0	0	0	0	9	141	9	5	4
5335	0	0	0	0	8	99	8	5	3
5330	0	0	0	0	13	101	13	5	8
5330	0	0	0	0	13	192	13	5	8
5335	0	0	0	0	8	95	8	5	3
5330	0	0	0	0	13	124	13	5	8
5327	0	0	0	0	16	193	16	5	11
5337	0	0	0	0	6	58	6	5	1
5335	0	0	0	0	8	63	8	5	3
5329	0	0	0	0	14	161	14	5	9
5324	0	0	0	0	19	313	19	7	12
5335	0	0	0	0	8	116	8	5	3
5331	0	0	0	0	12	154	12	5	7
5329	0	0	0	0	14	132	14	5	9
5336	0	0	0	0	7	93	7	5	2
5337	0	0	0	0	6	117	6	5	1
5338	0	0	0	0	5	74	5	5	0
5333	0	0	0	0	10	108	10	6	4
5337	0	0	0	0	6	57	6	5	1
5323	0	0	0	0	20	278	20	5	15
5335	0	0	0	0	8	96	8	5	3
5327	0	0	0	0	16	137	16	5	11
5332	0	0	0	0	11	156	11	5	6
5330	0	0	0	0	13	169	13	5	8
5314	0	0	0	0	29	362	29	7	22
5331	0	0	0	0	12	143	12	5	7
5334	0	0	0	0	9	113	9	5	4
5331	0	0	0	0	12	137	12	5	7
5323	0	0	0	0	20	196	20	5	15
5334	0	0	0	0	9	146	9	5	4
5335	0	0	0	0	8	120	8	5	3
5336	0	0	0	0	7	44	7	5	2
5338	0	0	0	0	5	89	5	5	0
5334	0	0	0	0	9	96	9	5	4
5337	0	0	0	0	6	59	6	5	1
5332	0	0	0	0	11	195	11	6	5
5324	0	0	0	0	19	152	19	5	14
5333	0	0	0	0	10	131	10	5	5
5331	0	0	0	0	12	170	12	6	6
5332	0	0	0	0	11	249	11	6	5
5330	0	0	0	0	13	134	13	5	8
5326	0	0	0	0	17	260	17	5	12
5327	0	0	0	0	16	271	16	5	11
5337	0	0	0	0	6	113	6	5	1
5330	0	0	0	0	13	168	13	5	8
5332	0	0	0	0	11	184	11	5	6
5335	0	0	0	0	8	132	8	5	3
5334	0	0	0	0	9	121	9	5	4
5334	0	0	0	0	9	137	9	5	4
5331	0	0	0	0	12	77	12	5	7
5338	0	0	0	0	5	34	5	5	0
5336	0	0	0	0	7	97	7	5	2
5333	0	0	0	0	10	138	10	5	5
5336	0	0	0	0	7	84	7	5	2
5337	0	0	0	0	6	107	6	5	1
5336	0	0	0	0	7	67	7	5	2
5335	0	0	0	0	8	51	8	5	3
5332	0	0	0	0	11	121	11	5	6
5330	0	0	0	0	13	222	13	5	8
5333	0	0	0	0	10	89	10	5	5
5331	0	0	0	0	12	105	12	5	7
5331	0	0	0	0	12	231	12	6	6
5318	0	0	0	0	25	273	25	6	19
5333	0	0	0	0	10	142	10	5	5
5333	0	0	0	0	10	133	10	5	5
5330	0	0	0	0	13	125	13	6	7
5336	0	0	0	0	7	138	7	5	2
5334	0	0	0	0	9	63	9	5	4
5332	0	0	0	0	11	95	11	5	6
5336	0	0	0	0	7	142	7	5	2
5335	0	0	0	0	8	44	8	5	3
5338	0	0	0	0	5	36	5	5	0
5329	0	0	0	0	14	257	14	6	8
5336	0	0	0	0	7	96	7	5	2
5334	0	0	0	0	9	117	9	5	4
5333	0	0	0	0	10	162	10	6	4
5337	0	0	0	0	6	104	6	5	1
5333	0	0	0	0	10	167	10	6	4
5335	0	0	0	0	8	98	8	5	3
5331	0	0	0	0	12	140	12	5	7
5327	0	0	0	0	16	181	16	5	11
5338	0	0	0	0	5	66	5	5	0
5326	0	0	0	0	17	120	17	5	12
5338	0	0	0	0	5	55	5	5	0
5333	0	0	0	0	10	164	10	5	5
5336	0	0	0	0	7	47	7	5	2
5336	0	0	0	0	7	169	7	6	1
5325	0	0	0	0	18	225	18	5	13
5332	0	0	0	0	11	148	11	5	6
5329	0	0	0	0	14	281	14	7	7
5333	0	0	0	0	10	108	10	5	5
5335	0	0	0	0	8	114	8	5	3
5333	0	0	0	0	10	86	10	5	5
5327	0	0	0	0	16	168	16	5	11
5328	0	0	0	0	15	179	15	5	10
5336	0	0	0	0	7	90	7	5	2
5325	0	0	0	0	18	120	18	6	12
5332	0	0	0	0	11	133	11	5	6
5327	0	0	0	0	16	150	16	5	11
5337	0	0	0	0	6	70	6	5	1
5330	0	0	0	0	13	122	13	5	8
5331	0	0	0	0	12	147	12	5	7
5334	0	0	0	0	9	109	9	5	4
5331	0	0	0	0	12	140	12	5	7
5330	0	0	0	0	13	149	13	5	8
5331	0	0	0	0	12	148	12	5	7
5330	0	0	0	0	13	159	13	5	8
5332	0	0	0	0	11	170	11	5	6
5335	0	0	0	0	8	108	8	5	3
5326	0	0	0	0	17	210	17	6	11
5319	0	0	0	0	24	397	24	8	16
5326	0	0	0	0	17	228	17	5	12
5329	0	0	0	0	14	163	14	5	9
5334	0	0	0	0	9	146	9	5	4
5328	0	0	0	0	15	262	15	6	9
5331	0	0	0	0	12	133	12	5	7
5334	0	0	0	0	9	137	9	5	4
5337	0	0	0	0	6	32	6	5	1
5336	0	0	0	0	7	66	7	5	2
5332	0	0	0	0	11	152	11	5	6
5326	0	0	0	0	17	264	17	6	11
5335	0	0	0	0	8	77	8	5	3
5335	0	0	0	0	8	86	8	5	3
5327	0	0	0	0	16	167	16	5	11
5327	0	0	0	0	16	153	16	5	11
5330	0	0	0	0	13	151	13	5	8
5337	0	0	0	0	6	90	6	5	1
5336	0	0	0	0	7	68	7	5	2
5331	0	0	0	0	12	162	12	6	6
5333	0	0	0	0	10	136	10	5	5
5338	0	0	0	0	5	41	5	5	0
5334	0	0	0	0	9	99	9	5	4
5326	0	0	0	0	17	280	17	6	11
5330	0	0	0	0	13	121	13	5	8
5336	0	0	0	0	7	90	7	5	2
5333	0	0	0	0	10	142	10	5	5
5334	0	0	0	0	9	131	9	5	4
5328	0	0	0	0	15	154	15	5	10
5327	0	0	0	0	16	186	16	6	10
5328	0	0	0	0	15	257	15	5	10
5333	0	0	0	0	10	166	10	5	5
5338	0	0	0	0	5	50	5	5	0
5338	0	0	0	0	5	8	5	5	0
5332	0	0	0	0	11	185	11	5	6
5336	0	0	0	0	7	53	7	5	2
5333	0	0	0	0	10	107	10	5	5
5338	0	0	0	0	5	74	5	5	0
5337	0	0	0	0	6	72	6	5	1
5335	0	0	0	0	8	67	8	5	3
5334	0	0	0	0	9	125	9	5	4
5337	0	0	0	0	6	24	6	5	1
5337	0	0	0	0	6	98	6	5	1
5328	0	0	0	0	15	217	15	6	9
5333	0	0	0	0	10	74	10	5	5
5336	0	0	0	0	7	80	7	5	2
5332	0	0	0	0	11	136	11	5	6
5329	0	0	0	0	14	159	14	5	9
5323	0	0	0	0	20	284	20	7	13
5333	0	0	0	0	10	90	10	5	5
5331	0	0	0	0	12	87	12	5	7
5333	0	0	0	0	10	109	10	5	5
5323	0	0	0	0	20	227	20	5	15
5335	0	0	0	0	8	123	8	5	3
5319	0	0	0	0	24	316	24	5	19
5321	0	0	0	0	22	280	22	6	16
5331	0	0	0	0	12	161	12	5	7
5333	0	0	0	0	10	147	10	5	5
5333	0	0	0	0	10	131	10	5	5
5336	0	0	0	0	7	98	7	5	2
5336	0	0	0	0	7	143	7	6	1
5331	0	0	0	0	12	65	12	5	7
5338	0	0	0	0	5	85	5	5	0
5330	0	0	0	0	13	219	13	6	7
5329	0	0	0	0	14	124	14	5	9
5308	0	0	0	0	35	382	35	6	29
5332	0	0	0	0	11	124	11	5	6
5335	0	0	0	0	8	140	8	5	3
5335	0	0	0	0	8	92	8	6	2
5332	0	0	0	0	11	69	11	5	6
5313	0	0	0	0	30	427	30	6	24
5332	0	0	0	0	11	138	11	5	6
5329	0	0	0	0	14	167	14	5	9
5334	0	0	0	0	9	74	9	5	4
5329	0	0	0	0	14	228	14	6	8
5336	0	0	0	0	7	158	7	5	2
5335	0	0	0	0	8	63	8	5	3
5332	0	0	0	0	11	150	11	6	5
5324	0	0	0	0	19	267	19	8	11
5334	0	0	0	0	9	77	9	5	4
5334	0	0	0	0	9	91	9	5	4
5337	0	0	0	0	6	91	6	5	1
5335	0	0	0	0	8	109	8	5	3
5331	0	0	0	0	12	65	12	5	7
5334	0	0	0	0	9	133	9	5	4
5320	0	0	0	0	23	254	23	5	18
5332	0	0	0	0	11	84	11	5	6
5334	0	0	0	0	9	85	9	5	4
5329	0	0	0	0	14	138	14	5	9
5328	0	0	0	0	15	173	15	5	10
5329	0	0	0	0	14	258	14	6	8
5336	0	0	0	0	7	56	7	5	2
5317	0	0	0	0	26	344	26	7	19
5322	0	0	0	0	21	338	21	9	12
5334	0	0	0	0	9	125	9	5	4
5332	0	0	0	0	11	141	11	5	6
5335	0	0	0	0	8	64	8	5	3
5329	0	0	0	0	14	167	14	5	9
5329	0	0	0	0	14	161	14	5	9
5331	0	0	0	0	12	198	12	6	6
5336	0	0	0	0	7	42	7	5	2
5336	0	0	0	0	7	34	7	5	2
5335	0	0	0	0	8	86	8	5	3
5336	0	0	0	0	7	72	7	5	2
5334	0	0	0	0	9	92	9	5	4
5328	0	0	0	0	15	135	15	5	10
5334	0	0	0	0	9	98	9	5	4
5327	0	0	0	0	16	238	16	6	10
5333	0	0	0	0	10	193	10	5	5
5333	0	0	0	0	10	142	10	5	5
5336	0	0	0	0	7	111	7	5	2
5334	0	0	0	0	9	120	9	5	4
5316	0	0	0	0	27	334	27	7	20
5335	0	0	0	0	8	122	8	5	3
5331	0	0	0	0	12	130	12	5	7
5325	0	0	0	0	18	154	18	5	13
5335	0	0	0	0	8	100	8	5	3
5326	0	0	0	0	17	218	17	5	12
5338	0	0	0	0	5	77	5	5	0
5334	0	0	0	0	9	118	9	5	4
5325	0	0	0	0	18	199	18	5	13
5332	0	0	0	0	11	164	11	5	6
5335	0	0	0	0	8	62	8	6	2
5332	0	0	0	0	11	128	11	5	6
5337	0	0	0	0	6	100	6	5	1
5337	0	0	0	0	6	68	6	5	1
5327	0	0	0	0	16	241	16	6	10
5333	0	0	0	0	10	71	10	5	5
5333	0	0	0	0	10	122	10	5	5
5335	0	0	0	0	8	132	8	5	3
