5338	0	0	0	0	5	3212	5	5	0
5337	0	0	0	0	6	3212	6	6	0
5337	0	0	0	0	6	3210	6	5	1
5337	0	0	0	0	6	3213	6	6	0
5336	0	0	0	0	7	3214	7	7	0
5338	0	0	0	0	5	3204	5	5	0
5333	0	0	0	0	10	3218	10	9	1
5329	0	0	0	0	14	3228	14	13	1
5336	0	0	0	0	7	3211	7	5	2
5332	0	0	0	0	11	3223	11	8	3
5336	0	0	0	0	7	3213	7	7	0
5338	0	0	0	0	5	3208	5	5	0
5334	0	0	0	0	9	3213	9	8	1
5336	0	0	0	0	7	3211	7	7	0
5337	0	0	0	0	6	3207	6	5	1
5331	0	0	0	0	12	3224	12	10	2
5335	0	0	0	0	8	3220	8	7	1
5338	0	0	0	0	5	3210	5	5	0
5337	0	0	0	0	6	3214	6	5	1
5334	0	0	0	0	9	3212	9	7	2
5338	0	0	0	0	5	3211	5	5	0
5335	0	0	0	0	8	3222	8	6	2
5335	0	0	0	0	8	3216	8	8	0
5337	0	0	0	0	6	3214	6	5	1
5334	0	0	0	0	9	3222	9	5	4
5338	0	0	0	0	5	3210	5	5	0
5333	0	0	0	0	10	3223	10	9	1
5336	0	0	0	0	7	3217	7	5	2
5336	0	0	0	0	7	3208	7	6	1
5338	0	0	0	0	5	3213	5	5	0
5335	0	0	0	0	8	3216	8	6	2
5334	0	0	0	0	9	3213	9	9	0
5336	0	0	0	0	7	3213	7	6	1
5335	0	0	0	0	8	3222	8	8	0
5327	0	0	0	0	16	3219	16	15	1
5334	0	0	0	0	9	3221	9	8	1
5338	0	0	0	0	5	3220	5	5	0
5338	0	0	0	0	5	3221	5	5	0
5332	0	0	0	0	11	3211	11	7	4
5338	0	0	0	0	5	3219	5	5	0
5337	0	0	0	0	6	3204	6	6	0
5338	0	0	0	0	5	3209	5	5	0
5336	0	0	0	0	7	3217	7	6	1
5338	0	0	0	0	5	3211	5	5	0
5337	0	0	0	0	6	3207	6	6	0
5336	0	0	0	0	7	3224	7	6	1
5335	0	0	0	0	8	3216	8	8	0
5335	0	0	0	0	8	3215	8	7	1
5329	0	0	0	0	14	3231	14	13	1
5336	0	0	0	0	7	3215	7	6	1
5334	0	0	0	0	9	3210	9	9	0
5336	0	0	0	0	7	3219	7	7	0
5338	0	0	0	0	5	3209	5	5	0
5338	0	0	0	0	5	3211	5	5	0
5336	0	0	0	0	7	3206	7	7	0
5329	0	0	0	0	14	3221	14	13	1
5337	0	0	0	0	6	3209	6	5	1
5337	0	0	0	0	6	3219	6	5	1
5336	0	0	0	0	7	3216	7	6	1
5336	0	0	0	0	7	3213	7	6	1
5328	0	0	0	0	15	3221	15	14	1
5338	0	0	0	0	5	3210	5	5	0
5332	0	0	0	0	11	3225	11	7	4
5330	0	0	0	0	13	3218	13	12	1
5337	0	0	0	0	6	3204	6	6	0
5337	0	0	0	0	6	3210	6	6	0
5336	0	0	0	0	7	3210	7	6	1
5329	0	0	0	0	14	3220	14	12	2
5334	0	0	0	0	9	3219	9	9	0
5335	0	0	0	0	8	3214	8	7	1
5334	0	0	0	0	9	3217	9	8	1
5337	0	0	0	0	6	3209	6	5	1
5337	0	0	0	0	6	3207	6	5	1
5338	0	0	0	0	5	3208	5	5	0
5336	0	0	0	0	7	3220	7	6	1
5334	0	0	0	0	9	3222	9	8	1
5335	0	0	0	0	8	3219	8	7	1
5338	0	0	0	0	5	3215	5	5	0
5333	0	0	0	0	10	3216	10	8	2
5336	0	0	0	0	7	3219	7	7	0
5337	0	0	0	0	6	3213	6	6	0
5336	0	0	0	0	7	3213	7	7	0
5337	0	0	0	0	6	3211	6	5	1
5336	0	0	0	0	7	3211	7	7	0
5338	0	0	0	0	5	3211	5	5	0
5334	0	0	0	0	9	3219	9	7	2
5337	0	0	0	0	6	3214	6	6	0
5338	0	0	0	0	5	3205	5	5	0
5338	0	0	0	0	5	3213	5	5	0
5336	0	0	0	0	7	3207	7	7	0
5334	0	0	0	0	9	3220	9	9	0
5337	0	0	0	0	6	3218	6	6	0
5337	0	0	0	0	6	3211	6	6	0
5336	0	0	0	0	7	3219	7	7	0
5336	0	0	0	0	7	3208	7	6	1
5338	0	0	0	0	5	3208	5	5	0
5336	0	0	0	0	7	3204	7	7	0
5335	0	0	0	0	8	3210	8	6	2
5338	0	0	0	0	5	3210	5	5	0
5335	0	0	0	0	8	3209	8	7	1
5334	0	0	0	0	9	3217	9	8	1
5337	0	0	0	0	6	3209	6	6	0
5331	0	0	0	0	12	3224	12	11	1
5337	0	0	0	0	6	3215	6	5	1
5332	0	0	0	0	11	3223	11	11	0
5332	0	0	0	0	11	3218	11	11	0
5332	0	0	0	0	11	3224	11	10	1
5337	0	0	0	0	6	3218	6	5	1
5335	0	0	0	0	8	3219	8	7	1
5330	0	0	0	0	13	3221	13	9	4
5337	0	0	0	0	6	3205	6	6	0
5334	0	0	0	0	9	3219	9	8	1
5336	0	0	0	0	7	3212	7	6	1
5324	0	0	0	0	19	3230	19	17	2
5332	0	0	0	0	11	3217	11	10	1
5333	0	0	0	0	10	3222	10	9	1
5338	0	0	0	0	5	3208	5	5	0
5338	0	0	0	0	5	3208	5	5	0
5333	0	0	0	0	10	3214	10	9	1
5336	0	0	0	0	7	3212	7	7	0
5337	0	0	0	0	6	3212	6	6	0
5328	0	0	0	0	15	3233	15	12	3
5332	0	0	0	0	11	3217	11	9	2
5329	0	0	0	0	14	3229	14	9	5
5334	0	0	0	0	9	3213	9	7	2
5337	0	0	0	0	6	3221	6	5	1
5325	0	0	0	0	18	3230	18	16	2
5338	0	0	0	0	5	3208	5	5	0
5338	0	0	0	0	5	3209	5	5	0
5337	0	0	0	0	6	3206	6	5	1
5331	0	0	0	0	12	3232	12	10	2
5332	0	0	0	0	11	3227	11	7	4
5329	0	0	0	0	14	3230	14	13	1
5338	0	0	0	0	5	3208	5	5	0
5333	0	0	0	0	10	3212	10	8	2
5330	0	0	0	0	13	3221	13	9	4
5332	0	0	0	0	11	3213	11	10	1
5337	0	0	0	0	6	3211	6	5	1
5336	0	0	0	0	7	3215	7	7	0
5334	0	0	0	0	9	3231	9	7	2
5327	0	0	0	0	16	3222	16	16	0
5338	0	0	0	0	5	3216	5	5	0
5337	0	0	0	0	6	3210	6	6	0
5338	0	0	0	0	5	3209	5	5	0
5324	0	0	0	0	19	3226	19	16	3
5329	0	0	0	0	14	3217	14	11	3
5335	0	0	0	0	8	3223	8	7	1
5336	0	0	0	0	7	3214	7	7	0
5336	0	0	0	0	7	3210	7	6	1
5338	0	0	0	0	5	3210	5	5	0
5337	0	0	0	0	6	3209	6	6	0
5332	0	0	0	0	11	3222	11	9	2
5332	0	0	0	0	11	3231	11	8	3
5337	0	0	0	0	6	3206	6	5	1
5338	0	0	0	0	5	3208	5	5	0
5335	0	0	0	0	8	3218	8	8	0
5332	0	0	0	0	11	3221	11	10	1
5331	0	0	0	0	12	3227	12	11	1
5329	0	0	0	0	14	3220	14	12	2
5336	0	0	0	0	7	3211	7	6	1
5337	0	0	0	0	6	3210	6	6	0
5332	0	0	0	0	11	3222	11	11	0
5336	0	0	0	0	7	3212	7	7	0
5333	0	0	0	0	10	3217	10	9	1
5334	0	0	0	0	9	3209	9	8	1
5337	0	0	0	0	6	3213	6	5	1
5332	0	0	0	0	11	3219	11	10	1
5337	0	0	0	0	6	3207	6	6	0
5338	0	0	0	0	5	3213	5	5	0
5336	0	0	0	0	7	3215	7	6	1
5336	0	0	0	0	7	3212	7	6	1
5338	0	0	0	0	5	3215	5	5	0
5334	0	0	0	0	9	3218	9	8	1
5336	0	0	0	0	7	3216	7	6	1
5338	0	0	0	0	5	3212	5	5	0
5334	0	0	0	0	9	3222	9	7	2
5336	0	0	0	0	7	3214	7	6	1
5337	0	0	0	0	6	3212	6	5	1
5337	0	0	0	0	6	3204	6	6	0
5336	0	0	0	0	7	3219	7	7	0
5338	0	0	0	0	5	3213	5	5	0
5337	0	0	0	0	6	3215	6	6	0
5338	0	0	0	0	5	3213	5	5	0
5336	0	0	0	0	7	3209	7	7	0
5337	0	0	0	0	6	3217	6	6	0
5338	0	0	0	0	5	3205	5	5	0
5337	0	0	0	0	6	3210	6	5	1
5336	0	0	0	0	7	3213	7	7	0
5337	0	0	0	0	6	3217	6	5	1
5335	0	0	0	0	8	3219	8	6	2
5332	0	0	0	0	11	3217	11	9	2
5336	0	0	0	0	7	3212	7	6	1
5337	0	0	0	0	6	3213	6	5	1
5332	0	0	0	0	11	3224	11	9	2
5335	0	0	0	0	8	3211	8	7	1
5324	0	0	0	0	19	3225	19	15	4
5338	0	0	0	0	5	3208	5	5	0
5336	0	0	0	0	7	3210	7	6	1
5333	0	0	0	0	10	3224	10	8	2
5338	0	0	0	0	5	3210	5	5	0
5337	0	0	0	0	6	3212	6	6	0
5338	0	0	0	0	5	3205	5	5	0
5335	0	0	0	0	8	3220	8	6	2
5336	0	0	0	0	7	3215	7	6	1
5337	0	0	0	0	6	3212	6	5	1
5332	0	0	0	0	11	3227	11	9	2
5332	0	0	0	0	11	3219	11	10	1
5334	0	0	0	0	9	3218	9	7	2
5338	0	0	0	0	5	3211	5	5	0
5336	0	0	0	0	7	3216	7	7	0
5337	0	0	0	0	6	3210	6	6	0
5338	0	0	0	0	5	3210	5	5	0
5336	0	0	0	0	7	3214	7	7	0
5335	0	0	0	0	8	3213	8	7	1
5335	0	0	0	0	8	3210	8	8	0
5337	0	0	0	0	6	3207	6	6	0
5333	0	0	0	0	10	3215	10	9	1
5336	0	0	0	0	7	3211	7	6	1
5335	0	0	0	0	8	3214	8	7	1
5337	0	0	0	0	6	3210	6	6	0
5338	0	0	0	0	5	3203	5	5	0
5330	0	0	0	0	13	3222	13	13	0
5338	0	0	0	0	5	3205	5	5	0
5338	0	0	0	0	5	3205	5	5	0
5337	0	0	0	0	6	3213	6	6	0
5338	0	0	0	0	5	3213	5	5	0
5336	0	0	0	0	7	3219	7	7	0
5335	0	0	0	0	8	3214	8	6	2
5337	0	0	0	0	6	3216	6	6	0
5337	0	0	0	0	6	3210	6	5	1
5334	0	0	0	0	9	3213	9	8	1
5332	0	0	0	0	11	3210	11	10	1
5338	0	0	0	0	5	3209	5	5	0
5328	0	0	0	0	15	3223	15	14	1
5337	0	0	0	0	6	3210	6	5	1
5336	0	0	0	0	7	3214	7	6	1
5333	0	0	0	0	10	3215	10	10	0
5337	0	0	0	0	6	3214	6	5	1
5335	0	0	0	0	8	3218	8	8	0
5337	0	0	0	0	6	3217	6	5	1
5338	0	0	0	0	5	3206	5	5	0
5338	0	0	0	0	5	3209	5	5	0
5336	0	0	0	0	7	3215	7	7	0
5325	0	0	0	0	18	3228	18	17	1
5336	0	0	0	0	7	3216	7	7	0
5337	0	0	0	0	6	3214	6	6	0
5336	0	0	0	0	7	3217	7	6	1
5334	0	0	0	0	9	3220	9	8	1
5334	0	0	0	0	9	3208	9	7	2
5338	0	0	0	0	5	3207	5	5	0
5328	0	0	0	0	15	3220	15	9	6
5336	0	0	0	0	7	3215	7	7	0
5337	0	0	0	0	6	3211	6	5	1
5324	0	0	0	0	19	3242	19	17	2
5336	0	0	0	0	7	3208	7	6	1
5336	0	0	0	0	7	3212	7	6	1
5337	0	0	0	0	6	3212	6	6	0
5326	0	0	0	0	17	3220	17	14	3
5338	0	0	0	0	5	3205	5	5	0
5320	0	0	0	0	23	3246	23	20	3
5336	0	0	0	0	7	3219	7	6	1
5332	0	0	0	0	11	3230	11	9	2
5337	0	0	0	0	6	3210	6	5	1
5338	0	0	0	0	5	3212	5	5	0
5337	0	0	0	0	6	3210	6	6	0
5337	0	0	0	0	6	3216	6	6	0
5335	0	0	0	0	8	3213	8	7	1
5336	0	0	0	0	7	3214	7	6	1
5338	0	0	0	0	5	3205	5	5	0
5332	0	0	0	0	11	3213	11	10	1
5334	0	0	0	0	9	3220	9	8	1
5336	0	0	0	0	7	3211	7	7	0
5337	0	0	0	0	6	3212	6	6	0
5330	0	0	0	0	13	3225	13	11	2
5338	0	0	0	0	5	3211	5	5	0
5338	0	0	0	0	5	3208	5	5	0
5333	0	0	0	0	10	3219	10	9	1
5338	0	0	0	0	5	3212	5	5	0
5338	0	0	0	0	5	3207	5	5	0
5336	0	0	0	0	7	3212	7	7	0
5335	0	0	0	0	8	3214	8	6	2
5337	0	0	0	0	6	3209	6	5	1
5336	0	0	0	0	7	3212	7	7	0
5331	0	0	0	0	12	3221	12	9	3
5336	0	0	0	0	7	3217	7	5	2
5335	0	0	0	0	8	3219	8	8	0
5334	0	0	0	0	9	3215	9	6	3
5327	0	0	0	0	16	3222	16	14	2
5337	0	0	0	0	6	3216	6	6	0
5326	0	0	0	0	17	3222	17	13	4
5337	0	0	0	0	6	3216	6	6	0
5337	0	0	0	0	6	3213	6	6	0
5336	0	0	0	0	7	3209	7	6	1
5338	0	0	0	0	5	3216	5	5	0
5338	0	0	0	0	5	3208	5	5	0
5338	0	0	0	0	5	3206	5	5	0
5331	0	0	0	0	12	3223	12	11	1
5332	0	0	0	0	11	3218	11	8	3
5337	0	0	0	0	6	3215	6	6	0
5333	0	0	0	0	10	3218	10	8	2
5332	0	0	0	0	11	3216	11	10	1
5337	0	0	0	0	6	3212	6	5	1
5337	0	0	0	0	6	3210	6	6	0
5338	0	0	0	0	5	3213	5	5	0
5337	0	0	0	0	6	3211	6	5	1
5337	0	0	0	0	6	3216	6	6	0
5336	0	0	0	0	7	3216	7	6	1
5334	0	0	0	0	9	3220	9	9	0
5333	0	0	0	0	10	3223	10	9	1
5335	0	0	0	0	8	3220	8	5	3
5337	0	0	0	0	6	3211	6	6	0
5338	0	0	0	0	5	3204	5	5	0
5338	0	0	0	0	5	3210	5	5	0
5334	0	0	0	0	9	3223	9	8	1
5336	0	0	0	0	7	3213	7	6	1
5337	0	0	0	0	6	3212	6	6	0
5336	0	0	0	0	7	3207	7	6	1
5337	0	0	0	0	6	3210	6	5	1
5336	0	0	0	0	7	3211	7	7	0
5337	0	0	0	0	6	3210	6	5	1
5336	0	0	0	0	7	3210	7	7	0
5333	0	0	0	0	10	3213	10	9	1
5335	0	0	0	0	8	3222	8	8	0
5333	0	0	0	0	10	3217	10	9	1
5336	0	0	0	0	7	3210	7	7	0
5336	0	0	0	0	7	3213	7	6	1
5335	0	0	0	0	8	3212	8	7	1
5338	0	0	0	0	5	3216	5	5	0
5336	0	0	0	0	7	3206	7	7	0
5337	0	0	0	0	6	3204	6	6	0
5338	0	0	0	0	5	3213	5	5	0
5337	0	0	0	0	6	3208	6	6	0
5338	0	0	0	0	5	3208	5	5	0
5336	0	0	0	0	7	3219	7	6	1
5338	0	0	0	0	5	3206	5	5	0
5337	0	0	0	0	6	3212	6	6	0
5336	0	0	0	0	7	3220	7	6	1
5338	0	0	0	0	5	3212	5	5	0
5331	0	0	0	0	12	3220	12	10	2
5337	0	0	0	0	6	3209	6	6	0
5336	0	0	0	0	7	3214	7	7	0
5334	0	0	0	0	9	3216	9	6	3
5338	0	0	0	0	5	3212	5	5	0
5332	0	0	0	0	11	3208	11	9	2
5338	0	0	0	0	5	3209	5	5	0
5337	0	0	0	0	6	3209	6	5	1
5334	0	0	0	0	9	3210	9	9	0
5337	0	0	0	0	6	3217	6	6	0
5332	0	0	0	0	11	3217	11	9	2
5332	0	0	0	0	11	3223	11	9	2
5332	0	0	0	0	11	3221	11	7	4
5338	0	0	0	0	5	3211	5	5	0
5338	0	0	0	0	5	3215	5	5	0
5334	0	0	0	0	9	3221	9	6	3
5325	0	0	0	0	18	3226	18	15	3
5331	0	0	0	0	12	3224	12	11	1
5336	0	0	0	0	7	3215	7	5	2
5332	0	0	0	0	11	3213	11	10	1
5331	0	0	0	0	12	3222	12	9	3
5331	0	0	0	0	12	3222	12	11	1
5338	0	0	0	0	5	3203	5	5	0
5333	0	0	0	0	10	3219	10	8	2
5333	0	0	0	0	10	3216	10	10	0
5336	0	0	0	0	7	3212	7	6	1
5335	0	0	0	0	8	3218	8	8	0
5335	0	0	0	0	8	3218	8	7	1
5335	0	0	0	0	8	3215	8	8	0
5338	0	0	0	0	5	3215	5	5	0
5337	0	0	0	0	6	3214	6	5	1
5338	0	0	0	0	5	3210	5	5	0
5328	0	0	0	0	15	3218	15	13	2
5334	0	0	0	0	9	3220	9	8	1
5328	0	0	0	0	15	3230	15	12	3
5332	0	0	0	0	11	3221	11	10	1
5336	0	0	0	0	7	3218	7	7	0
5338	0	0	0	0	5	3211	5	5	0
5333	0	0	0	0	10	3214	10	8	2
5337	0	0	0	0	6	3221	6	6	0
5337	0	0	0	0	6	3206	6	6	0
5337	0	0	0	0	6	3207	6	6	0
5338	0	0	0	0	5	3213	5	5	0
5334	0	0	0	0	9	3219	9	8	1
5338	0	0	0	0	5	3212	5	5	0
5338	0	0	0	0	5	3210	5	5	0
5337	0	0	0	0	6	3216	6	5	1
5336	0	0	0	0	7	3212	7	7	0
5333	0	0	0	0	10	3218	10	10	0
5338	0	0	0	0	5	3213	5	5	0
5337	0	0	0	0	6	3212	6	6	0
5333	0	0	0	0	10	3222	10	9	1
5338	0	0	0	0	5	3210	5	5	0
5338	0	0	0	0	5	3210	5	5	0
5336	0	0	0	0	7	3211	7	6	1
5337	0	0	0	0	6	3216	6	5	1
5331	0	0	0	0	12	3221	12	11	1
5338	0	0	0	0	5	3214	5	5	0
5329	0	0	0	0	14	3231	14	13	1
5336	0	0	0	0	7	3220	7	5	2
5328	0	0	0	0	15	3227	15	12	3
5334	0	0	0	0	9	3213	9	8	1
5336	0	0	0	0	7	3212	7	7	0
5336	0	0	0	0	7	3211	7	7	0
5338	0	0	0	0	5	3204	5	5	0
5338	0	0	0	0	5	3206	5	5	0
5332	0	0	0	0	11	3220	11	11	0
5336	0	0	0	0	7	3206	7	6	1
5336	0	0	0	0	7	3213	7	6	1
5338	0	0	0	0	5	3211	5	5	0
5338	0	0	0	0	5	3212	5	5	0
5338	0	0	0	0	5	3209	5	5	0
5336	0	0	0	0	7	3212	7	6	1
5338	0	0	0	0	5	3204	5	5	0
5338	0	0	0	0	5	3209	5	5	0
5333	0	0	0	0	10	3230	10	8	2
5336	0	0	0	0	7	3207	7	5	2
5337	0	0	0	0	6	3210	6	6	0
5336	0	0	0	0	7	3212	7	6	1
5336	0	0	0	0	7	3214	7	6	1
5331	0	0	0	0	12	3231	12	12	0
5337	0	0	0	0	6	3206	6	5	1
5331	0	0	0	0	12	3217	12	8	4
5335	0	0	0	0	8	3216	8	6	2
5334	0	0	0	0	9	3219	9	8	1
5336	0	0	0	0	7	3212	7	7	0
5330	0	0	0	0	13	3214	13	12	1
5330	0	0	0	0	13	3229	13	10	3
5335	0	0	0	0	8	3213	8	7	1
5333	0	0	0	0	10	3217	10	8	2
5336	0	0	0	0	7	3224	7	5	2
5338	0	0	0	0	5	3211	5	5	0
5338	0	0	0	0	5	3206	5	5	0
5329	0	0	0	0	14	3207	14	14	0
5338	0	0	0	0	5	3209	5	5	0
5337	0	0	0	0	6	3211	6	6	0
5332	0	0	0	0	11	3214	11	8	3
5331	0	0	0	0	12	3230	12	11	1
5336	0	0	0	0	7	3210	7	7	0
5337	0	0	0	0	6	3221	6	6	0
5338	0	0	0	0	5	3211	5	5	0
5335	0	0	0	0	8	3205	8	7	1
5332	0	0	0	0	11	3240	11	9	2
5337	0	0	0	0	6	3211	6	6	0
5329	0	0	0	0	14	3220	14	13	1
5336	0	0	0	0	7	3211	7	6	1
5336	0	0	0	0	7	3214	7	7	0
5337	0	0	0	0	6	3228	6	5	1
5335	0	0	0	0	8	3211	8	6	2
5336	0	0	0	0	7	3219	7	6	1
5329	0	0	0	0	14	3228	14	10	4
5337	0	0	0	0	6	3211	6	6	0
5337	0	0	0	0	6	3215	6	6	0
5336	0	0	0	0	7	3212	7	7	0
5337	0	0	0	0	6	3216	6	5	1
5334	0	0	0	0	9	3211	9	8	1
5333	0	0	0	0	10	3211	10	9	1
5333	0	0	0	0	10	3223	10	7	3
5334	0	0	0	0	9	3218	9	7	2
5336	0	0	0	0	7	3208	7	7	0
5331	0	0	0	0	12	3217	12	11	1
5333	0	0	0	0	10	3213	10	9	1
5337	0	0	0	0	6	3211	6	6	0
5338	0	0	0	0	5	3211	5	5	0
5325	0	0	0	0	18	3228	18	15	3
5335	0	0	0	0	8	3207	8	7	1
5338	0	0	0	0	5	3211	5	5	0
5333	0	0	0	0	10	3220	10	9	1
5334	0	0	0	0	9	3212	9	9	0
5331	0	0	0	0	12	3217	12	10	2
5336	0	0	0	0	7	3216	7	6	1
5337	0	0	0	0	6	3215	6	5	1
5337	0	0	0	0	6	3207	6	5	1
5336	0	0	0	0	7	3207	7	6	1
5338	0	0	0	0	5	3211	5	5	0
5338	0	0	0	0	5	3210	5	5	0
5335	0	0	0	0	8	3210	8	8	0
5336	0	0	0	0	7	3209	7	6	1
5332	0	0	0	0	11	3215	11	10	1
5319	0	0	0	0	24	3240	24	20	4
5336	0	0	0	0	7	3218	7	6	1
5336	0	0	0	0	7	3215	7	7	0
5337	0	0	0	0	6	3219	6	5	1
5337	0	0	0	0	6	3210	6	5	1
5338	0	0	0	0	5	3220	5	5	0
5334	0	0	0	0	9	3220	9	8	1
5337	0	0	0	0	6	3211	6	6	0
5336	0	0	0	0	7	3214	7	6	1
5336	0	0	0	0	7	3218	7	7	0
5330	0	0	0	0	13	3218	13	12	1
5338	0	0	0	0	5	3207	5	5	0
5338	0	0	0	0	5	3210	5	5	0
5333	0	0	0	0	10	3218	10	7	3
5337	0	0	0	0	6	3214	6	5	1
5335	0	0	0	0	8	3208	8	8	0
5335	0	0	0	0	8	3220	8	7	1
5338	0	0	0	0	5	3211	5	5	0
5337	0	0	0	0	6	3209	6	5	1
5336	0	0	0	0	7	3218	7	6	1
5335	0	0	0	0	8	3209	8	8	0
5337	0	0	0	0	6	3217	6	6	0
5335	0	0	0	0	8	3220	8	8	0
