5338	0	0	0	0	5	2936	5	5	0
5337	0	0	0	0	6	2940	6	6	0
5338	0	0	0	0	5	2937	5	5	0
5334	0	0	0	0	9	2943	9	8	1
5336	0	0	0	0	7	2940	7	7	0
5337	0	0	0	0	6	2938	6	6	0
5336	0	0	0	0	7	2940	7	7	0
5327	0	0	0	0	16	2949	16	14	2
5338	0	0	0	0	5	2938	5	5	0
5335	0	0	0	0	8	2944	8	8	0
5336	0	0	0	0	7	2941	7	7	0
5338	0	0	0	0	5	2938	5	5	0
5338	0	0	0	0	5	2939	5	5	0
5328	0	0	0	0	15	2947	15	13	2
5337	0	0	0	0	6	2939	6	5	1
5333	0	0	0	0	10	2941	10	10	0
5332	0	0	0	0	11	2949	11	9	2
5338	0	0	0	0	5	2938	5	5	0
5338	0	0	0	0	5	2937	5	5	0
5335	0	0	0	0	8	2942	8	7	1
5338	0	0	0	0	5	2942	5	5	0
5335	0	0	0	0	8	2943	8	8	0
5334	0	0	0	0	9	2940	9	9	0
5336	0	0	0	0	7	2942	7	6	1
5336	0	0	0	0	7	2943	7	6	1
5338	0	0	0	0	5	2938	5	5	0
5333	0	0	0	0	10	2946	10	10	0
5337	0	0	0	0	6	2941	6	5	1
5337	0	0	0	0	6	2940	6	6	0
5338	0	0	0	0	5	2941	5	5	0
5337	0	0	0	0	6	2943	6	6	0
5324	0	0	0	0	19	2950	19	18	1
5337	0	0	0	0	6	2940	6	6	0
5335	0	0	0	0	8	2946	8	8	0
5329	0	0	0	0	14	2947	14	13	1
5334	0	0	0	0	9	2942	9	8	1
5338	0	0	0	0	5	2941	5	5	0
5338	0	0	0	0	5	2943	5	5	0
5334	0	0	0	0	9	2941	9	8	1
5338	0	0	0	0	5	2940	5	5	0
5336	0	0	0	0	7	2935	7	7	0
5338	0	0	0	0	5	2936	5	5	0
5336	0	0	0	0	7	2940	7	6	1
5333	0	0	0	0	10	2941	10	10	0
5337	0	0	0	0	6	2936	6	6	0
5337	0	0	0	0	6	2945	6	6	0
5335	0	0	0	0	8	2945	8	8	0
5335	0	0	0	0	8	2939	8	8	0
5328	0	0	0	0	15	2952	15	14	1
5335	0	0	0	0	8	2946	8	8	0
5333	0	0	0	0	10	2940	10	9	1
5336	0	0	0	0	7	2943	7	7	0
5338	0	0	0	0	5	2938	5	5	0
5338	0	0	0	0	5	2937	5	5	0
5335	0	0	0	0	8	2938	8	7	1
5326	0	0	0	0	17	2951	17	16	1
5335	0	0	0	0	8	2942	8	6	2
5337	0	0	0	0	6	2943	6	5	1
5335	0	0	0	0	8	2945	8	8	0
5329	0	0	0	0	14	2944	14	13	1
5327	0	0	0	0	16	2947	16	15	1
5336	0	0	0	0	7	2942	7	6	1
5333	0	0	0	0	10	2948	10	8	2
5330	0	0	0	0	13	2946	13	12	1
5336	0	0	0	0	7	2939	7	6	1
5335	0	0	0	0	8	2940	8	7	1
5336	0	0	0	0	7	2939	7	7	0
5328	0	0	0	0	15	2948	15	14	1
5334	0	0	0	0	9	2944	9	9	0
5336	0	0	0	0	7	2942	7	7	0
5335	0	0	0	0	8	2945	8	8	0
5337	0	0	0	0	6	2938	6	5	1
5337	0	0	0	0	6	2940	6	5	1
5338	0	0	0	0	5	2939	5	5	0
5337	0	0	0	0	6	2944	6	6	0
5335	0	0	0	0	8	2944	8	8	0
5335	0	0	0	0	8	2942	8	7	1
5338	0	0	0	0	5	2942	5	5	0
5334	0	0	0	0	9	2940	9	9	0
5336	0	0	0	0	7	2945	7	7	0
5337	0	0	0	0	6	2940	6	6	0
5334	0	0	0	0	9	2942	9	9	0
5337	0	0	0	0	6	2937	6	5	1
5336	0	0	0	0	7	2937	7	7	0
5337	0	0	0	0	6	2939	6	5	1
5337	0	0	0	0	6	2940	6	6	0
5337	0	0	0	0	6	2937	6	6	0
5338	0	0	0	0	5	2937	5	5	0
5338	0	0	0	0	5	2938	5	5	0
5336	0	0	0	0	7	2938	7	7	0
5328	0	0	0	0	15	2947	15	14	1
5337	0	0	0	0	6	2946	6	6	0
5335	0	0	0	0	8	2942	8	8	0
5336	0	0	0	0	7	2941	7	7	0
5336	0	0	0	0	7	2940	7	7	0
5338	0	0	0	0	5	2934	5	5	0
5336	0	0	0	0	7	2935	7	7	0
5335	0	0	0	0	8	2940	8	7	1
5338	0	0	0	0	5	2937	5	5	0
5337	0	0	0	0	6	2936	6	6	0
5337	0	0	0	0	6	2944	6	6	0
5337	0	0	0	0	6	2939	6	6	0
5336	0	0	0	0	7	2943	7	7	0
5338	0	0	0	0	5	2939	5	5	0
5332	0	0	0	0	11	2946	11	11	0
5331	0	0	0	0	12	2944	12	12	0
5332	0	0	0	0	11	2947	11	10	1
5337	0	0	0	0	6	2941	6	5	1
5336	0	0	0	0	7	2941	7	7	0
5330	0	0	0	0	13	2951	13	9	4
5337	0	0	0	0	6	2936	6	6	0
5333	0	0	0	0	10	2942	10	9	1
5337	0	0	0	0	6	2943	6	6	0
5320	0	0	0	0	23	2952	23	22	1
5331	0	0	0	0	12	2943	12	11	1
5334	0	0	0	0	9	2943	9	9	0
5338	0	0	0	0	5	2939	5	5	0
5338	0	0	0	0	5	2937	5	5	0
5325	0	0	0	0	18	2951	18	17	1
5331	0	0	0	0	12	2945	12	12	0
5337	0	0	0	0	6	2942	6	6	0
5330	0	0	0	0	13	2956	13	13	0
5331	0	0	0	0	12	2945	12	9	3
5333	0	0	0	0	10	2954	10	9	1
5336	0	0	0	0	7	2939	7	7	0
5337	0	0	0	0	6	2943	6	5	1
5326	0	0	0	0	17	2953	17	16	1
5338	0	0	0	0	5	2937	5	5	0
5338	0	0	0	0	5	2936	5	5	0
5338	0	0	0	0	5	2939	5	5	0
5333	0	0	0	0	10	2951	10	10	0
5334	0	0	0	0	9	2951	9	8	1
5329	0	0	0	0	14	2951	14	14	0
5338	0	0	0	0	5	2938	5	5	0
5333	0	0	0	0	10	2940	10	10	0
5332	0	0	0	0	11	2952	11	9	2
5332	0	0	0	0	11	2943	11	11	0
5338	0	0	0	0	5	2942	5	5	0
5336	0	0	0	0	7	2943	7	7	0
5338	0	0	0	0	5	2943	5	5	0
5326	0	0	0	0	17	2954	17	17	0
5338	0	0	0	0	5	2939	5	5	0
5337	0	0	0	0	6	2940	6	6	0
5338	0	0	0	0	5	2937	5	5	0
5319	0	0	0	0	24	2954	24	20	4
5327	0	0	0	0	16	2946	16	14	2
5335	0	0	0	0	8	2948	8	7	1
5335	0	0	0	0	8	2940	8	8	0
5337	0	0	0	0	6	2942	6	6	0
5337	0	0	0	0	6	2942	6	5	1
5337	0	0	0	0	6	2941	6	6	0
5331	0	0	0	0	12	2947	12	12	0
5331	0	0	0	0	12	2952	12	10	2
5337	0	0	0	0	6	2938	6	5	1
5338	0	0	0	0	5	2937	5	5	0
5335	0	0	0	0	8	2941	8	8	0
5332	0	0	0	0	11	2945	11	10	1
5329	0	0	0	0	14	2947	14	13	1
5330	0	0	0	0	13	2946	13	12	1
5336	0	0	0	0	7	2939	7	6	1
5337	0	0	0	0	6	2941	6	6	0
5331	0	0	0	0	12	2948	12	11	1
5336	0	0	0	0	7	2940	7	7	0
5333	0	0	0	0	10	2943	10	9	1
5334	0	0	0	0	9	2941	9	8	1
5337	0	0	0	0	6	2939	6	5	1
5331	0	0	0	0	12	2944	12	10	2
5336	0	0	0	0	7	2942	7	7	0
5338	0	0	0	0	5	2943	5	5	0
5336	0	0	0	0	7	2946	7	6	1
5336	0	0	0	0	7	2938	7	7	0
5338	0	0	0	0	5	2940	5	5	0
5337	0	0	0	0	6	2941	6	6	0
5336	0	0	0	0	7	2943	7	7	0
5338	0	0	0	0	5	2939	5	5	0
5332	0	0	0	0	11	2944	11	11	0
5337	0	0	0	0	6	2943	6	6	0
5338	0	0	0	0	5	2937	5	5	0
5337	0	0	0	0	6	2936	6	6	0
5335	0	0	0	0	8	2948	8	8	0
5338	0	0	0	0	5	2941	5	5	0
5325	0	0	0	0	18	2955	18	15	3
5338	0	0	0	0	5	2938	5	5	0
5336	0	0	0	0	7	2939	7	7	0
5337	0	0	0	0	6	2942	6	6	0
5338	0	0	0	0	5	2937	5	5	0
5337	0	0	0	0	6	2936	6	6	0
5336	0	0	0	0	7	2942	7	7	0
5338	0	0	0	0	5	2938	5	5	0
5336	0	0	0	0	7	2940	7	7	0
5330	0	0	0	0	13	2946	13	12	1
5336	0	0	0	0	7	2946	7	6	1
5335	0	0	0	0	8	2946	8	6	2
5331	0	0	0	0	12	2949	12	12	0
5335	0	0	0	0	8	2939	8	8	0
5324	0	0	0	0	19	2949	19	17	2
5338	0	0	0	0	5	2938	5	5	0
5332	0	0	0	0	11	2942	11	9	2
5334	0	0	0	0	9	2945	9	8	1
5338	0	0	0	0	5	2939	5	5	0
5337	0	0	0	0	6	2938	6	6	0
5338	0	0	0	0	5	2935	5	5	0
5335	0	0	0	0	8	2943	8	8	0
5329	0	0	0	0	14	2949	14	14	0
5337	0	0	0	0	6	2939	6	5	1
5332	0	0	0	0	11	2950	11	10	1
5333	0	0	0	0	10	2946	10	9	1
5332	0	0	0	0	11	2947	11	10	1
5338	0	0	0	0	5	2939	5	5	0
5336	0	0	0	0	7	2940	7	7	0
5337	0	0	0	0	6	2938	6	6	0
5338	0	0	0	0	5	2939	5	5	0
5336	0	0	0	0	7	2942	7	7	0
5335	0	0	0	0	8	2943	8	7	1
5335	0	0	0	0	8	2944	8	8	0
5337	0	0	0	0	6	2938	6	6	0
5334	0	0	0	0	9	2942	9	9	0
5337	0	0	0	0	6	2940	6	6	0
5335	0	0	0	0	8	2941	8	8	0
5337	0	0	0	0	6	2940	6	6	0
5338	0	0	0	0	5	2936	5	5	0
5323	0	0	0	0	20	2950	20	19	1
5338	0	0	0	0	5	2938	5	5	0
5338	0	0	0	0	5	2938	5	5	0
5337	0	0	0	0	6	2940	6	6	0
5338	0	0	0	0	5	2944	5	5	0
5332	0	0	0	0	11	2948	11	10	1
5335	0	0	0	0	8	2940	8	7	1
5335	0	0	0	0	8	2942	8	8	0
5338	0	0	0	0	5	2940	5	5	0
5334	0	0	0	0	9	2941	9	9	0
5332	0	0	0	0	11	2939	11	10	1
5338	0	0	0	0	5	2940	5	5	0
5337	0	0	0	0	6	2938	6	6	0
5338	0	0	0	0	5	2939	5	5	0
5337	0	0	0	0	6	2941	6	6	0
5333	0	0	0	0	10	2944	10	10	0
5335	0	0	0	0	8	2945	8	6	2
5333	0	0	0	0	10	2947	10	10	0
5338	0	0	0	0	5	2940	5	5	0
5338	0	0	0	0	5	2937	5	5	0
5338	0	0	0	0	5	2940	5	5	0
5336	0	0	0	0	7	2942	7	7	0
5323	0	0	0	0	20	2950	20	19	1
5331	0	0	0	0	12	2942	12	11	1
5337	0	0	0	0	6	2941	6	6	0
5336	0	0	0	0	7	2944	7	6	1
5334	0	0	0	0	9	2951	9	8	1
5336	0	0	0	0	7	2939	7	7	0
5338	0	0	0	0	5	2938	5	5	0
5332	0	0	0	0	11	2947	11	10	1
5336	0	0	0	0	7	2939	7	7	0
5338	0	0	0	0	5	2940	5	5	0
5325	0	0	0	0	18	2956	18	18	0
5336	0	0	0	0	7	2941	7	6	1
5335	0	0	0	0	8	2943	8	7	1
5336	0	0	0	0	7	2940	7	6	1
5326	0	0	0	0	17	2945	17	15	2
5338	0	0	0	0	5	2937	5	5	0
5319	0	0	0	0	24	2964	24	23	1
5337	0	0	0	0	6	2948	6	6	0
5334	0	0	0	0	9	2945	9	9	0
5337	0	0	0	0	6	2942	6	5	1
5335	0	0	0	0	8	2943	8	6	2
5337	0	0	0	0	6	2938	6	6	0
5337	0	0	0	0	6	2943	6	6	0
5333	0	0	0	0	10	2943	10	8	2
5337	0	0	0	0	6	2943	6	6	0
5338	0	0	0	0	5	2936	5	5	0
5333	0	0	0	0	10	2944	10	10	0
5330	0	0	0	0	13	2946	13	12	1
5336	0	0	0	0	7	2940	7	7	0
5337	0	0	0	0	6	2939	6	6	0
5331	0	0	0	0	12	2947	12	11	1
5338	0	0	0	0	5	2938	5	5	0
5338	0	0	0	0	5	2936	5	5	0
5337	0	0	0	0	6	2940	6	6	0
5338	0	0	0	0	5	2938	5	5	0
5338	0	0	0	0	5	2938	5	5	0
5336	0	0	0	0	7	2941	7	7	0
5335	0	0	0	0	8	2945	8	7	1
5338	0	0	0	0	5	2939	5	5	0
5335	0	0	0	0	8	2939	8	7	1
5332	0	0	0	0	11	2945	11	10	1
5336	0	0	0	0	7	2944	7	6	1
5335	0	0	0	0	8	2947	8	8	0
5331	0	0	0	0	12	2946	12	10	2
5329	0	0	0	0	14	2944	14	13	1
5337	0	0	0	0	6	2942	6	6	0
5332	0	0	0	0	11	2949	11	11	0
5337	0	0	0	0	6	2942	6	6	0
5337	0	0	0	0	6	2941	6	6	0
5336	0	0	0	0	7	2938	7	7	0
5338	0	0	0	0	5	2942	5	5	0
5338	0	0	0	0	5	2938	5	5	0
5337	0	0	0	0	6	2937	6	5	1
5331	0	0	0	0	12	2945	12	12	0
5334	0	0	0	0	9	2942	9	8	1
5337	0	0	0	0	6	2941	6	6	0
5332	0	0	0	0	11	2947	11	9	2
5338	0	0	0	0	5	2938	5	5	0
5338	0	0	0	0	5	2940	5	5	0
5337	0	0	0	0	6	2942	6	6	0
5338	0	0	0	0	5	2941	5	5	0
5338	0	0	0	0	5	2937	5	5	0
5337	0	0	0	0	6	2946	6	6	0
5336	0	0	0	0	7	2943	7	6	1
5333	0	0	0	0	10	2947	10	10	0
5337	0	0	0	0	6	2938	6	6	0
5336	0	0	0	0	7	2944	7	5	2
5335	0	0	0	0	8	2944	8	6	2
5338	0	0	0	0	5	2938	5	5	0
5338	0	0	0	0	5	2937	5	5	0
5334	0	0	0	0	9	2949	9	8	1
5337	0	0	0	0	6	2940	6	6	0
5337	0	0	0	0	6	2938	6	6	0
5337	0	0	0	0	6	2940	6	6	0
5338	0	0	0	0	5	2939	5	5	0
5334	0	0	0	0	9	2941	9	8	1
5338	0	0	0	0	5	2938	5	5	0
5336	0	0	0	0	7	2936	7	7	0
5331	0	0	0	0	12	2941	12	12	0
5335	0	0	0	0	8	2944	8	8	0
5332	0	0	0	0	11	2944	11	10	1
5336	0	0	0	0	7	2940	7	7	0
5336	0	0	0	0	7	2941	7	6	1
5336	0	0	0	0	7	2938	7	7	0
5338	0	0	0	0	5	2943	5	5	0
5335	0	0	0	0	8	2940	8	8	0
5337	0	0	0	0	6	2937	6	6	0
5338	0	0	0	0	5	2940	5	5	0
5337	0	0	0	0	6	2938	6	6	0
5338	0	0	0	0	5	2940	5	5	0
5338	0	0	0	0	5	2940	5	5	0
5338	0	0	0	0	5	2936	5	5	0
5337	0	0	0	0	6	2938	6	6	0
5337	0	0	0	0	6	2946	6	6	0
5338	0	0	0	0	5	2939	5	5	0
5332	0	0	0	0	11	2947	11	10	1
5333	0	0	0	0	10	2940	10	10	0
5335	0	0	0	0	8	2943	8	8	0
5335	0	0	0	0	8	2951	8	7	1
5338	0	0	0	0	5	2941	5	5	0
5333	0	0	0	0	10	2942	10	9	1
5338	0	0	0	0	5	2938	5	5	0
5338	0	0	0	0	5	2938	5	5	0
5334	0	0	0	0	9	2938	9	9	0
5337	0	0	0	0	6	2941	6	6	0
5334	0	0	0	0	9	2942	9	9	0
5332	0	0	0	0	11	2945	11	9	2
5332	0	0	0	0	11	2944	11	8	3
5338	0	0	0	0	5	2942	5	5	0
5338	0	0	0	0	5	2942	5	5	0
5335	0	0	0	0	8	2943	8	8	0
5326	0	0	0	0	17	2949	17	16	1
5331	0	0	0	0	12	2944	12	12	0
5336	0	0	0	0	7	2942	7	6	1
5332	0	0	0	0	11	2942	11	10	1
5333	0	0	0	0	10	2947	10	9	1
5328	0	0	0	0	15	2944	15	14	1
5338	0	0	0	0	5	2939	5	5	0
5334	0	0	0	0	9	2945	9	8	1
5328	0	0	0	0	15	2940	15	14	1
5337	0	0	0	0	6	2941	6	6	0
5335	0	0	0	0	8	2942	8	8	0
5336	0	0	0	0	7	2942	7	7	0
5334	0	0	0	0	9	2942	9	9	0
5338	0	0	0	0	5	2942	5	5	0
5335	0	0	0	0	8	2948	8	8	0
5338	0	0	0	0	5	2937	5	5	0
5332	0	0	0	0	11	2942	11	10	1
5334	0	0	0	0	9	2945	9	8	1
5326	0	0	0	0	17	2957	17	13	4
5333	0	0	0	0	10	2945	10	10	0
5336	0	0	0	0	7	2944	7	7	0
5334	0	0	0	0	9	2946	9	8	1
5334	0	0	0	0	9	2945	9	8	1
5337	0	0	0	0	6	2943	6	6	0
5337	0	0	0	0	6	2937	6	6	0
5337	0	0	0	0	6	2936	6	6	0
5338	0	0	0	0	5	2939	5	5	0
5332	0	0	0	0	11	2943	11	9	2
5338	0	0	0	0	5	2940	5	5	0
5338	0	0	0	0	5	2937	5	5	0
5337	0	0	0	0	6	2943	6	5	1
5336	0	0	0	0	7	2939	7	7	0
5333	0	0	0	0	10	2942	10	10	0
5338	0	0	0	0	5	2942	5	5	0
5337	0	0	0	0	6	2942	6	6	0
5337	0	0	0	0	6	2939	6	6	0
5337	0	0	0	0	6	2940	6	6	0
5338	0	0	0	0	5	2937	5	5	0
5336	0	0	0	0	7	2939	7	6	1
5337	0	0	0	0	6	2944	6	6	0
5337	0	0	0	0	6	2944	6	6	0
5338	0	0	0	0	5	2936	5	5	0
5328	0	0	0	0	15	2951	15	14	1
5332	0	0	0	0	11	2950	11	8	3
5332	0	0	0	0	11	2947	11	11	0
5336	0	0	0	0	7	2940	7	7	0
5334	0	0	0	0	9	2944	9	7	2
5333	0	0	0	0	10	2942	10	10	0
5338	0	0	0	0	5	2936	5	5	0
5338	0	0	0	0	5	2939	5	5	0
5332	0	0	0	0	11	2943	11	11	0
5336	0	0	0	0	7	2936	7	7	0
5338	0	0	0	0	5	2938	5	5	0
5338	0	0	0	0	5	2943	5	5	0
5338	0	0	0	0	5	2938	5	5	0
5338	0	0	0	0	5	2943	5	5	0
5336	0	0	0	0	7	2938	7	7	0
5338	0	0	0	0	5	2936	5	5	0
5338	0	0	0	0	5	2937	5	5	0
5334	0	0	0	0	9	2944	9	9	0
5337	0	0	0	0	6	2942	6	5	1
5337	0	0	0	0	6	2938	6	6	0
5335	0	0	0	0	8	2940	8	8	0
5335	0	0	0	0	8	2940	8	6	2
5331	0	0	0	0	12	2950	12	12	0
5337	0	0	0	0	6	2941	6	5	1
5332	0	0	0	0	11	2945	11	10	1
5336	0	0	0	0	7	2941	7	7	0
5334	0	0	0	0	9	2947	9	8	1
5336	0	0	0	0	7	2939	7	7	0
5335	0	0	0	0	8	2940	8	8	0
5329	0	0	0	0	14	2951	14	12	2
5336	0	0	0	0	7	2939	7	7	0
5335	0	0	0	0	8	2941	8	8	0
5338	0	0	0	0	5	2940	5	5	0
5337	0	0	0	0	6	2941	6	5	1
5338	0	0	0	0	5	2937	5	5	0
5328	0	0	0	0	15	2941	15	14	1
5338	0	0	0	0	5	2940	5	5	0
5337	0	0	0	0	6	2938	6	6	0
5335	0	0	0	0	8	2942	8	8	0
5318	0	0	0	0	25	2968	25	25	0
5336	0	0	0	0	7	2938	7	7	0
5337	0	0	0	0	6	2940	6	6	0
5338	0	0	0	0	5	2939	5	5	0
5336	0	0	0	0	7	2938	7	7	0
5332	0	0	0	0	11	2947	11	9	2
5337	0	0	0	0	6	2940	6	6	0
5331	0	0	0	0	12	2941	12	12	0
5336	0	0	0	0	7	2943	7	7	0
5335	0	0	0	0	8	2942	8	7	1
5337	0	0	0	0	6	2944	6	6	0
5338	0	0	0	0	5	2941	5	5	0
5338	0	0	0	0	5	2942	5	5	0
5332	0	0	0	0	11	2947	11	11	0
5336	0	0	0	0	7	2939	7	7	0
5337	0	0	0	0	6	2940	6	6	0
5336	0	0	0	0	7	2941	7	7	0
5337	0	0	0	0	6	2941	6	6	0
5334	0	0	0	0	9	2942	9	8	1
5333	0	0	0	0	10	2941	10	10	0
5334	0	0	0	0	9	2940	9	9	0
5335	0	0	0	0	8	2944	8	8	0
5336	0	0	0	0	7	2938	7	7	0
5331	0	0	0	0	12	2947	12	11	1
5333	0	0	0	0	10	2941	10	9	1
5337	0	0	0	0	6	2942	6	6	0
5338	0	0	0	0	5	2940	5	5	0
5323	0	0	0	0	20	2955	20	17	3
5335	0	0	0	0	8	2939	8	7	1
5333	0	0	0	0	10	2943	10	8	2
5333	0	0	0	0	10	2941	10	10	0
5332	0	0	0	0	11	2943	11	10	1
5332	0	0	0	0	11	2944	11	11	0
5330	0	0	0	0	13	2954	13	13	0
5338	0	0	0	0	5	2941	5	5	0
5336	0	0	0	0	7	2939	7	5	2
5336	0	0	0	0	7	2939	7	7	0
5338	0	0	0	0	5	2939	5	5	0
5338	0	0	0	0	5	2938	5	5	0
5335	0	0	0	0	8	2940	8	8	0
5328	0	0	0	0	15	2944	15	14	1
5330	0	0	0	0	13	2947	13	13	0
5331	0	0	0	0	12	2951	12	12	0
5335	0	0	0	0	8	2947	8	7	1
5335	0	0	0	0	8	2944	8	8	0
5337	0	0	0	0	6	2943	6	5	1
5338	0	0	0	0	5	2940	5	5	0
5338	0	0	0	0	5	2949	5	5	0
5335	0	0	0	0	8	2947	8	8	0
5337	0	0	0	0	6	2935	6	6	0
5334	0	0	0	0	9	2945	9	8	1
5336	0	0	0	0	7	2942	7	7	0
5328	0	0	0	0	15	2944	15	14	1
5338	0	0	0	0	5	2935	5	5	0
5338	0	0	0	0	5	2940	5	5	0
5334	0	0	0	0	9	2943	9	6	3
5338	0	0	0	0	5	2938	5	5	0
5335	0	0	0	0	8	2939	8	8	0
5336	0	0	0	0	7	2941	7	7	0
5338	0	0	0	0	5	2937	5	5	0
5338	0	0	0	0	5	2938	5	5	0
5336	0	0	0	0	7	2942	7	7	0
5334	0	0	0	0	9	2938	9	9	0
5337	0	0	0	0	6	2941	6	6	0
5335	0	0	0	0	8	2944	8	8	0
