5338	0	0	0	0	5	535	5	5	0
5336	0	0	0	0	7	537	7	7	0
5335	0	0	0	0	8	535	8	8	0
5326	0	0	0	0	17	538	17	16	1
5332	0	0	0	0	11	537	11	11	0
5334	0	0	0	0	9	538	9	8	1
5090	0	0	0	0	253	672	253	241	12
5031	0	0	0	0	312	703	312	298	14
5336	0	0	0	0	7	535	7	7	0
5301	0	0	0	0	42	551	42	42	0
5282	0	0	0	0	61	567	61	59	2
5300	0	0	0	0	43	545	43	43	0
5329	0	0	0	0	14	537	14	13	1
5247	0	0	0	0	96	578	96	93	3
5298	0	0	0	0	45	555	45	42	3
5219	0	0	0	0	124	602	124	119	5
5316	0	0	0	0	27	547	27	27	0
5331	0	0	0	0	12	536	12	12	0
5313	0	0	0	0	30	546	30	28	2
5293	0	0	0	0	50	555	50	47	3
5338	0	0	0	0	5	535	5	5	0
5055	0	0	0	0	288	693	288	271	17
5316	0	0	0	0	27	545	27	27	0
5252	0	0	0	0	91	577	91	84	7
5319	0	0	0	0	24	548	24	22	2
5337	0	0	0	0	6	536	6	6	0
5020	0	0	0	0	323	689	323	305	18
5258	0	0	0	0	85	583	85	79	6
5334	0	0	0	0	9	537	9	9	0
5332	0	0	0	0	11	542	11	11	0
5191	0	0	0	0	152	613	152	142	10
5027	0	0	0	0	316	707	316	302	14
5324	0	0	0	0	19	542	19	19	0
5315	0	0	0	0	28	547	28	28	0
5288	0	0	0	0	55	564	55	53	2
5290	0	0	0	0	53	563	53	50	3
5338	0	0	0	0	5	535	5	5	0
5338	0	0	0	0	5	533	5	5	0
5201	0	0	0	0	142	612	142	137	5
5230	0	0	0	0	113	605	113	108	5
5335	0	0	0	0	8	535	8	8	0
5338	0	0	0	0	5	533	5	5	0
5315	0	0	0	0	28	547	28	27	1
5210	0	0	0	0	133	610	133	127	6
5327	0	0	0	0	16	539	16	16	0
5231	0	0	0	0	112	607	112	107	5
5317	0	0	0	0	26	545	26	26	0
5327	0	0	0	0	16	546	16	16	0
5231	0	0	0	0	112	604	112	104	8
5258	0	0	0	0	85	590	85	80	5
5321	0	0	0	0	22	537	22	22	0
5072	0	0	0	0	271	696	271	258	13
5327	0	0	0	0	16	542	16	15	1
5338	0	0	0	0	5	535	5	5	0
5306	0	0	0	0	37	551	37	33	4
5095	0	0	0	0	248	645	248	240	8
4756	0	0	0	0	587	809	587	556	31
4877	0	0	0	0	466	768	466	439	27
5330	0	0	0	0	13	544	13	12	1
5274	0	0	0	0	69	558	69	66	3
5147	0	0	0	0	196	620	196	190	6
5327	0	0	0	0	16	539	16	16	0
5255	0	0	0	0	88	577	88	83	5
5325	0	0	0	0	18	545	18	17	1
5327	0	0	0	0	16	536	16	15	1
5334	0	0	0	0	9	536	9	8	1
5331	0	0	0	0	12	535	12	12	0
5314	0	0	0	0	29	542	29	24	5
4861	0	0	0	0	482	760	482	458	24
5324	0	0	0	0	19	543	19	16	3
5314	0	0	0	0	29	547	29	28	1
5337	0	0	0	0	6	536	6	5	1
5334	0	0	0	0	9	535	9	9	0
5338	0	0	0	0	5	536	5	5	0
5326	0	0	0	0	17	544	17	16	1
5291	0	0	0	0	52	558	52	51	1
5273	0	0	0	0	70	570	70	67	3
5337	0	0	0	0	6	535	6	6	0
5271	0	0	0	0	72	564	72	70	2
5262	0	0	0	0	81	566	81	79	2
5313	0	0	0	0	30	547	30	29	1
5280	0	0	0	0	63	567	63	61	2
5252	0	0	0	0	91	569	91	89	2
5333	0	0	0	0	10	535	10	10	0
5264	0	0	0	0	79	578	79	74	5
5317	0	0	0	0	26	546	26	25	1
5308	0	0	0	0	35	553	35	34	1
5338	0	0	0	0	5	533	5	5	0
5331	0	0	0	0	12	537	12	12	0
5331	0	0	0	0	12	537	12	12	0
5237	0	0	0	0	106	597	106	103	3
5336	0	0	0	0	7	536	7	7	0
5062	0	0	0	0	281	661	281	272	9
5335	0	0	0	0	8	535	8	8	0
5331	0	0	0	0	12	535	12	11	1
5338	0	0	0	0	5	532	5	5	0
5326	0	0	0	0	17	533	17	17	0
5334	0	0	0	0	9	537	9	9	0
5337	0	0	0	0	6	534	6	6	0
5317	0	0	0	0	26	544	26	26	0
5207	0	0	0	0	136	598	136	131	5
5220	0	0	0	0	123	592	123	117	6
5229	0	0	0	0	114	609	114	106	8
5324	0	0	0	0	19	545	19	18	1
5263	0	0	0	0	80	576	80	73	7
5167	0	0	0	0	176	632	176	168	8
5330	0	0	0	0	13	540	13	12	1
5319	0	0	0	0	24	549	24	23	1
5328	0	0	0	0	15	545	15	14	1
5291	0	0	0	0	52	561	52	50	2
5336	0	0	0	0	7	534	7	7	0
5330	0	0	0	0	13	540	13	12	1
5330	0	0	0	0	13	543	13	13	0
5207	0	0	0	0	136	595	136	131	5
5270	0	0	0	0	73	563	73	67	6
5278	0	0	0	0	65	565	65	64	1
5335	0	0	0	0	8	536	8	7	1
5298	0	0	0	0	45	565	45	44	1
5062	0	0	0	0	281	667	281	265	16
5078	0	0	0	0	265	661	265	251	14
5333	0	0	0	0	10	541	10	10	0
5277	0	0	0	0	66	570	66	66	0
5299	0	0	0	0	44	548	44	42	2
5234	0	0	0	0	109	583	109	100	9
5197	0	0	0	0	146	613	146	139	7
5337	0	0	0	0	6	535	6	5	1
5160	0	0	0	0	183	620	183	178	5
5336	0	0	0	0	7	533	7	7	0
5124	0	0	0	0	219	635	219	208	11
5337	0	0	0	0	6	535	6	6	0
5265	0	0	0	0	78	582	78	71	7
5257	0	0	0	0	86	583	86	81	5
5273	0	0	0	0	70	567	70	67	3
5338	0	0	0	0	5	536	5	5	0
5305	0	0	0	0	38	546	38	37	1
5288	0	0	0	0	55	563	55	50	5
4862	0	0	0	0	481	774	481	446	35
5332	0	0	0	0	11	539	11	9	2
5335	0	0	0	0	8	539	8	8	0
5261	0	0	0	0	82	571	82	79	3
5176	0	0	0	0	167	618	167	162	5
4956	0	0	0	0	387	741	387	368	19
5337	0	0	0	0	6	535	6	6	0
5336	0	0	0	0	7	534	7	7	0
5263	0	0	0	0	80	582	80	76	4
5315	0	0	0	0	28	545	28	26	2
4996	0	0	0	0	347	712	347	327	20
5254	0	0	0	0	89	578	89	85	4
5335	0	0	0	0	8	537	8	8	0
5248	0	0	0	0	95	569	95	91	4
5335	0	0	0	0	8	536	8	8	0
5304	0	0	0	0	39	552	39	38	1
5166	0	0	0	0	177	621	177	173	4
5333	0	0	0	0	10	534	10	10	0
5279	0	0	0	0	64	552	64	62	2
5291	0	0	0	0	52	559	52	50	2
4856	0	0	0	0	487	770	487	460	27
5189	0	0	0	0	154	608	154	139	15
5283	0	0	0	0	60	570	60	58	2
5324	0	0	0	0	19	544	19	19	0
5232	0	0	0	0	111	586	111	105	6
5228	0	0	0	0	115	574	115	110	5
5167	0	0	0	0	176	600	176	169	7
4879	0	0	0	0	464	754	464	444	20
5324	0	0	0	0	19	535	19	19	0
5318	0	0	0	0	25	545	25	25	0
5314	0	0	0	0	29	546	29	26	3
5336	0	0	0	0	7	536	7	7	0
5337	0	0	0	0	6	535	6	6	0
5322	0	0	0	0	21	547	21	18	3
5334	0	0	0	0	9	538	9	8	1
5284	0	0	0	0	59	558	59	57	2
5150	0	0	0	0	193	622	193	187	6
5311	0	0	0	0	32	548	32	31	1
5308	0	0	0	0	35	551	35	35	0
5314	0	0	0	0	29	550	29	29	0
5318	0	0	0	0	25	544	25	23	2
5285	0	0	0	0	58	556	58	57	1
5335	0	0	0	0	8	535	8	8	0
5308	0	0	0	0	35	550	35	33	2
5138	0	0	0	0	205	644	205	194	11
5223	0	0	0	0	120	596	120	115	5
5212	0	0	0	0	131	604	131	122	9
4957	0	0	0	0	386	713	386	368	18
5309	0	0	0	0	34	548	34	33	1
5334	0	0	0	0	9	539	9	9	0
5336	0	0	0	0	7	532	7	7	0
4982	0	0	0	0	361	719	361	340	21
5224	0	0	0	0	119	591	119	112	7
5003	0	0	0	0	340	693	340	323	17
5312	0	0	0	0	31	548	31	29	2
5335	0	0	0	0	8	535	8	8	0
5331	0	0	0	0	12	537	12	12	0
5302	0	0	0	0	41	559	41	40	1
5002	0	0	0	0	341	698	341	320	21
5176	0	0	0	0	167	615	167	158	9
5338	0	0	0	0	5	534	5	5	0
5119	0	0	0	0	224	642	224	207	17
5203	0	0	0	0	140	602	140	132	8
5251	0	0	0	0	92	578	92	87	5
5337	0	0	0	0	6	534	6	6	0
5338	0	0	0	0	5	533	5	5	0
5328	0	0	0	0	15	545	15	14	1
5184	0	0	0	0	159	627	159	149	10
5337	0	0	0	0	6	536	6	6	0
5219	0	0	0	0	124	593	124	121	3
5248	0	0	0	0	95	579	95	89	6
5320	0	0	0	0	23	544	23	22	1
5338	0	0	0	0	5	532	5	5	0
5090	0	0	0	0	253	656	253	248	5
5279	0	0	0	0	64	558	64	58	6
5334	0	0	0	0	9	534	9	9	0
5319	0	0	0	0	24	542	24	23	1
5333	0	0	0	0	10	538	10	10	0
5329	0	0	0	0	14	539	14	14	0
5317	0	0	0	0	26	551	26	23	3
5286	0	0	0	0	57	556	57	54	3
5330	0	0	0	0	13	538	13	12	1
5300	0	0	0	0	43	565	43	40	3
5326	0	0	0	0	17	541	17	17	0
5336	0	0	0	0	7	534	7	7	0
5206	0	0	0	0	137	619	137	127	10
5338	0	0	0	0	5	535	5	5	0
5336	0	0	0	0	7	538	7	7	0
5332	0	0	0	0	11	541	11	11	0
5199	0	0	0	0	144	609	144	129	15
5195	0	0	0	0	148	612	148	142	6
5132	0	0	0	0	211	646	211	202	9
5331	0	0	0	0	12	540	12	12	0
5330	0	0	0	0	13	541	13	13	0
5313	0	0	0	0	30	547	30	28	2
5329	0	0	0	0	14	538	14	13	1
5286	0	0	0	0	57	555	57	55	2
5323	0	0	0	0	20	543	20	20	0
4945	0	0	0	0	398	697	398	375	23
5214	0	0	0	0	129	602	129	125	4
5328	0	0	0	0	15	543	15	14	1
5312	0	0	0	0	31	544	31	28	3
5276	0	0	0	0	67	578	67	60	7
5270	0	0	0	0	73	577	73	70	3
5338	0	0	0	0	5	535	5	5	0
5285	0	0	0	0	58	559	58	55	3
5323	0	0	0	0	20	543	20	20	0
5264	0	0	0	0	79	566	79	75	4
5117	0	0	0	0	226	637	226	217	9
5106	0	0	0	0	237	657	237	225	12
5245	0	0	0	0	98	572	98	92	6
5257	0	0	0	0	86	571	86	79	7
5327	0	0	0	0	16	537	16	15	1
5337	0	0	0	0	6	534	6	6	0
5275	0	0	0	0	68	560	68	63	5
5307	0	0	0	0	36	549	36	36	0
5336	0	0	0	0	7	540	7	7	0
5195	0	0	0	0	148	605	148	134	14
5217	0	0	0	0	126	588	126	115	11
5331	0	0	0	0	12	538	12	12	0
5257	0	0	0	0	86	566	86	83	3
5285	0	0	0	0	58	565	58	55	3
5338	0	0	0	0	5	535	5	5	0
5190	0	0	0	0	153	598	153	147	6
5042	0	0	0	0	301	687	301	290	11
5317	0	0	0	0	26	547	26	26	0
5337	0	0	0	0	6	538	6	5	1
5330	0	0	0	0	13	540	13	11	2
5313	0	0	0	0	30	561	30	28	2
5326	0	0	0	0	17	542	17	15	2
5322	0	0	0	0	21	539	21	19	2
5083	0	0	0	0	260	655	260	242	18
5333	0	0	0	0	10	534	10	10	0
4948	0	0	0	0	395	727	395	366	29
5292	0	0	0	0	51	559	51	48	3
5301	0	0	0	0	42	554	42	42	0
5324	0	0	0	0	19	540	19	17	2
4998	0	0	0	0	345	735	345	330	15
5222	0	0	0	0	121	591	121	115	6
5247	0	0	0	0	96	588	96	94	2
5309	0	0	0	0	34	555	34	33	1
5338	0	0	0	0	5	533	5	5	0
5317	0	0	0	0	26	539	26	26	0
5335	0	0	0	0	8	534	8	8	0
5243	0	0	0	0	100	582	100	96	4
5336	0	0	0	0	7	537	7	7	0
5224	0	0	0	0	119	583	119	114	5
5324	0	0	0	0	19	543	19	17	2
5224	0	0	0	0	119	594	119	115	4
4699	0	0	0	0	644	837	644	606	38
5316	0	0	0	0	27	546	27	26	1
4910	0	0	0	0	433	725	433	415	18
5300	0	0	0	0	43	555	43	39	4
5191	0	0	0	0	152	617	152	142	10
5321	0	0	0	0	22	545	22	21	1
5335	0	0	0	0	8	537	8	8	0
5335	0	0	0	0	8	533	8	8	0
5338	0	0	0	0	5	537	5	5	0
5336	0	0	0	0	7	535	7	7	0
5331	0	0	0	0	12	535	12	12	0
5112	0	0	0	0	231	634	231	216	15
5288	0	0	0	0	55	559	55	49	6
5328	0	0	0	0	15	539	15	15	0
5312	0	0	0	0	31	547	31	31	0
4919	0	0	0	0	424	747	424	401	23
5276	0	0	0	0	67	565	67	62	5
5156	0	0	0	0	187	619	187	181	6
5004	0	0	0	0	339	707	339	325	14
5338	0	0	0	0	5	536	5	5	0
5253	0	0	0	0	90	588	90	83	7
5311	0	0	0	0	32	548	32	31	1
5281	0	0	0	0	62	572	62	61	1
5323	0	0	0	0	20	535	20	20	0
5331	0	0	0	0	12	539	12	11	1
5221	0	0	0	0	122	605	122	113	9
5338	0	0	0	0	5	535	5	5	0
5331	0	0	0	0	12	540	12	12	0
5333	0	0	0	0	10	538	10	10	0
5336	0	0	0	0	7	535	7	7	0
5337	0	0	0	0	6	534	6	6	0
5336	0	0	0	0	7	534	7	7	0
5331	0	0	0	0	12	537	12	11	1
4855	0	0	0	0	488	792	488	463	25
5149	0	0	0	0	194	648	194	184	10
5328	0	0	0	0	15	534	15	15	0
5327	0	0	0	0	16	540	16	16	0
5103	0	0	0	0	240	634	240	225	15
5288	0	0	0	0	55	560	55	53	2
5334	0	0	0	0	9	540	9	9	0
5330	0	0	0	0	13	539	13	11	2
5327	0	0	0	0	16	539	16	16	0
5337	0	0	0	0	6	534	6	6	0
5332	0	0	0	0	11	538	11	11	0
5327	0	0	0	0	16	542	16	14	2
5333	0	0	0	0	10	538	10	10	0
5336	0	0	0	0	7	534	7	7	0
5338	0	0	0	0	5	535	5	5	0
5187	0	0	0	0	156	610	156	152	4
5336	0	0	0	0	7	533	7	7	0
5269	0	0	0	0	74	566	74	72	2
5271	0	0	0	0	72	577	72	69	3
5074	0	0	0	0	269	679	269	256	13
5320	0	0	0	0	23	549	23	23	0
5333	0	0	0	0	10	535	10	10	0
5285	0	0	0	0	58	563	58	54	4
5319	0	0	0	0	24	550	24	23	1
5338	0	0	0	0	5	534	5	5	0
5239	0	0	0	0	104	590	104	102	2
5338	0	0	0	0	5	533	5	5	0
5331	0	0	0	0	12	539	12	12	0
5325	0	0	0	0	18	542	18	18	0
5336	0	0	0	0	7	537	7	7	0
5267	0	0	0	0	76	573	76	74	2
5205	0	0	0	0	138	610	138	128	10
5104	0	0	0	0	239	666	239	224	15
5336	0	0	0	0	7	542	7	7	0
5250	0	0	0	0	93	579	93	90	3
5325	0	0	0	0	18	541	18	17	1
5081	0	0	0	0	262	659	262	248	14
5248	0	0	0	0	95	578	95	90	5
4937	0	0	0	0	406	717	406	378	28
5329	0	0	0	0	14	537	14	13	1
5316	0	0	0	0	27	549	27	26	1
5088	0	0	0	0	255	651	255	241	14
5337	0	0	0	0	6	537	6	6	0
5297	0	0	0	0	46	560	46	43	3
5134	0	0	0	0	209	622	209	196	13
5334	0	0	0	0	9	537	9	8	1
5308	0	0	0	0	35	546	35	31	4
5109	0	0	0	0	234	663	234	222	12
5045	0	0	0	0	298	708	298	285	13
5327	0	0	0	0	16	544	16	15	1
5120	0	0	0	0	223	653	223	211	12
5335	0	0	0	0	8	535	8	8	0
5311	0	0	0	0	32	549	32	30	2
5202	0	0	0	0	141	614	141	135	6
5194	0	0	0	0	149	618	149	140	9
5330	0	0	0	0	13	541	13	13	0
5335	0	0	0	0	8	539	8	8	0
5042	0	0	0	0	301	680	301	285	16
5326	0	0	0	0	17	539	17	16	1
5334	0	0	0	0	9	537	9	9	0
5337	0	0	0	0	6	535	6	6	0
5336	0	0	0	0	7	533	7	7	0
5286	0	0	0	0	57	568	57	56	1
5067	0	0	0	0	276	671	276	264	12
5333	0	0	0	0	10	537	10	10	0
5327	0	0	0	0	16	538	16	16	0
5284	0	0	0	0	59	561	59	57	2
5242	0	0	0	0	101	565	101	96	5
5240	0	0	0	0	103	585	103	99	4
5337	0	0	0	0	6	538	6	6	0
5320	0	0	0	0	23	546	23	22	1
5165	0	0	0	0	178	620	178	172	6
5039	0	0	0	0	304	694	304	288	16
5338	0	0	0	0	5	534	5	5	0
5333	0	0	0	0	10	535	10	10	0
5206	0	0	0	0	137	607	137	131	6
5185	0	0	0	0	158	614	158	150	8
5336	0	0	0	0	7	537	7	7	0
4985	0	0	0	0	358	705	358	343	15
5312	0	0	0	0	31	547	31	31	0
5241	0	0	0	0	102	593	102	96	6
5307	0	0	0	0	36	554	36	32	4
5331	0	0	0	0	12	538	12	11	1
5150	0	0	0	0	193	632	193	187	6
5338	0	0	0	0	5	534	5	5	0
5338	0	0	0	0	5	534	5	5	0
5161	0	0	0	0	182	616	182	175	7
5335	0	0	0	0	8	533	8	8	0
5270	0	0	0	0	73	574	73	70	3
5338	0	0	0	0	5	537	5	5	0
5337	0	0	0	0	6	534	6	6	0
5335	0	0	0	0	8	536	8	8	0
5313	0	0	0	0	30	550	30	29	1
5337	0	0	0	0	6	534	6	5	1
5334	0	0	0	0	9	538	9	9	0
5321	0	0	0	0	22	548	22	22	0
5145	0	0	0	0	198	624	198	190	8
5336	0	0	0	0	7	534	7	7	0
5162	0	0	0	0	181	633	181	178	3
5292	0	0	0	0	51	559	51	47	4
5175	0	0	0	0	168	624	168	158	10
5332	0	0	0	0	11	539	11	10	1
5316	0	0	0	0	27	544	27	24	3
5173	0	0	0	0	170	614	170	163	7
5291	0	0	0	0	52	560	52	47	5
5298	0	0	0	0	45	549	45	44	1
5126	0	0	0	0	217	637	217	203	14
5316	0	0	0	0	27	548	27	26	1
5193	0	0	0	0	150	614	150	146	4
5150	0	0	0	0	193	628	193	180	13
5321	0	0	0	0	22	541	22	22	0
5286	0	0	0	0	57	562	57	56	1
5272	0	0	0	0	71	564	71	66	5
5319	0	0	0	0	24	537	24	24	0
5338	0	0	0	0	5	537	5	5	0
5317	0	0	0	0	26	548	26	24	2
5284	0	0	0	0	59	559	59	55	4
5241	0	0	0	0	102	588	102	97	5
5335	0	0	0	0	8	535	8	8	0
5319	0	0	0	0	24	542	24	22	2
5328	0	0	0	0	15	539	15	15	0
5328	0	0	0	0	15	539	15	15	0
5190	0	0	0	0	153	619	153	146	7
5310	0	0	0	0	33	545	33	32	1
4952	0	0	0	0	391	739	391	368	23
5331	0	0	0	0	12	537	12	11	1
5325	0	0	0	0	18	540	18	18	0
5249	0	0	0	0	94	569	94	93	1
5274	0	0	0	0	69	569	69	65	4
5279	0	0	0	0	64	560	64	64	0
5242	0	0	0	0	101	573	101	97	4
5311	0	0	0	0	32	546	32	30	2
5335	0	0	0	0	8	538	8	8	0
5336	0	0	0	0	7	535	7	7	0
5334	0	0	0	0	9	539	9	9	0
5329	0	0	0	0	14	542	14	13	1
5185	0	0	0	0	158	613	158	150	8
4918	0	0	0	0	425	729	425	391	34
5311	0	0	0	0	32	550	32	32	0
5305	0	0	0	0	38	552	38	37	1
5203	0	0	0	0	140	598	140	134	6
5146	0	0	0	0	197	634	197	181	16
5175	0	0	0	0	168	624	168	157	11
5328	0	0	0	0	15	542	15	15	0
5124	0	0	0	0	219	651	219	209	10
5247	0	0	0	0	96	576	96	93	3
5326	0	0	0	0	17	538	17	17	0
5325	0	0	0	0	18	548	18	18	0
5326	0	0	0	0	17	537	17	16	1
5034	0	0	0	0	309	682	309	290	19
4872	0	0	0	0	471	785	471	450	21
5308	0	0	0	0	35	553	35	34	1
5334	0	0	0	0	9	536	9	9	0
5336	0	0	0	0	7	534	7	7	0
5163	0	0	0	0	180	631	180	170	10
5336	0	0	0	0	7	536	7	7	0
5329	0	0	0	0	14	538	14	14	0
5220	0	0	0	0	123	575	123	114	9
5276	0	0	0	0	67	567	67	62	5
5243	0	0	0	0	100	584	100	93	7
5263	0	0	0	0	80	585	80	74	6
5331	0	0	0	0	12	540	12	12	0
5336	0	0	0	0	7	535	7	7	0
5333	0	0	0	0	10	537	10	9	1
5160	0	0	0	0	183	618	183	169	14
5323	0	0	0	0	20	547	20	19	1
5319	0	0	0	0	24	544	24	22	2
5198	0	0	0	0	145	596	145	140	5
5327	0	0	0	0	16	538	16	16	0
5188	0	0	0	0	155	598	155	147	8
5338	0	0	0	0	5	533	5	5	0
5334	0	0	0	0	9	538	9	9	0
5309	0	0	0	0	34	552	34	30	4
5275	0	0	0	0	68	564	68	66	2
5325	0	0	0	0	18	536	18	18	0
5330	0	0	0	0	13	543	13	13	0
5336	0	0	0	0	7	534	7	7	0
5337	0	0	0	0	6	536	6	6	0
5162	0	0	0	0	181	633	181	172	9
5332	0	0	0	0	11	536	11	11	0
5215	0	0	0	0	128	600	128	126	2
5239	0	0	0	0	104	584	104	101	3
