5338	0	0	0	0	5	92	5	5	0
5336	0	0	0	0	7	91	7	6	1
5338	0	0	0	0	5	85	5	5	0
5333	0	0	0	0	10	96	10	9	1
5335	0	0	0	0	8	140	8	8	0
5335	0	0	0	0	8	68	8	6	2
5336	0	0	0	0	7	108	7	7	0
5294	0	0	0	0	49	512	49	46	3
5338	0	0	0	0	5	84	5	5	0
5335	0	0	0	0	8	112	8	8	0
5335	0	0	0	0	8	91	8	8	0
5337	0	0	0	0	6	108	6	5	1
5332	0	0	0	0	11	142	11	10	1
5323	0	0	0	0	20	186	20	20	0
5337	0	0	0	0	6	88	6	5	1
5329	0	0	0	0	14	247	14	12	2
5330	0	0	0	0	13	165	13	11	2
5335	0	0	0	0	8	60	8	6	2
5338	0	0	0	0	5	118	5	5	0
5332	0	0	0	0	11	100	11	10	1
5338	0	0	0	0	5	85	5	5	0
5338	0	0	0	0	5	137	5	5	0
5333	0	0	0	0	10	135	10	10	0
5332	0	0	0	0	11	110	11	9	2
5337	0	0	0	0	6	153	6	5	1
5337	0	0	0	0	6	137	6	6	0
5333	0	0	0	0	10	110	10	10	0
5334	0	0	0	0	9	195	9	7	2
5336	0	0	0	0	7	109	7	7	0
5337	0	0	0	0	6	134	6	6	0
5330	0	0	0	0	13	180	13	12	1
5305	0	0	0	0	38	211	38	38	0
5331	0	0	0	0	12	101	12	11	1
5323	0	0	0	0	20	262	20	19	1
5323	0	0	0	0	20	242	20	19	1
5327	0	0	0	0	16	185	16	15	1
5338	0	0	0	0	5	123	5	5	0
5338	0	0	0	0	5	121	5	5	0
5316	0	0	0	0	27	196	27	26	1
5334	0	0	0	0	9	152	9	9	0
5335	0	0	0	0	8	90	8	7	1
5338	0	0	0	0	5	60	5	5	0
5333	0	0	0	0	10	144	10	9	1
5335	0	0	0	0	8	147	8	6	2
5337	0	0	0	0	6	82	6	6	0
5335	0	0	0	0	8	242	8	8	0
5335	0	0	0	0	8	100	8	8	0
5334	0	0	0	0	9	181	9	7	2
5314	0	0	0	0	29	190	29	26	3
5330	0	0	0	0	13	230	13	12	1
5328	0	0	0	0	15	74	15	14	1
5293	0	0	0	0	50	450	50	48	2
5338	0	0	0	0	5	87	5	5	0
5338	0	0	0	0	5	118	5	5	0
5329	0	0	0	0	14	165	14	12	2
5333	0	0	0	0	10	149	10	10	0
5325	0	0	0	0	18	114	18	15	3
5326	0	0	0	0	17	199	17	15	2
5335	0	0	0	0	8	113	8	8	0
5329	0	0	0	0	14	172	14	12	2
5315	0	0	0	0	28	179	28	26	2
5336	0	0	0	0	7	70	7	5	2
5336	0	0	0	0	7	113	7	6	1
5333	0	0	0	0	10	143	10	8	2
5335	0	0	0	0	8	38	8	6	2
5334	0	0	0	0	9	117	9	7	2
5337	0	0	0	0	6	58	6	6	0
5329	0	0	0	0	14	88	14	12	2
5311	0	0	0	0	32	302	32	30	2
5330	0	0	0	0	13	170	13	11	2
5327	0	0	0	0	16	193	16	16	0
5337	0	0	0	0	6	71	6	5	1
5337	0	0	0	0	6	80	6	5	1
5338	0	0	0	0	5	53	5	5	0
5336	0	0	0	0	7	122	7	7	0
5326	0	0	0	0	17	172	17	17	0
5321	0	0	0	0	22	151	22	19	3
5337	0	0	0	0	6	131	6	5	1
5333	0	0	0	0	10	148	10	10	0
5330	0	0	0	0	13	257	13	12	1
5332	0	0	0	0	11	157	11	11	0
5328	0	0	0	0	15	167	15	14	1
5308	0	0	0	0	35	231	35	32	3
5336	0	0	0	0	7	69	7	7	0
5336	0	0	0	0	7	119	7	6	1
5331	0	0	0	0	12	133	12	11	1
5337	0	0	0	0	6	168	6	6	0
5338	0	0	0	0	5	54	5	5	0
5334	0	0	0	0	9	145	9	8	1
5333	0	0	0	0	10	66	10	10	0
5329	0	0	0	0	14	188	14	13	1
5336	0	0	0	0	7	109	7	7	0
5337	0	0	0	0	6	116	6	6	0
5335	0	0	0	0	8	110	8	8	0
5337	0	0	0	0	6	88	6	6	0
5338	0	0	0	0	5	134	5	5	0
5330	0	0	0	0	13	66	13	13	0
5335	0	0	0	0	8	138	8	6	2
5337	0	0	0	0	6	84	6	5	1
5331	0	0	0	0	12	138	12	12	0
5327	0	0	0	0	16	301	16	15	1
5313	0	0	0	0	30	255	30	30	0
5324	0	0	0	0	19	204	19	18	1
5337	0	0	0	0	6	164	6	6	0
5331	0	0	0	0	12	139	12	11	1
5329	0	0	0	0	14	162	14	13	1
5333	0	0	0	0	10	165	10	9	1
5330	0	0	0	0	13	155	13	11	2
5337	0	0	0	0	6	127	6	6	0
5329	0	0	0	0	14	149	14	14	0
5336	0	0	0	0	7	44	7	7	0
5332	0	0	0	0	11	207	11	9	2
5335	0	0	0	0	8	113	8	8	0
5331	0	0	0	0	12	95	12	12	0
5331	0	0	0	0	12	133	12	10	2
5330	0	0	0	0	13	176	13	13	0
5336	0	0	0	0	7	98	7	5	2
5336	0	0	0	0	7	160	7	5	2
5335	0	0	0	0	8	160	8	8	0
5314	0	0	0	0	29	381	29	27	2
5337	0	0	0	0	6	128	6	6	0
5324	0	0	0	0	19	217	19	16	3
5320	0	0	0	0	23	188	23	21	2
5335	0	0	0	0	8	126	8	8	0
5327	0	0	0	0	16	276	16	15	1
5337	0	0	0	0	6	140	6	5	1
5318	0	0	0	0	25	244	25	24	1
5338	0	0	0	0	5	68	5	5	0
5334	0	0	0	0	9	123	9	8	1
5338	0	0	0	0	5	94	5	5	0
5324	0	0	0	0	19	212	19	17	2
5303	0	0	0	0	40	289	40	39	1
5329	0	0	0	0	14	178	14	14	0
5338	0	0	0	0	5	116	5	5	0
5332	0	0	0	0	11	158	11	10	1
5318	0	0	0	0	25	235	25	23	2
5329	0	0	0	0	14	246	14	13	1
5333	0	0	0	0	10	92	10	7	3
5335	0	0	0	0	8	120	8	8	0
5330	0	0	0	0	13	258	13	11	2
5309	0	0	0	0	34	201	34	34	0
5329	0	0	0	0	14	195	14	13	1
5337	0	0	0	0	6	123	6	6	0
5336	0	0	0	0	7	135	7	6	1
5320	0	0	0	0	23	174	23	20	3
5323	0	0	0	0	20	173	20	17	3
5312	0	0	0	0	31	273	31	30	1
5325	0	0	0	0	18	204	18	18	0
5335	0	0	0	0	8	122	8	6	2
5337	0	0	0	0	6	136	6	5	1
5336	0	0	0	0	7	75	7	7	0
5326	0	0	0	0	17	185	17	17	0
5333	0	0	0	0	10	169	10	7	3
5337	0	0	0	0	6	108	6	5	1
5323	0	0	0	0	20	200	20	20	0
5327	0	0	0	0	16	238	16	15	1
5316	0	0	0	0	27	225	27	26	1
5324	0	0	0	0	19	242	19	18	1
5330	0	0	0	0	13	180	13	13	0
5326	0	0	0	0	17	75	17	16	1
5333	0	0	0	0	10	118	10	9	1
5322	0	0	0	0	21	162	21	20	1
5336	0	0	0	0	7	105	7	7	0
5315	0	0	0	0	28	290	28	27	1
5331	0	0	0	0	12	148	12	10	2
5335	0	0	0	0	8	158	8	7	1
5329	0	0	0	0	14	152	14	11	3
5337	0	0	0	0	6	15	6	6	0
5332	0	0	0	0	11	217	11	10	1
5330	0	0	0	0	13	134	13	12	1
5337	0	0	0	0	6	120	6	6	0
5320	0	0	0	0	23	237	23	21	2
5325	0	0	0	0	18	164	18	16	2
5322	0	0	0	0	21	298	21	20	1
5336	0	0	0	0	7	79	7	6	1
5336	0	0	0	0	7	141	7	7	0
5333	0	0	0	0	10	165	10	10	0
5336	0	0	0	0	7	133	7	7	0
5336	0	0	0	0	7	68	7	6	1
5324	0	0	0	0	19	163	19	17	2
5335	0	0	0	0	8	149	8	7	1
5322	0	0	0	0	21	229	21	20	1
5323	0	0	0	0	20	144	20	19	1
5335	0	0	0	0	8	100	8	7	1
5325	0	0	0	0	18	178	18	17	1
5336	0	0	0	0	7	123	7	6	1
5338	0	0	0	0	5	46	5	5	0
5328	0	0	0	0	15	196	15	15	0
5333	0	0	0	0	10	124	10	9	1
5313	0	0	0	0	30	408	30	30	0
5331	0	0	0	0	12	149	12	11	1
5335	0	0	0	0	8	146	8	7	1
5336	0	0	0	0	7	134	7	6	1
5331	0	0	0	0	12	163	12	10	2
5336	0	0	0	0	7	139	7	7	0
5317	0	0	0	0	26	178	26	22	4
5338	0	0	0	0	5	81	5	5	0
5319	0	0	0	0	24	308	24	23	1
5333	0	0	0	0	10	119	10	9	1
5330	0	0	0	0	13	184	13	13	0
5337	0	0	0	0	6	128	6	6	0
5338	0	0	0	0	5	56	5	5	0
5331	0	0	0	0	12	150	12	12	0
5322	0	0	0	0	21	230	21	19	2
5337	0	0	0	0	6	67	6	5	1
5321	0	0	0	0	22	247	22	20	2
5329	0	0	0	0	14	160	14	14	0
5333	0	0	0	0	10	167	10	10	0
5338	0	0	0	0	5	69	5	5	0
5323	0	0	0	0	20	233	20	18	2
5331	0	0	0	0	12	100	12	11	1
5338	0	0	0	0	5	72	5	5	0
5336	0	0	0	0	7	120	7	7	0
5333	0	0	0	0	10	110	10	8	2
5334	0	0	0	0	9	71	9	9	0
5334	0	0	0	0	9	97	9	8	1
5333	0	0	0	0	10	91	10	10	0
5336	0	0	0	0	7	89	7	6	1
5329	0	0	0	0	14	197	14	13	1
5330	0	0	0	0	13	134	13	13	0
5336	0	0	0	0	7	60	7	7	0
5299	0	0	0	0	44	308	44	42	2
5338	0	0	0	0	5	47	5	5	0
5336	0	0	0	0	7	126	7	6	1
5337	0	0	0	0	6	124	6	6	0
5329	0	0	0	0	14	160	14	14	0
5330	0	0	0	0	13	189	13	12	1
5324	0	0	0	0	19	227	19	14	5
5333	0	0	0	0	10	154	10	10	0
5337	0	0	0	0	6	106	6	6	0
5333	0	0	0	0	10	122	10	9	1
5323	0	0	0	0	20	161	20	18	2
5338	0	0	0	0	5	116	5	5	0
5326	0	0	0	0	17	161	17	15	2
5338	0	0	0	0	5	110	5	5	0
5336	0	0	0	0	7	150	7	7	0
5333	0	0	0	0	10	121	10	10	0
5327	0	0	0	0	16	176	16	14	2
5318	0	0	0	0	25	261	25	22	3
5332	0	0	0	0	11	167	11	9	2
5338	0	0	0	0	5	44	5	5	0
5337	0	0	0	0	6	107	6	6	0
5333	0	0	0	0	10	150	10	8	2
5317	0	0	0	0	26	206	26	24	2
5325	0	0	0	0	18	222	18	18	0
5336	0	0	0	0	7	146	7	7	0
5334	0	0	0	0	9	109	9	7	2
5313	0	0	0	0	30	248	30	30	0
5332	0	0	0	0	11	55	11	9	2
5337	0	0	0	0	6	96	6	6	0
5327	0	0	0	0	16	157	16	9	7
5330	0	0	0	0	13	181	13	12	1
5336	0	0	0	0	7	147	7	7	0
5319	0	0	0	0	24	194	24	23	1
5317	0	0	0	0	26	182	26	25	1
5332	0	0	0	0	11	129	11	10	1
5326	0	0	0	0	17	125	17	17	0
5329	0	0	0	0	14	153	14	13	1
5338	0	0	0	0	5	54	5	5	0
5307	0	0	0	0	36	374	36	34	2
5336	0	0	0	0	7	134	7	6	1
5332	0	0	0	0	11	192	11	10	1
5337	0	0	0	0	6	109	6	5	1
5334	0	0	0	0	9	73	9	6	3
5333	0	0	0	0	10	134	10	10	0
5337	0	0	0	0	6	93	6	6	0
5331	0	0	0	0	12	147	12	8	4
5325	0	0	0	0	18	182	18	17	1
5338	0	0	0	0	5	99	5	5	0
5328	0	0	0	0	15	53	15	15	0
5332	0	0	0	0	11	145	11	10	1
5331	0	0	0	0	12	159	12	10	2
5335	0	0	0	0	8	138	8	8	0
5328	0	0	0	0	15	225	15	15	0
5337	0	0	0	0	6	120	6	5	1
5338	0	0	0	0	5	88	5	5	0
5337	0	0	0	0	6	136	6	6	0
5338	0	0	0	0	5	85	5	5	0
5336	0	0	0	0	7	97	7	7	0
5335	0	0	0	0	8	90	8	8	0
5319	0	0	0	0	24	216	24	21	3
5338	0	0	0	0	5	93	5	5	0
5328	0	0	0	0	15	133	15	12	3
5332	0	0	0	0	11	172	11	10	1
5333	0	0	0	0	10	192	10	8	2
5323	0	0	0	0	20	245	20	18	2
5333	0	0	0	0	10	133	10	9	1
5326	0	0	0	0	17	187	17	17	0
5333	0	0	0	0	10	134	10	10	0
5320	0	0	0	0	23	190	23	23	0
5335	0	0	0	0	8	136	8	8	0
5337	0	0	0	0	6	108	6	6	0
5337	0	0	0	0	6	58	6	6	0
5338	0	0	0	0	5	115	5	5	0
5333	0	0	0	0	10	111	10	8	2
5337	0	0	0	0	6	83	6	5	1
5328	0	0	0	0	15	275	15	15	0
5318	0	0	0	0	25	164	25	20	5
5333	0	0	0	0	10	198	10	9	1
5327	0	0	0	0	16	187	16	14	2
5329	0	0	0	0	14	248	14	13	1
5333	0	0	0	0	10	135	10	9	1
5331	0	0	0	0	12	158	12	11	1
5310	0	0	0	0	33	227	33	33	0
5338	0	0	0	0	5	132	5	5	0
5333	0	0	0	0	10	133	10	10	0
5335	0	0	0	0	8	130	8	6	2
5334	0	0	0	0	9	194	9	9	0
5328	0	0	0	0	15	163	15	14	1
5334	0	0	0	0	9	178	9	6	3
5334	0	0	0	0	9	101	9	9	0
5338	0	0	0	0	5	41	5	5	0
5337	0	0	0	0	6	95	6	6	0
5333	0	0	0	0	10	181	10	9	1
5337	0	0	0	0	6	109	6	6	0
5337	0	0	0	0	6	132	6	6	0
5337	0	0	0	0	6	88	6	6	0
5337	0	0	0	0	6	59	6	5	1
5323	0	0	0	0	20	203	20	20	0
5327	0	0	0	0	16	208	16	16	0
5329	0	0	0	0	14	79	14	13	1
5327	0	0	0	0	16	97	16	15	1
5334	0	0	0	0	9	200	9	8	1
5325	0	0	0	0	18	210	18	16	2
5334	0	0	0	0	9	149	9	9	0
5331	0	0	0	0	12	158	12	9	3
5335	0	0	0	0	8	78	8	7	1
5337	0	0	0	0	6	137	6	5	1
5333	0	0	0	0	10	74	10	10	0
5333	0	0	0	0	10	100	10	8	2
5337	0	0	0	0	6	168	6	6	0
5336	0	0	0	0	7	51	7	7	0
5338	0	0	0	0	5	57	5	5	0
5335	0	0	0	0	8	188	8	8	0
5336	0	0	0	0	7	90	7	7	0
5331	0	0	0	0	12	150	12	11	1
5330	0	0	0	0	13	189	13	13	0
5322	0	0	0	0	21	228	21	21	0
5327	0	0	0	0	16	189	16	16	0
5337	0	0	0	0	6	86	6	6	0
5330	0	0	0	0	13	187	13	13	0
5327	0	0	0	0	16	213	16	14	2
5338	0	0	0	0	5	86	5	5	0
5331	0	0	0	0	12	120	12	11	1
5338	0	0	0	0	5	79	5	5	0
5335	0	0	0	0	8	161	8	8	0
5333	0	0	0	0	10	76	10	10	0
5336	0	0	0	0	7	182	7	5	2
5332	0	0	0	0	11	145	11	8	3
5325	0	0	0	0	18	181	18	16	2
5326	0	0	0	0	17	232	17	16	1
5336	0	0	0	0	7	132	7	6	1
5327	0	0	0	0	16	178	16	14	2
5336	0	0	0	0	7	89	7	7	0
5313	0	0	0	0	30	283	30	28	2
5324	0	0	0	0	19	138	19	18	1
5336	0	0	0	0	7	119	7	6	1
5330	0	0	0	0	13	69	13	12	1
5333	0	0	0	0	10	152	10	10	0
5326	0	0	0	0	17	166	17	15	2
5338	0	0	0	0	5	71	5	5	0
5329	0	0	0	0	14	143	14	13	1
5322	0	0	0	0	21	255	21	21	0
5335	0	0	0	0	8	122	8	7	1
5331	0	0	0	0	12	129	12	10	2
5336	0	0	0	0	7	144	7	7	0
5319	0	0	0	0	24	228	24	24	0
5332	0	0	0	0	11	125	11	10	1
5337	0	0	0	0	6	144	6	5	1
5337	0	0	0	0	6	121	6	6	0
5315	0	0	0	0	28	315	28	27	1
5312	0	0	0	0	31	386	31	30	1
5324	0	0	0	0	19	211	19	18	1
5331	0	0	0	0	12	159	12	12	0
5336	0	0	0	0	7	142	7	7	0
5314	0	0	0	0	29	282	29	27	2
5332	0	0	0	0	11	130	11	10	1
5337	0	0	0	0	6	140	6	6	0
5337	0	0	0	0	6	36	6	6	0
5337	0	0	0	0	6	71	6	6	0
5327	0	0	0	0	16	147	16	16	0
5306	0	0	0	0	37	188	37	35	2
5338	0	0	0	0	5	76	5	5	0
5330	0	0	0	0	13	100	13	13	0
5327	0	0	0	0	16	192	16	13	3
5332	0	0	0	0	11	120	11	10	1
5327	0	0	0	0	16	172	16	15	1
5338	0	0	0	0	5	69	5	5	0
5337	0	0	0	0	6	77	6	6	0
5332	0	0	0	0	11	114	11	11	0
5334	0	0	0	0	9	145	9	7	2
5338	0	0	0	0	5	46	5	5	0
5333	0	0	0	0	10	82	10	8	2
5327	0	0	0	0	16	314	16	14	2
5330	0	0	0	0	13	143	13	12	1
5337	0	0	0	0	6	88	6	6	0
5321	0	0	0	0	22	290	22	20	2
5333	0	0	0	0	10	125	10	8	2
5328	0	0	0	0	15	188	15	14	1
5330	0	0	0	0	13	136	13	12	1
5331	0	0	0	0	12	169	12	11	1
5325	0	0	0	0	18	256	18	16	2
5338	0	0	0	0	5	39	5	5	0
5338	0	0	0	0	5	8	5	5	0
5331	0	0	0	0	12	148	12	12	0
5337	0	0	0	0	6	60	6	5	1
5323	0	0	0	0	20	202	20	19	1
5338	0	0	0	0	5	99	5	5	0
5337	0	0	0	0	6	88	6	6	0
5337	0	0	0	0	6	68	6	6	0
5324	0	0	0	0	19	205	19	17	2
5337	0	0	0	0	6	24	6	5	1
5336	0	0	0	0	7	114	7	7	0
5327	0	0	0	0	16	200	16	14	2
5336	0	0	0	0	7	81	7	5	2
5337	0	0	0	0	6	86	6	6	0
5336	0	0	0	0	7	139	7	6	1
5327	0	0	0	0	16	199	16	14	2
5322	0	0	0	0	21	262	21	21	0
5335	0	0	0	0	8	89	8	7	1
5329	0	0	0	0	14	117	14	12	2
5337	0	0	0	0	6	98	6	6	0
5323	0	0	0	0	20	207	20	17	3
5334	0	0	0	0	9	144	9	9	0
5315	0	0	0	0	28	234	28	28	0
5325	0	0	0	0	18	240	18	14	4
5323	0	0	0	0	20	281	20	20	0
5336	0	0	0	0	7	130	7	7	0
5334	0	0	0	0	9	137	9	9	0
5321	0	0	0	0	22	206	22	21	1
5334	0	0	0	0	9	174	9	9	0
5325	0	0	0	0	18	51	18	17	1
5338	0	0	0	0	5	115	5	5	0
5327	0	0	0	0	16	226	16	14	2
5333	0	0	0	0	10	115	10	8	2
5304	0	0	0	0	39	289	39	36	3
5336	0	0	0	0	7	91	7	7	0
5336	0	0	0	0	7	148	7	7	0
5334	0	0	0	0	9	93	9	8	1
5334	0	0	0	0	9	58	9	9	0
5315	0	0	0	0	28	297	28	27	1
5336	0	0	0	0	7	138	7	7	0
5315	0	0	0	0	28	239	28	28	0
5333	0	0	0	0	10	98	10	9	1
5330	0	0	0	0	13	221	13	11	2
5338	0	0	0	0	5	124	5	5	0
5337	0	0	0	0	6	64	6	6	0
5320	0	0	0	0	23	215	23	23	0
5336	0	0	0	0	7	153	7	7	0
5335	0	0	0	0	8	97	8	8	0
5336	0	0	0	0	7	100	7	7	0
5336	0	0	0	0	7	107	7	7	0
5336	0	0	0	0	7	132	7	6	1
5335	0	0	0	0	8	63	8	8	0
5330	0	0	0	0	13	150	13	12	1
5322	0	0	0	0	21	228	21	18	3
5332	0	0	0	0	11	147	11	10	1
5336	0	0	0	0	7	101	7	7	0
5325	0	0	0	0	18	145	18	16	2
5329	0	0	0	0	14	175	14	13	1
5336	0	0	0	0	7	132	7	6	1
5334	0	0	0	0	9	81	9	9	0
5312	0	0	0	0	31	273	31	27	4
5327	0	0	0	0	16	172	16	14	2
5328	0	0	0	0	15	167	15	13	2
5329	0	0	0	0	14	188	14	12	2
5330	0	0	0	0	13	72	13	13	0
5327	0	0	0	0	16	153	16	14	2
5330	0	0	0	0	13	192	13	12	1
5336	0	0	0	0	7	107	7	7	0
5335	0	0	0	0	8	72	8	6	2
5337	0	0	0	0	6	31	6	6	0
5335	0	0	0	0	8	126	8	8	0
5337	0	0	0	0	6	60	6	6	0
5335	0	0	0	0	8	123	8	8	0
5333	0	0	0	0	10	131	10	8	2
5326	0	0	0	0	17	111	17	17	0
5322	0	0	0	0	21	232	21	21	0
5335	0	0	0	0	8	193	8	6	2
5332	0	0	0	0	11	170	11	9	2
5336	0	0	0	0	7	138	7	6	1
5337	0	0	0	0	6	113	6	6	0
5333	0	0	0	0	10	201	10	10	0
5334	0	0	0	0	9	134	9	8	1
5332	0	0	0	0	11	158	11	11	0
5329	0	0	0	0	14	136	14	10	4
5334	0	0	0	0	9	127	9	8	1
5321	0	0	0	0	22	243	22	20	2
5338	0	0	0	0	5	98	5	5	0
5334	0	0	0	0	9	143	9	8	1
5323	0	0	0	0	20	265	20	17	3
5319	0	0	0	0	24	296	24	22	2
5335	0	0	0	0	8	71	8	8	0
5336	0	0	0	0	7	129	7	7	0
5338	0	0	0	0	5	94	5	5	0
5338	0	0	0	0	5	75	5	5	0
5327	0	0	0	0	16	292	16	15	1
5334	0	0	0	0	9	79	9	9	0
5336	0	0	0	0	7	122	7	7	0
5314	0	0	0	0	29	245	29	28	1
