5338	0	0	0	0	5	1337	5	5	0
5337	0	0	0	0	6	1343	6	6	0
5338	0	0	0	0	5	1340	5	5	0
5337	0	0	0	0	6	1346	6	5	1
5336	0	0	0	0	7	1358	7	7	0
5336	0	0	0	0	7	1346	7	6	1
5336	0	0	0	0	7	1344	7	7	0
5317	0	0	0	0	26	1410	26	18	8
5338	0	0	0	0	5	1338	5	5	0
5335	0	0	0	0	8	1346	8	8	0
5336	0	0	0	0	7	1350	7	7	0
5336	0	0	0	0	7	1348	7	6	1
5335	0	0	0	0	8	1352	8	7	1
5333	0	0	0	0	10	1361	10	9	1
5336	0	0	0	0	7	1345	7	5	2
5330	0	0	0	0	13	1380	13	10	3
5336	0	0	0	0	7	1354	7	5	2
5334	0	0	0	0	9	1346	9	6	3
5338	0	0	0	0	5	1337	5	5	0
5329	0	0	0	0	14	1370	14	12	2
5337	0	0	0	0	6	1344	6	6	0
5319	0	0	0	0	24	1423	24	17	7
5336	0	0	0	0	7	1345	7	7	0
5330	0	0	0	0	13	1367	13	9	4
5335	0	0	0	0	8	1364	8	7	1
5338	0	0	0	0	5	1339	5	5	0
5334	0	0	0	0	9	1348	9	9	0
5316	0	0	0	0	27	1415	27	19	8
5337	0	0	0	0	6	1342	6	6	0
5338	0	0	0	0	5	1342	5	5	0
5334	0	0	0	0	9	1366	9	8	1
5338	0	0	0	0	5	1343	5	5	0
5336	0	0	0	0	7	1344	7	6	1
5336	0	0	0	0	7	1353	7	7	0
5332	0	0	0	0	11	1366	11	10	1
5333	0	0	0	0	10	1358	10	9	1
5338	0	0	0	0	5	1346	5	5	0
5338	0	0	0	0	5	1344	5	5	0
5332	0	0	0	0	11	1358	11	9	2
5338	0	0	0	0	5	1345	5	5	0
5337	0	0	0	0	6	1344	6	6	0
5338	0	0	0	0	5	1338	5	5	0
5332	0	0	0	0	11	1360	11	9	2
5334	0	0	0	0	9	1354	9	8	1
5335	0	0	0	0	8	1351	8	8	0
5337	0	0	0	0	6	1354	6	6	0
5334	0	0	0	0	9	1355	9	9	0
5335	0	0	0	0	8	1355	8	6	2
5331	0	0	0	0	12	1359	12	9	3
5323	0	0	0	0	20	1408	20	16	4
5334	0	0	0	0	9	1348	9	8	1
5323	0	0	0	0	20	1395	20	17	3
5327	0	0	0	0	16	1367	16	11	5
5338	0	0	0	0	5	1345	5	5	0
5330	0	0	0	0	13	1368	13	11	2
5334	0	0	0	0	9	1351	9	8	1
5333	0	0	0	0	10	1358	10	7	3
5336	0	0	0	0	7	1354	7	5	2
5335	0	0	0	0	8	1353	8	8	0
5332	0	0	0	0	11	1364	11	8	3
5322	0	0	0	0	21	1388	21	14	7
5334	0	0	0	0	9	1350	9	5	4
5330	0	0	0	0	13	1375	13	10	3
5330	0	0	0	0	13	1367	13	12	1
5333	0	0	0	0	10	1349	10	8	2
5334	0	0	0	0	9	1352	9	7	2
5336	0	0	0	0	7	1342	7	7	0
5331	0	0	0	0	12	1359	12	9	3
5332	0	0	0	0	11	1363	11	8	3
5335	0	0	0	0	8	1347	8	5	3
5336	0	0	0	0	7	1349	7	7	0
5337	0	0	0	0	6	1341	6	5	1
5337	0	0	0	0	6	1343	6	5	1
5338	0	0	0	0	5	1339	5	5	0
5338	0	0	0	0	5	1349	5	5	0
5330	0	0	0	0	13	1363	13	9	4
5333	0	0	0	0	10	1357	10	7	3
5337	0	0	0	0	6	1349	6	5	1
5336	0	0	0	0	7	1354	7	7	0
5334	0	0	0	0	9	1365	9	7	2
5331	0	0	0	0	12	1362	12	10	2
5337	0	0	0	0	6	1350	6	5	1
5318	0	0	0	0	25	1392	25	13	12
5338	0	0	0	0	5	1341	5	5	0
5328	0	0	0	0	15	1394	15	12	3
5333	0	0	0	0	10	1354	10	9	1
5335	0	0	0	0	8	1353	8	8	0
5338	0	0	0	0	5	1336	5	5	0
5335	0	0	0	0	8	1363	8	7	1
5336	0	0	0	0	7	1342	7	7	0
5336	0	0	0	0	7	1351	7	6	1
5338	0	0	0	0	5	1349	5	5	0
5335	0	0	0	0	8	1360	8	8	0
5337	0	0	0	0	6	1343	6	6	0
5337	0	0	0	0	6	1345	6	6	0
5338	0	0	0	0	5	1343	5	5	0
5335	0	0	0	0	8	1349	8	8	0
5335	0	0	0	0	8	1356	8	7	1
5337	0	0	0	0	6	1344	6	5	1
5336	0	0	0	0	7	1350	7	6	1
5338	0	0	0	0	5	1342	5	5	0
5336	0	0	0	0	7	1345	7	7	0
5334	0	0	0	0	9	1365	9	8	1
5338	0	0	0	0	5	1346	5	5	0
5335	0	0	0	0	8	1348	8	7	1
5328	0	0	0	0	15	1381	15	13	2
5328	0	0	0	0	15	1379	15	12	3
5336	0	0	0	0	7	1351	7	5	2
5334	0	0	0	0	9	1357	9	8	1
5335	0	0	0	0	8	1356	8	6	2
5338	0	0	0	0	5	1339	5	5	0
5334	0	0	0	0	9	1352	9	8	1
5336	0	0	0	0	7	1355	7	7	0
5335	0	0	0	0	8	1344	8	8	0
5330	0	0	0	0	13	1355	13	8	5
5337	0	0	0	0	6	1349	6	6	0
5335	0	0	0	0	8	1354	8	6	2
5327	0	0	0	0	16	1396	16	14	2
5335	0	0	0	0	8	1346	8	8	0
5324	0	0	0	0	19	1393	19	15	4
5335	0	0	0	0	8	1362	8	8	0
5327	0	0	0	0	16	1388	16	16	0
5326	0	0	0	0	17	1371	17	12	5
5333	0	0	0	0	10	1365	10	10	0
5336	0	0	0	0	7	1349	7	6	1
5337	0	0	0	0	6	1344	6	5	1
5321	0	0	0	0	22	1400	22	19	3
5338	0	0	0	0	5	1340	5	5	0
5338	0	0	0	0	5	1343	5	5	0
5338	0	0	0	0	5	1345	5	5	0
5334	0	0	0	0	9	1370	9	6	3
5333	0	0	0	0	10	1375	10	7	3
5328	0	0	0	0	15	1376	15	15	0
5338	0	0	0	0	5	1347	5	5	0
5332	0	0	0	0	11	1361	11	7	4
5335	0	0	0	0	8	1354	8	6	2
5334	0	0	0	0	9	1356	9	7	2
5334	0	0	0	0	9	1354	9	6	3
5337	0	0	0	0	6	1350	6	6	0
5335	0	0	0	0	8	1361	8	7	1
5336	0	0	0	0	7	1347	7	7	0
5321	0	0	0	0	22	1394	22	17	5
5338	0	0	0	0	5	1343	5	5	0
5337	0	0	0	0	6	1343	6	5	1
5309	0	0	0	0	34	1414	34	27	7
5308	0	0	0	0	35	1424	35	24	11
5336	0	0	0	0	7	1355	7	6	1
5338	0	0	0	0	5	1346	5	5	0
5334	0	0	0	0	9	1361	9	8	1
5335	0	0	0	0	8	1359	8	7	1
5338	0	0	0	0	5	1342	5	5	0
5332	0	0	0	0	11	1369	11	9	2
5333	0	0	0	0	10	1373	10	8	2
5336	0	0	0	0	7	1346	7	6	1
5338	0	0	0	0	5	1343	5	5	0
5331	0	0	0	0	12	1364	12	11	1
5332	0	0	0	0	11	1363	11	9	2
5316	0	0	0	0	27	1430	27	23	4
5335	0	0	0	0	8	1358	8	8	0
5336	0	0	0	0	7	1342	7	6	1
5337	0	0	0	0	6	1346	6	5	1
5328	0	0	0	0	15	1370	15	12	3
5314	0	0	0	0	29	1427	29	23	6
5333	0	0	0	0	10	1357	10	8	2
5332	0	0	0	0	11	1360	11	9	2
5334	0	0	0	0	9	1360	9	6	3
5328	0	0	0	0	15	1373	15	9	6
5336	0	0	0	0	7	1348	7	7	0
5336	0	0	0	0	7	1355	7	6	1
5333	0	0	0	0	10	1371	10	8	2
5336	0	0	0	0	7	1345	7	7	0
5336	0	0	0	0	7	1345	7	6	1
5333	0	0	0	0	10	1360	10	7	3
5333	0	0	0	0	10	1359	10	9	1
5333	0	0	0	0	10	1354	10	7	3
5334	0	0	0	0	9	1355	9	9	0
5337	0	0	0	0	6	1348	6	6	0
5338	0	0	0	0	5	1345	5	5	0
5337	0	0	0	0	6	1343	6	5	1
5334	0	0	0	0	9	1356	9	9	0
5335	0	0	0	0	8	1357	8	6	2
5327	0	0	0	0	16	1361	16	11	5
5307	0	0	0	0	36	1425	36	28	8
5311	0	0	0	0	32	1410	32	22	10
5334	0	0	0	0	9	1365	9	9	0
5335	0	0	0	0	8	1357	8	6	2
5337	0	0	0	0	6	1340	6	6	0
5337	0	0	0	0	6	1345	6	6	0
5332	0	0	0	0	11	1367	11	9	2
5326	0	0	0	0	17	1386	17	14	3
5330	0	0	0	0	13	1370	13	11	2
5336	0	0	0	0	7	1348	7	6	1
5334	0	0	0	0	9	1359	9	7	2
5330	0	0	0	0	13	1369	13	12	1
5335	0	0	0	0	8	1343	8	8	0
5320	0	0	0	0	23	1381	23	16	7
5338	0	0	0	0	5	1338	5	5	0
5329	0	0	0	0	14	1357	14	10	4
5333	0	0	0	0	10	1366	10	8	2
5338	0	0	0	0	5	1350	5	5	0
5337	0	0	0	0	6	1346	6	6	0
5338	0	0	0	0	5	1338	5	5	0
5336	0	0	0	0	7	1354	7	6	1
5331	0	0	0	0	12	1377	12	12	0
5337	0	0	0	0	6	1342	6	5	1
5327	0	0	0	0	16	1398	16	15	1
5328	0	0	0	0	15	1369	15	12	3
5330	0	0	0	0	13	1365	13	11	2
5338	0	0	0	0	5	1342	5	5	0
5334	0	0	0	0	9	1354	9	7	2
5328	0	0	0	0	15	1362	15	12	3
5338	0	0	0	0	5	1338	5	5	0
5335	0	0	0	0	8	1356	8	8	0
5333	0	0	0	0	10	1355	10	7	3
5335	0	0	0	0	8	1344	8	8	0
5332	0	0	0	0	11	1354	11	9	2
5338	0	0	0	0	5	1341	5	5	0
5335	0	0	0	0	8	1350	8	7	1
5334	0	0	0	0	9	1361	9	6	3
5335	0	0	0	0	8	1347	8	8	0
5338	0	0	0	0	5	1334	5	5	0
5331	0	0	0	0	12	1372	12	10	2
5338	0	0	0	0	5	1337	5	5	0
5336	0	0	0	0	7	1351	7	7	0
5337	0	0	0	0	6	1350	6	6	0
5338	0	0	0	0	5	1347	5	5	0
5325	0	0	0	0	18	1378	18	14	4
5326	0	0	0	0	17	1380	17	13	4
5336	0	0	0	0	7	1363	7	7	0
5337	0	0	0	0	6	1350	6	6	0
5326	0	0	0	0	17	1388	17	15	2
5323	0	0	0	0	20	1369	20	18	2
5338	0	0	0	0	5	1342	5	5	0
5334	0	0	0	0	9	1359	9	7	2
5338	0	0	0	0	5	1340	5	5	0
5336	0	0	0	0	7	1354	7	7	0
5329	0	0	0	0	14	1361	14	13	1
5330	0	0	0	0	13	1373	13	10	3
5323	0	0	0	0	20	1394	20	17	3
5319	0	0	0	0	24	1416	24	18	6
5338	0	0	0	0	5	1338	5	5	0
5338	0	0	0	0	5	1345	5	5	0
5336	0	0	0	0	7	1349	7	5	2
5329	0	0	0	0	14	1361	14	12	2
5338	0	0	0	0	5	1347	5	5	0
5337	0	0	0	0	6	1349	6	6	0
5331	0	0	0	0	12	1386	12	10	2
5331	0	0	0	0	12	1372	12	9	3
5333	0	0	0	0	10	1346	10	7	3
5338	0	0	0	0	5	1337	5	5	0
5324	0	0	0	0	19	1396	19	10	9
5337	0	0	0	0	6	1347	6	5	1
5336	0	0	0	0	7	1350	7	7	0
5325	0	0	0	0	18	1391	18	14	4
5335	0	0	0	0	8	1352	8	6	2
5335	0	0	0	0	8	1345	8	7	1
5338	0	0	0	0	5	1340	5	5	0
5325	0	0	0	0	18	1379	18	15	3
5338	0	0	0	0	5	1340	5	5	0
5329	0	0	0	0	14	1374	14	10	4
5335	0	0	0	0	8	1365	8	7	1
5337	0	0	0	0	6	1343	6	5	1
5336	0	0	0	0	7	1355	7	6	1
5329	0	0	0	0	14	1366	14	7	7
5337	0	0	0	0	6	1349	6	6	0
5336	0	0	0	0	7	1357	7	7	0
5317	0	0	0	0	26	1406	26	18	8
5332	0	0	0	0	11	1363	11	7	4
5338	0	0	0	0	5	1337	5	5	0
5335	0	0	0	0	8	1355	8	8	0
5337	0	0	0	0	6	1347	6	5	1
5322	0	0	0	0	21	1416	21	17	4
5338	0	0	0	0	5	1346	5	5	0
5332	0	0	0	0	11	1361	11	9	2
5334	0	0	0	0	9	1362	9	8	1
5338	0	0	0	0	5	1345	5	5	0
5332	0	0	0	0	11	1360	11	9	2
5338	0	0	0	0	5	1341	5	5	0
5335	0	0	0	0	8	1351	8	8	0
5337	0	0	0	0	6	1345	6	6	0
5329	0	0	0	0	14	1381	14	12	2
5337	0	0	0	0	6	1352	6	6	0
5319	0	0	0	0	24	1380	24	18	6
5336	0	0	0	0	7	1351	7	6	1
5335	0	0	0	0	8	1356	8	6	2
5303	0	0	0	0	40	1451	40	27	13
5330	0	0	0	0	13	1366	13	10	3
5332	0	0	0	0	11	1366	11	11	0
5326	0	0	0	0	17	1398	17	15	2
5337	0	0	0	0	6	1350	6	6	0
5338	0	0	0	0	5	1344	5	5	0
5336	0	0	0	0	7	1350	7	7	0
5337	0	0	0	0	6	1338	6	6	0
5338	0	0	0	0	5	1348	5	5	0
5333	0	0	0	0	10	1356	10	7	3
5336	0	0	0	0	7	1341	7	6	1
5331	0	0	0	0	12	1365	12	11	1
5332	0	0	0	0	11	1353	11	7	4
5337	0	0	0	0	6	1350	6	5	1
5334	0	0	0	0	9	1360	9	6	3
5331	0	0	0	0	12	1377	12	10	2
5336	0	0	0	0	7	1351	7	6	1
5320	0	0	0	0	23	1414	23	19	4
5338	0	0	0	0	5	1342	5	5	0
5338	0	0	0	0	5	1346	5	5	0
5329	0	0	0	0	14	1375	14	11	3
5336	0	0	0	0	7	1351	7	5	2
5338	0	0	0	0	5	1348	5	5	0
5334	0	0	0	0	9	1357	9	7	2
5334	0	0	0	0	9	1364	9	6	3
5338	0	0	0	0	5	1350	5	5	0
5338	0	0	0	0	5	1341	5	5	0
5338	0	0	0	0	5	1341	5	5	0
5335	0	0	0	0	8	1358	8	7	1
5337	0	0	0	0	6	1341	6	6	0
5337	0	0	0	0	6	1342	6	6	0
5337	0	0	0	0	6	1343	6	6	0
5334	0	0	0	0	9	1352	9	8	1
5331	0	0	0	0	12	1359	12	8	4
5325	0	0	0	0	18	1401	18	18	0
5334	0	0	0	0	9	1350	9	8	1
5333	0	0	0	0	10	1346	10	10	0
5332	0	0	0	0	11	1372	11	9	2
5327	0	0	0	0	16	1376	16	12	4
5337	0	0	0	0	6	1350	6	6	0
5333	0	0	0	0	10	1352	10	7	3
5335	0	0	0	0	8	1344	8	8	0
5337	0	0	0	0	6	1356	6	6	0
5337	0	0	0	0	6	1345	6	6	0
5336	0	0	0	0	7	1344	7	5	2
5338	0	0	0	0	5	1348	5	5	0
5337	0	0	0	0	6	1343	6	6	0
5338	0	0	0	0	5	1340	5	5	0
5338	0	0	0	0	5	1342	5	5	0
5338	0	0	0	0	5	1335	5	5	0
5334	0	0	0	0	9	1353	9	9	0
5337	0	0	0	0	6	1351	6	6	0
5338	0	0	0	0	5	1341	5	5	0
5331	0	0	0	0	12	1371	12	11	1
5333	0	0	0	0	10	1343	10	10	0
5337	0	0	0	0	6	1353	6	6	0
5334	0	0	0	0	9	1362	9	7	2
5338	0	0	0	0	5	1349	5	5	0
5332	0	0	0	0	11	1354	11	9	2
5338	0	0	0	0	5	1339	5	5	0
5336	0	0	0	0	7	1361	7	7	0
5337	0	0	0	0	6	1336	6	6	0
5336	0	0	0	0	7	1357	7	7	0
5326	0	0	0	0	17	1387	17	15	2
5334	0	0	0	0	9	1362	9	7	2
5330	0	0	0	0	13	1378	13	10	3
5337	0	0	0	0	6	1354	6	5	1
5336	0	0	0	0	7	1356	7	6	1
5334	0	0	0	0	9	1355	9	9	0
5335	0	0	0	0	8	1353	8	7	1
5310	0	0	0	0	33	1438	33	24	9
5335	0	0	0	0	8	1356	8	6	2
5333	0	0	0	0	10	1346	10	9	1
5335	0	0	0	0	8	1358	8	7	1
5324	0	0	0	0	19	1384	19	14	5
5338	0	0	0	0	5	1345	5	5	0
5334	0	0	0	0	9	1354	9	7	2
5334	0	0	0	0	9	1358	9	9	0
5336	0	0	0	0	7	1344	7	6	1
5333	0	0	0	0	10	1364	10	8	2
5338	0	0	0	0	5	1345	5	5	0
5338	0	0	0	0	5	1343	5	5	0
5335	0	0	0	0	8	1355	8	7	1
5330	0	0	0	0	13	1370	13	11	2
5338	0	0	0	0	5	1341	5	5	0
5334	0	0	0	0	9	1349	9	8	1
5329	0	0	0	0	14	1377	14	11	3
5333	0	0	0	0	10	1352	10	8	2
5335	0	0	0	0	8	1353	8	8	0
5335	0	0	0	0	8	1354	8	7	1
5315	0	0	0	0	28	1430	28	22	6
5333	0	0	0	0	10	1352	10	9	1
5337	0	0	0	0	6	1360	6	6	0
5337	0	0	0	0	6	1338	6	6	0
5337	0	0	0	0	6	1339	6	6	0
5338	0	0	0	0	5	1339	5	5	0
5330	0	0	0	0	13	1380	13	11	2
5338	0	0	0	0	5	1340	5	5	0
5338	0	0	0	0	5	1343	5	5	0
5325	0	0	0	0	18	1386	18	13	5
5318	0	0	0	0	25	1389	25	20	5
5332	0	0	0	0	11	1359	11	11	0
5338	0	0	0	0	5	1347	5	5	0
5338	0	0	0	0	5	1344	5	5	0
5338	0	0	0	0	5	1344	5	5	0
5332	0	0	0	0	11	1356	11	10	1
5338	0	0	0	0	5	1339	5	5	0
5334	0	0	0	0	9	1351	9	6	3
5334	0	0	0	0	9	1359	9	8	1
5332	0	0	0	0	11	1365	11	11	0
5337	0	0	0	0	6	1343	6	5	1
5335	0	0	0	0	8	1363	8	7	1
5333	0	0	0	0	10	1364	10	6	4
5332	0	0	0	0	11	1361	11	9	2
5335	0	0	0	0	8	1360	8	7	1
5325	0	0	0	0	18	1385	18	15	3
5333	0	0	0	0	10	1365	10	10	0
5338	0	0	0	0	5	1337	5	5	0
5338	0	0	0	0	5	1337	5	5	0
5331	0	0	0	0	12	1368	12	11	1
5335	0	0	0	0	8	1346	8	8	0
5337	0	0	0	0	6	1346	6	5	1
5338	0	0	0	0	5	1349	5	5	0
5338	0	0	0	0	5	1339	5	5	0
5338	0	0	0	0	5	1345	5	5	0
5334	0	0	0	0	9	1350	9	8	1
5337	0	0	0	0	6	1336	6	5	1
5338	0	0	0	0	5	1338	5	5	0
5332	0	0	0	0	11	1370	11	9	2
5333	0	0	0	0	10	1357	10	7	3
5338	0	0	0	0	5	1336	5	5	0
5320	0	0	0	0	23	1398	23	19	4
5333	0	0	0	0	10	1366	10	8	2
5332	0	0	0	0	11	1369	11	11	0
5336	0	0	0	0	7	1347	7	5	2
5333	0	0	0	0	10	1357	10	9	1
5334	0	0	0	0	9	1358	9	9	0
5318	0	0	0	0	25	1412	25	20	5
5335	0	0	0	0	8	1352	8	7	1
5334	0	0	0	0	9	1348	9	8	1
5326	0	0	0	0	17	1385	17	13	4
5337	0	0	0	0	6	1346	6	6	0
5328	0	0	0	0	15	1360	15	13	2
5338	0	0	0	0	5	1341	5	5	0
5337	0	0	0	0	6	1346	6	5	1
5337	0	0	0	0	6	1350	6	6	0
5330	0	0	0	0	13	1351	13	12	1
5338	0	0	0	0	5	1342	5	5	0
5332	0	0	0	0	11	1365	11	9	2
5329	0	0	0	0	14	1374	14	10	4
5313	0	0	0	0	30	1428	30	19	11
5335	0	0	0	0	8	1353	8	7	1
5338	0	0	0	0	5	1346	5	5	0
5334	0	0	0	0	9	1352	9	8	1
5336	0	0	0	0	7	1340	7	7	0
5332	0	0	0	0	11	1357	11	9	2
5337	0	0	0	0	6	1360	6	6	0
5333	0	0	0	0	10	1350	10	10	0
5335	0	0	0	0	8	1349	8	7	1
5334	0	0	0	0	9	1356	9	6	3
5336	0	0	0	0	7	1362	7	7	0
5337	0	0	0	0	6	1343	6	6	0
5338	0	0	0	0	5	1348	5	5	0
5331	0	0	0	0	12	1381	12	12	0
5334	0	0	0	0	9	1350	9	9	0
5337	0	0	0	0	6	1350	6	6	0
5337	0	0	0	0	6	1343	6	6	0
5337	0	0	0	0	6	1352	6	6	0
5337	0	0	0	0	6	1349	6	6	0
5336	0	0	0	0	7	1353	7	7	0
5317	0	0	0	0	26	1408	26	21	5
5334	0	0	0	0	9	1366	9	8	1
5334	0	0	0	0	9	1354	9	9	0
5332	0	0	0	0	11	1358	11	9	2
5329	0	0	0	0	14	1381	14	13	1
5319	0	0	0	0	24	1388	24	18	6
5338	0	0	0	0	5	1347	5	5	0
5315	0	0	0	0	28	1415	28	21	7
5330	0	0	0	0	13	1355	13	10	3
5335	0	0	0	0	8	1347	8	6	2
5330	0	0	0	0	13	1360	13	10	3
5331	0	0	0	0	12	1346	12	10	2
5329	0	0	0	0	14	1378	14	12	2
5336	0	0	0	0	7	1350	7	7	0
5337	0	0	0	0	6	1361	6	5	1
5335	0	0	0	0	8	1339	8	6	2
5336	0	0	0	0	7	1340	7	7	0
5338	0	0	0	0	5	1342	5	5	0
5338	0	0	0	0	5	1342	5	5	0
5335	0	0	0	0	8	1345	8	8	0
5326	0	0	0	0	17	1366	17	12	5
5337	0	0	0	0	6	1343	6	6	0
5337	0	0	0	0	6	1348	6	6	0
5331	0	0	0	0	12	1383	12	10	2
5335	0	0	0	0	8	1361	8	8	0
5337	0	0	0	0	6	1352	6	5	1
5338	0	0	0	0	5	1348	5	5	0
5334	0	0	0	0	9	1384	9	9	0
5331	0	0	0	0	12	1361	12	10	2
5335	0	0	0	0	8	1353	8	8	0
5331	0	0	0	0	12	1372	12	9	3
5337	0	0	0	0	6	1347	6	5	1
5319	0	0	0	0	24	1390	24	17	7
5338	0	0	0	0	5	1341	5	5	0
5337	0	0	0	0	6	1346	6	5	1
5327	0	0	0	0	16	1380	16	11	5
5336	0	0	0	0	7	1349	7	6	1
5335	0	0	0	0	8	1341	8	8	0
5333	0	0	0	0	10	1355	10	9	1
5338	0	0	0	0	5	1346	5	5	0
5338	0	0	0	0	5	1346	5	5	0
5332	0	0	0	0	11	1354	11	9	2
5335	0	0	0	0	8	1349	8	8	0
5338	0	0	0	0	5	1342	5	5	0
5324	0	0	0	0	19	1404	19	16	3
