5338	0	0	0	0	5	2015	5	5	0
5337	0	0	0	0	6	1997	6	5	1
5338	0	0	0	0	5	2021	5	5	0
5337	0	0	0	0	6	2012	6	5	1
5338	0	0	0	0	5	2065	5	5	0
5336	0	0	0	0	7	1983	7	5	2
5338	0	0	0	0	5	2069	5	5	0
5336	0	0	0	0	7	2110	7	5	2
5338	0	0	0	0	5	2022	5	5	0
5338	0	0	0	0	5	2049	5	5	0
5338	0	0	0	0	5	2016	5	5	0
5337	0	0	0	0	6	2039	6	5	1
5337	0	0	0	0	6	2100	6	5	1
5338	0	0	0	0	5	2067	5	5	0
5337	0	0	0	0	6	2023	6	5	1
5335	0	0	0	0	8	2227	8	6	2
5336	0	0	0	0	7	2079	7	5	2
5336	0	0	0	0	7	1979	7	5	2
5338	0	0	0	0	5	2083	5	5	0
5337	0	0	0	0	6	1995	6	5	1
5338	0	0	0	0	5	2001	5	5	0
5338	0	0	0	0	5	2091	5	5	0
5338	0	0	0	0	5	2063	5	5	0
5336	0	0	0	0	7	2016	7	5	2
5337	0	0	0	0	6	2145	6	5	1
5337	0	0	0	0	6	2115	6	5	1
5338	0	0	0	0	5	2013	5	5	0
5336	0	0	0	0	7	2147	7	5	2
5338	0	0	0	0	5	2030	5	5	0
5338	0	0	0	0	5	2074	5	5	0
5337	0	0	0	0	6	2128	6	5	1
5338	0	0	0	0	5	2078	5	5	0
5337	0	0	0	0	6	2017	6	5	1
5338	0	0	0	0	5	2017	5	5	0
5337	0	0	0	0	6	2107	6	5	1
5337	0	0	0	0	6	2095	6	5	1
5338	0	0	0	0	5	2064	5	5	0
5338	0	0	0	0	5	2084	5	5	0
5335	0	0	0	0	8	2099	8	5	3
5337	0	0	0	0	6	2070	6	5	1
5337	0	0	0	0	6	1995	6	5	1
5338	0	0	0	0	5	1961	5	5	0
5337	0	0	0	0	6	2056	6	5	1
5336	0	0	0	0	7	2098	7	5	2
5338	0	0	0	0	5	2007	5	5	0
5337	0	0	0	0	6	2262	6	6	0
5338	0	0	0	0	5	2012	5	5	0
5336	0	0	0	0	7	2139	7	5	2
5334	0	0	0	0	9	2068	9	5	4
5337	0	0	0	0	6	2093	6	5	1
5337	0	0	0	0	6	1946	6	5	1
5337	0	0	0	0	6	2103	6	5	1
5338	0	0	0	0	5	2018	5	5	0
5338	0	0	0	0	5	2068	5	5	0
5336	0	0	0	0	7	2092	7	5	2
5336	0	0	0	0	7	2103	7	5	2
5334	0	0	0	0	9	2034	9	5	4
5336	0	0	0	0	7	2112	7	5	2
5337	0	0	0	0	6	2046	6	5	1
5336	0	0	0	0	7	2105	7	5	2
5335	0	0	0	0	8	2051	8	5	3
5336	0	0	0	0	7	1986	7	5	2
5337	0	0	0	0	6	2033	6	5	1
5336	0	0	0	0	7	2075	7	5	2
5336	0	0	0	0	7	1919	7	5	2
5336	0	0	0	0	7	2020	7	5	2
5338	0	0	0	0	5	1978	5	5	0
5336	0	0	0	0	7	1993	7	5	2
5335	0	0	0	0	8	2186	8	5	3
5335	0	0	0	0	8	2082	8	5	3
5338	0	0	0	0	5	2082	5	5	0
5337	0	0	0	0	6	2003	6	5	1
5337	0	0	0	0	6	2001	6	5	1
5338	0	0	0	0	5	1963	5	5	0
5338	0	0	0	0	5	2060	5	5	0
5337	0	0	0	0	6	2012	6	5	1
5336	0	0	0	0	7	1998	7	5	2
5337	0	0	0	0	6	2091	6	5	1
5337	0	0	0	0	6	2106	6	5	1
5335	0	0	0	0	8	2211	8	6	2
5338	0	0	0	0	5	2060	5	5	0
5337	0	0	0	0	6	2079	6	5	1
5336	0	0	0	0	7	2051	7	5	2
5338	0	0	0	0	5	1973	5	5	0
5337	0	0	0	0	6	2071	6	5	1
5337	0	0	0	0	6	2063	6	5	1
5338	0	0	0	0	5	2128	5	5	0
5338	0	0	0	0	5	1972	5	5	0
5337	0	0	0	0	6	2076	6	5	1
5336	0	0	0	0	7	1981	7	5	2
5337	0	0	0	0	6	2114	6	5	1
5338	0	0	0	0	5	2042	5	5	0
5338	0	0	0	0	5	2046	5	5	0
5338	0	0	0	0	5	2035	5	5	0
5338	0	0	0	0	5	2005	5	5	0
5338	0	0	0	0	5	2086	5	5	0
5338	0	0	0	0	5	1984	5	5	0
5336	0	0	0	0	7	2101	7	5	2
5337	0	0	0	0	6	2011	6	5	1
5338	0	0	0	0	5	2038	5	5	0
5338	0	0	0	0	5	2060	5	5	0
5337	0	0	0	0	6	2093	6	5	1
5337	0	0	0	0	6	2119	6	5	1
5338	0	0	0	0	5	2078	5	5	0
5337	0	0	0	0	6	2071	6	5	1
5337	0	0	0	0	6	2093	6	5	1
5337	0	0	0	0	6	2093	6	5	1
5336	0	0	0	0	7	2072	7	5	2
5338	0	0	0	0	5	2078	5	5	0
5338	0	0	0	0	5	2096	5	5	0
5338	0	0	0	0	5	1942	5	5	0
5336	0	0	0	0	7	2108	7	5	2
5338	0	0	0	0	5	2021	5	5	0
5338	0	0	0	0	5	1994	5	5	0
5336	0	0	0	0	7	2056	7	5	2
5338	0	0	0	0	5	2077	5	5	0
5336	0	0	0	0	7	2021	7	5	2
5336	0	0	0	0	7	2118	7	5	2
5338	0	0	0	0	5	2087	5	5	0
5337	0	0	0	0	6	2131	6	5	1
5338	0	0	0	0	5	2078	5	5	0
5335	0	0	0	0	8	2164	8	5	3
5336	0	0	0	0	7	2062	7	5	2
5337	0	0	0	0	6	2024	6	5	1
5337	0	0	0	0	6	2072	6	5	1
5337	0	0	0	0	6	2096	6	5	1
5337	0	0	0	0	6	2106	6	5	1
5338	0	0	0	0	5	1997	5	5	0
5336	0	0	0	0	7	2037	7	5	2
5338	0	0	0	0	5	2020	5	5	0
5335	0	0	0	0	8	2100	8	5	3
5337	0	0	0	0	6	2121	6	5	1
5338	0	0	0	0	5	2067	5	5	0
5338	0	0	0	0	5	2093	5	5	0
5335	0	0	0	0	8	2101	8	5	3
5336	0	0	0	0	7	2076	7	5	2
5338	0	0	0	0	5	2002	5	5	0
5335	0	0	0	0	8	2019	8	5	3
5338	0	0	0	0	5	2025	5	5	0
5337	0	0	0	0	6	2077	6	5	1
5337	0	0	0	0	6	2043	6	5	1
5337	0	0	0	0	6	2094	6	5	1
5338	0	0	0	0	5	2056	5	5	0
5337	0	0	0	0	6	2091	6	5	1
5334	0	0	0	0	9	2043	9	5	4
5335	0	0	0	0	8	2132	8	5	3
5337	0	0	0	0	6	2088	6	5	1
5338	0	0	0	0	5	2063	5	5	0
5336	0	0	0	0	7	2061	7	5	2
5337	0	0	0	0	6	2072	6	5	1
5338	0	0	0	0	5	1981	5	5	0
5337	0	0	0	0	6	2066	6	5	1
5335	0	0	0	0	8	2115	8	5	3
5337	0	0	0	0	6	2053	6	5	1
5338	0	0	0	0	5	2053	5	5	0
5336	0	0	0	0	7	2207	7	6	1
5337	0	0	0	0	6	2026	6	5	1
5337	0	0	0	0	6	2111	6	5	1
5338	0	0	0	0	5	2077	5	5	0
5337	0	0	0	0	6	1974	6	5	1
5337	0	0	0	0	6	2057	6	5	1
5337	0	0	0	0	6	2030	6	5	1
5338	0	0	0	0	5	2026	5	5	0
5337	0	0	0	0	6	2087	6	5	1
5336	0	0	0	0	7	2086	7	5	2
5337	0	0	0	0	6	2092	6	5	1
5334	0	0	0	0	9	2086	9	5	4
5338	0	0	0	0	5	1894	5	5	0
5337	0	0	0	0	6	2120	6	5	1
5337	0	0	0	0	6	2044	6	5	1
5338	0	0	0	0	5	2057	5	5	0
5337	0	0	0	0	6	2086	6	5	1
5336	0	0	0	0	7	2029	7	5	2
5336	0	0	0	0	7	2055	7	5	2
5337	0	0	0	0	6	1996	6	5	1
5338	0	0	0	0	5	2082	5	5	0
5338	0	0	0	0	5	2096	5	5	0
5338	0	0	0	0	5	2085	5	5	0
5337	0	0	0	0	6	1985	6	5	1
5336	0	0	0	0	7	2088	7	5	2
5337	0	0	0	0	6	2108	6	5	1
5337	0	0	0	0	6	2079	6	5	1
5336	0	0	0	0	7	2024	7	5	2
5337	0	0	0	0	6	2018	6	5	1
5337	0	0	0	0	6	2058	6	5	1
5336	0	0	0	0	7	2084	7	5	2
5338	0	0	0	0	5	1947	5	5	0
5338	0	0	0	0	5	2106	5	5	0
5337	0	0	0	0	6	2070	6	5	1
5337	0	0	0	0	6	2204	6	6	0
5336	0	0	0	0	7	2114	7	5	2
5337	0	0	0	0	6	2102	6	5	1
5337	0	0	0	0	6	2094	6	5	1
5336	0	0	0	0	7	2108	7	5	2
5338	0	0	0	0	5	2081	5	5	0
5334	0	0	0	0	9	2073	9	5	4
5338	0	0	0	0	5	1996	5	5	0
5336	0	0	0	0	7	2119	7	5	2
5337	0	0	0	0	6	1998	6	5	1
5338	0	0	0	0	5	2021	5	5	0
5338	0	0	0	0	5	2067	5	5	0
5338	0	0	0	0	5	1975	5	5	0
5337	0	0	0	0	6	2038	6	5	1
5335	0	0	0	0	8	2172	8	5	3
5337	0	0	0	0	6	1980	6	5	1
5337	0	0	0	0	6	2085	6	5	1
5338	0	0	0	0	5	2054	5	5	0
5338	0	0	0	0	5	2071	5	5	0
5338	0	0	0	0	5	1979	5	5	0
5335	0	0	0	0	8	2116	8	5	3
5337	0	0	0	0	6	1973	6	5	1
5338	0	0	0	0	5	1993	5	5	0
5338	0	0	0	0	5	2005	5	5	0
5335	0	0	0	0	8	2060	8	5	3
5338	0	0	0	0	5	1965	5	5	0
5337	0	0	0	0	6	2025	6	5	1
5338	0	0	0	0	5	1985	5	5	0
5337	0	0	0	0	6	2036	6	5	1
5337	0	0	0	0	6	2094	6	5	1
5338	0	0	0	0	5	2000	5	5	0
5337	0	0	0	0	6	1976	6	5	1
5336	0	0	0	0	7	2135	7	5	2
5338	0	0	0	0	5	1954	5	5	0
5336	0	0	0	0	7	2065	7	6	1
5338	0	0	0	0	5	2052	5	5	0
5338	0	0	0	0	5	2059	5	5	0
5337	0	0	0	0	6	2071	6	5	1
5333	0	0	0	0	10	2143	10	5	5
5337	0	0	0	0	6	2096	6	5	1
5338	0	0	0	0	5	2049	5	5	0
5337	0	0	0	0	6	2046	6	5	1
5335	0	0	0	0	8	2017	8	5	3
5338	0	0	0	0	5	2070	5	5	0
5336	0	0	0	0	7	2078	7	5	2
5338	0	0	0	0	5	2070	5	5	0
5337	0	0	0	0	6	2104	6	5	1
5338	0	0	0	0	5	2021	5	5	0
5335	0	0	0	0	8	2027	8	5	3
5335	0	0	0	0	8	2108	8	5	3
5336	0	0	0	0	7	2105	7	5	2
5338	0	0	0	0	5	1951	5	5	0
5338	0	0	0	0	5	2055	5	5	0
5336	0	0	0	0	7	2047	7	5	2
5336	0	0	0	0	7	2050	7	5	2
5338	0	0	0	0	5	2058	5	5	0
5338	0	0	0	0	5	2091	5	5	0
5336	0	0	0	0	7	2041	7	5	2
5338	0	0	0	0	5	2009	5	5	0
5335	0	0	0	0	8	1964	8	5	3
5338	0	0	0	0	5	2016	5	5	0
5334	0	0	0	0	9	2066	9	5	4
5337	0	0	0	0	6	2070	6	5	1
5338	0	0	0	0	5	2090	5	5	0
5336	0	0	0	0	7	2068	7	5	2
5337	0	0	0	0	6	1991	6	5	1
5337	0	0	0	0	6	2022	6	5	1
5338	0	0	0	0	5	2037	5	5	0
5337	0	0	0	0	6	2060	6	5	1
5338	0	0	0	0	5	1992	5	5	0
5336	0	0	0	0	7	2057	7	5	2
5337	0	0	0	0	6	2097	6	5	1
5337	0	0	0	0	6	2094	6	5	1
5337	0	0	0	0	6	2063	6	5	1
5335	0	0	0	0	8	1990	8	5	3
5338	0	0	0	0	5	2085	5	5	0
5338	0	0	0	0	5	2011	5	5	0
5334	0	0	0	0	9	2088	9	5	4
5336	0	0	0	0	7	2076	7	5	2
5338	0	0	0	0	5	2039	5	5	0
5338	0	0	0	0	5	1940	5	5	0
5337	0	0	0	0	6	2083	6	5	1
5336	0	0	0	0	7	2112	7	5	2
5338	0	0	0	0	5	2078	5	5	0
5338	0	0	0	0	5	2084	5	5	0
5337	0	0	0	0	6	2071	6	5	1
5338	0	0	0	0	5	2029	5	5	0
5338	0	0	0	0	5	2057	5	5	0
5338	0	0	0	0	5	2020	5	5	0
5336	0	0	0	0	7	2024	7	5	2
5338	0	0	0	0	5	1998	5	5	0
5334	0	0	0	0	9	2162	9	5	4
5338	0	0	0	0	5	2041	5	5	0
5334	0	0	0	0	9	2018	9	5	4
5337	0	0	0	0	6	2091	6	5	1
5336	0	0	0	0	7	2131	7	5	2
5336	0	0	0	0	7	2142	7	5	2
5337	0	0	0	0	6	2023	6	5	1
5338	0	0	0	0	5	2080	5	5	0
5338	0	0	0	0	5	2073	5	5	0
5337	0	0	0	0	6	2071	6	5	1
5338	0	0	0	0	5	2062	5	5	0
5338	0	0	0	0	5	2039	5	5	0
5338	0	0	0	0	5	1964	5	5	0
5338	0	0	0	0	5	2061	5	5	0
5336	0	0	0	0	7	2038	7	5	2
5337	0	0	0	0	6	2004	6	5	1
5338	0	0	0	0	5	2089	5	5	0
5333	0	0	0	0	10	2057	10	5	5
5337	0	0	0	0	6	2104	6	5	1
5336	0	0	0	0	7	2019	7	5	2
5336	0	0	0	0	7	2189	7	5	2
5335	0	0	0	0	8	2112	8	5	3
5337	0	0	0	0	6	2077	6	5	1
5337	0	0	0	0	6	2075	6	5	1
5338	0	0	0	0	5	2093	5	5	0
5337	0	0	0	0	6	2076	6	5	1
5336	0	0	0	0	7	2084	7	5	2
5338	0	0	0	0	5	2094	5	5	0
5337	0	0	0	0	6	2083	6	5	1
5335	0	0	0	0	8	2137	8	5	3
5338	0	0	0	0	5	2019	5	5	0
5338	0	0	0	0	5	1949	5	5	0
5338	0	0	0	0	5	2046	5	5	0
5337	0	0	0	0	6	2123	6	5	1
5338	0	0	0	0	5	2060	5	5	0
5338	0	0	0	0	5	2090	5	5	0
5338	0	0	0	0	5	1996	5	5	0
5337	0	0	0	0	6	1976	6	5	1
5336	0	0	0	0	7	2064	7	5	2
5337	0	0	0	0	6	2060	6	5	1
5337	0	0	0	0	6	1976	6	5	1
5337	0	0	0	0	6	2014	6	5	1
5337	0	0	0	0	6	2084	6	5	1
5335	0	0	0	0	8	2126	8	5	3
5338	0	0	0	0	5	2079	5	5	0
5335	0	0	0	0	8	2076	8	5	3
5337	0	0	0	0	6	1980	6	5	1
5337	0	0	0	0	6	2077	6	5	1
5338	0	0	0	0	5	1960	5	5	0
5336	0	0	0	0	7	2030	7	5	2
5338	0	0	0	0	5	2107	5	5	0
5338	0	0	0	0	5	1942	5	5	0
5338	0	0	0	0	5	1968	5	5	0
5337	0	0	0	0	6	2090	6	5	1
5338	0	0	0	0	5	1990	5	5	0
5337	0	0	0	0	6	2064	6	5	1
5338	0	0	0	0	5	2118	5	5	0
5338	0	0	0	0	5	2038	5	5	0
5338	0	0	0	0	5	2041	5	5	0
5338	0	0	0	0	5	1996	5	5	0
5338	0	0	0	0	5	2080	5	5	0
5335	0	0	0	0	8	2125	8	5	3
5338	0	0	0	0	5	2020	5	5	0
5337	0	0	0	0	6	2033	6	5	1
5338	0	0	0	0	5	2007	5	5	0
5338	0	0	0	0	5	2061	5	5	0
5338	0	0	0	0	5	1969	5	5	0
5336	0	0	0	0	7	2170	7	5	2
5335	0	0	0	0	8	2120	8	5	3
5335	0	0	0	0	8	2098	8	5	3
5337	0	0	0	0	6	2091	6	5	1
5337	0	0	0	0	6	2080	6	5	1
5336	0	0	0	0	7	2090	7	5	2
5338	0	0	0	0	5	2018	5	5	0
5336	0	0	0	0	7	2121	7	5	2
5337	0	0	0	0	6	2043	6	5	1
5336	0	0	0	0	7	2094	7	5	2
5337	0	0	0	0	6	1963	6	5	1
5338	0	0	0	0	5	2055	5	5	0
5336	0	0	0	0	7	2066	7	5	2
5338	0	0	0	0	5	1990	5	5	0
5337	0	0	0	0	6	2089	6	5	1
5338	0	0	0	0	5	2020	5	5	0
5337	0	0	0	0	6	2053	6	5	1
5336	0	0	0	0	7	2063	7	5	2
5338	0	0	0	0	5	2070	5	5	0
5338	0	0	0	0	5	2077	5	5	0
5337	0	0	0	0	6	2065	6	5	1
5337	0	0	0	0	6	2098	6	5	1
5338	0	0	0	0	5	2012	5	5	0
5337	0	0	0	0	6	2084	6	5	1
5336	0	0	0	0	7	2104	7	5	2
5337	0	0	0	0	6	2090	6	5	1
5338	0	0	0	0	5	2051	5	5	0
5338	0	0	0	0	5	2106	5	5	0
5335	0	0	0	0	8	2187	8	6	2
5337	0	0	0	0	6	2037	6	5	1
5338	0	0	0	0	5	2102	5	5	0
5338	0	0	0	0	5	1931	5	5	0
5338	0	0	0	0	5	1987	5	5	0
5337	0	0	0	0	6	2036	6	5	1
5336	0	0	0	0	7	2096	7	5	2
5338	0	0	0	0	5	2007	5	5	0
5337	0	0	0	0	6	1950	6	5	1
5335	0	0	0	0	8	2089	8	5	3
5337	0	0	0	0	6	2039	6	5	1
5337	0	0	0	0	6	2091	6	5	1
5338	0	0	0	0	5	1996	5	5	0
5338	0	0	0	0	5	1980	5	5	0
5338	0	0	0	0	5	2044	5	5	0
5336	0	0	0	0	7	2102	7	5	2
5338	0	0	0	0	5	1958	5	5	0
5336	0	0	0	0	7	1972	7	5	2
5336	0	0	0	0	7	2080	7	5	2
5337	0	0	0	0	6	2042	6	5	1
5337	0	0	0	0	6	2024	6	5	1
5337	0	0	0	0	6	2087	6	5	1
5336	0	0	0	0	7	2066	7	5	2
5337	0	0	0	0	6	2086	6	5	1
5337	0	0	0	0	6	2029	6	5	1
5337	0	0	0	0	6	2118	6	5	1
5336	0	0	0	0	7	2148	7	5	2
5338	0	0	0	0	5	1938	5	5	0
5338	0	0	0	0	5	1884	5	5	0
5337	0	0	0	0	6	2075	6	5	1
5337	0	0	0	0	6	1971	6	5	1
5337	0	0	0	0	6	2072	6	5	1
5338	0	0	0	0	5	2040	5	5	0
5338	0	0	0	0	5	2021	5	5	0
5337	0	0	0	0	6	1978	6	5	1
5336	0	0	0	0	7	2071	7	5	2
5337	0	0	0	0	6	1912	6	5	1
5338	0	0	0	0	5	2015	5	5	0
5336	0	0	0	0	7	2141	7	5	2
5336	0	0	0	0	7	2015	7	5	2
5338	0	0	0	0	5	2010	5	5	0
5337	0	0	0	0	6	2098	6	5	1
5336	0	0	0	0	7	2109	7	5	2
5338	0	0	0	0	5	2093	5	5	0
5336	0	0	0	0	7	2026	7	5	2
5336	0	0	0	0	7	2031	7	5	2
5338	0	0	0	0	5	2051	5	5	0
5335	0	0	0	0	8	2087	8	5	3
5338	0	0	0	0	5	2064	5	5	0
5337	0	0	0	0	6	2051	6	5	1
5334	0	0	0	0	9	2146	9	5	4
5338	0	0	0	0	5	2046	5	5	0
5338	0	0	0	0	5	2076	5	5	0
5338	0	0	0	0	5	2074	5	5	0
5337	0	0	0	0	6	2086	6	5	1
5337	0	0	0	0	6	2136	6	6	0
5337	0	0	0	0	6	1946	6	5	1
5338	0	0	0	0	5	2041	5	5	0
5336	0	0	0	0	7	2112	7	5	2
5336	0	0	0	0	7	2046	7	5	2
5335	0	0	0	0	8	2103	8	5	3
5338	0	0	0	0	5	2009	5	5	0
5338	0	0	0	0	5	2098	5	5	0
5337	0	0	0	0	6	1982	6	5	1
5338	0	0	0	0	5	1951	5	5	0
5336	0	0	0	0	7	2071	7	5	2
5338	0	0	0	0	5	2058	5	5	0
5338	0	0	0	0	5	2090	5	5	0
5337	0	0	0	0	6	2018	6	5	1
5336	0	0	0	0	7	2065	7	5	2
5338	0	0	0	0	5	2084	5	5	0
5338	0	0	0	0	5	1962	5	5	0
5338	0	0	0	0	5	2011	5	5	0
5338	0	0	0	0	5	2084	5	5	0
5338	0	0	0	0	5	1986	5	5	0
5338	0	0	0	0	5	2028	5	5	0
5338	0	0	0	0	5	2048	5	5	0
5337	0	0	0	0	6	2049	6	5	1
5338	0	0	0	0	5	1966	5	5	0
5337	0	0	0	0	6	2100	6	5	1
5335	0	0	0	0	8	2140	8	5	3
5337	0	0	0	0	6	2028	6	5	1
5338	0	0	0	0	5	2015	5	5	0
5336	0	0	0	0	7	2074	7	5	2
5337	0	0	0	0	6	2088	6	5	1
5337	0	0	0	0	6	2084	6	5	1
5338	0	0	0	0	5	1998	5	5	0
5335	0	0	0	0	8	2102	8	5	3
5335	0	0	0	0	8	2018	8	5	3
5336	0	0	0	0	7	2083	7	5	2
5336	0	0	0	0	7	2116	7	5	2
5338	0	0	0	0	5	1951	5	5	0
5336	0	0	0	0	7	2075	7	5	2
5337	0	0	0	0	6	2116	6	5	1
5337	0	0	0	0	6	2038	6	5	1
5336	0	0	0	0	7	1967	7	5	2
5338	0	0	0	0	5	1932	5	5	0
5337	0	0	0	0	6	2048	6	5	1
5338	0	0	0	0	5	1988	5	5	0
5338	0	0	0	0	5	2064	5	5	0
5336	0	0	0	0	7	2021	7	5	2
5338	0	0	0	0	5	1999	5	5	0
5338	0	0	0	0	5	2069	5	5	0
5336	0	0	0	0	7	2142	7	5	2
5335	0	0	0	0	8	2137	8	5	3
5337	0	0	0	0	6	2081	6	5	1
5338	0	0	0	0	5	2037	5	5	0
5338	0	0	0	0	5	2063	5	5	0
5337	0	0	0	0	6	2006	6	5	1
5338	0	0	0	0	5	2056	5	5	0
5334	0	0	0	0	9	2039	9	5	4
5337	0	0	0	0	6	2059	6	5	1
5336	0	0	0	0	7	2075	7	5	2
5338	0	0	0	0	5	2074	5	5	0
5337	0	0	0	0	6	2096	6	5	1
5335	0	0	0	0	8	2022	8	5	3
5336	0	0	0	0	7	2101	7	5	2
5338	0	0	0	0	5	1958	5	5	0
5338	0	0	0	0	5	2075	5	5	0
5338	0	0	0	0	5	2075	5	5	0
5338	0	0	0	0	5	1983	5	5	0
5337	0	0	0	0	6	2204	6	6	0
5338	0	0	0	0	5	1971	5	5	0
5338	0	0	0	0	5	2056	5	5	0
5337	0	0	0	0	6	2098	6	5	1
