5338	0	0	0	0	5	1078	5	5	0
5337	0	0	0	0	6	1077	6	6	0
5336	0	0	0	0	7	1078	7	6	1
5328	0	0	0	0	15	1072	15	15	0
5331	0	0	0	0	12	1080	12	12	0
5335	0	0	0	0	8	1068	8	8	0
5281	0	0	0	0	62	1115	62	62	0
5205	0	0	0	0	138	1125	138	138	0
5338	0	0	0	0	5	1074	5	5	0
5334	0	0	0	0	9	1084	9	9	0
5333	0	0	0	0	10	1080	10	10	0
5303	0	0	0	0	40	1082	40	40	0
5331	0	0	0	0	12	1078	12	12	0
5250	0	0	0	0	93	1102	93	93	0
5302	0	0	0	0	41	1096	41	41	0
5224	0	0	0	0	119	1123	119	118	1
5331	0	0	0	0	12	1080	12	12	0
5313	0	0	0	0	30	1096	30	30	0
5337	0	0	0	0	6	1078	6	5	1
5295	0	0	0	0	48	1085	48	46	2
5337	0	0	0	0	6	1073	6	6	0
5065	0	0	0	0	278	1147	278	277	1
5324	0	0	0	0	19	1081	19	19	0
5294	0	0	0	0	49	1090	49	48	1
5337	0	0	0	0	6	1082	6	5	1
5337	0	0	0	0	6	1082	6	6	0
5332	0	0	0	0	11	1085	11	11	0
5301	0	0	0	0	42	1096	42	42	0
5326	0	0	0	0	17	1081	17	17	0
5337	0	0	0	0	6	1078	6	6	0
5239	0	0	0	0	104	1099	104	104	0
5229	0	0	0	0	114	1105	114	114	0
5327	0	0	0	0	16	1082	16	15	1
5292	0	0	0	0	51	1094	51	51	0
5305	0	0	0	0	38	1091	38	38	0
5261	0	0	0	0	82	1109	82	81	1
5338	0	0	0	0	5	1078	5	5	0
5338	0	0	0	0	5	1076	5	5	0
5305	0	0	0	0	38	1083	38	37	1
5297	0	0	0	0	46	1084	46	46	0
5337	0	0	0	0	6	1071	6	6	0
5338	0	0	0	0	5	1073	5	5	0
5321	0	0	0	0	22	1088	22	21	1
5210	0	0	0	0	133	1117	133	132	1
5330	0	0	0	0	13	1083	13	13	0
5317	0	0	0	0	26	1097	26	25	1
5333	0	0	0	0	10	1076	10	10	0
5301	0	0	0	0	42	1097	42	42	0
5277	0	0	0	0	66	1095	66	65	1
5292	0	0	0	0	51	1094	51	50	1
5326	0	0	0	0	17	1073	17	17	0
5198	0	0	0	0	145	1121	145	145	0
5324	0	0	0	0	19	1082	19	19	0
5338	0	0	0	0	5	1077	5	5	0
5315	0	0	0	0	28	1091	28	28	0
5188	0	0	0	0	155	1144	155	154	1
5303	0	0	0	0	40	1080	40	40	0
5257	0	0	0	0	86	1097	86	85	1
5335	0	0	0	0	8	1076	8	8	0
5305	0	0	0	0	38	1086	38	37	1
5208	0	0	0	0	135	1115	135	135	0
5337	0	0	0	0	6	1073	6	6	0
5315	0	0	0	0	28	1078	28	27	1
5323	0	0	0	0	20	1085	20	19	1
5334	0	0	0	0	9	1073	9	9	0
5336	0	0	0	0	7	1080	7	7	0
5337	0	0	0	0	6	1074	6	6	0
5283	0	0	0	0	60	1085	60	59	1
5291	0	0	0	0	52	1088	52	52	0
5327	0	0	0	0	16	1082	16	16	0
5305	0	0	0	0	38	1085	38	36	2
5338	0	0	0	0	5	1073	5	5	0
5335	0	0	0	0	8	1074	8	8	0
5338	0	0	0	0	5	1071	5	5	0
5328	0	0	0	0	15	1082	15	15	0
5319	0	0	0	0	24	1074	24	24	0
5303	0	0	0	0	40	1084	40	40	0
5192	0	0	0	0	151	1108	151	151	0
5298	0	0	0	0	45	1092	45	43	2
5314	0	0	0	0	29	1088	29	29	0
5314	0	0	0	0	29	1088	29	29	0
5292	0	0	0	0	51	1099	51	51	0
5279	0	0	0	0	64	1093	64	64	0
5333	0	0	0	0	10	1074	10	10	0
5338	0	0	0	0	5	1076	5	5	0
5325	0	0	0	0	18	1082	18	18	0
5326	0	0	0	0	17	1081	17	17	0
5338	0	0	0	0	5	1070	5	5	0
5330	0	0	0	0	13	1079	13	13	0
5333	0	0	0	0	10	1077	10	10	0
5323	0	0	0	0	20	1083	20	20	0
5326	0	0	0	0	17	1081	17	17	0
5337	0	0	0	0	6	1078	6	6	0
5334	0	0	0	0	9	1076	9	9	0
5331	0	0	0	0	12	1082	12	11	1
5301	0	0	0	0	42	1085	42	42	0
5330	0	0	0	0	13	1076	13	13	0
5336	0	0	0	0	7	1077	7	7	0
5337	0	0	0	0	6	1070	6	6	0
5324	0	0	0	0	19	1082	19	18	1
5186	0	0	0	0	157	1131	157	155	2
5265	0	0	0	0	78	1092	78	78	0
5231	0	0	0	0	112	1110	112	111	1
5328	0	0	0	0	15	1088	15	14	1
5324	0	0	0	0	19	1077	19	18	1
5299	0	0	0	0	44	1100	44	44	0
5316	0	0	0	0	27	1100	27	26	1
5315	0	0	0	0	28	1086	28	27	1
5333	0	0	0	0	10	1082	10	9	1
5320	0	0	0	0	23	1076	23	23	0
5336	0	0	0	0	7	1072	7	7	0
5332	0	0	0	0	11	1082	11	11	0
5321	0	0	0	0	22	1085	22	21	1
5252	0	0	0	0	91	1090	91	91	0
5321	0	0	0	0	22	1080	22	22	0
5312	0	0	0	0	31	1078	31	31	0
5334	0	0	0	0	9	1073	9	9	0
5306	0	0	0	0	37	1089	37	37	0
5298	0	0	0	0	45	1097	45	45	0
5180	0	0	0	0	163	1128	163	161	2
5332	0	0	0	0	11	1080	11	11	0
5325	0	0	0	0	18	1090	18	17	1
5319	0	0	0	0	24	1082	24	24	0
5329	0	0	0	0	14	1081	14	14	0
5239	0	0	0	0	104	1123	104	103	1
5337	0	0	0	0	6	1083	6	5	1
5139	0	0	0	0	204	1128	204	203	1
5332	0	0	0	0	11	1073	11	11	0
5289	0	0	0	0	54	1086	54	53	1
5337	0	0	0	0	6	1074	6	5	1
5270	0	0	0	0	73	1092	73	71	2
5278	0	0	0	0	65	1100	65	64	1
5318	0	0	0	0	25	1084	25	25	0
5338	0	0	0	0	5	1077	5	5	0
5286	0	0	0	0	57	1106	57	56	1
5304	0	0	0	0	39	1083	39	38	1
5233	0	0	0	0	110	1112	110	109	1
5333	0	0	0	0	10	1074	10	10	0
5335	0	0	0	0	8	1072	8	8	0
5267	0	0	0	0	76	1105	76	75	1
5188	0	0	0	0	155	1100	155	155	0
5182	0	0	0	0	161	1116	161	161	0
5337	0	0	0	0	6	1076	6	6	0
5335	0	0	0	0	8	1082	8	8	0
5268	0	0	0	0	75	1093	75	73	2
5296	0	0	0	0	47	1091	47	45	2
5195	0	0	0	0	148	1113	148	147	1
5281	0	0	0	0	62	1098	62	62	0
5329	0	0	0	0	14	1085	14	14	0
5216	0	0	0	0	127	1122	127	126	1
5335	0	0	0	0	8	1077	8	8	0
5291	0	0	0	0	52	1091	52	51	1
5230	0	0	0	0	113	1142	113	113	0
5332	0	0	0	0	11	1081	11	10	1
5274	0	0	0	0	69	1095	69	69	0
5259	0	0	0	0	84	1101	84	84	0
5182	0	0	0	0	161	1129	161	161	0
5313	0	0	0	0	30	1091	30	30	0
5316	0	0	0	0	27	1085	27	25	2
5324	0	0	0	0	19	1074	19	18	1
5336	0	0	0	0	7	1074	7	7	0
5292	0	0	0	0	51	1097	51	50	1
5238	0	0	0	0	105	1105	105	105	0
5195	0	0	0	0	148	1116	148	147	1
5320	0	0	0	0	23	1080	23	23	0
5290	0	0	0	0	53	1082	53	52	1
5300	0	0	0	0	43	1084	43	43	0
5337	0	0	0	0	6	1068	6	6	0
5323	0	0	0	0	20	1094	20	19	1
5320	0	0	0	0	23	1077	23	22	1
5328	0	0	0	0	15	1077	15	15	0
5256	0	0	0	0	87	1087	87	87	0
5242	0	0	0	0	101	1087	101	100	1
5297	0	0	0	0	46	1099	46	46	0
5329	0	0	0	0	14	1078	14	14	0
5335	0	0	0	0	8	1076	8	8	0
5333	0	0	0	0	10	1083	10	10	0
5327	0	0	0	0	16	1079	16	16	0
5336	0	0	0	0	7	1070	7	7	0
5316	0	0	0	0	27	1074	27	27	0
5261	0	0	0	0	82	1113	82	82	0
5245	0	0	0	0	98	1092	98	98	0
5246	0	0	0	0	97	1090	97	97	0
5334	0	0	0	0	9	1072	9	9	0
5292	0	0	0	0	51	1090	51	51	0
5334	0	0	0	0	9	1080	9	9	0
5338	0	0	0	0	5	1071	5	5	0
5152	0	0	0	0	191	1123	191	191	0
5336	0	0	0	0	7	1078	7	7	0
5335	0	0	0	0	8	1081	8	7	1
5324	0	0	0	0	19	1079	19	18	1
5335	0	0	0	0	8	1078	8	7	1
5331	0	0	0	0	12	1074	12	11	1
5329	0	0	0	0	14	1082	14	14	0
5192	0	0	0	0	151	1116	151	150	1
5201	0	0	0	0	142	1105	142	139	3
5338	0	0	0	0	5	1075	5	5	0
5337	0	0	0	0	6	1076	6	6	0
5326	0	0	0	0	17	1075	17	17	0
5268	0	0	0	0	75	1094	75	75	0
5337	0	0	0	0	6	1071	6	6	0
5338	0	0	0	0	5	1071	5	5	0
5330	0	0	0	0	13	1085	13	12	1
5218	0	0	0	0	125	1106	125	123	2
5338	0	0	0	0	5	1074	5	5	0
5308	0	0	0	0	35	1084	35	35	0
5324	0	0	0	0	19	1084	19	19	0
5333	0	0	0	0	10	1077	10	10	0
5338	0	0	0	0	5	1070	5	5	0
5155	0	0	0	0	188	1137	188	186	2
5287	0	0	0	0	56	1096	56	56	0
5337	0	0	0	0	6	1073	6	6	0
5334	0	0	0	0	9	1079	9	9	0
5331	0	0	0	0	12	1081	12	11	1
5330	0	0	0	0	13	1076	13	13	0
5330	0	0	0	0	13	1081	13	13	0
5318	0	0	0	0	25	1081	25	25	0
5333	0	0	0	0	10	1079	10	9	1
5247	0	0	0	0	96	1103	96	96	0
5326	0	0	0	0	17	1076	17	17	0
5336	0	0	0	0	7	1068	7	7	0
5152	0	0	0	0	191	1123	191	191	0
5338	0	0	0	0	5	1069	5	5	0
5336	0	0	0	0	7	1075	7	7	0
5337	0	0	0	0	6	1077	6	6	0
5304	0	0	0	0	39	1085	39	39	0
5317	0	0	0	0	26	1084	26	26	0
5275	0	0	0	0	68	1101	68	68	0
5324	0	0	0	0	19	1084	19	19	0
5330	0	0	0	0	13	1081	13	13	0
5255	0	0	0	0	88	1092	88	88	0
5313	0	0	0	0	30	1082	30	29	1
5283	0	0	0	0	60	1092	60	60	0
5323	0	0	0	0	20	1082	20	20	0
5338	0	0	0	0	5	1073	5	5	0
5331	0	0	0	0	12	1073	12	12	0
5316	0	0	0	0	27	1090	27	26	1
5310	0	0	0	0	33	1092	33	32	1
5265	0	0	0	0	78	1101	78	78	0
5254	0	0	0	0	89	1111	89	89	0
5338	0	0	0	0	5	1070	5	5	0
5336	0	0	0	0	7	1077	7	7	0
5318	0	0	0	0	25	1087	25	25	0
5256	0	0	0	0	87	1093	87	86	1
5157	0	0	0	0	186	1112	186	186	0
5327	0	0	0	0	16	1083	16	16	0
5253	0	0	0	0	90	1104	90	89	1
5271	0	0	0	0	72	1093	72	72	0
5330	0	0	0	0	13	1071	13	12	1
5337	0	0	0	0	6	1073	6	6	0
5309	0	0	0	0	34	1089	34	31	3
5316	0	0	0	0	27	1081	27	27	0
5334	0	0	0	0	9	1080	9	9	0
5228	0	0	0	0	115	1103	115	114	1
5204	0	0	0	0	139	1094	139	137	2
5330	0	0	0	0	13	1072	13	12	1
5320	0	0	0	0	23	1083	23	23	0
5281	0	0	0	0	62	1091	62	62	0
5338	0	0	0	0	5	1070	5	5	0
5233	0	0	0	0	110	1108	110	108	2
5235	0	0	0	0	108	1110	108	108	0
5330	0	0	0	0	13	1085	13	13	0
5303	0	0	0	0	40	1088	40	39	1
5324	0	0	0	0	19	1078	19	19	0
5248	0	0	0	0	95	1098	95	95	0
5330	0	0	0	0	13	1075	13	13	0
5320	0	0	0	0	23	1089	23	23	0
5288	0	0	0	0	55	1104	55	54	1
5333	0	0	0	0	10	1074	10	10	0
5318	0	0	0	0	25	1074	25	24	1
5327	0	0	0	0	16	1083	16	16	0
5252	0	0	0	0	91	1111	91	91	0
5331	0	0	0	0	12	1072	12	12	0
5133	0	0	0	0	210	1141	210	209	1
5303	0	0	0	0	40	1091	40	40	0
5336	0	0	0	0	7	1071	7	7	0
5316	0	0	0	0	27	1082	27	27	0
5338	0	0	0	0	5	1075	5	5	0
5310	0	0	0	0	33	1080	33	33	0
5145	0	0	0	0	198	1120	198	198	0
5303	0	0	0	0	40	1089	40	39	1
5336	0	0	0	0	7	1076	7	7	0
5302	0	0	0	0	41	1081	41	41	0
5328	0	0	0	0	15	1081	15	15	0
5326	0	0	0	0	17	1084	17	17	0
5020	0	0	0	0	323	1147	323	323	0
5328	0	0	0	0	15	1079	15	14	1
5244	0	0	0	0	99	1113	99	98	1
5284	0	0	0	0	59	1094	59	58	1
5202	0	0	0	0	141	1095	141	141	0
5329	0	0	0	0	14	1078	14	14	0
5336	0	0	0	0	7	1077	7	7	0
5335	0	0	0	0	8	1076	8	7	1
5338	0	0	0	0	5	1076	5	5	0
5332	0	0	0	0	11	1080	11	11	0
5338	0	0	0	0	5	1073	5	5	0
5274	0	0	0	0	69	1108	69	69	0
5295	0	0	0	0	48	1082	48	47	1
5328	0	0	0	0	15	1083	15	15	0
5303	0	0	0	0	40	1083	40	40	0
5327	0	0	0	0	16	1083	16	16	0
5073	0	0	0	0	270	1139	270	270	0
5251	0	0	0	0	92	1089	92	92	0
5282	0	0	0	0	61	1092	61	61	0
5338	0	0	0	0	5	1076	5	5	0
5293	0	0	0	0	50	1101	50	50	0
5334	0	0	0	0	9	1085	9	9	0
5313	0	0	0	0	30	1095	30	30	0
5317	0	0	0	0	26	1079	26	26	0
5335	0	0	0	0	8	1080	8	7	1
5312	0	0	0	0	31	1084	31	29	2
5338	0	0	0	0	5	1069	5	5	0
5310	0	0	0	0	33	1078	33	33	0
5332	0	0	0	0	11	1077	11	11	0
5337	0	0	0	0	6	1073	6	6	0
5337	0	0	0	0	6	1082	6	6	0
5337	0	0	0	0	6	1073	6	6	0
5308	0	0	0	0	35	1085	35	34	1
5241	0	0	0	0	102	1107	102	101	1
5180	0	0	0	0	163	1115	163	163	0
5323	0	0	0	0	20	1072	20	20	0
5328	0	0	0	0	15	1077	15	15	0
5310	0	0	0	0	33	1097	33	33	0
5292	0	0	0	0	51	1087	51	51	0
5334	0	0	0	0	9	1076	9	9	0
5327	0	0	0	0	16	1087	16	15	1
5328	0	0	0	0	15	1081	15	14	1
5187	0	0	0	0	156	1108	156	155	1
5327	0	0	0	0	16	1081	16	16	0
5331	0	0	0	0	12	1076	12	12	0
5335	0	0	0	0	8	1077	8	8	0
5335	0	0	0	0	8	1074	8	8	0
5338	0	0	0	0	5	1070	5	5	0
5156	0	0	0	0	187	1128	187	186	1
5336	0	0	0	0	7	1077	7	7	0
5336	0	0	0	0	7	1074	7	7	0
5308	0	0	0	0	35	1090	35	35	0
5144	0	0	0	0	199	1126	199	199	0
5316	0	0	0	0	27	1083	27	26	1
5332	0	0	0	0	11	1078	11	11	0
5235	0	0	0	0	108	1108	108	108	0
5321	0	0	0	0	22	1087	22	21	1
5338	0	0	0	0	5	1075	5	5	0
5313	0	0	0	0	30	1083	30	30	0
5338	0	0	0	0	5	1074	5	5	0
5328	0	0	0	0	15	1085	15	14	1
5324	0	0	0	0	19	1076	19	19	0
5337	0	0	0	0	6	1077	6	6	0
5319	0	0	0	0	24	1079	24	23	1
5313	0	0	0	0	30	1089	30	29	1
5270	0	0	0	0	73	1102	73	70	3
5334	0	0	0	0	9	1075	9	9	0
5297	0	0	0	0	46	1089	46	46	0
5331	0	0	0	0	12	1084	12	11	1
5163	0	0	0	0	180	1127	180	179	1
5246	0	0	0	0	97	1087	97	97	0
5335	0	0	0	0	8	1077	8	7	1
5324	0	0	0	0	19	1085	19	19	0
5318	0	0	0	0	25	1082	25	24	1
5318	0	0	0	0	25	1085	25	25	0
5338	0	0	0	0	5	1075	5	5	0
5326	0	0	0	0	17	1080	17	16	1
5252	0	0	0	0	91	1100	91	91	0
5335	0	0	0	0	8	1076	8	7	1
5319	0	0	0	0	24	1081	24	24	0
5318	0	0	0	0	25	1087	25	25	0
5275	0	0	0	0	68	1124	68	68	0
5327	0	0	0	0	16	1082	16	16	0
5331	0	0	0	0	12	1084	12	12	0
5325	0	0	0	0	18	1075	18	18	0
5278	0	0	0	0	65	1103	65	64	1
5203	0	0	0	0	140	1125	140	140	0
5294	0	0	0	0	49	1095	49	49	0
5322	0	0	0	0	21	1079	21	20	1
5293	0	0	0	0	50	1085	50	50	0
5338	0	0	0	0	5	1073	5	5	0
5288	0	0	0	0	55	1101	55	54	1
5287	0	0	0	0	56	1100	56	56	0
5337	0	0	0	0	6	1070	6	6	0
5336	0	0	0	0	7	1076	7	7	0
5293	0	0	0	0	50	1092	50	50	0
5275	0	0	0	0	68	1087	68	67	1
5326	0	0	0	0	17	1078	17	17	0
5329	0	0	0	0	14	1075	14	14	0
5318	0	0	0	0	25	1084	25	24	1
5247	0	0	0	0	96	1095	96	96	0
5264	0	0	0	0	79	1099	79	79	0
5337	0	0	0	0	6	1077	6	6	0
5323	0	0	0	0	20	1086	20	20	0
5329	0	0	0	0	14	1083	14	14	0
5172	0	0	0	0	171	1114	171	171	0
5338	0	0	0	0	5	1070	5	5	0
5333	0	0	0	0	10	1073	10	9	1
5320	0	0	0	0	23	1101	23	23	0
5305	0	0	0	0	38	1085	38	38	0
5337	0	0	0	0	6	1078	6	6	0
5127	0	0	0	0	216	1133	216	216	0
5337	0	0	0	0	6	1073	6	6	0
5294	0	0	0	0	49	1086	49	48	1
5323	0	0	0	0	20	1076	20	20	0
5302	0	0	0	0	41	1094	41	41	0
5333	0	0	0	0	10	1077	10	10	0
5338	0	0	0	0	5	1071	5	5	0
5338	0	0	0	0	5	1069	5	5	0
5168	0	0	0	0	175	1110	175	175	0
5335	0	0	0	0	8	1072	8	7	1
5306	0	0	0	0	37	1086	37	37	0
5338	0	0	0	0	5	1077	5	5	0
5337	0	0	0	0	6	1077	6	6	0
5336	0	0	0	0	7	1071	7	7	0
5322	0	0	0	0	21	1087	21	21	0
5337	0	0	0	0	6	1069	6	6	0
5331	0	0	0	0	12	1075	12	12	0
5322	0	0	0	0	21	1085	21	20	1
5334	0	0	0	0	9	1075	9	7	2
5331	0	0	0	0	12	1076	12	12	0
5333	0	0	0	0	10	1080	10	10	0
5245	0	0	0	0	98	1098	98	98	0
5297	0	0	0	0	46	1107	46	46	0
5333	0	0	0	0	10	1080	10	10	0
5328	0	0	0	0	15	1074	15	15	0
5225	0	0	0	0	118	1096	118	116	2
5260	0	0	0	0	83	1091	83	83	0
5327	0	0	0	0	16	1076	16	16	0
5190	0	0	0	0	153	1125	153	151	2
5308	0	0	0	0	35	1084	35	35	0
5294	0	0	0	0	49	1097	49	49	0
5225	0	0	0	0	118	1119	118	118	0
5327	0	0	0	0	16	1081	16	16	0
5338	0	0	0	0	5	1075	5	5	0
5306	0	0	0	0	37	1088	37	37	0
5320	0	0	0	0	23	1072	23	23	0
5338	0	0	0	0	5	1076	5	5	0
5319	0	0	0	0	24	1085	24	24	0
5329	0	0	0	0	14	1076	14	14	0
5297	0	0	0	0	46	1092	46	45	1
5330	0	0	0	0	13	1078	13	13	0
5308	0	0	0	0	35	1089	35	35	0
5327	0	0	0	0	16	1079	16	16	0
5274	0	0	0	0	69	1082	69	69	0
5220	0	0	0	0	123	1104	123	122	1
5313	0	0	0	0	30	1081	30	30	0
5302	0	0	0	0	41	1094	41	40	1
5331	0	0	0	0	12	1074	12	11	1
5305	0	0	0	0	38	1094	38	38	0
5230	0	0	0	0	113	1122	113	111	2
5337	0	0	0	0	6	1071	6	6	0
5292	0	0	0	0	51	1094	51	51	0
5246	0	0	0	0	97	1110	97	96	1
5335	0	0	0	0	8	1074	8	8	0
5333	0	0	0	0	10	1075	10	10	0
5336	0	0	0	0	7	1081	7	7	0
5337	0	0	0	0	6	1075	6	6	0
5332	0	0	0	0	11	1077	11	11	0
5334	0	0	0	0	9	1081	9	9	0
5207	0	0	0	0	136	1105	136	135	1
5320	0	0	0	0	23	1086	23	23	0
5312	0	0	0	0	31	1081	31	31	0
5276	0	0	0	0	67	1096	67	67	0
5321	0	0	0	0	22	1088	22	21	1
5266	0	0	0	0	77	1104	77	77	0
5333	0	0	0	0	10	1072	10	10	0
5268	0	0	0	0	75	1109	75	73	2
5032	0	0	0	0	311	1151	311	308	3
5329	0	0	0	0	14	1074	14	14	0
5293	0	0	0	0	50	1102	50	49	1
5326	0	0	0	0	17	1068	17	17	0
5249	0	0	0	0	94	1100	94	93	1
5211	0	0	0	0	132	1128	132	131	1
5320	0	0	0	0	23	1082	23	23	0
5337	0	0	0	0	6	1072	6	5	1
5337	0	0	0	0	6	1069	6	6	0
5319	0	0	0	0	24	1088	24	24	0
5336	0	0	0	0	7	1075	7	7	0
5331	0	0	0	0	12	1079	12	12	0
5325	0	0	0	0	18	1080	18	18	0
5302	0	0	0	0	41	1079	41	41	0
5303	0	0	0	0	40	1090	40	38	2
5329	0	0	0	0	14	1090	14	13	1
5332	0	0	0	0	11	1087	11	11	0
5337	0	0	0	0	6	1079	6	6	0
5321	0	0	0	0	22	1084	22	21	1
5324	0	0	0	0	19	1094	19	19	0
5330	0	0	0	0	13	1072	13	13	0
5314	0	0	0	0	29	1082	29	29	0
5317	0	0	0	0	26	1077	26	25	1
5330	0	0	0	0	13	1080	13	13	0
5265	0	0	0	0	78	1091	78	77	1
5338	0	0	0	0	5	1070	5	5	0
5288	0	0	0	0	55	1088	55	55	0
5311	0	0	0	0	32	1090	32	32	0
4995	0	0	0	0	348	1153	348	348	0
5333	0	0	0	0	10	1073	10	10	0
5290	0	0	0	0	53	1097	53	53	0
5336	0	0	0	0	7	1075	7	7	0
5338	0	0	0	0	5	1070	5	5	0
5323	0	0	0	0	20	1097	20	20	0
5332	0	0	0	0	11	1075	11	11	0
5270	0	0	0	0	73	1101	73	73	0
5251	0	0	0	0	92	1094	92	92	0
