5338	0	0	0	0	5	1871	5	5	0
5337	0	0	0	0	6	1873	6	6	0
5337	0	0	0	0	6	1873	6	5	1
5333	0	0	0	0	10	1871	10	10	0
5334	0	0	0	0	9	1874	9	9	0
5338	0	0	0	0	5	1869	5	5	0
5304	0	0	0	0	39	1897	39	38	1
5284	0	0	0	0	59	1910	59	57	2
5337	0	0	0	0	6	1871	6	5	1
5303	0	0	0	0	40	1888	40	38	2
5334	0	0	0	0	9	1874	9	9	0
5338	0	0	0	0	5	1873	5	5	0
5338	0	0	0	0	5	1870	5	5	0
5313	0	0	0	0	30	1877	30	29	1
5335	0	0	0	0	8	1872	8	7	1
5327	0	0	0	0	16	1880	16	15	1
5331	0	0	0	0	12	1878	12	11	1
5336	0	0	0	0	7	1869	7	7	0
5332	0	0	0	0	11	1880	11	9	2
5311	0	0	0	0	32	1881	32	29	3
5338	0	0	0	0	5	1870	5	5	0
5246	0	0	0	0	97	1919	97	93	4
5329	0	0	0	0	14	1872	14	14	0
5329	0	0	0	0	14	1879	14	13	1
5337	0	0	0	0	6	1872	6	5	1
5337	0	0	0	0	6	1871	6	6	0
5332	0	0	0	0	11	1881	11	11	0
5334	0	0	0	0	9	1874	9	8	1
5335	0	0	0	0	8	1870	8	7	1
5337	0	0	0	0	6	1874	6	6	0
5273	0	0	0	0	70	1898	70	63	7
5266	0	0	0	0	77	1905	77	74	3
5328	0	0	0	0	15	1874	15	14	1
5323	0	0	0	0	20	1876	20	20	0
5317	0	0	0	0	26	1879	26	26	0
5328	0	0	0	0	15	1878	15	14	1
5338	0	0	0	0	5	1875	5	5	0
5338	0	0	0	0	5	1879	5	5	0
5306	0	0	0	0	37	1877	37	35	2
5325	0	0	0	0	18	1884	18	17	1
5337	0	0	0	0	6	1866	6	6	0
5338	0	0	0	0	5	1872	5	5	0
5329	0	0	0	0	14	1879	14	13	1
5336	0	0	0	0	7	1869	7	7	0
5332	0	0	0	0	11	1875	11	11	0
5320	0	0	0	0	23	1890	23	19	4
5333	0	0	0	0	10	1874	10	10	0
5332	0	0	0	0	11	1876	11	10	1
5317	0	0	0	0	26	1886	26	25	1
5294	0	0	0	0	49	1899	49	46	3
5328	0	0	0	0	15	1868	15	15	0
5335	0	0	0	0	8	1876	8	8	0
5331	0	0	0	0	12	1877	12	11	1
5338	0	0	0	0	5	1869	5	5	0
5328	0	0	0	0	15	1875	15	15	0
5324	0	0	0	0	19	1881	19	18	1
5306	0	0	0	0	37	1881	37	34	3
5310	0	0	0	0	33	1896	33	31	2
5335	0	0	0	0	8	1876	8	8	0
5331	0	0	0	0	12	1877	12	11	1
5314	0	0	0	0	29	1878	29	28	1
5338	0	0	0	0	5	1870	5	5	0
5301	0	0	0	0	42	1886	42	40	2
5330	0	0	0	0	13	1876	13	12	1
5336	0	0	0	0	7	1870	7	7	0
5337	0	0	0	0	6	1870	6	6	0
5332	0	0	0	0	11	1873	11	10	1
5328	0	0	0	0	15	1878	15	14	1
5308	0	0	0	0	35	1887	35	33	2
5332	0	0	0	0	11	1874	11	10	1
5322	0	0	0	0	21	1878	21	19	2
5338	0	0	0	0	5	1869	5	5	0
5334	0	0	0	0	9	1869	9	8	1
5338	0	0	0	0	5	1871	5	5	0
5333	0	0	0	0	10	1876	10	9	1
5312	0	0	0	0	31	1884	31	29	2
5323	0	0	0	0	20	1875	20	19	1
5337	0	0	0	0	6	1873	6	6	0
5308	0	0	0	0	35	1884	35	33	2
5324	0	0	0	0	19	1884	19	18	1
5332	0	0	0	0	11	1876	11	11	0
5305	0	0	0	0	38	1891	38	38	0
5292	0	0	0	0	51	1894	51	48	3
5336	0	0	0	0	7	1872	7	7	0
5338	0	0	0	0	5	1873	5	5	0
5326	0	0	0	0	17	1875	17	16	1
5332	0	0	0	0	11	1872	11	11	0
5338	0	0	0	0	5	1869	5	5	0
5332	0	0	0	0	11	1877	11	11	0
5333	0	0	0	0	10	1870	10	10	0
5329	0	0	0	0	14	1877	14	13	1
5336	0	0	0	0	7	1878	7	7	0
5337	0	0	0	0	6	1869	6	6	0
5335	0	0	0	0	8	1876	8	8	0
5332	0	0	0	0	11	1875	11	10	1
5338	0	0	0	0	5	1867	5	5	0
5330	0	0	0	0	13	1869	13	13	0
5335	0	0	0	0	8	1872	8	7	1
5337	0	0	0	0	6	1873	6	6	0
5320	0	0	0	0	23	1876	23	21	2
5328	0	0	0	0	15	1876	15	14	1
5311	0	0	0	0	32	1879	32	32	0
5324	0	0	0	0	19	1878	19	18	1
5326	0	0	0	0	17	1885	17	14	3
5332	0	0	0	0	11	1877	11	11	0
5312	0	0	0	0	31	1885	31	29	2
5333	0	0	0	0	10	1876	10	9	1
5333	0	0	0	0	10	1880	10	9	1
5332	0	0	0	0	11	1880	11	10	1
5313	0	0	0	0	30	1879	30	28	2
5336	0	0	0	0	7	1868	7	7	0
5333	0	0	0	0	10	1878	10	10	0
5333	0	0	0	0	10	1876	10	9	1
5299	0	0	0	0	44	1895	44	43	1
5324	0	0	0	0	19	1874	19	19	0
5328	0	0	0	0	15	1875	15	15	0
5336	0	0	0	0	7	1869	7	7	0
5324	0	0	0	0	19	1880	19	19	0
5334	0	0	0	0	9	1876	9	9	0
5294	0	0	0	0	49	1897	49	48	1
5333	0	0	0	0	10	1873	10	10	0
5323	0	0	0	0	20	1886	20	18	2
5319	0	0	0	0	24	1878	24	24	0
5329	0	0	0	0	14	1879	14	13	1
5323	0	0	0	0	20	1884	20	18	2
5337	0	0	0	0	6	1879	6	5	1
5311	0	0	0	0	32	1887	32	30	2
5336	0	0	0	0	7	1869	7	7	0
5329	0	0	0	0	14	1871	14	14	0
5337	0	0	0	0	6	1870	6	5	1
5315	0	0	0	0	28	1893	28	26	2
5307	0	0	0	0	36	1888	36	34	2
5329	0	0	0	0	14	1884	14	14	0
5338	0	0	0	0	5	1870	5	5	0
5318	0	0	0	0	25	1878	25	24	1
5312	0	0	0	0	31	1888	31	26	5
5311	0	0	0	0	32	1880	32	31	1
5334	0	0	0	0	9	1871	9	9	0
5335	0	0	0	0	8	1878	8	8	0
5329	0	0	0	0	14	1881	14	13	1
5294	0	0	0	0	49	1883	49	48	1
5293	0	0	0	0	50	1902	50	46	4
5337	0	0	0	0	6	1873	6	6	0
5336	0	0	0	0	7	1875	7	7	0
5306	0	0	0	0	37	1885	37	34	3
5322	0	0	0	0	21	1876	21	19	2
5290	0	0	0	0	53	1900	53	50	3
5318	0	0	0	0	25	1881	25	25	0
5333	0	0	0	0	10	1875	10	9	1
5336	0	0	0	0	7	1873	7	7	0
5336	0	0	0	0	7	1872	7	7	0
5315	0	0	0	0	28	1884	28	26	2
5317	0	0	0	0	26	1886	26	25	1
5333	0	0	0	0	10	1873	10	9	1
5319	0	0	0	0	24	1876	24	24	0
5313	0	0	0	0	30	1885	30	30	0
5304	0	0	0	0	39	1886	39	39	0
5323	0	0	0	0	20	1881	20	19	1
5328	0	0	0	0	15	1875	15	14	1
5326	0	0	0	0	17	1873	17	16	1
5336	0	0	0	0	7	1873	7	7	0
5310	0	0	0	0	33	1884	33	31	2
5333	0	0	0	0	10	1876	10	10	0
5265	0	0	0	0	78	1906	78	75	3
5325	0	0	0	0	18	1872	18	18	0
5321	0	0	0	0	22	1882	22	21	1
5326	0	0	0	0	17	1882	17	16	1
5337	0	0	0	0	6	1866	6	6	0
5337	0	0	0	0	6	1871	6	6	0
5326	0	0	0	0	17	1877	17	16	1
5337	0	0	0	0	6	1873	6	6	0
5321	0	0	0	0	22	1874	22	22	0
5317	0	0	0	0	26	1874	26	24	2
5330	0	0	0	0	13	1881	13	12	1
5337	0	0	0	0	6	1870	6	6	0
5330	0	0	0	0	13	1875	13	11	2
5333	0	0	0	0	10	1875	10	10	0
5325	0	0	0	0	18	1874	18	16	2
5336	0	0	0	0	7	1869	7	7	0
5327	0	0	0	0	16	1876	16	16	0
5334	0	0	0	0	9	1874	9	9	0
5318	0	0	0	0	25	1880	25	25	0
5285	0	0	0	0	58	1893	58	55	3
5335	0	0	0	0	8	1869	8	8	0
5319	0	0	0	0	24	1880	24	23	1
5337	0	0	0	0	6	1869	6	6	0
5338	0	0	0	0	5	1867	5	5	0
5322	0	0	0	0	21	1882	21	20	1
5332	0	0	0	0	11	1874	11	10	1
5334	0	0	0	0	9	1877	9	7	2
5327	0	0	0	0	16	1873	16	15	1
5335	0	0	0	0	8	1873	8	7	1
5336	0	0	0	0	7	1875	7	6	1
5330	0	0	0	0	13	1877	13	12	1
5312	0	0	0	0	31	1888	31	30	1
5305	0	0	0	0	38	1893	38	34	4
5338	0	0	0	0	5	1870	5	5	0
5335	0	0	0	0	8	1874	8	7	1
5332	0	0	0	0	11	1877	11	11	0
5295	0	0	0	0	48	1900	48	47	1
5337	0	0	0	0	6	1869	6	6	0
5338	0	0	0	0	5	1867	5	5	0
5329	0	0	0	0	14	1877	14	13	1
5328	0	0	0	0	15	1876	15	14	1
5337	0	0	0	0	6	1874	6	5	1
5319	0	0	0	0	24	1883	24	22	2
5324	0	0	0	0	19	1880	19	17	2
5333	0	0	0	0	10	1876	10	10	0
5338	0	0	0	0	5	1870	5	5	0
5319	0	0	0	0	24	1880	24	23	1
5314	0	0	0	0	29	1879	29	29	0
5337	0	0	0	0	6	1870	6	6	0
5335	0	0	0	0	8	1876	8	8	0
5333	0	0	0	0	10	1874	10	9	1
5330	0	0	0	0	13	1875	13	13	0
5334	0	0	0	0	9	1873	9	9	0
5324	0	0	0	0	19	1877	19	18	1
5335	0	0	0	0	8	1873	8	7	1
5327	0	0	0	0	16	1879	16	16	0
5329	0	0	0	0	14	1875	14	14	0
5336	0	0	0	0	7	1868	7	7	0
5288	0	0	0	0	55	1894	55	54	1
5338	0	0	0	0	5	1869	5	5	0
5336	0	0	0	0	7	1871	7	7	0
5337	0	0	0	0	6	1873	6	6	0
5327	0	0	0	0	16	1878	16	16	0
5329	0	0	0	0	14	1881	14	14	0
5305	0	0	0	0	38	1887	38	36	2
5332	0	0	0	0	11	1872	11	11	0
5335	0	0	0	0	8	1871	8	8	0
5329	0	0	0	0	14	1876	14	12	2
5329	0	0	0	0	14	1873	14	13	1
5327	0	0	0	0	16	1878	16	15	1
5336	0	0	0	0	7	1872	7	7	0
5338	0	0	0	0	5	1870	5	5	0
5326	0	0	0	0	17	1875	17	16	1
5331	0	0	0	0	12	1871	12	11	1
5305	0	0	0	0	38	1888	38	34	4
5301	0	0	0	0	42	1890	42	42	0
5291	0	0	0	0	52	1897	52	49	3
5338	0	0	0	0	5	1868	5	5	0
5322	0	0	0	0	21	1878	21	19	2
5333	0	0	0	0	10	1876	10	10	0
5298	0	0	0	0	45	1884	45	44	1
5323	0	0	0	0	20	1875	20	20	0
5335	0	0	0	0	8	1872	8	8	0
5278	0	0	0	0	65	1900	65	61	4
5286	0	0	0	0	57	1891	57	56	1
5333	0	0	0	0	10	1871	10	9	1
5337	0	0	0	0	6	1871	6	6	0
5314	0	0	0	0	29	1894	29	22	7
5326	0	0	0	0	17	1879	17	17	0
5335	0	0	0	0	8	1877	8	7	1
5264	0	0	0	0	79	1914	79	73	6
5307	0	0	0	0	36	1884	36	33	3
5332	0	0	0	0	11	1875	11	10	1
5324	0	0	0	0	19	1870	19	19	0
5318	0	0	0	0	25	1882	25	22	3
5338	0	0	0	0	5	1870	5	5	0
5265	0	0	0	0	78	1903	78	74	4
5320	0	0	0	0	23	1884	23	23	0
5330	0	0	0	0	13	1880	13	12	1
5337	0	0	0	0	6	1870	6	5	1
5335	0	0	0	0	8	1876	8	7	1
5328	0	0	0	0	15	1874	15	15	0
5337	0	0	0	0	6	1872	6	6	0
5336	0	0	0	0	7	1873	7	7	0
5324	0	0	0	0	19	1876	19	18	1
5337	0	0	0	0	6	1870	6	6	0
5324	0	0	0	0	19	1869	19	17	2
5317	0	0	0	0	26	1882	26	24	2
5312	0	0	0	0	31	1893	31	29	2
5335	0	0	0	0	8	1869	8	8	0
5311	0	0	0	0	32	1892	32	28	4
5338	0	0	0	0	5	1869	5	5	0
5338	0	0	0	0	5	1869	5	5	0
5337	0	0	0	0	6	1872	6	6	0
5338	0	0	0	0	5	1870	5	5	0
5332	0	0	0	0	11	1872	11	10	1
5335	0	0	0	0	8	1874	8	8	0
5311	0	0	0	0	32	1893	32	31	1
5337	0	0	0	0	6	1871	6	6	0
5265	0	0	0	0	78	1893	78	73	5
5328	0	0	0	0	15	1877	15	12	3
5329	0	0	0	0	14	1884	14	13	1
5321	0	0	0	0	22	1883	22	22	0
5331	0	0	0	0	12	1873	12	11	1
5320	0	0	0	0	23	1885	23	20	3
5310	0	0	0	0	33	1879	33	31	2
5287	0	0	0	0	56	1894	56	50	6
5334	0	0	0	0	9	1875	9	9	0
5337	0	0	0	0	6	1874	6	6	0
5335	0	0	0	0	8	1872	8	7	1
5338	0	0	0	0	5	1876	5	5	0
5338	0	0	0	0	5	1870	5	5	0
5338	0	0	0	0	5	1869	5	5	0
5317	0	0	0	0	26	1895	26	25	1
5308	0	0	0	0	35	1886	35	29	6
5332	0	0	0	0	11	1880	11	11	0
5330	0	0	0	0	13	1878	13	13	0
5306	0	0	0	0	37	1888	37	36	1
5331	0	0	0	0	12	1875	12	12	0
5332	0	0	0	0	11	1879	11	11	0
5301	0	0	0	0	42	1896	42	41	1
5337	0	0	0	0	6	1870	6	5	1
5327	0	0	0	0	16	1882	16	15	1
5337	0	0	0	0	6	1874	6	6	0
5324	0	0	0	0	19	1884	19	19	0
5328	0	0	0	0	15	1879	15	15	0
5336	0	0	0	0	7	1872	7	5	2
5286	0	0	0	0	57	1896	57	47	10
5338	0	0	0	0	5	1869	5	5	0
5335	0	0	0	0	8	1872	8	7	1
5333	0	0	0	0	10	1877	10	9	1
5337	0	0	0	0	6	1869	6	6	0
5337	0	0	0	0	6	1873	6	6	0
5337	0	0	0	0	6	1871	6	6	0
5334	0	0	0	0	9	1871	9	8	1
5292	0	0	0	0	51	1896	51	45	6
5321	0	0	0	0	22	1884	22	21	1
5334	0	0	0	0	9	1869	9	9	0
5330	0	0	0	0	13	1877	13	13	0
5334	0	0	0	0	9	1876	9	9	0
5320	0	0	0	0	23	1881	23	21	2
5334	0	0	0	0	9	1874	9	9	0
5333	0	0	0	0	10	1877	10	9	1
5330	0	0	0	0	13	1876	13	13	0
5337	0	0	0	0	6	1873	6	6	0
5333	0	0	0	0	10	1868	10	10	0
5334	0	0	0	0	9	1872	9	9	0
5335	0	0	0	0	8	1878	8	7	1
5336	0	0	0	0	7	1872	7	7	0
5338	0	0	0	0	5	1873	5	5	0
5332	0	0	0	0	11	1872	11	10	1
5336	0	0	0	0	7	1870	7	7	0
5336	0	0	0	0	7	1875	7	7	0
5325	0	0	0	0	18	1880	18	17	1
5236	0	0	0	0	107	1921	107	105	2
5325	0	0	0	0	18	1885	18	16	2
5337	0	0	0	0	6	1871	6	6	0
5317	0	0	0	0	26	1879	26	25	1
5326	0	0	0	0	17	1881	17	14	3
5338	0	0	0	0	5	1871	5	5	0
5324	0	0	0	0	19	1879	19	17	2
5338	0	0	0	0	5	1873	5	5	0
5332	0	0	0	0	11	1876	11	10	1
5333	0	0	0	0	10	1870	10	10	0
5338	0	0	0	0	5	1871	5	5	0
5320	0	0	0	0	23	1875	23	21	2
5323	0	0	0	0	20	1877	20	18	2
5318	0	0	0	0	25	1882	25	21	4
5337	0	0	0	0	6	1871	6	6	0
5337	0	0	0	0	6	1872	6	6	0
5327	0	0	0	0	16	1883	16	13	3
5325	0	0	0	0	18	1879	18	17	1
5318	0	0	0	0	25	1878	25	25	0
5334	0	0	0	0	9	1873	9	8	1
5330	0	0	0	0	13	1873	13	13	0
5327	0	0	0	0	16	1879	16	14	2
5325	0	0	0	0	18	1882	18	18	0
5338	0	0	0	0	5	1869	5	5	0
5314	0	0	0	0	29	1884	29	27	2
5282	0	0	0	0	61	1893	61	58	3
5335	0	0	0	0	8	1871	8	7	1
5331	0	0	0	0	12	1875	12	12	0
5334	0	0	0	0	9	1874	9	8	1
5288	0	0	0	0	55	1897	55	52	3
5331	0	0	0	0	12	1878	12	11	1
5336	0	0	0	0	7	1873	7	6	1
5336	0	0	0	0	7	1871	7	7	0
5314	0	0	0	0	29	1884	29	27	2
5311	0	0	0	0	32	1889	32	31	1
5314	0	0	0	0	29	1890	29	25	4
5329	0	0	0	0	14	1877	14	13	1
5335	0	0	0	0	8	1878	8	8	0
5338	0	0	0	0	5	1873	5	5	0
5331	0	0	0	0	12	1876	12	10	2
5336	0	0	0	0	7	1877	7	7	0
5337	0	0	0	0	6	1866	6	6	0
5337	0	0	0	0	6	1869	6	6	0
5320	0	0	0	0	23	1885	23	23	0
5286	0	0	0	0	57	1885	57	53	4
5333	0	0	0	0	10	1874	10	10	0
5329	0	0	0	0	14	1877	14	14	0
5328	0	0	0	0	15	1882	15	14	1
5329	0	0	0	0	14	1874	14	14	0
5327	0	0	0	0	16	1875	16	16	0
5337	0	0	0	0	6	1872	6	6	0
5333	0	0	0	0	10	1877	10	10	0
5330	0	0	0	0	13	1881	13	13	0
5327	0	0	0	0	16	1880	16	15	1
5338	0	0	0	0	5	1871	5	5	0
5333	0	0	0	0	10	1874	10	8	2
5320	0	0	0	0	23	1899	23	20	3
5316	0	0	0	0	27	1880	27	26	1
5337	0	0	0	0	6	1877	6	6	0
5321	0	0	0	0	22	1888	22	21	1
5331	0	0	0	0	12	1877	12	10	2
5320	0	0	0	0	23	1881	23	22	1
5330	0	0	0	0	13	1872	13	13	0
5334	0	0	0	0	9	1872	9	9	0
5336	0	0	0	0	7	1873	7	7	0
5338	0	0	0	0	5	1868	5	5	0
5338	0	0	0	0	5	1870	5	5	0
5294	0	0	0	0	49	1895	49	48	1
5336	0	0	0	0	7	1869	7	6	1
5310	0	0	0	0	33	1881	33	30	3
5338	0	0	0	0	5	1873	5	5	0
5337	0	0	0	0	6	1871	6	6	0
5336	0	0	0	0	7	1870	7	7	0
5332	0	0	0	0	11	1878	11	10	1
5338	0	0	0	0	5	1869	5	5	0
5334	0	0	0	0	9	1872	9	9	0
5325	0	0	0	0	18	1882	18	17	1
5335	0	0	0	0	8	1871	8	6	2
5337	0	0	0	0	6	1869	6	6	0
5335	0	0	0	0	8	1874	8	7	1
5328	0	0	0	0	15	1875	15	14	1
5316	0	0	0	0	27	1890	27	26	1
5333	0	0	0	0	10	1870	10	9	1
5331	0	0	0	0	12	1872	12	12	0
5333	0	0	0	0	10	1877	10	7	3
5303	0	0	0	0	40	1888	40	38	2
5334	0	0	0	0	9	1873	9	9	0
5264	0	0	0	0	79	1897	79	73	6
5325	0	0	0	0	18	1881	18	15	3
5316	0	0	0	0	27	1892	27	25	2
5334	0	0	0	0	9	1872	9	8	1
5333	0	0	0	0	10	1877	10	10	0
5338	0	0	0	0	5	1872	5	5	0
5306	0	0	0	0	37	1885	37	35	2
5320	0	0	0	0	23	1875	23	22	1
5338	0	0	0	0	5	1873	5	5	0
5328	0	0	0	0	15	1877	15	15	0
5329	0	0	0	0	14	1876	14	11	3
5314	0	0	0	0	29	1888	29	28	1
5335	0	0	0	0	8	1871	8	8	0
5336	0	0	0	0	7	1877	7	7	0
5331	0	0	0	0	12	1881	12	12	0
5332	0	0	0	0	11	1869	11	10	1
5276	0	0	0	0	67	1907	67	63	4
5323	0	0	0	0	20	1877	20	20	0
5307	0	0	0	0	36	1887	36	33	3
5333	0	0	0	0	10	1874	10	9	1
5327	0	0	0	0	16	1881	16	16	0
5298	0	0	0	0	45	1893	45	43	2
5336	0	0	0	0	7	1874	7	6	1
5313	0	0	0	0	30	1889	30	30	0
5315	0	0	0	0	28	1887	28	26	2
5335	0	0	0	0	8	1873	8	8	0
5335	0	0	0	0	8	1875	8	8	0
5336	0	0	0	0	7	1871	7	7	0
5338	0	0	0	0	5	1872	5	5	0
5331	0	0	0	0	12	1874	12	11	1
5330	0	0	0	0	13	1875	13	12	1
5292	0	0	0	0	51	1896	51	49	2
5330	0	0	0	0	13	1876	13	13	0
5333	0	0	0	0	10	1872	10	10	0
5294	0	0	0	0	49	1885	49	48	1
5326	0	0	0	0	17	1882	17	16	1
5321	0	0	0	0	22	1880	22	21	1
5333	0	0	0	0	10	1872	10	10	0
5322	0	0	0	0	21	1880	21	19	2
5307	0	0	0	0	36	1891	36	33	3
5331	0	0	0	0	12	1875	12	12	0
5328	0	0	0	0	15	1884	15	14	1
5327	0	0	0	0	16	1870	16	16	0
5319	0	0	0	0	24	1878	24	24	0
5327	0	0	0	0	16	1879	16	15	1
5333	0	0	0	0	10	1876	10	9	1
5336	0	0	0	0	7	1871	7	5	2
5337	0	0	0	0	6	1869	6	6	0
5331	0	0	0	0	12	1880	12	12	0
5336	0	0	0	0	7	1871	7	7	0
5332	0	0	0	0	11	1874	11	11	0
5301	0	0	0	0	42	1884	42	40	2
5321	0	0	0	0	22	1879	22	20	2
5282	0	0	0	0	61	1894	61	56	5
5336	0	0	0	0	7	1871	7	7	0
5333	0	0	0	0	10	1879	10	10	0
5337	0	0	0	0	6	1874	6	6	0
5336	0	0	0	0	7	1871	7	6	1
5333	0	0	0	0	10	1883	10	10	0
5334	0	0	0	0	9	1876	9	9	0
5327	0	0	0	0	16	1878	16	14	2
5327	0	0	0	0	16	1877	16	14	2
5332	0	0	0	0	11	1877	11	10	1
5308	0	0	0	0	35	1886	35	32	3
5338	0	0	0	0	5	1865	5	5	0
5334	0	0	0	0	9	1873	9	9	0
5319	0	0	0	0	24	1880	24	22	2
5298	0	0	0	0	45	1895	45	43	2
5333	0	0	0	0	10	1869	10	10	0
5332	0	0	0	0	11	1880	11	11	0
5338	0	0	0	0	5	1868	5	5	0
5338	0	0	0	0	5	1871	5	5	0
5334	0	0	0	0	9	1874	9	8	1
5333	0	0	0	0	10	1868	10	10	0
5329	0	0	0	0	14	1882	14	12	2
5306	0	0	0	0	37	1889	37	36	1
