5338	0	0	0	0	5	1671	5	5	0
5336	0	0	0	0	7	1671	7	6	1
5338	0	0	0	0	5	1680	5	5	0
5334	0	0	0	0	9	1657	9	9	0
5335	0	0	0	0	8	1709	8	8	0
5335	0	0	0	0	8	1646	8	6	2
5336	0	0	0	0	7	1709	7	7	0
5324	0	0	0	0	19	1797	19	18	1
5338	0	0	0	0	5	1666	5	5	0
5335	0	0	0	0	8	1688	8	8	0
5335	0	0	0	0	8	1667	8	8	0
5337	0	0	0	0	6	1679	6	5	1
5338	0	0	0	0	5	1703	5	5	0
5329	0	0	0	0	14	1716	14	14	0
5337	0	0	0	0	6	1665	6	5	1
5335	0	0	0	0	8	1712	8	8	0
5330	0	0	0	0	13	1725	13	11	2
5336	0	0	0	0	7	1652	7	6	1
5338	0	0	0	0	5	1712	5	5	0
5332	0	0	0	0	11	1675	11	10	1
5338	0	0	0	0	5	1669	5	5	0
5338	0	0	0	0	5	1700	5	5	0
5333	0	0	0	0	10	1710	10	10	0
5336	0	0	0	0	7	1667	7	6	1
5337	0	0	0	0	6	1734	6	5	1
5337	0	0	0	0	6	1709	6	6	0
5334	0	0	0	0	9	1685	9	9	0
5337	0	0	0	0	6	1717	6	5	1
5336	0	0	0	0	7	1683	7	7	0
5337	0	0	0	0	6	1703	6	6	0
5330	0	0	0	0	13	1723	13	12	1
5331	0	0	0	0	12	1706	12	12	0
5332	0	0	0	0	11	1692	11	11	0
5333	0	0	0	0	10	1702	10	10	0
5328	0	0	0	0	15	1738	15	14	1
5327	0	0	0	0	16	1748	16	15	1
5338	0	0	0	0	5	1712	5	5	0
5338	0	0	0	0	5	1687	5	5	0
5333	0	0	0	0	10	1703	10	9	1
5335	0	0	0	0	8	1703	8	8	0
5335	0	0	0	0	8	1666	8	7	1
5338	0	0	0	0	5	1633	5	5	0
5333	0	0	0	0	10	1710	10	9	1
5337	0	0	0	0	6	1705	6	5	1
5337	0	0	0	0	6	1667	6	6	0
5337	0	0	0	0	6	1794	6	6	0
5335	0	0	0	0	8	1682	8	8	0
5336	0	0	0	0	7	1744	7	7	0
5318	0	0	0	0	25	1740	25	23	2
5332	0	0	0	0	11	1748	11	11	0
5328	0	0	0	0	15	1658	15	14	1
5334	0	0	0	0	9	1709	9	8	1
5338	0	0	0	0	5	1668	5	5	0
5338	0	0	0	0	5	1698	5	5	0
5331	0	0	0	0	12	1704	12	11	1
5333	0	0	0	0	10	1734	10	10	0
5331	0	0	0	0	12	1674	12	10	2
5333	0	0	0	0	10	1740	10	9	1
5335	0	0	0	0	8	1689	8	8	0
5330	0	0	0	0	13	1730	13	11	2
5322	0	0	0	0	21	1735	21	21	0
5337	0	0	0	0	6	1650	6	5	1
5336	0	0	0	0	7	1683	7	6	1
5334	0	0	0	0	9	1714	9	8	1
5335	0	0	0	0	8	1624	8	6	2
5334	0	0	0	0	9	1682	9	7	2
5337	0	0	0	0	6	1663	6	6	0
5330	0	0	0	0	13	1666	13	12	1
5322	0	0	0	0	21	1762	21	20	1
5331	0	0	0	0	12	1736	12	10	2
5327	0	0	0	0	16	1747	16	16	0
5337	0	0	0	0	6	1666	6	5	1
5337	0	0	0	0	6	1656	6	5	1
5338	0	0	0	0	5	1646	5	5	0
5336	0	0	0	0	7	1703	7	7	0
5334	0	0	0	0	9	1669	9	9	0
5324	0	0	0	0	19	1724	19	18	1
5338	0	0	0	0	5	1714	5	5	0
5333	0	0	0	0	10	1709	10	10	0
5333	0	0	0	0	10	1748	10	9	1
5337	0	0	0	0	6	1709	6	6	0
5332	0	0	0	0	11	1714	11	11	0
5323	0	0	0	0	20	1744	20	18	2
5336	0	0	0	0	7	1660	7	7	0
5336	0	0	0	0	7	1682	7	6	1
5334	0	0	0	0	9	1708	9	9	0
5337	0	0	0	0	6	1711	6	6	0
5338	0	0	0	0	5	1644	5	5	0
5335	0	0	0	0	8	1723	8	8	0
5335	0	0	0	0	8	1654	8	8	0
5330	0	0	0	0	13	1735	13	13	0
5336	0	0	0	0	7	1699	7	7	0
5337	0	0	0	0	6	1691	6	6	0
5336	0	0	0	0	7	1693	7	7	0
5337	0	0	0	0	6	1673	6	6	0
5338	0	0	0	0	5	1709	5	5	0
5334	0	0	0	0	9	1658	9	9	0
5335	0	0	0	0	8	1714	8	6	2
5338	0	0	0	0	5	1674	5	5	0
5333	0	0	0	0	10	1690	10	10	0
5331	0	0	0	0	12	1786	12	12	0
5336	0	0	0	0	7	1704	7	7	0
5325	0	0	0	0	18	1770	18	18	0
5337	0	0	0	0	6	1726	6	6	0
5332	0	0	0	0	11	1710	11	11	0
5329	0	0	0	0	14	1743	14	13	1
5334	0	0	0	0	9	1730	9	8	1
5334	0	0	0	0	9	1709	9	8	1
5337	0	0	0	0	6	1706	6	6	0
5332	0	0	0	0	11	1709	11	11	0
5336	0	0	0	0	7	1636	7	7	0
5333	0	0	0	0	10	1736	10	8	2
5335	0	0	0	0	8	1685	8	8	0
5331	0	0	0	0	12	1669	12	12	0
5333	0	0	0	0	10	1703	10	10	0
5331	0	0	0	0	12	1727	12	12	0
5338	0	0	0	0	5	1661	5	5	0
5338	0	0	0	0	5	1712	5	5	0
5335	0	0	0	0	8	1733	8	8	0
5331	0	0	0	0	12	1726	12	12	0
5337	0	0	0	0	6	1716	6	6	0
5326	0	0	0	0	17	1768	17	16	1
5325	0	0	0	0	18	1721	18	16	2
5335	0	0	0	0	8	1690	8	8	0
5330	0	0	0	0	13	1724	13	13	0
5337	0	0	0	0	6	1705	6	5	1
5324	0	0	0	0	19	1761	19	19	0
5338	0	0	0	0	5	1658	5	5	0
5336	0	0	0	0	7	1694	7	7	0
5338	0	0	0	0	5	1671	5	5	0
5326	0	0	0	0	17	1757	17	16	1
5327	0	0	0	0	16	1765	16	15	1
5329	0	0	0	0	14	1744	14	14	0
5338	0	0	0	0	5	1702	5	5	0
5333	0	0	0	0	10	1717	10	9	1
5323	0	0	0	0	20	1749	20	18	2
5329	0	0	0	0	14	1801	14	13	1
5336	0	0	0	0	7	1676	7	6	1
5336	0	0	0	0	7	1685	7	7	0
5338	0	0	0	0	5	1691	5	5	0
5317	0	0	0	0	26	1732	26	26	0
5335	0	0	0	0	8	1714	8	7	1
5337	0	0	0	0	6	1702	6	6	0
5337	0	0	0	0	6	1707	6	6	0
5326	0	0	0	0	17	1718	17	15	2
5323	0	0	0	0	20	1730	20	17	3
5334	0	0	0	0	9	1746	9	8	1
5332	0	0	0	0	11	1707	11	11	0
5337	0	0	0	0	6	1675	6	6	0
5337	0	0	0	0	6	1689	6	5	1
5337	0	0	0	0	6	1658	6	6	0
5331	0	0	0	0	12	1718	12	12	0
5333	0	0	0	0	10	1727	10	7	3
5337	0	0	0	0	6	1691	6	5	1
5336	0	0	0	0	7	1692	7	7	0
5332	0	0	0	0	11	1720	11	11	0
5327	0	0	0	0	16	1694	16	15	1
5330	0	0	0	0	13	1755	13	13	0
5330	0	0	0	0	13	1744	13	13	0
5328	0	0	0	0	15	1670	15	14	1
5333	0	0	0	0	10	1697	10	9	1
5324	0	0	0	0	19	1718	19	19	0
5336	0	0	0	0	7	1674	7	7	0
5325	0	0	0	0	18	1780	18	18	0
5332	0	0	0	0	11	1704	11	10	1
5335	0	0	0	0	8	1705	8	7	1
5331	0	0	0	0	12	1701	12	10	2
5337	0	0	0	0	6	1621	6	6	0
5337	0	0	0	0	6	1710	6	6	0
5330	0	0	0	0	13	1692	13	12	1
5337	0	0	0	0	6	1697	6	6	0
5337	0	0	0	0	6	1686	6	6	0
5337	0	0	0	0	6	1670	6	6	0
5335	0	0	0	0	8	1718	8	8	0
5336	0	0	0	0	7	1663	7	6	1
5336	0	0	0	0	7	1710	7	7	0
5333	0	0	0	0	10	1728	10	10	0
5336	0	0	0	0	7	1707	7	7	0
5336	0	0	0	0	7	1659	7	6	1
5332	0	0	0	0	11	1725	11	9	2
5336	0	0	0	0	7	1726	7	7	0
5325	0	0	0	0	18	1754	18	18	0
5336	0	0	0	0	7	1656	7	7	0
5336	0	0	0	0	7	1680	7	7	0
5330	0	0	0	0	13	1711	13	13	0
5338	0	0	0	0	5	1688	5	5	0
5338	0	0	0	0	5	1641	5	5	0
5333	0	0	0	0	10	1732	10	10	0
5333	0	0	0	0	10	1705	10	9	1
5314	0	0	0	0	29	1816	29	29	0
5331	0	0	0	0	12	1707	12	11	1
5335	0	0	0	0	8	1723	8	7	1
5337	0	0	0	0	6	1700	6	5	1
5332	0	0	0	0	11	1727	11	10	1
5336	0	0	0	0	7	1711	7	7	0
5324	0	0	0	0	19	1731	19	17	2
5338	0	0	0	0	5	1665	5	5	0
5332	0	0	0	0	11	1736	11	10	1
5333	0	0	0	0	10	1694	10	9	1
5330	0	0	0	0	13	1719	13	13	0
5337	0	0	0	0	6	1695	6	6	0
5338	0	0	0	0	5	1649	5	5	0
5334	0	0	0	0	9	1695	9	9	0
5335	0	0	0	0	8	1717	8	6	2
5337	0	0	0	0	6	1663	6	5	1
5328	0	0	0	0	15	1724	15	14	1
5333	0	0	0	0	10	1718	10	10	0
5333	0	0	0	0	10	1708	10	10	0
5338	0	0	0	0	5	1652	5	5	0
5331	0	0	0	0	12	1762	12	12	0
5333	0	0	0	0	10	1651	10	10	0
5338	0	0	0	0	5	1661	5	5	0
5336	0	0	0	0	7	1677	7	7	0
5335	0	0	0	0	8	1688	8	7	1
5334	0	0	0	0	9	1657	9	9	0
5337	0	0	0	0	6	1678	6	6	0
5333	0	0	0	0	10	1662	10	10	0
5337	0	0	0	0	6	1674	6	6	0
5330	0	0	0	0	13	1747	13	13	0
5330	0	0	0	0	13	1686	13	13	0
5336	0	0	0	0	7	1645	7	7	0
5316	0	0	0	0	27	1785	27	26	1
5338	0	0	0	0	5	1644	5	5	0
5338	0	0	0	0	5	1644	5	5	0
5337	0	0	0	0	6	1700	6	6	0
5331	0	0	0	0	12	1717	12	12	0
5335	0	0	0	0	8	1737	8	8	0
5333	0	0	0	0	10	1715	10	8	2
5336	0	0	0	0	7	1712	7	7	0
5337	0	0	0	0	6	1701	6	6	0
5336	0	0	0	0	7	1668	7	7	0
5330	0	0	0	0	13	1677	13	12	1
5338	0	0	0	0	5	1689	5	5	0
5337	0	0	0	0	6	1694	6	6	0
5338	0	0	0	0	5	1692	5	5	0
5336	0	0	0	0	7	1708	7	7	0
5333	0	0	0	0	10	1693	10	10	0
5329	0	0	0	0	14	1693	14	12	2
5320	0	0	0	0	23	1789	23	21	2
5338	0	0	0	0	5	1702	5	5	0
5338	0	0	0	0	5	1649	5	5	0
5337	0	0	0	0	6	1702	6	6	0
5334	0	0	0	0	9	1713	9	8	1
5321	0	0	0	0	22	1731	22	22	0
5327	0	0	0	0	16	1722	16	16	0
5336	0	0	0	0	7	1711	7	7	0
5335	0	0	0	0	8	1675	8	7	1
5320	0	0	0	0	23	1730	23	23	0
5334	0	0	0	0	9	1641	9	8	1
5337	0	0	0	0	6	1681	6	6	0
5336	0	0	0	0	7	1687	7	6	1
5332	0	0	0	0	11	1717	11	11	0
5336	0	0	0	0	7	1719	7	7	0
5322	0	0	0	0	21	1745	21	21	0
5332	0	0	0	0	11	1684	11	10	1
5335	0	0	0	0	8	1677	8	7	1
5328	0	0	0	0	15	1708	15	15	0
5329	0	0	0	0	14	1712	14	13	1
5338	0	0	0	0	5	1664	5	5	0
5309	0	0	0	0	34	1848	34	32	2
5336	0	0	0	0	7	1716	7	6	1
5333	0	0	0	0	10	1739	10	10	0
5337	0	0	0	0	6	1682	6	5	1
5335	0	0	0	0	8	1650	8	6	2
5333	0	0	0	0	10	1709	10	10	0
5337	0	0	0	0	6	1680	6	6	0
5333	0	0	0	0	10	1720	10	8	2
5333	0	0	0	0	10	1729	10	9	1
5338	0	0	0	0	5	1668	5	5	0
5329	0	0	0	0	14	1639	14	14	0
5334	0	0	0	0	9	1719	9	9	0
5336	0	0	0	0	7	1691	7	7	0
5335	0	0	0	0	8	1703	8	8	0
5328	0	0	0	0	15	1785	15	15	0
5338	0	0	0	0	5	1686	5	5	0
5338	0	0	0	0	5	1686	5	5	0
5337	0	0	0	0	6	1707	6	6	0
5338	0	0	0	0	5	1669	5	5	0
5337	0	0	0	0	6	1638	6	6	0
5336	0	0	0	0	7	1675	7	7	0
5332	0	0	0	0	11	1730	11	10	1
5338	0	0	0	0	5	1680	5	5	0
5331	0	0	0	0	12	1696	12	10	2
5332	0	0	0	0	11	1742	11	10	1
5334	0	0	0	0	9	1755	9	8	1
5329	0	0	0	0	14	1743	14	13	1
5334	0	0	0	0	9	1707	9	9	0
5326	0	0	0	0	17	1743	17	17	0
5333	0	0	0	0	10	1704	10	10	0
5329	0	0	0	0	14	1699	14	14	0
5336	0	0	0	0	7	1703	7	7	0
5337	0	0	0	0	6	1694	6	6	0
5337	0	0	0	0	6	1643	6	6	0
5338	0	0	0	0	5	1688	5	5	0
5338	0	0	0	0	5	1669	5	5	0
5337	0	0	0	0	6	1668	6	5	1
5331	0	0	0	0	12	1790	12	12	0
5328	0	0	0	0	15	1703	15	13	2
5336	0	0	0	0	7	1714	7	7	0
5330	0	0	0	0	13	1714	13	11	2
5338	0	0	0	0	5	1706	5	5	0
5333	0	0	0	0	10	1714	10	9	1
5336	0	0	0	0	7	1713	7	7	0
5312	0	0	0	0	31	1766	31	31	0
5338	0	0	0	0	5	1709	5	5	0
5336	0	0	0	0	7	1682	7	7	0
5336	0	0	0	0	7	1709	7	6	1
5334	0	0	0	0	9	1751	9	9	0
5336	0	0	0	0	7	1697	7	7	0
5336	0	0	0	0	7	1721	7	5	2
5335	0	0	0	0	8	1669	8	8	0
5338	0	0	0	0	5	1636	5	5	0
5337	0	0	0	0	6	1683	6	6	0
5333	0	0	0	0	10	1758	10	9	1
5337	0	0	0	0	6	1702	6	6	0
5337	0	0	0	0	6	1698	6	6	0
5337	0	0	0	0	6	1674	6	6	0
5338	0	0	0	0	5	1653	5	5	0
5336	0	0	0	0	7	1705	7	7	0
5332	0	0	0	0	11	1708	11	11	0
5334	0	0	0	0	9	1658	9	9	0
5327	0	0	0	0	16	1681	16	15	1
5335	0	0	0	0	8	1753	8	8	0
5330	0	0	0	0	13	1725	13	12	1
5334	0	0	0	0	9	1709	9	9	0
5333	0	0	0	0	10	1701	10	9	1
5336	0	0	0	0	7	1658	7	6	1
5338	0	0	0	0	5	1678	5	5	0
5334	0	0	0	0	9	1659	9	9	0
5335	0	0	0	0	8	1676	8	7	1
5337	0	0	0	0	6	1722	6	6	0
5336	0	0	0	0	7	1650	7	7	0
5338	0	0	0	0	5	1653	5	5	0
5335	0	0	0	0	8	1736	8	8	0
5336	0	0	0	0	7	1657	7	7	0
5332	0	0	0	0	11	1712	11	10	1
5335	0	0	0	0	8	1734	8	8	0
5338	0	0	0	0	5	1682	5	5	0
5330	0	0	0	0	13	1714	13	13	0
5337	0	0	0	0	6	1657	6	6	0
5333	0	0	0	0	10	1732	10	10	0
5327	0	0	0	0	16	1772	16	14	2
5338	0	0	0	0	5	1671	5	5	0
5333	0	0	0	0	10	1686	10	10	0
5338	0	0	0	0	5	1667	5	5	0
5338	0	0	0	0	5	1688	5	5	0
5333	0	0	0	0	10	1666	10	10	0
5336	0	0	0	0	7	1739	7	5	2
5335	0	0	0	0	8	1698	8	8	0
5331	0	0	0	0	12	1733	12	10	2
5327	0	0	0	0	16	1726	16	15	1
5337	0	0	0	0	6	1706	6	6	0
5336	0	0	0	0	7	1696	7	6	1
5336	0	0	0	0	7	1681	7	7	0
5317	0	0	0	0	26	1772	26	25	1
5326	0	0	0	0	17	1694	17	17	0
5336	0	0	0	0	7	1705	7	6	1
5330	0	0	0	0	13	1653	13	12	1
5333	0	0	0	0	10	1726	10	10	0
5331	0	0	0	0	12	1710	12	12	0
5338	0	0	0	0	5	1651	5	5	0
5329	0	0	0	0	14	1724	14	13	1
5326	0	0	0	0	17	1755	17	17	0
5335	0	0	0	0	8	1687	8	7	1
5332	0	0	0	0	11	1700	11	10	1
5336	0	0	0	0	7	1717	7	7	0
5322	0	0	0	0	21	1770	21	21	0
5334	0	0	0	0	9	1698	9	9	0
5338	0	0	0	0	5	1709	5	5	0
5337	0	0	0	0	6	1689	6	6	0
5318	0	0	0	0	25	1799	25	24	1
5333	0	0	0	0	10	1728	10	9	1
5327	0	0	0	0	16	1738	16	15	1
5332	0	0	0	0	11	1710	11	11	0
5336	0	0	0	0	7	1711	7	7	0
5332	0	0	0	0	11	1761	11	10	1
5332	0	0	0	0	11	1708	11	10	1
5337	0	0	0	0	6	1711	6	6	0
5337	0	0	0	0	6	1630	6	6	0
5337	0	0	0	0	6	1658	6	6	0
5329	0	0	0	0	14	1702	14	14	0
5329	0	0	0	0	14	1727	14	12	2
5338	0	0	0	0	5	1664	5	5	0
5331	0	0	0	0	12	1677	12	12	0
5336	0	0	0	0	7	1692	7	6	1
5332	0	0	0	0	11	1684	11	10	1
5330	0	0	0	0	13	1741	13	12	1
5338	0	0	0	0	5	1668	5	5	0
5337	0	0	0	0	6	1661	6	6	0
5333	0	0	0	0	10	1698	10	10	0
5334	0	0	0	0	9	1730	9	7	2
5338	0	0	0	0	5	1639	5	5	0
5335	0	0	0	0	8	1653	8	7	1
5330	0	0	0	0	13	1825	13	11	2
5337	0	0	0	0	6	1680	6	6	0
5338	0	0	0	0	5	1677	5	5	0
5325	0	0	0	0	18	1798	18	16	2
5336	0	0	0	0	7	1694	7	5	2
5329	0	0	0	0	14	1736	14	14	0
5333	0	0	0	0	10	1688	10	10	0
5336	0	0	0	0	7	1717	7	7	0
5327	0	0	0	0	16	1760	16	14	2
5338	0	0	0	0	5	1635	5	5	0
5338	0	0	0	0	5	1613	5	5	0
5331	0	0	0	0	12	1710	12	12	0
5337	0	0	0	0	6	1641	6	5	1
5336	0	0	0	0	7	1718	7	7	0
5338	0	0	0	0	5	1683	5	5	0
5337	0	0	0	0	6	1679	6	6	0
5337	0	0	0	0	6	1652	6	6	0
5327	0	0	0	0	16	1731	16	14	2
5338	0	0	0	0	5	1623	5	5	0
5337	0	0	0	0	6	1691	6	6	0
5333	0	0	0	0	10	1738	10	9	1
5337	0	0	0	0	6	1668	6	5	1
5337	0	0	0	0	6	1664	6	6	0
5337	0	0	0	0	6	1702	6	6	0
5333	0	0	0	0	10	1708	10	8	2
5325	0	0	0	0	18	1801	18	18	0
5336	0	0	0	0	7	1673	7	6	1
5329	0	0	0	0	14	1692	14	12	2
5337	0	0	0	0	6	1686	6	6	0
5330	0	0	0	0	13	1715	13	12	1
5334	0	0	0	0	9	1734	9	9	0
5321	0	0	0	0	22	1733	22	22	0
5331	0	0	0	0	12	1760	12	9	3
5331	0	0	0	0	12	1725	12	12	0
5336	0	0	0	0	7	1710	7	7	0
5334	0	0	0	0	9	1705	9	9	0
5322	0	0	0	0	21	1757	21	20	1
5338	0	0	0	0	5	1674	5	5	0
5328	0	0	0	0	15	1634	15	15	0
5338	0	0	0	0	5	1673	5	5	0
5330	0	0	0	0	13	1763	13	12	1
5337	0	0	0	0	6	1677	6	6	0
5314	0	0	0	0	29	1788	29	28	1
5336	0	0	0	0	7	1681	7	7	0
5336	0	0	0	0	7	1720	7	7	0
5338	0	0	0	0	5	1654	5	5	0
5334	0	0	0	0	9	1642	9	9	0
5316	0	0	0	0	27	1797	27	26	1
5336	0	0	0	0	7	1695	7	7	0
5326	0	0	0	0	17	1747	17	17	0
5333	0	0	0	0	10	1685	10	9	1
5333	0	0	0	0	10	1754	10	9	1
5338	0	0	0	0	5	1705	5	5	0
5338	0	0	0	0	5	1651	5	5	0
5337	0	0	0	0	6	1675	6	6	0
5336	0	0	0	0	7	1711	7	7	0
5337	0	0	0	0	6	1659	6	6	0
5336	0	0	0	0	7	1669	7	7	0
5336	0	0	0	0	7	1706	7	7	0
5336	0	0	0	0	7	1703	7	6	1
5335	0	0	0	0	8	1662	8	8	0
5330	0	0	0	0	13	1727	13	12	1
5331	0	0	0	0	12	1720	12	11	1
5334	0	0	0	0	9	1695	9	9	0
5336	0	0	0	0	7	1671	7	7	0
5329	0	0	0	0	14	1716	14	13	1
5329	0	0	0	0	14	1737	14	13	1
5336	0	0	0	0	7	1693	7	6	1
5338	0	0	0	0	5	1653	5	5	0
5325	0	0	0	0	18	1744	18	16	2
5330	0	0	0	0	13	1722	13	12	1
5328	0	0	0	0	15	1716	15	13	2
5330	0	0	0	0	13	1734	13	12	1
5331	0	0	0	0	12	1655	12	12	0
5328	0	0	0	0	15	1713	15	14	1
5334	0	0	0	0	9	1714	9	9	0
5337	0	0	0	0	6	1681	6	6	0
5335	0	0	0	0	8	1649	8	6	2
5337	0	0	0	0	6	1642	6	6	0
5335	0	0	0	0	8	1704	8	8	0
5337	0	0	0	0	6	1664	6	6	0
5335	0	0	0	0	8	1687	8	8	0
5338	0	0	0	0	5	1661	5	5	0
5326	0	0	0	0	17	1695	17	17	0
5327	0	0	0	0	16	1748	16	16	0
5335	0	0	0	0	8	1737	8	6	2
5333	0	0	0	0	10	1724	10	9	1
5336	0	0	0	0	7	1711	7	6	1
5337	0	0	0	0	6	1688	6	6	0
5338	0	0	0	0	5	1703	5	5	0
5335	0	0	0	0	8	1697	8	8	0
5334	0	0	0	0	9	1713	9	9	0
5332	0	0	0	0	11	1702	11	9	2
5336	0	0	0	0	7	1704	7	7	0
5323	0	0	0	0	20	1770	20	19	1
5338	0	0	0	0	5	1691	5	5	0
5335	0	0	0	0	8	1717	8	8	0
5330	0	0	0	0	13	1709	13	12	1
5335	0	0	0	0	8	1697	8	8	0
5335	0	0	0	0	8	1652	8	8	0
5336	0	0	0	0	7	1714	7	7	0
5338	0	0	0	0	5	1700	5	5	0
5338	0	0	0	0	5	1660	5	5	0
5335	0	0	0	0	8	1729	8	8	0
5334	0	0	0	0	9	1658	9	9	0
5336	0	0	0	0	7	1702	7	7	0
5332	0	0	0	0	11	1725	11	11	0
