5338	0	0	0	0	5	1926	5	5	0
5336	0	0	0	0	7	1921	7	6	1
5337	0	0	0	0	6	1925	6	5	1
5334	0	0	0	0	9	1905	9	9	0
5333	0	0	0	0	10	1949	10	8	2
5337	0	0	0	0	6	1896	6	5	1
5329	0	0	0	0	14	1982	14	13	1
5323	0	0	0	0	20	2005	20	18	2
5336	0	0	0	0	7	1927	7	5	2
5333	0	0	0	0	10	1945	10	9	1
5335	0	0	0	0	8	1913	8	8	0
5338	0	0	0	0	5	1917	5	5	0
5332	0	0	0	0	11	1939	11	10	1
5322	0	0	0	0	21	1975	21	19	2
5335	0	0	0	0	8	1923	8	6	2
5331	0	0	0	0	12	1960	12	10	2
5330	0	0	0	0	13	1967	13	11	2
5337	0	0	0	0	6	1896	6	6	0
5337	0	0	0	0	6	1950	6	5	1
5326	0	0	0	0	17	1937	17	13	4
5338	0	0	0	0	5	1921	5	5	0
5335	0	0	0	0	8	1961	8	7	1
5333	0	0	0	0	10	1938	10	10	0
5335	0	0	0	0	8	1917	8	6	2
5333	0	0	0	0	10	1975	10	6	4
5337	0	0	0	0	6	1945	6	6	0
5332	0	0	0	0	11	1940	11	9	2
5336	0	0	0	0	7	1959	7	5	2
5335	0	0	0	0	8	1928	8	7	1
5337	0	0	0	0	6	1937	6	6	0
5329	0	0	0	0	14	1956	14	12	2
5331	0	0	0	0	12	1940	12	12	0
5330	0	0	0	0	13	1940	13	12	1
5333	0	0	0	0	10	1938	10	10	0
5324	0	0	0	0	19	1970	19	16	3
5328	0	0	0	0	15	1982	15	14	1
5338	0	0	0	0	5	1942	5	5	0
5338	0	0	0	0	5	1927	5	5	0
5330	0	0	0	0	13	1948	13	9	4
5335	0	0	0	0	8	1946	8	8	0
5335	0	0	0	0	8	1917	8	7	1
5338	0	0	0	0	5	1892	5	5	0
5331	0	0	0	0	12	1955	12	9	3
5327	0	0	0	0	16	2010	16	12	4
5337	0	0	0	0	6	1911	6	6	0
5336	0	0	0	0	7	2002	7	6	1
5334	0	0	0	0	9	1927	9	8	1
5334	0	0	0	0	9	1970	9	8	1
5316	0	0	0	0	27	1975	27	23	4
5329	0	0	0	0	14	1974	14	11	3
5328	0	0	0	0	15	1906	15	14	1
5331	0	0	0	0	12	1953	12	8	4
5338	0	0	0	0	5	1911	5	5	0
5338	0	0	0	0	5	1936	5	5	0
5331	0	0	0	0	12	1942	12	11	1
5323	0	0	0	0	20	1997	20	18	2
5331	0	0	0	0	12	1923	12	10	2
5333	0	0	0	0	10	1962	10	9	1
5332	0	0	0	0	11	1938	11	9	2
5332	0	0	0	0	11	1950	11	10	1
5320	0	0	0	0	23	1957	23	22	1
5333	0	0	0	0	10	1913	10	8	2
5331	0	0	0	0	12	1945	12	10	2
5328	0	0	0	0	15	1954	15	12	3
5336	0	0	0	0	7	1887	7	6	1
5335	0	0	0	0	8	1932	8	7	1
5335	0	0	0	0	8	1913	8	7	1
5329	0	0	0	0	14	1916	14	12	2
5322	0	0	0	0	21	1981	21	21	0
5332	0	0	0	0	11	1967	11	9	2
5325	0	0	0	0	18	1969	18	16	2
5337	0	0	0	0	6	1915	6	5	1
5337	0	0	0	0	6	1909	6	5	1
5338	0	0	0	0	5	1904	5	5	0
5335	0	0	0	0	8	1944	8	7	1
5333	0	0	0	0	10	1923	10	9	1
5323	0	0	0	0	20	1954	20	18	2
5338	0	0	0	0	5	1946	5	5	0
5325	0	0	0	0	18	1957	18	15	3
5333	0	0	0	0	10	1985	10	9	1
5321	0	0	0	0	22	1984	22	20	2
5332	0	0	0	0	11	1945	11	11	0
5320	0	0	0	0	23	1970	23	20	3
5333	0	0	0	0	10	1912	10	9	1
5336	0	0	0	0	7	1934	7	6	1
5332	0	0	0	0	11	1944	11	9	2
5336	0	0	0	0	7	1949	7	6	1
5338	0	0	0	0	5	1894	5	5	0
5335	0	0	0	0	8	1955	8	8	0
5333	0	0	0	0	10	1908	10	9	1
5325	0	0	0	0	18	1976	18	17	1
5336	0	0	0	0	7	1939	7	7	0
5332	0	0	0	0	11	1954	11	9	2
5336	0	0	0	0	7	1921	7	7	0
5334	0	0	0	0	9	1931	9	7	2
5338	0	0	0	0	5	1941	5	5	0
5332	0	0	0	0	11	1919	11	9	2
5335	0	0	0	0	8	1935	8	6	2
5338	0	0	0	0	5	1913	5	5	0
5332	0	0	0	0	11	1929	11	10	1
5327	0	0	0	0	16	2016	16	14	2
5336	0	0	0	0	7	1940	7	7	0
5324	0	0	0	0	19	1978	19	18	1
5336	0	0	0	0	7	1959	7	6	1
5332	0	0	0	0	11	1948	11	11	0
5327	0	0	0	0	16	1970	16	14	2
5332	0	0	0	0	11	1972	11	9	2
5334	0	0	0	0	9	1945	9	8	1
5336	0	0	0	0	7	1946	7	6	1
5328	0	0	0	0	15	1950	15	12	3
5336	0	0	0	0	7	1889	7	7	0
5333	0	0	0	0	10	1964	10	8	2
5333	0	0	0	0	10	1944	10	9	1
5331	0	0	0	0	12	1918	12	12	0
5332	0	0	0	0	11	1938	11	10	1
5326	0	0	0	0	17	1967	17	16	1
5338	0	0	0	0	5	1907	5	5	0
5338	0	0	0	0	5	1934	5	5	0
5314	0	0	0	0	29	2029	29	27	2
5331	0	0	0	0	12	1957	12	12	0
5337	0	0	0	0	6	1954	6	6	0
5316	0	0	0	0	27	2020	27	21	6
5324	0	0	0	0	19	1955	19	16	3
5332	0	0	0	0	11	1942	11	9	2
5320	0	0	0	0	23	2071	23	20	3
5337	0	0	0	0	6	1938	6	5	1
5320	0	0	0	0	23	1999	23	20	3
5338	0	0	0	0	5	1902	5	5	0
5335	0	0	0	0	8	1950	8	7	1
5337	0	0	0	0	6	1915	6	5	1
5324	0	0	0	0	19	1987	19	16	3
5321	0	0	0	0	22	1984	22	16	6
5326	0	0	0	0	17	1977	17	16	1
5338	0	0	0	0	5	1929	5	5	0
5327	0	0	0	0	16	1953	16	12	4
5321	0	0	0	0	22	1978	22	18	4
5316	0	0	0	0	27	2015	27	26	1
5335	0	0	0	0	8	1921	8	6	2
5336	0	0	0	0	7	1925	7	7	0
5328	0	0	0	0	15	2012	15	12	3
5317	0	0	0	0	26	1959	26	26	0
5338	0	0	0	0	5	1935	5	5	0
5337	0	0	0	0	6	1938	6	6	0
5337	0	0	0	0	6	1947	6	6	0
5321	0	0	0	0	22	1962	22	17	5
5321	0	0	0	0	22	1969	22	17	5
5334	0	0	0	0	9	1975	9	8	1
5330	0	0	0	0	13	1941	13	12	1
5335	0	0	0	0	8	1923	8	7	1
5333	0	0	0	0	10	1946	10	8	2
5337	0	0	0	0	6	1910	6	6	0
5329	0	0	0	0	14	1957	14	12	2
5327	0	0	0	0	16	1999	16	9	7
5337	0	0	0	0	6	1923	6	5	1
5336	0	0	0	0	7	1927	7	7	0
5331	0	0	0	0	12	1956	12	11	1
5329	0	0	0	0	14	1932	14	13	1
5330	0	0	0	0	13	1977	13	13	0
5326	0	0	0	0	17	1985	17	14	3
5328	0	0	0	0	15	1911	15	14	1
5313	0	0	0	0	30	1953	30	28	2
5321	0	0	0	0	22	1947	22	21	1
5336	0	0	0	0	7	1912	7	7	0
5324	0	0	0	0	19	1995	19	18	1
5332	0	0	0	0	11	1938	11	10	1
5335	0	0	0	0	8	1948	8	7	1
5331	0	0	0	0	12	1946	12	10	2
5337	0	0	0	0	6	1881	6	6	0
5337	0	0	0	0	6	1949	6	6	0
5328	0	0	0	0	15	1957	15	12	3
5335	0	0	0	0	8	1940	8	6	2
5337	0	0	0	0	6	1925	6	6	0
5334	0	0	0	0	9	1927	9	8	1
5333	0	0	0	0	10	1961	10	8	2
5336	0	0	0	0	7	1914	7	6	1
5333	0	0	0	0	10	1946	10	9	1
5332	0	0	0	0	11	1958	11	10	1
5335	0	0	0	0	8	1943	8	7	1
5336	0	0	0	0	7	1908	7	6	1
5333	0	0	0	0	10	1956	10	9	1
5336	0	0	0	0	7	1944	7	7	0
5319	0	0	0	0	24	1994	24	22	2
5336	0	0	0	0	7	1911	7	7	0
5335	0	0	0	0	8	1929	8	7	1
5330	0	0	0	0	13	1948	13	13	0
5338	0	0	0	0	5	1927	5	5	0
5336	0	0	0	0	7	1902	7	5	2
5333	0	0	0	0	10	1964	10	10	0
5303	0	0	0	0	40	2042	40	37	3
5310	0	0	0	0	33	2025	33	30	3
5328	0	0	0	0	15	1954	15	13	2
5335	0	0	0	0	8	1952	8	7	1
5337	0	0	0	0	6	1930	6	5	1
5328	0	0	0	0	15	1984	15	12	3
5324	0	0	0	0	19	2009	19	18	1
5322	0	0	0	0	21	1961	21	17	4
5338	0	0	0	0	5	1912	5	5	0
5326	0	0	0	0	17	1964	17	12	5
5332	0	0	0	0	11	1940	11	9	2
5329	0	0	0	0	14	1956	14	13	1
5337	0	0	0	0	6	1933	6	6	0
5338	0	0	0	0	5	1899	5	5	0
5332	0	0	0	0	11	1939	11	9	2
5318	0	0	0	0	25	1989	25	22	3
5337	0	0	0	0	6	1916	6	5	1
5328	0	0	0	0	15	1964	15	14	1
5330	0	0	0	0	13	1963	13	11	2
5328	0	0	0	0	15	1957	15	11	4
5338	0	0	0	0	5	1897	5	5	0
5331	0	0	0	0	12	1987	12	12	0
5333	0	0	0	0	10	1902	10	10	0
5336	0	0	0	0	7	1914	7	6	1
5336	0	0	0	0	7	1923	7	7	0
5335	0	0	0	0	8	1932	8	7	1
5334	0	0	0	0	9	1906	9	9	0
5337	0	0	0	0	6	1924	6	6	0
5332	0	0	0	0	11	1913	11	10	1
5336	0	0	0	0	7	1920	7	6	1
5327	0	0	0	0	16	1977	16	14	2
5330	0	0	0	0	13	1928	13	13	0
5336	0	0	0	0	7	1901	7	7	0
5316	0	0	0	0	27	2003	27	26	1
5337	0	0	0	0	6	1900	6	5	1
5338	0	0	0	0	5	1897	5	5	0
5334	0	0	0	0	9	1937	9	7	2
5330	0	0	0	0	13	1950	13	12	1
5335	0	0	0	0	8	1966	8	8	0
5327	0	0	0	0	16	1994	16	13	3
5334	0	0	0	0	9	1946	9	8	1
5336	0	0	0	0	7	1942	7	6	1
5332	0	0	0	0	11	1933	11	9	2
5330	0	0	0	0	13	1921	13	12	1
5338	0	0	0	0	5	1924	5	5	0
5327	0	0	0	0	16	1957	16	15	1
5337	0	0	0	0	6	1931	6	5	1
5332	0	0	0	0	11	1959	11	9	2
5332	0	0	0	0	11	1938	11	10	1
5323	0	0	0	0	20	1971	20	16	4
5321	0	0	0	0	22	1995	22	21	1
5336	0	0	0	0	7	1948	7	5	2
5338	0	0	0	0	5	1895	5	5	0
5336	0	0	0	0	7	1934	7	6	1
5334	0	0	0	0	9	1949	9	8	1
5321	0	0	0	0	22	1970	22	22	0
5327	0	0	0	0	16	1957	16	16	0
5336	0	0	0	0	7	1951	7	7	0
5334	0	0	0	0	9	1927	9	7	2
5320	0	0	0	0	23	1974	23	23	0
5332	0	0	0	0	11	1900	11	8	3
5337	0	0	0	0	6	1925	6	6	0
5323	0	0	0	0	20	1957	20	13	7
5332	0	0	0	0	11	1951	11	11	0
5335	0	0	0	0	8	1945	8	7	1
5318	0	0	0	0	25	1982	25	22	3
5318	0	0	0	0	25	1961	25	21	4
5334	0	0	0	0	9	1922	9	7	2
5328	0	0	0	0	15	1951	15	15	0
5323	0	0	0	0	20	1954	20	17	3
5336	0	0	0	0	7	1916	7	6	1
5308	0	0	0	0	35	2057	35	32	3
5325	0	0	0	0	18	1986	18	15	3
5331	0	0	0	0	12	1979	12	11	1
5337	0	0	0	0	6	1920	6	5	1
5335	0	0	0	0	8	1903	8	6	2
5333	0	0	0	0	10	1944	10	10	0
5334	0	0	0	0	9	1924	9	8	1
5333	0	0	0	0	10	1955	10	8	2
5333	0	0	0	0	10	1954	10	9	1
5338	0	0	0	0	5	1910	5	5	0
5328	0	0	0	0	15	1898	15	14	1
5330	0	0	0	0	13	1963	13	11	2
5336	0	0	0	0	7	1926	7	7	0
5335	0	0	0	0	8	1945	8	8	0
5326	0	0	0	0	17	2007	17	15	2
5333	0	0	0	0	10	1937	10	9	1
5332	0	0	0	0	11	1962	11	10	1
5337	0	0	0	0	6	1950	6	6	0
5338	0	0	0	0	5	1917	5	5	0
5336	0	0	0	0	7	1891	7	6	1
5336	0	0	0	0	7	1922	7	7	0
5324	0	0	0	0	19	1969	19	16	3
5337	0	0	0	0	6	1929	6	5	1
5332	0	0	0	0	11	1930	11	10	1
5331	0	0	0	0	12	1974	12	10	2
5331	0	0	0	0	12	1989	12	10	2
5325	0	0	0	0	18	1988	18	15	3
5331	0	0	0	0	12	1960	12	10	2
5325	0	0	0	0	18	1977	18	17	1
5330	0	0	0	0	13	1945	13	12	1
5320	0	0	0	0	23	1942	23	18	5
5336	0	0	0	0	7	1948	7	7	0
5336	0	0	0	0	7	1934	7	6	1
5336	0	0	0	0	7	1901	7	6	1
5338	0	0	0	0	5	1935	5	5	0
5338	0	0	0	0	5	1920	5	5	0
5337	0	0	0	0	6	1917	6	5	1
5327	0	0	0	0	16	2014	16	15	1
5323	0	0	0	0	20	1949	20	16	4
5336	0	0	0	0	7	1948	7	7	0
5330	0	0	0	0	13	1953	13	11	2
5331	0	0	0	0	12	1982	12	11	1
5333	0	0	0	0	10	1951	10	9	1
5335	0	0	0	0	8	1946	8	7	1
5311	0	0	0	0	32	1996	32	31	1
5337	0	0	0	0	6	1951	6	5	1
5335	0	0	0	0	8	1930	8	7	1
5335	0	0	0	0	8	1950	8	6	2
5334	0	0	0	0	9	1969	9	9	0
5332	0	0	0	0	11	1959	11	10	1
5333	0	0	0	0	10	1969	10	7	3
5335	0	0	0	0	8	1912	8	8	0
5338	0	0	0	0	5	1893	5	5	0
5337	0	0	0	0	6	1924	6	6	0
5332	0	0	0	0	11	1981	11	9	2
5336	0	0	0	0	7	1946	7	6	1
5337	0	0	0	0	6	1939	6	6	0
5336	0	0	0	0	7	1918	7	6	1
5337	0	0	0	0	6	1905	6	5	1
5336	0	0	0	0	7	1937	7	7	0
5330	0	0	0	0	13	1949	13	11	2
5334	0	0	0	0	9	1900	9	9	0
5326	0	0	0	0	17	1923	17	15	2
5335	0	0	0	0	8	1978	8	8	0
5329	0	0	0	0	14	1955	14	12	2
5333	0	0	0	0	10	1935	10	9	1
5333	0	0	0	0	10	1952	10	9	1
5335	0	0	0	0	8	1927	8	6	2
5338	0	0	0	0	5	1924	5	5	0
5333	0	0	0	0	10	1905	10	9	1
5335	0	0	0	0	8	1920	8	7	1
5337	0	0	0	0	6	1952	6	6	0
5336	0	0	0	0	7	1900	7	7	0
5338	0	0	0	0	5	1901	5	5	0
5333	0	0	0	0	10	1972	10	8	2
5336	0	0	0	0	7	1910	7	7	0
5332	0	0	0	0	11	1951	11	10	1
5330	0	0	0	0	13	1959	13	12	1
5338	0	0	0	0	5	1922	5	5	0
5327	0	0	0	0	16	1957	16	14	2
5337	0	0	0	0	6	1911	6	6	0
5332	0	0	0	0	11	1961	11	10	1
5324	0	0	0	0	19	1994	19	14	5
5338	0	0	0	0	5	1916	5	5	0
5323	0	0	0	0	20	1953	20	16	4
5338	0	0	0	0	5	1916	5	5	0
5337	0	0	0	0	6	1943	6	5	1
5333	0	0	0	0	10	1913	10	10	0
5337	0	0	0	0	6	1957	6	5	1
5331	0	0	0	0	12	1952	12	9	3
5331	0	0	0	0	12	1962	12	10	2
5324	0	0	0	0	19	1975	19	15	4
5336	0	0	0	0	7	1942	7	6	1
5338	0	0	0	0	5	1933	5	5	0
5331	0	0	0	0	12	1931	12	9	3
5313	0	0	0	0	30	1996	30	26	4
5314	0	0	0	0	29	2003	29	26	3
5336	0	0	0	0	7	1938	7	6	1
5330	0	0	0	0	13	1906	13	12	1
5330	0	0	0	0	13	1955	13	11	2
5328	0	0	0	0	15	1960	15	13	2
5337	0	0	0	0	6	1912	6	5	1
5328	0	0	0	0	15	1962	15	13	2
5325	0	0	0	0	18	1978	18	17	1
5334	0	0	0	0	9	1929	9	7	2
5326	0	0	0	0	17	1948	17	14	3
5333	0	0	0	0	10	1953	10	7	3
5322	0	0	0	0	21	1991	21	21	0
5333	0	0	0	0	10	1937	10	9	1
5333	0	0	0	0	10	1960	10	7	3
5337	0	0	0	0	6	1924	6	6	0
5317	0	0	0	0	26	2011	26	24	2
5333	0	0	0	0	10	1956	10	9	1
5323	0	0	0	0	20	1979	20	17	3
5331	0	0	0	0	12	1962	12	11	1
5336	0	0	0	0	7	1936	7	7	0
5331	0	0	0	0	12	1989	12	10	2
5330	0	0	0	0	13	1946	13	10	3
5337	0	0	0	0	6	1943	6	6	0
5337	0	0	0	0	6	1887	6	6	0
5337	0	0	0	0	6	1904	6	6	0
5329	0	0	0	0	14	1942	14	14	0
5329	0	0	0	0	14	1957	14	12	2
5338	0	0	0	0	5	1914	5	5	0
5331	0	0	0	0	12	1923	12	12	0
5332	0	0	0	0	11	1946	11	8	3
5333	0	0	0	0	10	1924	10	10	0
5328	0	0	0	0	15	1974	15	13	2
5338	0	0	0	0	5	1920	5	5	0
5337	0	0	0	0	6	1917	6	6	0
5328	0	0	0	0	15	1942	15	14	1
5335	0	0	0	0	8	1955	8	7	1
5338	0	0	0	0	5	1894	5	5	0
5335	0	0	0	0	8	1902	8	7	1
5326	0	0	0	0	17	2052	17	12	5
5330	0	0	0	0	13	1951	13	12	1
5337	0	0	0	0	6	1927	6	5	1
5322	0	0	0	0	21	2019	21	17	4
5335	0	0	0	0	8	1941	8	5	3
5321	0	0	0	0	22	1982	22	19	3
5331	0	0	0	0	12	1934	12	11	1
5336	0	0	0	0	7	1948	7	7	0
5327	0	0	0	0	16	1976	16	14	2
5338	0	0	0	0	5	1889	5	5	0
5338	0	0	0	0	5	1878	5	5	0
5331	0	0	0	0	12	1940	12	12	0
5336	0	0	0	0	7	1888	7	6	1
5334	0	0	0	0	9	1958	9	8	1
5338	0	0	0	0	5	1920	5	5	0
5337	0	0	0	0	6	1918	6	6	0
5336	0	0	0	0	7	1910	7	6	1
5332	0	0	0	0	11	1955	11	10	1
5338	0	0	0	0	5	1877	5	5	0
5337	0	0	0	0	6	1931	6	6	0
5332	0	0	0	0	11	1960	11	9	2
5335	0	0	0	0	8	1917	8	5	3
5337	0	0	0	0	6	1915	6	6	0
5334	0	0	0	0	9	1961	9	6	3
5332	0	0	0	0	11	1947	11	8	3
5325	0	0	0	0	18	2015	18	18	0
5336	0	0	0	0	7	1921	7	6	1
5324	0	0	0	0	19	1946	19	15	4
5333	0	0	0	0	10	1935	10	7	3
5329	0	0	0	0	14	1955	14	12	2
5334	0	0	0	0	9	1952	9	9	0
5321	0	0	0	0	22	1974	22	22	0
5326	0	0	0	0	17	1989	17	12	5
5330	0	0	0	0	13	1958	13	12	1
5333	0	0	0	0	10	1953	10	8	2
5332	0	0	0	0	11	1947	11	9	2
5322	0	0	0	0	21	1979	21	20	1
5338	0	0	0	0	5	1914	5	5	0
5328	0	0	0	0	15	1893	15	15	0
5338	0	0	0	0	5	1917	5	5	0
5328	0	0	0	0	15	1985	15	13	2
5332	0	0	0	0	11	1926	11	8	3
5311	0	0	0	0	32	2005	32	29	3
5336	0	0	0	0	7	1927	7	7	0
5336	0	0	0	0	7	1945	7	7	0
5338	0	0	0	0	5	1909	5	5	0
5333	0	0	0	0	10	1896	10	9	1
5315	0	0	0	0	28	2025	28	26	2
5336	0	0	0	0	7	1937	7	7	0
5323	0	0	0	0	20	1977	20	18	2
5332	0	0	0	0	11	1927	11	9	2
5333	0	0	0	0	10	1977	10	9	1
5336	0	0	0	0	7	1961	7	6	1
5335	0	0	0	0	8	1907	8	6	2
5334	0	0	0	0	9	1939	9	8	1
5321	0	0	0	0	22	1984	22	18	4
5333	0	0	0	0	10	1930	10	8	2
5333	0	0	0	0	10	1922	10	8	2
5336	0	0	0	0	7	1946	7	7	0
5336	0	0	0	0	7	1940	7	6	1
5334	0	0	0	0	9	1912	9	8	1
5329	0	0	0	0	14	1955	14	12	2
5326	0	0	0	0	17	1977	17	13	4
5333	0	0	0	0	10	1944	10	9	1
5336	0	0	0	0	7	1915	7	7	0
5329	0	0	0	0	14	1943	14	13	1
5329	0	0	0	0	14	1968	14	13	1
5337	0	0	0	0	6	1916	6	6	0
5338	0	0	0	0	5	1899	5	5	0
5318	0	0	0	0	25	2012	25	20	5
5330	0	0	0	0	13	1951	13	12	1
5328	0	0	0	0	15	1947	15	13	2
5330	0	0	0	0	13	1959	13	12	1
5331	0	0	0	0	12	1904	12	12	0
5326	0	0	0	0	17	1957	17	14	3
5325	0	0	0	0	18	1959	18	15	3
5336	0	0	0	0	7	1924	7	6	1
5335	0	0	0	0	8	1902	8	6	2
5336	0	0	0	0	7	1900	7	6	1
5334	0	0	0	0	9	1948	9	8	1
5337	0	0	0	0	6	1909	6	6	0
5335	0	0	0	0	8	1922	8	8	0
5330	0	0	0	0	13	1948	13	11	2
5325	0	0	0	0	18	1934	18	17	1
5313	0	0	0	0	30	2022	30	25	5
5335	0	0	0	0	8	1964	8	6	2
5333	0	0	0	0	10	1958	10	9	1
5336	0	0	0	0	7	1945	7	6	1
5335	0	0	0	0	8	1932	8	6	2
5338	0	0	0	0	5	1950	5	5	0
5335	0	0	0	0	8	1931	8	8	0
5333	0	0	0	0	10	1960	10	9	1
5330	0	0	0	0	13	1937	13	9	4
5336	0	0	0	0	7	1943	7	7	0
5322	0	0	0	0	21	1991	21	19	2
5338	0	0	0	0	5	1921	5	5	0
5335	0	0	0	0	8	1931	8	8	0
5329	0	0	0	0	14	1942	14	12	2
5334	0	0	0	0	9	1945	9	8	1
5335	0	0	0	0	8	1904	8	8	0
5334	0	0	0	0	9	1952	9	7	2
5338	0	0	0	0	5	1933	5	5	0
5337	0	0	0	0	6	1906	6	5	1
5334	0	0	0	0	9	1965	9	8	1
5333	0	0	0	0	10	1905	10	9	1
5335	0	0	0	0	8	1943	8	7	1
5332	0	0	0	0	11	1953	11	11	0
