5338	0	0	0	0	5	3805	5	5	0
5337	0	0	0	0	6	3798	6	5	1
5337	0	0	0	0	6	3825	6	5	1
5338	0	0	0	0	5	3782	5	5	0
5337	0	0	0	0	6	3834	6	5	1
5335	0	0	0	0	8	3778	8	5	3
5337	0	0	0	0	6	3840	6	5	1
5335	0	0	0	0	8	3853	8	5	3
5336	0	0	0	0	7	3814	7	5	2
5337	0	0	0	0	6	3830	6	5	1
5338	0	0	0	0	5	3794	5	5	0
5336	0	0	0	0	7	3815	7	5	2
5337	0	0	0	0	6	3841	6	5	1
5336	0	0	0	0	7	3843	7	5	2
5335	0	0	0	0	8	3806	8	5	3
5336	0	0	0	0	7	3861	7	5	2
5336	0	0	0	0	7	3842	7	5	2
5336	0	0	0	0	7	3797	7	5	2
5337	0	0	0	0	6	3855	6	5	1
5334	0	0	0	0	9	3816	9	5	4
5338	0	0	0	0	5	3804	5	5	0
5336	0	0	0	0	7	3848	7	5	2
5338	0	0	0	0	5	3822	5	5	0
5336	0	0	0	0	7	3805	7	5	2
5334	0	0	0	0	9	3878	9	5	4
5338	0	0	0	0	5	3840	5	5	0
5336	0	0	0	0	7	3815	7	5	2
5336	0	0	0	0	7	3861	7	5	2
5337	0	0	0	0	6	3814	6	5	1
5338	0	0	0	0	5	3830	5	5	0
5334	0	0	0	0	9	3867	9	5	4
5338	0	0	0	0	5	3823	5	5	0
5337	0	0	0	0	6	3813	6	5	1
5338	0	0	0	0	5	3800	5	5	0
5335	0	0	0	0	8	3860	8	5	3
5337	0	0	0	0	6	3848	6	5	1
5338	0	0	0	0	5	3846	5	5	0
5338	0	0	0	0	5	3823	5	5	0
5334	0	0	0	0	9	3833	9	5	4
5338	0	0	0	0	5	3829	5	5	0
5337	0	0	0	0	6	3799	6	5	1
5338	0	0	0	0	5	3769	5	5	0
5334	0	0	0	0	9	3839	9	5	4
5335	0	0	0	0	8	3851	8	5	3
5338	0	0	0	0	5	3800	5	5	0
5336	0	0	0	0	7	3928	7	6	1
5337	0	0	0	0	6	3811	6	5	1
5338	0	0	0	0	5	3847	5	5	0
5336	0	0	0	0	7	3831	7	5	2
5334	0	0	0	0	9	3877	9	5	4
5337	0	0	0	0	6	3773	6	5	1
5333	0	0	0	0	10	3884	10	5	5
5337	0	0	0	0	6	3809	6	5	1
5338	0	0	0	0	5	3833	5	5	0
5336	0	0	0	0	7	3839	7	5	2
5336	0	0	0	0	7	3847	7	5	2
5336	0	0	0	0	7	3800	7	5	2
5337	0	0	0	0	6	3853	6	5	1
5336	0	0	0	0	7	3835	7	5	2
5336	0	0	0	0	7	3847	7	5	2
5337	0	0	0	0	6	3812	6	5	1
5336	0	0	0	0	7	3785	7	5	2
5336	0	0	0	0	7	3820	7	5	2
5336	0	0	0	0	7	3845	7	5	2
5336	0	0	0	0	7	3752	7	5	2
5336	0	0	0	0	7	3815	7	5	2
5337	0	0	0	0	6	3801	6	5	1
5335	0	0	0	0	8	3795	8	5	3
5337	0	0	0	0	6	3866	6	5	1
5335	0	0	0	0	8	3848	8	5	3
5337	0	0	0	0	6	3840	6	5	1
5336	0	0	0	0	7	3802	7	5	2
5337	0	0	0	0	6	3792	6	5	1
5338	0	0	0	0	5	3781	5	5	0
5337	0	0	0	0	6	3833	6	5	1
5337	0	0	0	0	6	3802	6	5	1
5336	0	0	0	0	7	3831	7	5	2
5338	0	0	0	0	5	3850	5	5	0
5335	0	0	0	0	8	3840	8	5	3
5335	0	0	0	0	8	3882	8	6	2
5336	0	0	0	0	7	3843	7	5	2
5338	0	0	0	0	5	3819	5	5	0
5334	0	0	0	0	9	3838	9	5	4
5337	0	0	0	0	6	3787	6	5	1
5337	0	0	0	0	6	3818	6	5	1
5335	0	0	0	0	8	3845	8	5	3
5336	0	0	0	0	7	3847	7	5	2
5338	0	0	0	0	5	3779	5	5	0
5338	0	0	0	0	5	3830	5	5	0
5337	0	0	0	0	6	3787	6	5	1
5337	0	0	0	0	6	3843	6	5	1
5338	0	0	0	0	5	3820	5	5	0
5336	0	0	0	0	7	3831	7	5	2
5338	0	0	0	0	5	3821	5	5	0
5336	0	0	0	0	7	3810	7	5	2
5338	0	0	0	0	5	3845	5	5	0
5336	0	0	0	0	7	3819	7	5	2
5336	0	0	0	0	7	3847	7	5	2
5338	0	0	0	0	5	3809	5	5	0
5337	0	0	0	0	6	3810	6	5	1
5337	0	0	0	0	6	3826	6	5	1
5338	0	0	0	0	5	3826	5	5	0
5338	0	0	0	0	5	3851	5	5	0
5337	0	0	0	0	6	3841	6	5	1
5338	0	0	0	0	5	3821	5	5	0
5337	0	0	0	0	6	3840	6	5	1
5336	0	0	0	0	7	3865	7	5	2
5336	0	0	0	0	7	3841	7	5	2
5336	0	0	0	0	7	3838	7	5	2
5338	0	0	0	0	5	3837	5	5	0
5338	0	0	0	0	5	3773	5	5	0
5336	0	0	0	0	7	3840	7	5	2
5337	0	0	0	0	6	3818	6	5	1
5338	0	0	0	0	5	3785	5	5	0
5337	0	0	0	0	6	3832	6	5	1
5337	0	0	0	0	6	3842	6	5	1
5338	0	0	0	0	5	3797	5	5	0
5338	0	0	0	0	5	3848	5	5	0
5336	0	0	0	0	7	3868	7	5	2
5338	0	0	0	0	5	3838	5	5	0
5338	0	0	0	0	5	3846	5	5	0
5333	0	0	0	0	10	3895	10	5	5
5335	0	0	0	0	8	3826	8	5	3
5337	0	0	0	0	6	3814	6	5	1
5336	0	0	0	0	7	3844	7	5	2
5337	0	0	0	0	6	3840	6	5	1
5335	0	0	0	0	8	3858	8	5	3
5338	0	0	0	0	5	3793	5	5	0
5338	0	0	0	0	5	3815	5	5	0
5337	0	0	0	0	6	3809	6	5	1
5334	0	0	0	0	9	3851	9	5	4
5333	0	0	0	0	10	3858	10	5	5
5337	0	0	0	0	6	3837	6	5	1
5338	0	0	0	0	5	3837	5	5	0
5334	0	0	0	0	9	3847	9	5	4
5334	0	0	0	0	9	3827	9	5	4
5337	0	0	0	0	6	3814	6	5	1
5336	0	0	0	0	7	3815	7	5	2
5338	0	0	0	0	5	3805	5	5	0
5335	0	0	0	0	8	3834	8	5	3
5338	0	0	0	0	5	3811	5	5	0
5336	0	0	0	0	7	3846	7	5	2
5338	0	0	0	0	5	3829	5	5	0
5338	0	0	0	0	5	3837	5	5	0
5334	0	0	0	0	9	3836	9	5	4
5333	0	0	0	0	10	3862	10	5	5
5337	0	0	0	0	6	3851	6	5	1
5334	0	0	0	0	9	3835	9	5	4
5337	0	0	0	0	6	3813	6	5	1
5336	0	0	0	0	7	3833	7	5	2
5338	0	0	0	0	5	3789	5	5	0
5336	0	0	0	0	7	3829	7	5	2
5331	0	0	0	0	12	3876	12	5	7
5337	0	0	0	0	6	3827	6	5	1
5338	0	0	0	0	5	3812	5	5	0
5337	0	0	0	0	6	3841	6	5	1
5336	0	0	0	0	7	3805	7	5	2
5338	0	0	0	0	5	3842	5	5	0
5335	0	0	0	0	8	3876	8	5	3
5337	0	0	0	0	6	3779	6	5	1
5337	0	0	0	0	6	3811	6	5	1
5338	0	0	0	0	5	3800	5	5	0
5338	0	0	0	0	5	3803	5	5	0
5337	0	0	0	0	6	3840	6	5	1
5337	0	0	0	0	6	3825	6	5	1
5337	0	0	0	0	6	3831	6	5	1
5334	0	0	0	0	9	3836	9	5	4
5338	0	0	0	0	5	3753	5	5	0
5338	0	0	0	0	5	3838	5	5	0
5335	0	0	0	0	8	3842	8	5	3
5335	0	0	0	0	8	3836	8	5	3
5338	0	0	0	0	5	3818	5	5	0
5337	0	0	0	0	6	3809	6	5	1
5334	0	0	0	0	9	3842	9	5	4
5337	0	0	0	0	6	3795	6	5	1
5337	0	0	0	0	6	3847	6	5	1
5337	0	0	0	0	6	3836	6	5	1
5337	0	0	0	0	6	3840	6	5	1
5337	0	0	0	0	6	3796	6	5	1
5335	0	0	0	0	8	3852	8	5	3
5338	0	0	0	0	5	3842	5	5	0
5336	0	0	0	0	7	3836	7	5	2
5338	0	0	0	0	5	3792	5	5	0
5337	0	0	0	0	6	3816	6	5	1
5338	0	0	0	0	5	3801	5	5	0
5338	0	0	0	0	5	3823	5	5	0
5336	0	0	0	0	7	3780	7	5	2
5338	0	0	0	0	5	3853	5	5	0
5335	0	0	0	0	8	3848	8	5	3
5333	0	0	0	0	10	3897	10	6	4
5336	0	0	0	0	7	3848	7	5	2
5337	0	0	0	0	6	3849	6	5	1
5337	0	0	0	0	6	3835	6	5	1
5334	0	0	0	0	9	3873	9	5	4
5337	0	0	0	0	6	3847	6	5	1
5334	0	0	0	0	9	3845	9	5	4
5338	0	0	0	0	5	3799	5	5	0
5333	0	0	0	0	10	3866	10	5	5
5334	0	0	0	0	9	3805	9	5	4
5337	0	0	0	0	6	3806	6	5	1
5338	0	0	0	0	5	3832	5	5	0
5338	0	0	0	0	5	3785	5	5	0
5336	0	0	0	0	7	3835	7	5	2
5334	0	0	0	0	9	3856	9	5	4
5337	0	0	0	0	6	3797	6	5	1
5336	0	0	0	0	7	3839	7	5	2
5336	0	0	0	0	7	3841	7	5	2
5334	0	0	0	0	9	3837	9	5	4
5338	0	0	0	0	5	3786	5	5	0
5338	0	0	0	0	5	3842	5	5	0
5338	0	0	0	0	5	3777	5	5	0
5337	0	0	0	0	6	3800	6	5	1
5338	0	0	0	0	5	3789	5	5	0
5337	0	0	0	0	6	3823	6	5	1
5338	0	0	0	0	5	3781	5	5	0
5338	0	0	0	0	5	3808	5	5	0
5337	0	0	0	0	6	3785	6	5	1
5337	0	0	0	0	6	3813	6	5	1
5336	0	0	0	0	7	3857	7	5	2
5338	0	0	0	0	5	3787	5	5	0
5338	0	0	0	0	5	3774	5	5	0
5337	0	0	0	0	6	3840	6	5	1
5337	0	0	0	0	6	3778	6	5	1
5338	0	0	0	0	5	3780	5	5	0
5336	0	0	0	0	7	3830	7	5	2
5337	0	0	0	0	6	3833	6	5	1
5338	0	0	0	0	5	3830	5	5	0
5335	0	0	0	0	8	3847	8	5	3
5337	0	0	0	0	6	3842	6	5	1
5336	0	0	0	0	7	3853	7	5	2
5335	0	0	0	0	8	3820	8	5	3
5337	0	0	0	0	6	3809	6	5	1
5338	0	0	0	0	5	3825	5	5	0
5337	0	0	0	0	6	3835	6	5	1
5337	0	0	0	0	6	3829	6	5	1
5336	0	0	0	0	7	3856	7	5	2
5337	0	0	0	0	6	3828	6	5	1
5334	0	0	0	0	9	3830	9	5	4
5336	0	0	0	0	7	3846	7	5	2
5336	0	0	0	0	7	3842	7	5	2
5338	0	0	0	0	5	3783	5	5	0
5337	0	0	0	0	6	3835	6	5	1
5336	0	0	0	0	7	3823	7	5	2
5338	0	0	0	0	5	3814	5	5	0
5338	0	0	0	0	5	3821	5	5	0
5337	0	0	0	0	6	3842	6	5	1
5336	0	0	0	0	7	3818	7	5	2
5338	0	0	0	0	5	3807	5	5	0
5335	0	0	0	0	8	3778	8	5	3
5338	0	0	0	0	5	3812	5	5	0
5331	0	0	0	0	12	3837	12	5	7
5338	0	0	0	0	5	3812	5	5	0
5337	0	0	0	0	6	3847	6	5	1
5336	0	0	0	0	7	3833	7	5	2
5336	0	0	0	0	7	3790	7	5	2
5336	0	0	0	0	7	3806	7	5	2
5338	0	0	0	0	5	3827	5	5	0
5336	0	0	0	0	7	3827	7	5	2
5337	0	0	0	0	6	3801	6	5	1
5336	0	0	0	0	7	3828	7	5	2
5334	0	0	0	0	9	3868	9	5	4
5337	0	0	0	0	6	3857	6	5	1
5337	0	0	0	0	6	3819	6	5	1
5335	0	0	0	0	8	3785	8	5	3
5338	0	0	0	0	5	3831	5	5	0
5337	0	0	0	0	6	3806	6	5	1
5336	0	0	0	0	7	3842	7	5	2
5336	0	0	0	0	7	3837	7	5	2
5338	0	0	0	0	5	3803	5	5	0
5337	0	0	0	0	6	3778	6	5	1
5336	0	0	0	0	7	3839	7	5	2
5337	0	0	0	0	6	3821	6	5	1
5338	0	0	0	0	5	3826	5	5	0
5336	0	0	0	0	7	3848	7	5	2
5335	0	0	0	0	8	3843	8	5	3
5337	0	0	0	0	6	3832	6	5	1
5338	0	0	0	0	5	3826	5	5	0
5338	0	0	0	0	5	3804	5	5	0
5338	0	0	0	0	5	3773	5	5	0
5338	0	0	0	0	5	3795	5	5	0
5335	0	0	0	0	8	3856	8	5	3
5336	0	0	0	0	7	3820	7	5	2
5336	0	0	0	0	7	3799	7	5	2
5335	0	0	0	0	8	3869	8	5	3
5335	0	0	0	0	8	3882	8	5	3
5334	0	0	0	0	9	3875	9	5	4
5336	0	0	0	0	7	3815	7	5	2
5337	0	0	0	0	6	3843	6	5	1
5338	0	0	0	0	5	3832	5	5	0
5334	0	0	0	0	9	3826	9	5	4
5338	0	0	0	0	5	3822	5	5	0
5336	0	0	0	0	7	3825	7	5	2
5337	0	0	0	0	6	3787	6	5	1
5338	0	0	0	0	5	3823	5	5	0
5338	0	0	0	0	5	3804	5	5	0
5337	0	0	0	0	6	3802	6	5	1
5337	0	0	0	0	6	3844	6	5	1
5334	0	0	0	0	9	3815	9	5	4
5338	0	0	0	0	5	3839	5	5	0
5335	0	0	0	0	8	3811	8	5	3
5337	0	0	0	0	6	3853	6	5	1
5334	0	0	0	0	9	3857	9	5	4
5337	0	0	0	0	6	3837	6	5	1
5337	0	0	0	0	6	3829	6	5	1
5337	0	0	0	0	6	3848	6	5	1
5337	0	0	0	0	6	3819	6	5	1
5336	0	0	0	0	7	3836	7	5	2
5338	0	0	0	0	5	3848	5	5	0
5337	0	0	0	0	6	3825	6	5	1
5335	0	0	0	0	8	3857	8	5	3
5338	0	0	0	0	5	3800	5	5	0
5338	0	0	0	0	5	3773	5	5	0
5338	0	0	0	0	5	3811	5	5	0
5336	0	0	0	0	7	3870	7	5	2
5337	0	0	0	0	6	3845	6	5	1
5338	0	0	0	0	5	3830	5	5	0
5337	0	0	0	0	6	3796	6	5	1
5337	0	0	0	0	6	3795	6	5	1
5338	0	0	0	0	5	3815	5	5	0
5335	0	0	0	0	8	3846	8	5	3
5338	0	0	0	0	5	3782	5	5	0
5336	0	0	0	0	7	3804	7	5	2
5338	0	0	0	0	5	3843	5	5	0
5336	0	0	0	0	7	3852	7	5	2
5337	0	0	0	0	6	3821	6	5	1
5337	0	0	0	0	6	3818	6	5	1
5336	0	0	0	0	7	3813	7	5	2
5338	0	0	0	0	5	3813	5	5	0
5337	0	0	0	0	6	3780	6	5	1
5336	0	0	0	0	7	3808	7	5	2
5338	0	0	0	0	5	3850	5	5	0
5338	0	0	0	0	5	3773	5	5	0
5338	0	0	0	0	5	3787	5	5	0
5336	0	0	0	0	7	3831	7	5	2
5338	0	0	0	0	5	3785	5	5	0
5337	0	0	0	0	6	3823	6	5	1
5337	0	0	0	0	6	3852	6	5	1
5338	0	0	0	0	5	3817	5	5	0
5336	0	0	0	0	7	3825	7	5	2
5338	0	0	0	0	5	3791	5	5	0
5337	0	0	0	0	6	3839	6	5	1
5332	0	0	0	0	11	3869	11	5	6
5338	0	0	0	0	5	3807	5	5	0
5334	0	0	0	0	9	3813	9	5	4
5338	0	0	0	0	5	3801	5	5	0
5337	0	0	0	0	6	3826	6	5	1
5338	0	0	0	0	5	3787	5	5	0
5336	0	0	0	0	7	3873	7	5	2
5335	0	0	0	0	8	3844	8	5	3
5335	0	0	0	0	8	3859	8	5	3
5334	0	0	0	0	9	3855	9	5	4
5337	0	0	0	0	6	3843	6	5	1
5336	0	0	0	0	7	3835	7	5	2
5335	0	0	0	0	8	3828	8	5	3
5335	0	0	0	0	8	3851	8	5	3
5336	0	0	0	0	7	3820	7	5	2
5337	0	0	0	0	6	3838	6	5	1
5337	0	0	0	0	6	3784	6	5	1
5336	0	0	0	0	7	3840	7	5	2
5337	0	0	0	0	6	3836	6	5	1
5337	0	0	0	0	6	3794	6	5	1
5334	0	0	0	0	9	3847	9	5	4
5337	0	0	0	0	6	3804	6	5	1
5336	0	0	0	0	7	3823	7	5	2
5335	0	0	0	0	8	3829	8	5	3
5337	0	0	0	0	6	3848	6	5	1
5338	0	0	0	0	5	3835	5	5	0
5336	0	0	0	0	7	3846	7	5	2
5335	0	0	0	0	8	3857	8	5	3
5338	0	0	0	0	5	3793	5	5	0
5336	0	0	0	0	7	3834	7	5	2
5336	0	0	0	0	7	3857	7	5	2
5335	0	0	0	0	8	3846	8	5	3
5337	0	0	0	0	6	3833	6	5	1
5338	0	0	0	0	5	3841	5	5	0
5335	0	0	0	0	8	3887	8	6	2
5335	0	0	0	0	8	3825	8	5	3
5337	0	0	0	0	6	3843	6	5	1
5338	0	0	0	0	5	3765	5	5	0
5337	0	0	0	0	6	3797	6	5	1
5338	0	0	0	0	5	3806	5	5	0
5336	0	0	0	0	7	3838	7	5	2
5338	0	0	0	0	5	3798	5	5	0
5338	0	0	0	0	5	3768	5	5	0
5335	0	0	0	0	8	3826	8	5	3
5337	0	0	0	0	6	3813	6	5	1
5336	0	0	0	0	7	3856	7	5	2
5338	0	0	0	0	5	3803	5	5	0
5338	0	0	0	0	5	3790	5	5	0
5337	0	0	0	0	6	3831	6	5	1
5336	0	0	0	0	7	3851	7	5	2
5338	0	0	0	0	5	3774	5	5	0
5337	0	0	0	0	6	3777	6	5	1
5335	0	0	0	0	8	3840	8	5	3
5337	0	0	0	0	6	3821	6	5	1
5337	0	0	0	0	6	3817	6	5	1
5336	0	0	0	0	7	3849	7	5	2
5335	0	0	0	0	8	3835	8	5	3
5335	0	0	0	0	8	3850	8	5	3
5336	0	0	0	0	7	3810	7	5	2
5338	0	0	0	0	5	3832	5	5	0
5336	0	0	0	0	7	3860	7	5	2
5338	0	0	0	0	5	3770	5	5	0
5338	0	0	0	0	5	3748	5	5	0
5338	0	0	0	0	5	3826	5	5	0
5336	0	0	0	0	7	3782	7	5	2
5337	0	0	0	0	6	3848	6	5	1
5338	0	0	0	0	5	3818	5	5	0
5338	0	0	0	0	5	3812	5	5	0
5337	0	0	0	0	6	3789	6	5	1
5336	0	0	0	0	7	3834	7	5	2
5338	0	0	0	0	5	3758	5	5	0
5338	0	0	0	0	5	3801	5	5	0
5336	0	0	0	0	7	3859	7	5	2
5335	0	0	0	0	8	3806	8	5	3
5338	0	0	0	0	5	3798	5	5	0
5335	0	0	0	0	8	3870	8	5	3
5334	0	0	0	0	9	3842	9	5	4
5338	0	0	0	0	5	3837	5	5	0
5337	0	0	0	0	6	3807	6	5	1
5333	0	0	0	0	10	3825	10	5	5
5336	0	0	0	0	7	3821	7	5	2
5336	0	0	0	0	7	3831	7	5	2
5337	0	0	0	0	6	3836	6	5	1
5338	0	0	0	0	5	3810	5	5	0
5334	0	0	0	0	9	3872	9	5	4
5337	0	0	0	0	6	3827	6	5	1
5336	0	0	0	0	7	3846	7	5	2
5336	0	0	0	0	7	3831	7	5	2
5337	0	0	0	0	6	3836	6	5	1
5338	0	0	0	0	5	3809	5	5	0
5338	0	0	0	0	5	3761	5	5	0
5338	0	0	0	0	5	3808	5	5	0
5336	0	0	0	0	7	3841	7	5	2
5335	0	0	0	0	8	3815	8	5	3
5335	0	0	0	0	8	3837	8	5	3
5338	0	0	0	0	5	3811	5	5	0
5338	0	0	0	0	5	3843	5	5	0
5337	0	0	0	0	6	3788	6	5	1
5337	0	0	0	0	6	3775	6	5	1
5336	0	0	0	0	7	3828	7	5	2
5337	0	0	0	0	6	3819	6	5	1
5337	0	0	0	0	6	3847	6	5	1
5336	0	0	0	0	7	3814	7	5	2
5337	0	0	0	0	6	3825	6	5	1
5337	0	0	0	0	6	3857	6	5	1
5336	0	0	0	0	7	3785	7	5	2
5337	0	0	0	0	6	3810	6	5	1
5335	0	0	0	0	8	3878	8	5	3
5336	0	0	0	0	7	3818	7	5	2
5337	0	0	0	0	6	3805	6	5	1
5338	0	0	0	0	5	3826	5	5	0
5337	0	0	0	0	6	3824	6	5	1
5337	0	0	0	0	6	3802	6	5	1
5336	0	0	0	0	7	3851	7	5	2
5334	0	0	0	0	9	3868	9	5	4
5337	0	0	0	0	6	3812	6	5	1
5337	0	0	0	0	6	3799	6	5	1
5337	0	0	0	0	6	3842	6	5	1
5336	0	0	0	0	7	3848	7	5	2
5336	0	0	0	0	7	3832	7	5	2
5338	0	0	0	0	5	3789	5	5	0
5334	0	0	0	0	9	3851	9	5	4
5337	0	0	0	0	6	3787	6	5	1
5335	0	0	0	0	8	3829	8	5	3
5337	0	0	0	0	6	3851	6	5	1
5338	0	0	0	0	5	3777	5	5	0
5335	0	0	0	0	8	3835	8	5	3
5336	0	0	0	0	7	3853	7	5	2
5336	0	0	0	0	7	3821	7	5	2
5336	0	0	0	0	7	3777	7	5	2
5337	0	0	0	0	6	3782	6	5	1
5337	0	0	0	0	6	3829	6	5	1
5338	0	0	0	0	5	3797	5	5	0
5338	0	0	0	0	5	3812	5	5	0
5336	0	0	0	0	7	3821	7	5	2
5337	0	0	0	0	6	3806	6	5	1
5334	0	0	0	0	9	3885	9	5	4
5336	0	0	0	0	7	3870	7	5	2
5336	0	0	0	0	7	3849	7	5	2
5337	0	0	0	0	6	3842	6	5	1
5336	0	0	0	0	7	3820	7	5	2
5338	0	0	0	0	5	3837	5	5	0
5338	0	0	0	0	5	3803	5	5	0
5338	0	0	0	0	5	3833	5	5	0
5333	0	0	0	0	10	3824	10	5	5
5338	0	0	0	0	5	3819	5	5	0
5336	0	0	0	0	7	3835	7	5	2
5338	0	0	0	0	5	3828	5	5	0
5337	0	0	0	0	6	3835	6	5	1
5336	0	0	0	0	7	3794	7	5	2
5337	0	0	0	0	6	3829	6	5	1
5338	0	0	0	0	5	3778	5	5	0
5338	0	0	0	0	5	3837	5	5	0
5337	0	0	0	0	6	3840	6	5	1
5337	0	0	0	0	6	3795	6	5	1
5337	0	0	0	0	6	3864	6	5	1
5337	0	0	0	0	6	3786	6	5	1
5337	0	0	0	0	6	3837	6	5	1
5338	0	0	0	0	5	3839	5	5	0
