5338	0	0	0	0	5	2142	5	5	0
5337	0	0	0	0	6	2141	6	6	0
5337	0	0	0	0	6	2143	6	5	1
5333	0	0	0	0	10	2140	10	10	0
5334	0	0	0	0	9	2142	9	9	0
5338	0	0	0	0	5	2136	5	5	0
5318	0	0	0	0	25	2163	25	24	1
5292	0	0	0	0	51	2185	51	50	1
5337	0	0	0	0	6	2140	6	5	1
5307	0	0	0	0	36	2162	36	33	3
5335	0	0	0	0	8	2141	8	8	0
5338	0	0	0	0	5	2140	5	5	0
5338	0	0	0	0	5	2139	5	5	0
5322	0	0	0	0	21	2142	21	21	0
5335	0	0	0	0	8	2139	8	7	1
5329	0	0	0	0	14	2149	14	12	2
5331	0	0	0	0	12	2146	12	11	1
5337	0	0	0	0	6	2139	6	6	0
5337	0	0	0	0	6	2143	6	5	1
5326	0	0	0	0	17	2147	17	15	2
5338	0	0	0	0	5	2139	5	5	0
5334	0	0	0	0	9	2146	9	9	0
5333	0	0	0	0	10	2142	10	10	0
5336	0	0	0	0	7	2143	7	6	1
5337	0	0	0	0	6	2145	6	5	1
5337	0	0	0	0	6	2141	6	6	0
5332	0	0	0	0	11	2154	11	11	0
5335	0	0	0	0	8	2145	8	7	1
5335	0	0	0	0	8	2139	8	7	1
5337	0	0	0	0	6	2144	6	6	0
5300	0	0	0	0	43	2163	43	40	3
5294	0	0	0	0	49	2162	49	47	2
5329	0	0	0	0	14	2147	14	13	1
5325	0	0	0	0	18	2150	18	18	0
5322	0	0	0	0	21	2152	21	21	0
5328	0	0	0	0	15	2152	15	14	1
5338	0	0	0	0	5	2146	5	5	0
5338	0	0	0	0	5	2147	5	5	0
5308	0	0	0	0	35	2152	35	32	3
5325	0	0	0	0	18	2152	18	17	1
5337	0	0	0	0	6	2134	6	6	0
5338	0	0	0	0	5	2139	5	5	0
5332	0	0	0	0	11	2147	11	10	1
5336	0	0	0	0	7	2138	7	7	0
5336	0	0	0	0	7	2139	7	7	0
5327	0	0	0	0	16	2160	16	15	1
5335	0	0	0	0	8	2142	8	8	0
5332	0	0	0	0	11	2147	11	10	1
5317	0	0	0	0	26	2153	26	25	1
5319	0	0	0	0	24	2165	24	23	1
5329	0	0	0	0	14	2137	14	14	0
5335	0	0	0	0	8	2149	8	8	0
5336	0	0	0	0	7	2140	7	7	0
5338	0	0	0	0	5	2139	5	5	0
5330	0	0	0	0	13	2141	13	13	0
5324	0	0	0	0	19	2153	19	18	1
5331	0	0	0	0	12	2141	12	12	0
5319	0	0	0	0	24	2161	24	22	2
5335	0	0	0	0	8	2145	8	8	0
5331	0	0	0	0	12	2146	12	11	1
5314	0	0	0	0	29	2149	29	27	2
5338	0	0	0	0	5	2140	5	5	0
5309	0	0	0	0	34	2162	34	31	3
5330	0	0	0	0	13	2148	13	12	1
5336	0	0	0	0	7	2136	7	7	0
5337	0	0	0	0	6	2137	6	6	0
5332	0	0	0	0	11	2142	11	10	1
5329	0	0	0	0	14	2150	14	12	2
5316	0	0	0	0	27	2156	27	26	1
5332	0	0	0	0	11	2145	11	10	1
5323	0	0	0	0	20	2151	20	18	2
5338	0	0	0	0	5	2137	5	5	0
5337	0	0	0	0	6	2137	6	5	1
5338	0	0	0	0	5	2139	5	5	0
5335	0	0	0	0	8	2146	8	7	1
5325	0	0	0	0	18	2151	18	18	0
5324	0	0	0	0	19	2145	19	18	1
5337	0	0	0	0	6	2144	6	6	0
5325	0	0	0	0	18	2148	18	16	2
5330	0	0	0	0	13	2154	13	13	0
5332	0	0	0	0	11	2144	11	11	0
5313	0	0	0	0	30	2159	30	30	0
5304	0	0	0	0	39	2160	39	36	3
5336	0	0	0	0	7	2141	7	7	0
5338	0	0	0	0	5	2140	5	5	0
5332	0	0	0	0	11	2144	11	10	1
5332	0	0	0	0	11	2142	11	11	0
5338	0	0	0	0	5	2135	5	5	0
5335	0	0	0	0	8	2141	8	8	0
5333	0	0	0	0	10	2140	10	10	0
5330	0	0	0	0	13	2146	13	13	0
5336	0	0	0	0	7	2146	7	7	0
5337	0	0	0	0	6	2140	6	6	0
5335	0	0	0	0	8	2146	8	8	0
5335	0	0	0	0	8	2142	8	7	1
5338	0	0	0	0	5	2134	5	5	0
5330	0	0	0	0	13	2138	13	13	0
5336	0	0	0	0	7	2140	7	6	1
5337	0	0	0	0	6	2144	6	6	0
5329	0	0	0	0	14	2145	14	13	1
5328	0	0	0	0	15	2149	15	14	1
5313	0	0	0	0	30	2150	30	30	0
5324	0	0	0	0	19	2148	19	18	1
5334	0	0	0	0	9	2153	9	8	1
5332	0	0	0	0	11	2146	11	11	0
5330	0	0	0	0	13	2150	13	13	0
5333	0	0	0	0	10	2144	10	9	1
5333	0	0	0	0	10	2146	10	9	1
5335	0	0	0	0	8	2150	8	7	1
5322	0	0	0	0	21	2148	21	19	2
5336	0	0	0	0	7	2138	7	7	0
5333	0	0	0	0	10	2149	10	10	0
5333	0	0	0	0	10	2145	10	9	1
5306	0	0	0	0	37	2164	37	35	2
5326	0	0	0	0	17	2145	17	17	0
5329	0	0	0	0	14	2147	14	14	0
5338	0	0	0	0	5	2137	5	5	0
5338	0	0	0	0	5	2137	5	5	0
5334	0	0	0	0	9	2145	9	9	0
5318	0	0	0	0	25	2158	25	25	0
5337	0	0	0	0	6	2140	6	6	0
5323	0	0	0	0	20	2156	20	18	2
5321	0	0	0	0	22	2155	22	22	0
5331	0	0	0	0	12	2154	12	11	1
5324	0	0	0	0	19	2153	19	17	2
5337	0	0	0	0	6	2151	6	5	1
5315	0	0	0	0	28	2158	28	27	1
5338	0	0	0	0	5	2137	5	5	0
5335	0	0	0	0	8	2142	8	7	1
5337	0	0	0	0	6	2137	6	5	1
5319	0	0	0	0	24	2164	24	22	2
5308	0	0	0	0	35	2159	35	33	2
5329	0	0	0	0	14	2154	14	14	0
5338	0	0	0	0	5	2138	5	5	0
5329	0	0	0	0	14	2141	14	13	1
5315	0	0	0	0	28	2159	28	25	3
5315	0	0	0	0	28	2148	28	27	1
5337	0	0	0	0	6	2138	6	6	0
5335	0	0	0	0	8	2144	8	8	0
5332	0	0	0	0	11	2152	11	10	1
5308	0	0	0	0	35	2150	35	35	0
5308	0	0	0	0	35	2168	35	34	1
5337	0	0	0	0	6	2140	6	6	0
5336	0	0	0	0	7	2144	7	7	0
5320	0	0	0	0	23	2147	23	20	3
5323	0	0	0	0	20	2148	20	18	2
5299	0	0	0	0	44	2167	44	42	2
5318	0	0	0	0	25	2149	25	25	0
5335	0	0	0	0	8	2141	8	7	1
5337	0	0	0	0	6	2139	6	6	0
5336	0	0	0	0	7	2140	7	7	0
5316	0	0	0	0	27	2153	27	25	2
5317	0	0	0	0	26	2159	26	25	1
5337	0	0	0	0	6	2139	6	5	1
5320	0	0	0	0	23	2146	23	23	0
5317	0	0	0	0	26	2158	26	25	1
5311	0	0	0	0	32	2155	32	32	0
5323	0	0	0	0	20	2153	20	19	1
5328	0	0	0	0	15	2147	15	14	1
5326	0	0	0	0	17	2140	17	16	1
5336	0	0	0	0	7	2143	7	7	0
5319	0	0	0	0	24	2152	24	23	1
5336	0	0	0	0	7	2142	7	7	0
5306	0	0	0	0	37	2168	37	34	3
5331	0	0	0	0	12	2140	12	12	0
5332	0	0	0	0	11	2148	11	10	1
5331	0	0	0	0	12	2141	12	11	1
5337	0	0	0	0	6	2135	6	6	0
5337	0	0	0	0	6	2139	6	6	0
5327	0	0	0	0	16	2144	16	15	1
5337	0	0	0	0	6	2141	6	6	0
5337	0	0	0	0	6	2141	6	6	0
5320	0	0	0	0	23	2141	23	22	1
5331	0	0	0	0	12	2151	12	11	1
5337	0	0	0	0	6	2140	6	6	0
5330	0	0	0	0	13	2148	13	11	2
5333	0	0	0	0	10	2145	10	10	0
5331	0	0	0	0	12	2140	12	11	1
5337	0	0	0	0	6	2135	6	6	0
5327	0	0	0	0	16	2146	16	16	0
5334	0	0	0	0	9	2150	9	9	0
5320	0	0	0	0	23	2155	23	23	0
5322	0	0	0	0	21	2149	21	21	0
5336	0	0	0	0	7	2138	7	7	0
5322	0	0	0	0	21	2148	21	20	1
5337	0	0	0	0	6	2138	6	6	0
5338	0	0	0	0	5	2136	5	5	0
5323	0	0	0	0	20	2151	20	20	0
5332	0	0	0	0	11	2145	11	10	1
5334	0	0	0	0	9	2150	9	7	2
5329	0	0	0	0	14	2141	14	13	1
5335	0	0	0	0	8	2140	8	7	1
5336	0	0	0	0	7	2144	7	6	1
5332	0	0	0	0	11	2147	11	10	1
5317	0	0	0	0	26	2161	26	25	1
5310	0	0	0	0	33	2161	33	29	4
5338	0	0	0	0	5	2138	5	5	0
5335	0	0	0	0	8	2142	8	7	1
5333	0	0	0	0	10	2146	10	10	0
5330	0	0	0	0	13	2151	13	13	0
5337	0	0	0	0	6	2137	6	6	0
5338	0	0	0	0	5	2134	5	5	0
5329	0	0	0	0	14	2150	14	12	2
5329	0	0	0	0	14	2146	14	13	1
5337	0	0	0	0	6	2141	6	5	1
5321	0	0	0	0	22	2154	22	20	2
5326	0	0	0	0	17	2152	17	16	1
5333	0	0	0	0	10	2144	10	10	0
5338	0	0	0	0	5	2140	5	5	0
5325	0	0	0	0	18	2148	18	18	0
5316	0	0	0	0	27	2157	27	27	0
5337	0	0	0	0	6	2138	6	6	0
5335	0	0	0	0	8	2146	8	8	0
5333	0	0	0	0	10	2142	10	9	1
5333	0	0	0	0	10	2142	10	10	0
5334	0	0	0	0	9	2143	9	9	0
5328	0	0	0	0	15	2149	15	15	0
5335	0	0	0	0	8	2141	8	7	1
5330	0	0	0	0	13	2146	13	13	0
5330	0	0	0	0	13	2143	13	13	0
5336	0	0	0	0	7	2135	7	7	0
5308	0	0	0	0	35	2167	35	35	0
5338	0	0	0	0	5	2137	5	5	0
5336	0	0	0	0	7	2141	7	7	0
5337	0	0	0	0	6	2142	6	6	0
5328	0	0	0	0	15	2146	15	15	0
5329	0	0	0	0	14	2153	14	14	0
5324	0	0	0	0	19	2149	19	17	2
5334	0	0	0	0	9	2142	9	9	0
5335	0	0	0	0	8	2141	8	8	0
5333	0	0	0	0	10	2144	10	9	1
5329	0	0	0	0	14	2141	14	13	1
5338	0	0	0	0	5	2139	5	5	0
5337	0	0	0	0	6	2141	6	6	0
5338	0	0	0	0	5	2138	5	5	0
5330	0	0	0	0	13	2147	13	12	1
5332	0	0	0	0	11	2144	11	11	0
5321	0	0	0	0	22	2158	22	19	3
5314	0	0	0	0	29	2154	29	29	0
5337	0	0	0	0	6	2143	6	5	1
5338	0	0	0	0	5	2136	5	5	0
5337	0	0	0	0	6	2138	6	6	0
5334	0	0	0	0	9	2145	9	9	0
5314	0	0	0	0	29	2158	29	28	1
5324	0	0	0	0	19	2147	19	19	0
5336	0	0	0	0	7	2144	7	7	0
5334	0	0	0	0	9	2142	9	8	1
5293	0	0	0	0	50	2163	50	50	0
5333	0	0	0	0	10	2138	10	9	1
5337	0	0	0	0	6	2139	6	6	0
5327	0	0	0	0	16	2151	16	11	5
5331	0	0	0	0	12	2150	12	12	0
5335	0	0	0	0	8	2148	8	7	1
5290	0	0	0	0	53	2171	53	52	1
5309	0	0	0	0	34	2156	34	31	3
5332	0	0	0	0	11	2146	11	10	1
5324	0	0	0	0	19	2140	19	19	0
5324	0	0	0	0	19	2146	19	18	1
5338	0	0	0	0	5	2137	5	5	0
5299	0	0	0	0	44	2170	44	40	4
5337	0	0	0	0	6	2142	6	6	0
5331	0	0	0	0	12	2148	12	12	0
5337	0	0	0	0	6	2136	6	5	1
5338	0	0	0	0	5	2142	5	5	0
5329	0	0	0	0	14	2144	14	14	0
5337	0	0	0	0	6	2144	6	6	0
5336	0	0	0	0	7	2141	7	7	0
5324	0	0	0	0	19	2147	19	18	1
5338	0	0	0	0	5	2137	5	5	0
5326	0	0	0	0	17	2137	17	16	1
5332	0	0	0	0	11	2148	11	10	1
5324	0	0	0	0	19	2158	19	19	0
5335	0	0	0	0	8	2139	8	8	0
5318	0	0	0	0	25	2161	25	23	2
5338	0	0	0	0	5	2139	5	5	0
5338	0	0	0	0	5	2137	5	5	0
5337	0	0	0	0	6	2140	6	6	0
5338	0	0	0	0	5	2140	5	5	0
5332	0	0	0	0	11	2139	11	10	1
5335	0	0	0	0	8	2142	8	8	0
5324	0	0	0	0	19	2151	19	18	1
5338	0	0	0	0	5	2137	5	5	0
5295	0	0	0	0	48	2163	48	45	3
5330	0	0	0	0	13	2149	13	10	3
5330	0	0	0	0	13	2154	13	12	1
5321	0	0	0	0	22	2156	22	22	0
5333	0	0	0	0	10	2142	10	9	1
5320	0	0	0	0	23	2155	23	20	3
5325	0	0	0	0	18	2151	18	15	3
5300	0	0	0	0	43	2159	43	39	4
5335	0	0	0	0	8	2147	8	8	0
5337	0	0	0	0	6	2142	6	6	0
5335	0	0	0	0	8	2140	8	7	1
5338	0	0	0	0	5	2146	5	5	0
5338	0	0	0	0	5	2139	5	5	0
5338	0	0	0	0	5	2137	5	5	0
5322	0	0	0	0	21	2168	21	20	1
5316	0	0	0	0	27	2155	27	24	3
5332	0	0	0	0	11	2152	11	11	0
5330	0	0	0	0	13	2148	13	13	0
5324	0	0	0	0	19	2157	19	18	1
5331	0	0	0	0	12	2146	12	12	0
5336	0	0	0	0	7	2144	7	7	0
5307	0	0	0	0	36	2161	36	36	0
5337	0	0	0	0	6	2140	6	5	1
5328	0	0	0	0	15	2152	15	14	1
5337	0	0	0	0	6	2144	6	6	0
5328	0	0	0	0	15	2152	15	15	0
5328	0	0	0	0	15	2149	15	15	0
5336	0	0	0	0	7	2143	7	5	2
5325	0	0	0	0	18	2142	18	16	2
5338	0	0	0	0	5	2135	5	5	0
5337	0	0	0	0	6	2138	6	6	0
5333	0	0	0	0	10	2150	10	9	1
5337	0	0	0	0	6	2139	6	6	0
5337	0	0	0	0	6	2143	6	6	0
5337	0	0	0	0	6	2138	6	6	0
5334	0	0	0	0	9	2139	9	8	1
5320	0	0	0	0	23	2147	23	22	1
5323	0	0	0	0	20	2156	20	19	1
5334	0	0	0	0	9	2140	9	9	0
5330	0	0	0	0	13	2144	13	13	0
5334	0	0	0	0	9	2154	9	9	0
5324	0	0	0	0	19	2151	19	17	2
5334	0	0	0	0	9	2142	9	9	0
5333	0	0	0	0	10	2147	10	9	1
5335	0	0	0	0	8	2142	8	8	0
5337	0	0	0	0	6	2143	6	6	0
5333	0	0	0	0	10	2136	10	10	0
5336	0	0	0	0	7	2138	7	7	0
5335	0	0	0	0	8	2148	8	7	1
5336	0	0	0	0	7	2140	7	7	0
5338	0	0	0	0	5	2140	5	5	0
5333	0	0	0	0	10	2143	10	9	1
5336	0	0	0	0	7	2140	7	7	0
5337	0	0	0	0	6	2142	6	6	0
5329	0	0	0	0	14	2150	14	14	0
5251	0	0	0	0	92	2200	92	91	1
5325	0	0	0	0	18	2153	18	16	2
5337	0	0	0	0	6	2141	6	6	0
5328	0	0	0	0	15	2146	15	15	0
5327	0	0	0	0	16	2151	16	14	2
5338	0	0	0	0	5	2140	5	5	0
5324	0	0	0	0	19	2151	19	17	2
5338	0	0	0	0	5	2141	5	5	0
5334	0	0	0	0	9	2142	9	8	1
5333	0	0	0	0	10	2138	10	10	0
5338	0	0	0	0	5	2140	5	5	0
5327	0	0	0	0	16	2143	16	14	2
5323	0	0	0	0	20	2152	20	18	2
5321	0	0	0	0	22	2157	22	18	4
5337	0	0	0	0	6	2141	6	6	0
5337	0	0	0	0	6	2143	6	6	0
5327	0	0	0	0	16	2155	16	13	3
5326	0	0	0	0	17	2147	17	16	1
5321	0	0	0	0	22	2145	22	22	0
5334	0	0	0	0	9	2143	9	7	2
5330	0	0	0	0	13	2141	13	13	0
5328	0	0	0	0	15	2147	15	13	2
5325	0	0	0	0	18	2157	18	17	1
5338	0	0	0	0	5	2135	5	5	0
5328	0	0	0	0	15	2146	15	13	2
5305	0	0	0	0	38	2164	38	37	1
5335	0	0	0	0	8	2141	8	7	1
5332	0	0	0	0	11	2142	11	11	0
5335	0	0	0	0	8	2144	8	7	1
5306	0	0	0	0	37	2174	37	36	1
5333	0	0	0	0	10	2147	10	9	1
5337	0	0	0	0	6	2142	6	5	1
5336	0	0	0	0	7	2139	7	7	0
5314	0	0	0	0	29	2157	29	27	2
5313	0	0	0	0	30	2164	30	29	1
5316	0	0	0	0	27	2157	27	24	3
5329	0	0	0	0	14	2149	14	13	1
5335	0	0	0	0	8	2147	8	8	0
5338	0	0	0	0	5	2141	5	5	0
5331	0	0	0	0	12	2147	12	10	2
5337	0	0	0	0	6	2151	6	6	0
5337	0	0	0	0	6	2134	6	6	0
5337	0	0	0	0	6	2138	6	6	0
5325	0	0	0	0	18	2154	18	18	0
5305	0	0	0	0	38	2151	38	37	1
5335	0	0	0	0	8	2142	8	8	0
5329	0	0	0	0	14	2148	14	14	0
5328	0	0	0	0	15	2152	15	14	1
5332	0	0	0	0	11	2142	11	11	0
5328	0	0	0	0	15	2148	15	15	0
5338	0	0	0	0	5	2140	5	5	0
5334	0	0	0	0	9	2151	9	9	0
5331	0	0	0	0	12	2149	12	12	0
5327	0	0	0	0	16	2154	16	15	1
5338	0	0	0	0	5	2140	5	5	0
5334	0	0	0	0	9	2141	9	8	1
5322	0	0	0	0	21	2173	21	17	4
5328	0	0	0	0	15	2149	15	14	1
5337	0	0	0	0	6	2146	6	6	0
5322	0	0	0	0	21	2159	21	20	1
5333	0	0	0	0	10	2144	10	8	2
5322	0	0	0	0	21	2150	21	20	1
5331	0	0	0	0	12	2142	12	12	0
5334	0	0	0	0	9	2142	9	9	0
5336	0	0	0	0	7	2141	7	7	0
5338	0	0	0	0	5	2136	5	5	0
5338	0	0	0	0	5	2137	5	5	0
5331	0	0	0	0	12	2146	12	12	0
5336	0	0	0	0	7	2137	7	6	1
5320	0	0	0	0	23	2149	23	22	1
5338	0	0	0	0	5	2142	5	5	0
5337	0	0	0	0	6	2141	6	6	0
5336	0	0	0	0	7	2137	7	7	0
5332	0	0	0	0	11	2149	11	10	1
5338	0	0	0	0	5	2137	5	5	0
5336	0	0	0	0	7	2144	7	7	0
5325	0	0	0	0	18	2154	18	16	2
5335	0	0	0	0	8	2138	8	6	2
5337	0	0	0	0	6	2139	6	6	0
5335	0	0	0	0	8	2145	8	7	1
5328	0	0	0	0	15	2146	15	14	1
5321	0	0	0	0	22	2159	22	22	0
5335	0	0	0	0	8	2138	8	7	1
5333	0	0	0	0	10	2139	10	10	0
5333	0	0	0	0	10	2146	10	7	3
5314	0	0	0	0	29	2152	29	27	2
5334	0	0	0	0	9	2143	9	9	0
5281	0	0	0	0	62	2176	62	57	5
5325	0	0	0	0	18	2154	18	15	3
5317	0	0	0	0	26	2164	26	24	2
5334	0	0	0	0	9	2142	9	8	1
5334	0	0	0	0	9	2147	9	9	0
5338	0	0	0	0	5	2140	5	5	0
5335	0	0	0	0	8	2139	8	8	0
5323	0	0	0	0	20	2141	20	20	0
5338	0	0	0	0	5	2140	5	5	0
5329	0	0	0	0	14	2145	14	14	0
5332	0	0	0	0	11	2142	11	8	3
5319	0	0	0	0	24	2158	24	23	1
5335	0	0	0	0	8	2139	8	8	0
5336	0	0	0	0	7	2147	7	7	0
5331	0	0	0	0	12	2148	12	12	0
5332	0	0	0	0	11	2136	11	10	1
5314	0	0	0	0	29	2166	29	28	1
5330	0	0	0	0	13	2146	13	13	0
5310	0	0	0	0	33	2154	33	32	1
5333	0	0	0	0	10	2142	10	9	1
5330	0	0	0	0	13	2154	13	13	0
5335	0	0	0	0	8	2154	8	7	1
5336	0	0	0	0	7	2142	7	6	1
5319	0	0	0	0	24	2158	24	24	0
5316	0	0	0	0	27	2164	27	24	3
5335	0	0	0	0	8	2141	8	8	0
5335	0	0	0	0	8	2143	8	8	0
5336	0	0	0	0	7	2142	7	7	0
5338	0	0	0	0	5	2142	5	5	0
5332	0	0	0	0	11	2144	11	10	1
5330	0	0	0	0	13	2145	13	12	1
5306	0	0	0	0	37	2163	37	34	3
5333	0	0	0	0	10	2148	10	9	1
5336	0	0	0	0	7	2139	7	7	0
5329	0	0	0	0	14	2143	14	13	1
5327	0	0	0	0	16	2153	16	15	1
5337	0	0	0	0	6	2140	6	6	0
5334	0	0	0	0	9	2137	9	9	0
5324	0	0	0	0	19	2146	19	17	2
5307	0	0	0	0	36	2165	36	33	3
5331	0	0	0	0	12	2146	12	12	0
5328	0	0	0	0	15	2153	15	13	2
5328	0	0	0	0	15	2138	15	15	0
5324	0	0	0	0	19	2150	19	18	1
5330	0	0	0	0	13	2150	13	12	1
5333	0	0	0	0	10	2145	10	9	1
5337	0	0	0	0	6	2138	6	5	1
5337	0	0	0	0	6	2136	6	6	0
5335	0	0	0	0	8	2145	8	8	0
5337	0	0	0	0	6	2140	6	6	0
5332	0	0	0	0	11	2140	11	11	0
5308	0	0	0	0	35	2153	35	34	1
5324	0	0	0	0	19	2147	19	18	1
5291	0	0	0	0	52	2174	52	48	4
5336	0	0	0	0	7	2143	7	6	1
5333	0	0	0	0	10	2148	10	10	0
5337	0	0	0	0	6	2145	6	6	0
5336	0	0	0	0	7	2140	7	6	1
5333	0	0	0	0	10	2155	10	10	0
5335	0	0	0	0	8	2144	8	8	0
5328	0	0	0	0	15	2147	15	14	1
5331	0	0	0	0	12	2144	12	11	1
5336	0	0	0	0	7	2145	7	7	0
5321	0	0	0	0	22	2155	22	21	1
5338	0	0	0	0	5	2134	5	5	0
5335	0	0	0	0	8	2140	8	8	0
5320	0	0	0	0	23	2151	23	21	2
5332	0	0	0	0	11	2147	11	9	2
5333	0	0	0	0	10	2139	10	10	0
5335	0	0	0	0	8	2148	8	8	0
5338	0	0	0	0	5	2135	5	5	0
5338	0	0	0	0	5	2139	5	5	0
5334	0	0	0	0	9	2145	9	8	1
5334	0	0	0	0	9	2140	9	9	0
5336	0	0	0	0	7	2147	7	7	0
5313	0	0	0	0	30	2162	30	30	0
