5338	0	0	0	0	5	562	5	5	0
5336	0	0	0	0	7	575	7	6	1
5337	0	0	0	0	6	561	6	6	0
5332	0	0	0	0	11	564	11	11	0
5334	0	0	0	0	9	583	9	9	0
5335	0	0	0	0	8	553	8	6	2
5293	0	0	0	0	50	729	50	50	0
5266	0	0	0	0	77	798	77	76	1
5338	0	0	0	0	5	555	5	5	0
5335	0	0	0	0	8	582	8	8	0
5334	0	0	0	0	9	566	9	9	0
5326	0	0	0	0	17	588	17	16	1
5338	0	0	0	0	5	568	5	5	0
5322	0	0	0	0	21	605	21	21	0
5313	0	0	0	0	30	614	30	29	1
5324	0	0	0	0	19	624	19	18	1
5330	0	0	0	0	13	595	13	11	2
5335	0	0	0	0	8	553	8	7	1
5338	0	0	0	0	5	573	5	5	0
5313	0	0	0	0	30	611	30	29	1
5337	0	0	0	0	6	558	6	6	0
5334	0	0	0	0	9	584	9	9	0
5333	0	0	0	0	10	582	10	10	0
5327	0	0	0	0	16	598	16	15	1
5337	0	0	0	0	6	589	6	5	1
5337	0	0	0	0	6	576	6	6	0
5332	0	0	0	0	11	591	11	11	0
5334	0	0	0	0	9	595	9	8	1
5336	0	0	0	0	7	565	7	7	0
5337	0	0	0	0	6	580	6	6	0
5287	0	0	0	0	56	677	56	55	1
5278	0	0	0	0	65	646	65	65	0
5329	0	0	0	0	14	581	14	14	0
5321	0	0	0	0	22	594	22	22	0
5315	0	0	0	0	28	620	28	27	1
5280	0	0	0	0	63	701	63	62	1
5338	0	0	0	0	5	582	5	5	0
5338	0	0	0	0	5	571	5	5	0
5308	0	0	0	0	35	641	35	33	2
5326	0	0	0	0	17	611	17	17	0
5334	0	0	0	0	9	566	9	8	1
5338	0	0	0	0	5	550	5	5	0
5330	0	0	0	0	13	600	13	12	1
5335	0	0	0	0	8	588	8	7	1
5331	0	0	0	0	12	578	12	12	0
5322	0	0	0	0	21	680	21	20	1
5333	0	0	0	0	10	583	10	10	0
5335	0	0	0	0	8	589	8	8	0
5310	0	0	0	0	33	617	33	31	2
5309	0	0	0	0	34	659	34	34	0
5327	0	0	0	0	16	562	16	15	1
5283	0	0	0	0	60	725	60	59	1
5335	0	0	0	0	8	566	8	8	0
5338	0	0	0	0	5	565	5	5	0
5327	0	0	0	0	16	591	16	15	1
5333	0	0	0	0	10	585	10	10	0
5301	0	0	0	0	42	605	42	40	2
5282	0	0	0	0	61	706	61	60	1
5335	0	0	0	0	8	578	8	8	0
5326	0	0	0	0	17	602	17	15	2
5292	0	0	0	0	51	651	51	50	1
5337	0	0	0	0	6	561	6	5	1
5334	0	0	0	0	9	580	9	8	1
5334	0	0	0	0	9	592	9	8	1
5329	0	0	0	0	14	546	14	12	2
5334	0	0	0	0	9	581	9	7	2
5337	0	0	0	0	6	547	6	6	0
5329	0	0	0	0	14	565	14	13	1
5300	0	0	0	0	43	656	43	43	0
5330	0	0	0	0	13	591	13	11	2
5322	0	0	0	0	21	612	21	21	0
5337	0	0	0	0	6	555	6	5	1
5334	0	0	0	0	9	557	9	8	1
5338	0	0	0	0	5	552	5	5	0
5329	0	0	0	0	14	612	14	14	0
5320	0	0	0	0	23	602	23	23	0
5321	0	0	0	0	22	594	22	20	2
5337	0	0	0	0	6	577	6	6	0
5312	0	0	0	0	31	612	31	31	0
5322	0	0	0	0	21	635	21	20	1
5332	0	0	0	0	11	601	11	11	0
5299	0	0	0	0	44	657	44	44	0
5295	0	0	0	0	48	647	48	46	2
5336	0	0	0	0	7	561	7	7	0
5327	0	0	0	0	16	630	16	15	1
5328	0	0	0	0	15	592	15	15	0
5332	0	0	0	0	11	590	11	11	0
5338	0	0	0	0	5	548	5	5	0
5332	0	0	0	0	11	598	11	11	0
5333	0	0	0	0	10	557	10	10	0
5330	0	0	0	0	13	609	13	13	0
5329	0	0	0	0	14	593	14	14	0
5337	0	0	0	0	6	575	6	6	0
5335	0	0	0	0	8	571	8	8	0
5332	0	0	0	0	11	563	11	11	0
5338	0	0	0	0	5	581	5	5	0
5326	0	0	0	0	17	578	17	17	0
5334	0	0	0	0	9	587	9	7	2
5337	0	0	0	0	6	566	6	6	0
5329	0	0	0	0	14	580	14	14	0
5325	0	0	0	0	18	639	18	18	0
5310	0	0	0	0	33	631	33	33	0
5320	0	0	0	0	23	655	23	23	0
5331	0	0	0	0	12	597	12	12	0
5332	0	0	0	0	11	591	11	11	0
5316	0	0	0	0	27	635	27	26	1
5319	0	0	0	0	24	661	24	23	1
5333	0	0	0	0	10	587	10	9	1
5337	0	0	0	0	6	581	6	6	0
5324	0	0	0	0	19	592	19	19	0
5336	0	0	0	0	7	545	7	7	0
5330	0	0	0	0	13	595	13	11	2
5335	0	0	0	0	8	570	8	8	0
5324	0	0	0	0	19	569	19	19	0
5322	0	0	0	0	21	582	21	21	0
5328	0	0	0	0	15	613	15	15	0
5335	0	0	0	0	8	561	8	8	0
5316	0	0	0	0	27	622	27	27	0
5334	0	0	0	0	9	585	9	9	0
5289	0	0	0	0	54	716	54	54	0
5333	0	0	0	0	10	602	10	10	0
5313	0	0	0	0	30	647	30	27	3
5317	0	0	0	0	26	607	26	24	2
5328	0	0	0	0	15	606	15	13	2
5317	0	0	0	0	26	653	26	26	0
5337	0	0	0	0	6	577	6	5	1
5314	0	0	0	0	29	623	29	29	0
5336	0	0	0	0	7	552	7	7	0
5330	0	0	0	0	13	593	13	13	0
5338	0	0	0	0	5	564	5	5	0
5289	0	0	0	0	54	667	54	52	2
5268	0	0	0	0	75	692	75	74	1
5322	0	0	0	0	21	617	21	21	0
5338	0	0	0	0	5	570	5	5	0
5319	0	0	0	0	24	614	24	23	1
5307	0	0	0	0	36	638	36	34	2
5322	0	0	0	0	21	618	21	20	1
5332	0	0	0	0	11	560	11	10	1
5335	0	0	0	0	8	576	8	8	0
5319	0	0	0	0	24	707	24	23	1
5295	0	0	0	0	48	622	48	48	0
5321	0	0	0	0	22	625	22	21	1
5337	0	0	0	0	6	575	6	6	0
5336	0	0	0	0	7	570	7	7	0
5301	0	0	0	0	42	636	42	40	2
5312	0	0	0	0	31	614	31	28	3
5259	0	0	0	0	84	698	84	83	1
5317	0	0	0	0	26	622	26	26	0
5333	0	0	0	0	10	576	10	10	0
5301	0	0	0	0	42	730	42	41	1
5336	0	0	0	0	7	565	7	7	0
5321	0	0	0	0	22	611	22	22	0
5275	0	0	0	0	68	831	68	63	5
5332	0	0	0	0	11	568	11	10	1
5319	0	0	0	0	24	595	24	24	0
5312	0	0	0	0	31	632	31	31	0
5301	0	0	0	0	42	638	42	41	1
5324	0	0	0	0	19	630	19	19	0
5328	0	0	0	0	15	623	15	14	1
5325	0	0	0	0	18	554	18	17	1
5333	0	0	0	0	10	569	10	9	1
5306	0	0	0	0	37	630	37	37	0
5329	0	0	0	0	14	577	14	14	0
5256	0	0	0	0	87	768	87	87	0
5323	0	0	0	0	20	580	20	19	1
5312	0	0	0	0	31	614	31	30	1
5319	0	0	0	0	24	622	24	21	3
5337	0	0	0	0	6	544	6	6	0
5329	0	0	0	0	14	621	14	14	0
5326	0	0	0	0	17	582	17	16	1
5337	0	0	0	0	6	571	6	6	0
5320	0	0	0	0	23	630	23	23	0
5335	0	0	0	0	8	574	8	8	0
5333	0	0	0	0	10	603	10	10	0
5329	0	0	0	0	14	584	14	13	1
5336	0	0	0	0	7	573	7	7	0
5332	0	0	0	0	11	594	11	11	0
5329	0	0	0	0	14	587	14	14	0
5335	0	0	0	0	8	555	8	7	1
5323	0	0	0	0	20	602	20	18	2
5329	0	0	0	0	14	594	14	14	0
5305	0	0	0	0	38	647	38	38	0
5298	0	0	0	0	45	618	45	45	0
5335	0	0	0	0	8	564	8	8	0
5316	0	0	0	0	27	599	27	27	0
5337	0	0	0	0	6	566	6	6	0
5338	0	0	0	0	5	552	5	5	0
5327	0	0	0	0	16	613	16	16	0
5331	0	0	0	0	12	578	12	11	1
5290	0	0	0	0	53	726	53	53	0
5328	0	0	0	0	15	586	15	14	1
5335	0	0	0	0	8	588	8	7	1
5336	0	0	0	0	7	577	7	6	1
5330	0	0	0	0	13	594	13	12	1
5336	0	0	0	0	7	566	7	7	0
5294	0	0	0	0	49	663	49	47	2
5338	0	0	0	0	5	557	5	5	0
5293	0	0	0	0	50	709	50	49	1
5329	0	0	0	0	14	589	14	13	1
5297	0	0	0	0	46	654	46	46	0
5337	0	0	0	0	6	573	6	6	0
5338	0	0	0	0	5	542	5	5	0
5331	0	0	0	0	12	593	12	12	0
5319	0	0	0	0	24	618	24	22	2
5337	0	0	0	0	6	557	6	5	1
5313	0	0	0	0	30	619	30	28	2
5326	0	0	0	0	17	601	17	17	0
5333	0	0	0	0	10	589	10	10	0
5338	0	0	0	0	5	558	5	5	0
5316	0	0	0	0	27	620	27	27	0
5312	0	0	0	0	31	601	31	31	0
5337	0	0	0	0	6	556	6	6	0
5335	0	0	0	0	8	576	8	8	0
5332	0	0	0	0	11	570	11	10	1
5330	0	0	0	0	13	565	13	13	0
5335	0	0	0	0	8	563	8	8	0
5324	0	0	0	0	19	593	19	19	0
5336	0	0	0	0	7	562	7	7	0
5321	0	0	0	0	22	621	22	22	0
5329	0	0	0	0	14	579	14	14	0
5336	0	0	0	0	7	546	7	7	0
5282	0	0	0	0	61	672	61	60	1
5338	0	0	0	0	5	549	5	5	0
5336	0	0	0	0	7	580	7	7	0
5337	0	0	0	0	6	575	6	6	0
5325	0	0	0	0	18	603	18	18	0
5319	0	0	0	0	24	638	24	24	0
5307	0	0	0	0	36	658	36	34	2
5330	0	0	0	0	13	596	13	13	0
5333	0	0	0	0	10	594	10	10	0
5330	0	0	0	0	13	577	13	13	0
5328	0	0	0	0	15	566	15	14	1
5324	0	0	0	0	19	602	19	19	0
5336	0	0	0	0	7	575	7	7	0
5338	0	0	0	0	5	572	5	5	0
5332	0	0	0	0	11	590	11	11	0
5324	0	0	0	0	19	581	19	19	0
5322	0	0	0	0	21	616	21	18	3
5286	0	0	0	0	57	694	57	55	2
5304	0	0	0	0	39	688	39	39	0
5338	0	0	0	0	5	547	5	5	0
5336	0	0	0	0	7	573	7	7	0
5332	0	0	0	0	11	589	11	10	1
5289	0	0	0	0	54	625	54	54	0
5312	0	0	0	0	31	622	31	31	0
5332	0	0	0	0	11	601	11	11	0
5267	0	0	0	0	76	691	76	75	1
5279	0	0	0	0	64	680	64	64	0
5330	0	0	0	0	13	560	13	12	1
5337	0	0	0	0	6	568	6	6	0
5329	0	0	0	0	14	595	14	12	2
5326	0	0	0	0	17	599	17	17	0
5334	0	0	0	0	9	599	9	9	0
5277	0	0	0	0	66	652	66	66	0
5281	0	0	0	0	62	647	62	60	2
5332	0	0	0	0	11	571	11	10	1
5324	0	0	0	0	19	593	19	19	0
5325	0	0	0	0	18	603	18	17	1
5338	0	0	0	0	5	543	5	5	0
5257	0	0	0	0	86	765	86	84	2
5273	0	0	0	0	70	754	70	68	2
5330	0	0	0	0	13	601	13	13	0
5326	0	0	0	0	17	593	17	16	1
5323	0	0	0	0	20	576	20	18	2
5322	0	0	0	0	21	611	21	21	0
5331	0	0	0	0	12	576	12	12	0
5329	0	0	0	0	14	602	14	12	2
5318	0	0	0	0	25	608	25	24	1
5337	0	0	0	0	6	564	6	6	0
5325	0	0	0	0	18	561	18	18	0
5329	0	0	0	0	14	590	14	14	0
5304	0	0	0	0	39	681	39	39	0
5334	0	0	0	0	9	586	9	9	0
5317	0	0	0	0	26	686	26	26	0
5336	0	0	0	0	7	570	7	7	0
5337	0	0	0	0	6	565	6	6	0
5337	0	0	0	0	6	582	6	6	0
5338	0	0	0	0	5	563	5	5	0
5329	0	0	0	0	14	580	14	14	0
5335	0	0	0	0	8	562	8	8	0
5310	0	0	0	0	33	662	33	32	1
5336	0	0	0	0	7	573	7	7	0
5312	0	0	0	0	31	586	31	29	2
5330	0	0	0	0	13	599	13	12	1
5327	0	0	0	0	16	611	16	15	1
5243	0	0	0	0	100	811	100	96	4
5332	0	0	0	0	11	585	11	11	0
5326	0	0	0	0	17	600	17	17	0
5332	0	0	0	0	11	595	11	11	0
5311	0	0	0	0	32	602	32	32	0
5334	0	0	0	0	9	589	9	9	0
5337	0	0	0	0	6	578	6	6	0
5336	0	0	0	0	7	546	7	7	0
5338	0	0	0	0	5	579	5	5	0
5338	0	0	0	0	5	558	5	5	0
5331	0	0	0	0	12	574	12	11	1
5316	0	0	0	0	27	653	27	27	0
5311	0	0	0	0	32	601	32	30	2
5331	0	0	0	0	12	602	12	12	0
5318	0	0	0	0	25	621	25	23	2
5328	0	0	0	0	15	639	15	15	0
5330	0	0	0	0	13	606	13	12	1
5328	0	0	0	0	15	601	15	15	0
5294	0	0	0	0	49	633	49	49	0
5338	0	0	0	0	5	568	5	5	0
5332	0	0	0	0	11	591	11	11	0
5329	0	0	0	0	14	599	14	13	1
5322	0	0	0	0	21	654	21	21	0
5324	0	0	0	0	19	595	19	19	0
5336	0	0	0	0	7	584	7	5	2
5330	0	0	0	0	13	563	13	13	0
5338	0	0	0	0	5	544	5	5	0
5337	0	0	0	0	6	568	6	6	0
5333	0	0	0	0	10	618	10	9	1
5337	0	0	0	0	6	566	6	6	0
5337	0	0	0	0	6	574	6	6	0
5337	0	0	0	0	6	562	6	6	0
5335	0	0	0	0	8	550	8	8	0
5294	0	0	0	0	49	629	49	49	0
5299	0	0	0	0	44	673	44	44	0
5334	0	0	0	0	9	558	9	9	0
5326	0	0	0	0	17	568	17	16	1
5333	0	0	0	0	10	624	10	10	0
5320	0	0	0	0	23	615	23	22	1
5334	0	0	0	0	9	579	9	9	0
5333	0	0	0	0	10	577	10	9	1
5327	0	0	0	0	16	570	16	15	1
5336	0	0	0	0	7	583	7	7	0
5333	0	0	0	0	10	565	10	10	0
5333	0	0	0	0	10	570	10	9	1
5337	0	0	0	0	6	584	6	6	0
5335	0	0	0	0	8	551	8	8	0
5338	0	0	0	0	5	546	5	5	0
5308	0	0	0	0	35	651	35	35	0
5336	0	0	0	0	7	561	7	7	0
5299	0	0	0	0	44	696	44	43	1
5314	0	0	0	0	29	628	29	27	2
5197	0	0	0	0	146	870	146	146	0
5326	0	0	0	0	17	601	17	17	0
5332	0	0	0	0	11	566	11	11	0
5253	0	0	0	0	90	796	90	90	0
5326	0	0	0	0	17	617	17	15	2
5338	0	0	0	0	5	566	5	5	0
5325	0	0	0	0	18	596	18	18	0
5338	0	0	0	0	5	558	5	5	0
5331	0	0	0	0	12	598	12	11	1
5332	0	0	0	0	11	576	11	11	0
5336	0	0	0	0	7	595	7	6	1
5327	0	0	0	0	16	611	16	15	1
5322	0	0	0	0	21	605	21	19	2
5308	0	0	0	0	35	647	35	34	1
5335	0	0	0	0	8	582	8	8	0
5308	0	0	0	0	35	659	35	34	1
5336	0	0	0	0	7	562	7	7	0
5297	0	0	0	0	46	677	46	45	1
5317	0	0	0	0	26	593	26	26	0
5336	0	0	0	0	7	569	7	6	1
5327	0	0	0	0	16	556	16	15	1
5329	0	0	0	0	14	590	14	14	0
5325	0	0	0	0	18	607	18	18	0
5338	0	0	0	0	5	558	5	5	0
5328	0	0	0	0	15	593	15	14	1
5288	0	0	0	0	55	672	55	55	0
5333	0	0	0	0	10	580	10	9	1
5330	0	0	0	0	13	589	13	12	1
5334	0	0	0	0	9	596	9	9	0
5312	0	0	0	0	31	645	31	31	0
5330	0	0	0	0	13	583	13	13	0
5337	0	0	0	0	6	589	6	6	0
5336	0	0	0	0	7	565	7	7	0
5294	0	0	0	0	49	680	49	48	1
5292	0	0	0	0	51	733	51	50	1
5310	0	0	0	0	33	659	33	32	1
5326	0	0	0	0	17	601	17	17	0
5294	0	0	0	0	49	671	49	49	0
5299	0	0	0	0	44	660	44	43	1
5332	0	0	0	0	11	581	11	10	1
5336	0	0	0	0	7	581	7	7	0
5337	0	0	0	0	6	549	6	6	0
5337	0	0	0	0	6	556	6	6	0
5318	0	0	0	0	25	601	25	25	0
5287	0	0	0	0	56	625	56	54	2
5330	0	0	0	0	13	576	13	13	0
5329	0	0	0	0	14	577	14	14	0
5325	0	0	0	0	18	607	18	17	1
5306	0	0	0	0	37	613	37	36	1
5326	0	0	0	0	17	610	17	16	1
5337	0	0	0	0	6	565	6	6	0
5333	0	0	0	0	10	577	10	10	0
5323	0	0	0	0	20	598	20	19	1
5321	0	0	0	0	22	620	22	20	2
5338	0	0	0	0	5	548	5	5	0
5333	0	0	0	0	10	558	10	9	1
5320	0	0	0	0	23	680	23	21	2
5316	0	0	0	0	27	607	27	27	0
5337	0	0	0	0	6	569	6	6	0
5170	0	0	0	0	173	880	173	170	3
5329	0	0	0	0	14	590	14	12	2
5313	0	0	0	0	30	630	30	30	0
5325	0	0	0	0	18	598	18	18	0
5322	0	0	0	0	21	614	21	21	0
5208	0	0	0	0	135	803	135	133	2
5338	0	0	0	0	5	546	5	5	0
5338	0	0	0	0	5	537	5	5	0
5306	0	0	0	0	37	693	37	37	0
5337	0	0	0	0	6	546	6	5	1
5313	0	0	0	0	30	635	30	30	0
5338	0	0	0	0	5	573	5	5	0
5337	0	0	0	0	6	566	6	6	0
5336	0	0	0	0	7	555	7	7	0
5315	0	0	0	0	28	625	28	26	2
5338	0	0	0	0	5	541	5	5	0
5332	0	0	0	0	11	580	11	11	0
5325	0	0	0	0	18	625	18	17	1
5336	0	0	0	0	7	563	7	6	1
5332	0	0	0	0	11	586	11	11	0
5336	0	0	0	0	7	572	7	7	0
5319	0	0	0	0	24	604	24	22	2
5312	0	0	0	0	31	655	31	31	0
5333	0	0	0	0	10	571	10	9	1
5327	0	0	0	0	16	582	16	14	2
5337	0	0	0	0	6	562	6	6	0
5292	0	0	0	0	51	643	51	50	1
5334	0	0	0	0	9	587	9	9	0
5295	0	0	0	0	48	634	48	48	0
5306	0	0	0	0	37	640	37	33	4
5307	0	0	0	0	36	677	36	35	1
5312	0	0	0	0	31	652	31	31	0
5329	0	0	0	0	14	592	14	14	0
5297	0	0	0	0	46	645	46	45	1
5313	0	0	0	0	30	609	30	30	0
5321	0	0	0	0	22	549	22	22	0
5338	0	0	0	0	5	566	5	5	0
5327	0	0	0	0	16	618	16	15	1
5334	0	0	0	0	9	575	9	9	0
5278	0	0	0	0	65	666	65	64	1
5331	0	0	0	0	12	584	12	12	0
5336	0	0	0	0	7	582	7	7	0
5329	0	0	0	0	14	584	14	14	0
5333	0	0	0	0	10	548	10	10	0
5264	0	0	0	0	79	697	79	78	1
5320	0	0	0	0	23	599	23	23	0
5308	0	0	0	0	35	632	35	35	0
5331	0	0	0	0	12	573	12	11	1
5325	0	0	0	0	18	618	18	17	1
5338	0	0	0	0	5	579	5	5	0
5337	0	0	0	0	6	561	6	6	0
5303	0	0	0	0	40	647	40	40	0
5329	0	0	0	0	14	619	14	14	0
5335	0	0	0	0	8	573	8	8	0
5335	0	0	0	0	8	569	8	8	0
5336	0	0	0	0	7	569	7	7	0
5335	0	0	0	0	8	585	8	7	1
5333	0	0	0	0	10	559	10	10	0
5330	0	0	0	0	13	595	13	12	1
5297	0	0	0	0	46	640	46	45	1
5330	0	0	0	0	13	594	13	13	0
5333	0	0	0	0	10	567	10	10	0
5292	0	0	0	0	51	652	51	50	1
5328	0	0	0	0	15	594	15	14	1
5320	0	0	0	0	23	634	23	22	1
5333	0	0	0	0	10	563	10	10	0
5314	0	0	0	0	29	642	29	27	2
5327	0	0	0	0	16	599	16	15	1
5328	0	0	0	0	15	597	15	13	2
5328	0	0	0	0	15	602	15	14	1
5327	0	0	0	0	16	556	16	16	0
5320	0	0	0	0	23	600	23	22	1
5329	0	0	0	0	14	608	14	14	0
5335	0	0	0	0	8	578	8	8	0
5335	0	0	0	0	8	558	8	6	2
5337	0	0	0	0	6	542	6	6	0
5328	0	0	0	0	15	596	15	15	0
5336	0	0	0	0	7	559	7	7	0
5333	0	0	0	0	10	571	10	10	0
5325	0	0	0	0	18	583	18	17	1
5310	0	0	0	0	33	590	33	33	0
5294	0	0	0	0	49	655	49	49	0
5332	0	0	0	0	11	603	11	9	2
5332	0	0	0	0	11	602	11	10	1
5336	0	0	0	0	7	584	7	6	1
5337	0	0	0	0	6	577	6	6	0
5269	0	0	0	0	74	712	74	72	2
5334	0	0	0	0	9	588	9	9	0
5328	0	0	0	0	15	595	15	15	0
5327	0	0	0	0	16	590	16	14	2
5334	0	0	0	0	9	579	9	9	0
5299	0	0	0	0	44	645	44	43	1
5338	0	0	0	0	5	559	5	5	0
5334	0	0	0	0	9	574	9	9	0
5321	0	0	0	0	22	635	22	21	1
5294	0	0	0	0	49	672	49	49	0
5333	0	0	0	0	10	558	10	10	0
5300	0	0	0	0	43	667	43	42	1
5338	0	0	0	0	5	564	5	5	0
5338	0	0	0	0	5	560	5	5	0
5334	0	0	0	0	9	579	9	9	0
5332	0	0	0	0	11	558	11	11	0
5335	0	0	0	0	8	588	8	8	0
5308	0	0	0	0	35	629	35	35	0
