5338	0	0	0	0	5	801	5	5	0
5335	0	0	0	0	8	801	8	8	0
5334	0	0	0	0	9	801	9	9	0
5329	0	0	0	0	14	800	14	14	0
5300	0	0	0	0	43	800	43	43	0
5022	0	0	0	0	321	800	321	321	0
5321	0	0	0	0	22	799	22	22	0
5124	0	0	0	0	219	801	219	219	0
5336	0	0	0	0	7	800	7	7	0
5301	0	0	0	0	42	799	42	42	0
5333	0	0	0	0	10	799	10	10	0
5308	0	0	0	0	35	800	35	35	0
5330	0	0	0	0	13	800	13	13	0
5201	0	0	0	0	142	801	142	142	0
5305	0	0	0	0	38	800	38	38	0
5067	0	0	0	0	276	800	276	276	0
5318	0	0	0	0	25	799	25	25	0
5329	0	0	0	0	14	800	14	14	0
5336	0	0	0	0	7	801	7	7	0
5289	0	0	0	0	54	801	54	54	0
5337	0	0	0	0	6	800	6	6	0
5030	0	0	0	0	313	799	313	313	0
5338	0	0	0	0	5	800	5	5	0
5313	0	0	0	0	30	801	30	30	0
5090	0	0	0	0	253	801	253	253	0
5337	0	0	0	0	6	800	6	6	0
5330	0	0	0	0	13	800	13	13	0
5243	0	0	0	0	100	801	100	100	0
5329	0	0	0	0	14	801	14	14	0
5326	0	0	0	0	17	799	17	17	0
5158	0	0	0	0	185	800	185	185	0
4966	0	0	0	0	377	800	377	377	0
5323	0	0	0	0	20	801	20	20	0
5334	0	0	0	0	9	801	9	9	0
5282	0	0	0	0	61	799	61	61	0
5220	0	0	0	0	123	801	123	123	0
5338	0	0	0	0	5	800	5	5	0
5338	0	0	0	0	5	800	5	5	0
5226	0	0	0	0	117	801	117	117	0
5203	0	0	0	0	140	801	140	140	0
5334	0	0	0	0	9	801	9	9	0
5338	0	0	0	0	5	800	5	5	0
5313	0	0	0	0	30	800	30	30	0
4976	0	0	0	0	367	801	367	367	0
5213	0	0	0	0	130	800	130	130	0
5262	0	0	0	0	81	799	81	81	0
5336	0	0	0	0	7	801	7	7	0
5228	0	0	0	0	115	801	115	115	0
5224	0	0	0	0	119	801	119	119	0
5248	0	0	0	0	95	798	95	95	0
5322	0	0	0	0	21	800	21	21	0
5271	0	0	0	0	72	800	72	72	0
5306	0	0	0	0	37	801	37	37	0
5338	0	0	0	0	5	801	5	5	0
5307	0	0	0	0	36	801	36	36	0
5016	0	0	0	0	327	801	327	327	0
5051	0	0	0	0	292	799	292	292	0
5213	0	0	0	0	130	800	130	130	0
5334	0	0	0	0	9	801	9	9	0
5311	0	0	0	0	32	801	32	32	0
5139	0	0	0	0	204	799	204	204	0
5327	0	0	0	0	16	800	16	16	0
5276	0	0	0	0	67	800	67	67	0
5311	0	0	0	0	32	799	32	32	0
5328	0	0	0	0	15	800	15	15	0
5336	0	0	0	0	7	800	7	7	0
5337	0	0	0	0	6	800	6	6	0
5316	0	0	0	0	27	800	27	27	0
4898	0	0	0	0	445	801	445	445	0
5314	0	0	0	0	29	800	29	29	0
5308	0	0	0	0	35	801	35	35	0
5333	0	0	0	0	10	800	10	10	0
5334	0	0	0	0	9	801	9	9	0
5338	0	0	0	0	5	801	5	5	0
5224	0	0	0	0	119	800	119	119	0
5316	0	0	0	0	27	800	27	27	0
5041	0	0	0	0	302	801	302	302	0
5031	0	0	0	0	312	800	312	312	0
5180	0	0	0	0	163	800	163	163	0
5263	0	0	0	0	80	801	80	80	0
5124	0	0	0	0	219	801	219	219	0
5261	0	0	0	0	82	801	82	82	0
5251	0	0	0	0	92	800	92	92	0
5321	0	0	0	0	22	801	22	22	0
5325	0	0	0	0	18	801	18	18	0
5032	0	0	0	0	311	800	311	311	0
5299	0	0	0	0	44	800	44	44	0
5338	0	0	0	0	5	801	5	5	0
5326	0	0	0	0	17	801	17	17	0
5333	0	0	0	0	10	801	10	10	0
5277	0	0	0	0	66	800	66	66	0
5324	0	0	0	0	19	801	19	19	0
4908	0	0	0	0	435	801	435	435	0
5335	0	0	0	0	8	800	8	8	0
5330	0	0	0	0	13	800	13	13	0
5335	0	0	0	0	8	801	8	8	0
5324	0	0	0	0	19	801	19	19	0
5335	0	0	0	0	8	801	8	8	0
5337	0	0	0	0	6	801	6	6	0
5282	0	0	0	0	61	801	61	61	0
5112	0	0	0	0	231	800	231	231	0
5119	0	0	0	0	224	801	224	224	0
5175	0	0	0	0	168	799	168	168	0
5026	0	0	0	0	317	800	317	317	0
5318	0	0	0	0	25	800	25	25	0
5333	0	0	0	0	10	799	10	10	0
5326	0	0	0	0	17	800	17	17	0
5289	0	0	0	0	54	801	54	54	0
4903	0	0	0	0	440	800	440	440	0
5243	0	0	0	0	100	801	100	100	0
5336	0	0	0	0	7	801	7	7	0
5038	0	0	0	0	305	801	305	305	0
5324	0	0	0	0	19	799	19	19	0
5239	0	0	0	0	104	800	104	104	0
5304	0	0	0	0	39	799	39	39	0
5242	0	0	0	0	101	800	101	101	0
5326	0	0	0	0	17	800	17	17	0
5231	0	0	0	0	112	801	112	112	0
4847	0	0	0	0	496	799	496	496	0
4991	0	0	0	0	352	801	352	352	0
5337	0	0	0	0	6	801	6	6	0
5284	0	0	0	0	59	800	59	59	0
5309	0	0	0	0	34	801	34	34	0
5242	0	0	0	0	101	799	101	101	0
4977	0	0	0	0	366	799	366	366	0
5337	0	0	0	0	6	800	6	6	0
5129	0	0	0	0	214	800	214	214	0
5330	0	0	0	0	13	800	13	13	0
5321	0	0	0	0	22	800	22	22	0
5337	0	0	0	0	6	801	6	6	0
5244	0	0	0	0	99	800	99	99	0
5043	0	0	0	0	300	801	300	300	0
5095	0	0	0	0	248	800	248	248	0
5338	0	0	0	0	5	800	5	5	0
5223	0	0	0	0	120	801	120	120	0
5221	0	0	0	0	122	799	122	122	0
5155	0	0	0	0	188	799	188	188	0
5332	0	0	0	0	11	801	11	11	0
5336	0	0	0	0	7	800	7	7	0
4997	0	0	0	0	346	801	346	346	0
5117	0	0	0	0	226	801	226	226	0
5031	0	0	0	0	312	800	312	312	0
5337	0	0	0	0	6	799	6	6	0
5335	0	0	0	0	8	801	8	8	0
5259	0	0	0	0	84	801	84	84	0
5318	0	0	0	0	25	801	25	25	0
4809	0	0	0	0	534	800	534	534	0
5205	0	0	0	0	138	799	138	138	0
5327	0	0	0	0	16	801	16	16	0
5077	0	0	0	0	266	799	266	266	0
5335	0	0	0	0	8	799	8	8	0
5312	0	0	0	0	31	799	31	31	0
5010	0	0	0	0	333	799	333	333	0
5330	0	0	0	0	13	801	13	13	0
5299	0	0	0	0	44	801	44	44	0
5183	0	0	0	0	160	799	160	160	0
5274	0	0	0	0	69	801	69	69	0
5178	0	0	0	0	165	801	165	165	0
5262	0	0	0	0	81	799	81	81	0
5321	0	0	0	0	22	800	22	22	0
5293	0	0	0	0	50	800	50	50	0
5286	0	0	0	0	57	799	57	57	0
4938	0	0	0	0	405	800	405	405	0
5087	0	0	0	0	256	800	256	256	0
5329	0	0	0	0	14	798	14	14	0
5300	0	0	0	0	43	800	43	43	0
5294	0	0	0	0	49	801	49	49	0
5338	0	0	0	0	5	800	5	5	0
5177	0	0	0	0	166	801	166	166	0
5319	0	0	0	0	24	799	24	24	0
5334	0	0	0	0	9	800	9	9	0
5086	0	0	0	0	257	800	257	257	0
4803	0	0	0	0	540	801	540	540	0
5306	0	0	0	0	37	800	37	37	0
5164	0	0	0	0	179	799	179	179	0
5053	0	0	0	0	290	801	290	290	0
5321	0	0	0	0	22	799	22	22	0
5316	0	0	0	0	27	800	27	27	0
5335	0	0	0	0	8	801	8	8	0
5294	0	0	0	0	49	801	49	49	0
5237	0	0	0	0	106	800	106	106	0
5214	0	0	0	0	129	800	129	129	0
5197	0	0	0	0	146	801	146	146	0
5060	0	0	0	0	283	800	283	283	0
5296	0	0	0	0	47	799	47	47	0
5327	0	0	0	0	16	801	16	16	0
5336	0	0	0	0	7	801	7	7	0
5325	0	0	0	0	18	801	18	18	0
5321	0	0	0	0	22	801	22	22	0
5224	0	0	0	0	119	800	119	119	0
5321	0	0	0	0	22	801	22	22	0
5336	0	0	0	0	7	799	7	7	0
5329	0	0	0	0	14	800	14	14	0
5213	0	0	0	0	130	799	130	130	0
4854	0	0	0	0	489	801	489	489	0
5177	0	0	0	0	166	801	166	166	0
5338	0	0	0	0	5	801	5	5	0
5240	0	0	0	0	103	800	103	103	0
5326	0	0	0	0	17	801	17	17	0
5266	0	0	0	0	77	801	77	77	0
5338	0	0	0	0	5	801	5	5	0
5338	0	0	0	0	5	800	5	5	0
5314	0	0	0	0	29	800	29	29	0
5034	0	0	0	0	309	801	309	309	0
5335	0	0	0	0	8	801	8	8	0
5172	0	0	0	0	171	800	171	171	0
5240	0	0	0	0	103	800	103	103	0
5098	0	0	0	0	245	800	245	245	0
5338	0	0	0	0	5	799	5	5	0
5326	0	0	0	0	17	800	17	17	0
5294	0	0	0	0	49	799	49	49	0
5336	0	0	0	0	7	800	7	7	0
5338	0	0	0	0	5	801	5	5	0
5317	0	0	0	0	26	801	26	26	0
5333	0	0	0	0	10	799	10	10	0
5317	0	0	0	0	26	801	26	26	0
5307	0	0	0	0	36	800	36	36	0
5330	0	0	0	0	13	799	13	13	0
5242	0	0	0	0	101	801	101	101	0
5323	0	0	0	0	20	801	20	20	0
5337	0	0	0	0	6	801	6	6	0
5058	0	0	0	0	285	800	285	285	0
5337	0	0	0	0	6	801	6	6	0
5336	0	0	0	0	7	800	7	7	0
5330	0	0	0	0	13	801	13	13	0
5180	0	0	0	0	163	801	163	163	0
4895	0	0	0	0	448	801	448	448	0
4945	0	0	0	0	398	801	398	398	0
5329	0	0	0	0	14	800	14	14	0
5314	0	0	0	0	29	799	29	29	0
5243	0	0	0	0	100	801	100	100	0
5322	0	0	0	0	21	801	21	21	0
5283	0	0	0	0	60	800	60	60	0
5243	0	0	0	0	100	800	100	100	0
5002	0	0	0	0	341	801	341	341	0
5241	0	0	0	0	102	799	102	102	0
5336	0	0	0	0	7	800	7	7	0
5056	0	0	0	0	287	800	287	287	0
5238	0	0	0	0	105	801	105	105	0
5216	0	0	0	0	127	799	127	127	0
5338	0	0	0	0	5	799	5	5	0
5272	0	0	0	0	71	801	71	71	0
5105	0	0	0	0	238	801	238	238	0
5236	0	0	0	0	107	800	107	107	0
5206	0	0	0	0	137	800	137	137	0
5038	0	0	0	0	305	801	305	305	0
5225	0	0	0	0	118	801	118	118	0
5234	0	0	0	0	109	801	109	109	0
5325	0	0	0	0	18	800	18	18	0
5337	0	0	0	0	6	799	6	6	0
5279	0	0	0	0	64	801	64	64	0
5217	0	0	0	0	126	801	126	126	0
5334	0	0	0	0	9	801	9	9	0
5239	0	0	0	0	104	800	104	104	0
5175	0	0	0	0	168	800	168	168	0
5331	0	0	0	0	12	801	12	12	0
5330	0	0	0	0	13	800	13	13	0
5255	0	0	0	0	88	800	88	88	0
5333	0	0	0	0	10	800	10	10	0
5220	0	0	0	0	123	800	123	123	0
5248	0	0	0	0	95	799	95	95	0
5117	0	0	0	0	226	799	226	226	0
5213	0	0	0	0	130	801	130	130	0
5229	0	0	0	0	114	799	114	114	0
5259	0	0	0	0	84	801	84	84	0
5322	0	0	0	0	21	801	21	21	0
5300	0	0	0	0	43	800	43	43	0
5224	0	0	0	0	119	799	119	119	0
5335	0	0	0	0	8	801	8	8	0
5151	0	0	0	0	192	800	192	192	0
5302	0	0	0	0	41	799	41	41	0
5273	0	0	0	0	70	801	70	70	0
5317	0	0	0	0	26	801	26	26	0
5081	0	0	0	0	262	800	262	262	0
5292	0	0	0	0	51	801	51	51	0
5179	0	0	0	0	164	800	164	164	0
5338	0	0	0	0	5	800	5	5	0
5338	0	0	0	0	5	801	5	5	0
5298	0	0	0	0	45	800	45	45	0
5338	0	0	0	0	5	800	5	5	0
4968	0	0	0	0	375	801	375	375	0
5334	0	0	0	0	9	801	9	9	0
5221	0	0	0	0	122	800	122	122	0
5286	0	0	0	0	57	800	57	57	0
5298	0	0	0	0	45	800	45	45	0
5106	0	0	0	0	237	801	237	237	0
5329	0	0	0	0	14	800	14	14	0
4890	0	0	0	0	453	800	453	453	0
5268	0	0	0	0	75	801	75	75	0
5100	0	0	0	0	243	799	243	243	0
5140	0	0	0	0	203	800	203	203	0
5336	0	0	0	0	7	800	7	7	0
5335	0	0	0	0	8	801	8	8	0
5338	0	0	0	0	5	800	5	5	0
5333	0	0	0	0	10	800	10	10	0
5331	0	0	0	0	12	801	12	12	0
4918	0	0	0	0	425	801	425	425	0
5232	0	0	0	0	111	799	111	111	0
5327	0	0	0	0	16	801	16	16	0
5283	0	0	0	0	60	800	60	60	0
5155	0	0	0	0	188	801	188	188	0
5243	0	0	0	0	100	800	100	100	0
5018	0	0	0	0	325	801	325	325	0
4534	0	0	0	0	809	801	809	809	0
5336	0	0	0	0	7	800	7	7	0
5260	0	0	0	0	83	801	83	83	0
5319	0	0	0	0	24	801	24	24	0
5315	0	0	0	0	28	800	28	28	0
5295	0	0	0	0	48	801	48	48	0
5228	0	0	0	0	115	800	115	115	0
5316	0	0	0	0	27	799	27	27	0
5338	0	0	0	0	5	801	5	5	0
5287	0	0	0	0	56	801	56	56	0
5330	0	0	0	0	13	799	13	13	0
5337	0	0	0	0	6	800	6	6	0
5338	0	0	0	0	5	799	5	5	0
5337	0	0	0	0	6	800	6	6	0
5322	0	0	0	0	21	799	21	21	0
5188	0	0	0	0	155	801	155	155	0
5001	0	0	0	0	342	800	342	342	0
5327	0	0	0	0	16	801	16	16	0
5331	0	0	0	0	12	800	12	12	0
5252	0	0	0	0	91	800	91	91	0
5275	0	0	0	0	68	800	68	68	0
5334	0	0	0	0	9	801	9	9	0
5331	0	0	0	0	12	800	12	12	0
5320	0	0	0	0	23	800	23	23	0
5152	0	0	0	0	191	801	191	191	0
5329	0	0	0	0	14	801	14	14	0
5320	0	0	0	0	23	801	23	23	0
5326	0	0	0	0	17	800	17	17	0
5336	0	0	0	0	7	798	7	7	0
5338	0	0	0	0	5	800	5	5	0
4595	0	0	0	0	748	800	748	748	0
5336	0	0	0	0	7	801	7	7	0
5187	0	0	0	0	156	801	156	156	0
4988	0	0	0	0	355	799	355	355	0
5225	0	0	0	0	118	801	118	118	0
5334	0	0	0	0	9	800	9	9	0
5336	0	0	0	0	7	801	7	7	0
4912	0	0	0	0	431	799	431	431	0
5152	0	0	0	0	191	801	191	191	0
5338	0	0	0	0	5	800	5	5	0
5267	0	0	0	0	76	800	76	76	0
5338	0	0	0	0	5	800	5	5	0
5328	0	0	0	0	15	800	15	15	0
5336	0	0	0	0	7	801	7	7	0
5336	0	0	0	0	7	801	7	7	0
5180	0	0	0	0	163	801	163	163	0
5292	0	0	0	0	51	798	51	51	0
5297	0	0	0	0	46	801	46	46	0
5333	0	0	0	0	10	800	10	10	0
5250	0	0	0	0	93	800	93	93	0
5273	0	0	0	0	70	801	70	70	0
5092	0	0	0	0	251	801	251	251	0
5230	0	0	0	0	113	801	113	113	0
5316	0	0	0	0	27	800	27	27	0
5327	0	0	0	0	16	799	16	16	0
5291	0	0	0	0	52	799	52	52	0
5050	0	0	0	0	293	799	293	293	0
5337	0	0	0	0	6	801	6	6	0
5044	0	0	0	0	299	799	299	299	0
5191	0	0	0	0	152	801	152	152	0
5323	0	0	0	0	20	800	20	20	0
4559	0	0	0	0	784	801	784	784	0
4953	0	0	0	0	390	801	390	390	0
5266	0	0	0	0	77	800	77	77	0
5324	0	0	0	0	19	800	19	19	0
5328	0	0	0	0	15	800	15	15	0
5327	0	0	0	0	16	799	16	16	0
5320	0	0	0	0	23	799	23	23	0
5154	0	0	0	0	189	801	189	189	0
5291	0	0	0	0	52	801	52	52	0
5332	0	0	0	0	11	801	11	11	0
5337	0	0	0	0	6	799	6	6	0
5176	0	0	0	0	167	801	167	167	0
5238	0	0	0	0	105	799	105	105	0
5310	0	0	0	0	33	799	33	33	0
5338	0	0	0	0	5	801	5	5	0
5337	0	0	0	0	6	800	6	6	0
5160	0	0	0	0	183	800	183	183	0
5202	0	0	0	0	141	800	141	141	0
5332	0	0	0	0	11	800	11	11	0
5329	0	0	0	0	14	799	14	14	0
5317	0	0	0	0	26	798	26	26	0
5217	0	0	0	0	126	801	126	126	0
5271	0	0	0	0	72	801	72	72	0
5337	0	0	0	0	6	799	6	6	0
5324	0	0	0	0	19	801	19	19	0
5205	0	0	0	0	138	801	138	138	0
5194	0	0	0	0	149	800	149	149	0
5338	0	0	0	0	5	800	5	5	0
5332	0	0	0	0	11	800	11	11	0
5305	0	0	0	0	38	799	38	38	0
5115	0	0	0	0	228	799	228	228	0
5334	0	0	0	0	9	801	9	9	0
4822	0	0	0	0	521	800	521	521	0
5306	0	0	0	0	37	800	37	37	0
5254	0	0	0	0	89	800	89	89	0
5282	0	0	0	0	61	800	61	61	0
5256	0	0	0	0	87	801	87	87	0
5321	0	0	0	0	22	801	22	22	0
5338	0	0	0	0	5	801	5	5	0
5338	0	0	0	0	5	800	5	5	0
5333	0	0	0	0	10	801	10	10	0
5336	0	0	0	0	7	800	7	7	0
5261	0	0	0	0	82	801	82	82	0
5338	0	0	0	0	5	800	5	5	0
5337	0	0	0	0	6	800	6	6	0
5334	0	0	0	0	9	800	9	9	0
5310	0	0	0	0	33	800	33	33	0
5337	0	0	0	0	6	801	6	6	0
5332	0	0	0	0	11	800	11	11	0
5327	0	0	0	0	16	801	16	16	0
5108	0	0	0	0	235	800	235	235	0
5327	0	0	0	0	16	799	16	16	0
5176	0	0	0	0	167	801	167	167	0
5168	0	0	0	0	175	800	175	175	0
4874	0	0	0	0	469	801	469	469	0
5332	0	0	0	0	11	799	11	11	0
5317	0	0	0	0	26	801	26	26	0
5310	0	0	0	0	33	800	33	33	0
5283	0	0	0	0	60	799	60	60	0
5329	0	0	0	0	14	801	14	14	0
5082	0	0	0	0	261	800	261	261	0
5087	0	0	0	0	256	801	256	256	0
5314	0	0	0	0	29	801	29	29	0
5109	0	0	0	0	234	801	234	234	0
5184	0	0	0	0	159	798	159	159	0
5277	0	0	0	0	66	800	66	66	0
5334	0	0	0	0	9	800	9	9	0
5330	0	0	0	0	13	799	13	13	0
5338	0	0	0	0	5	800	5	5	0
5138	0	0	0	0	205	801	205	205	0
5240	0	0	0	0	103	801	103	103	0
5255	0	0	0	0	88	800	88	88	0
5236	0	0	0	0	107	800	107	107	0
5302	0	0	0	0	41	800	41	41	0
5333	0	0	0	0	10	799	10	10	0
5182	0	0	0	0	161	800	161	161	0
5143	0	0	0	0	200	801	200	200	0
5308	0	0	0	0	35	800	35	35	0
5155	0	0	0	0	188	800	188	188	0
5314	0	0	0	0	29	800	29	29	0
5259	0	0	0	0	84	799	84	84	0
4944	0	0	0	0	399	800	399	399	0
5258	0	0	0	0	85	801	85	85	0
5198	0	0	0	0	145	799	145	145	0
5209	0	0	0	0	134	800	134	134	0
5305	0	0	0	0	38	800	38	38	0
5332	0	0	0	0	11	801	11	11	0
5338	0	0	0	0	5	799	5	5	0
5333	0	0	0	0	10	801	10	10	0
5324	0	0	0	0	19	800	19	19	0
5195	0	0	0	0	148	800	148	148	0
4889	0	0	0	0	454	801	454	454	0
5292	0	0	0	0	51	801	51	51	0
5304	0	0	0	0	39	801	39	39	0
5220	0	0	0	0	123	800	123	123	0
5134	0	0	0	0	209	801	209	209	0
4661	0	0	0	0	682	800	682	682	0
5323	0	0	0	0	20	800	20	20	0
5027	0	0	0	0	316	800	316	316	0
4921	0	0	0	0	422	801	422	422	0
5330	0	0	0	0	13	800	13	13	0
5321	0	0	0	0	22	800	22	22	0
5329	0	0	0	0	14	801	14	14	0
4995	0	0	0	0	348	799	348	348	0
4978	0	0	0	0	365	801	365	365	0
5314	0	0	0	0	29	801	29	29	0
5334	0	0	0	0	9	801	9	9	0
5337	0	0	0	0	6	799	6	6	0
5335	0	0	0	0	8	801	8	8	0
5336	0	0	0	0	7	799	7	7	0
5323	0	0	0	0	20	801	20	20	0
5210	0	0	0	0	133	800	133	133	0
5299	0	0	0	0	44	800	44	44	0
4901	0	0	0	0	442	800	442	442	0
5151	0	0	0	0	192	799	192	192	0
5334	0	0	0	0	9	801	9	9	0
5336	0	0	0	0	7	800	7	7	0
5218	0	0	0	0	125	801	125	125	0
5066	0	0	0	0	277	800	277	277	0
5337	0	0	0	0	6	800	6	6	0
5207	0	0	0	0	136	801	136	136	0
5146	0	0	0	0	197	800	197	197	0
5325	0	0	0	0	18	799	18	18	0
5258	0	0	0	0	85	800	85	85	0
5338	0	0	0	0	5	801	5	5	0
5121	0	0	0	0	222	801	222	222	0
5313	0	0	0	0	30	801	30	30	0
5231	0	0	0	0	112	800	112	112	0
5338	0	0	0	0	5	800	5	5	0
5235	0	0	0	0	108	800	108	108	0
5337	0	0	0	0	6	801	6	6	0
5337	0	0	0	0	6	801	6	6	0
5328	0	0	0	0	15	800	15	15	0
5330	0	0	0	0	13	798	13	13	0
5222	0	0	0	0	121	799	121	121	0
4954	0	0	0	0	389	799	389	389	0
