5338	0	0	0	0	5	1204	5	5	0
5337	0	0	0	0	6	1185	6	5	1
5336	0	0	0	0	7	1228	7	5	2
5337	0	0	0	0	6	1202	6	5	1
5331	0	0	0	0	12	1291	12	7	5
5335	0	0	0	0	8	1172	8	5	3
5335	0	0	0	0	8	1262	8	6	2
5325	0	0	0	0	18	1406	18	11	7
5336	0	0	0	0	7	1234	7	5	2
5334	0	0	0	0	9	1278	9	7	2
5333	0	0	0	0	10	1240	10	7	3
5334	0	0	0	0	9	1247	9	5	4
5335	0	0	0	0	8	1274	8	6	2
5334	0	0	0	0	9	1281	9	5	4
5333	0	0	0	0	10	1228	10	5	5
5330	0	0	0	0	13	1444	13	6	7
5335	0	0	0	0	8	1282	8	5	3
5333	0	0	0	0	10	1203	10	5	5
5337	0	0	0	0	6	1269	6	5	1
5330	0	0	0	0	13	1272	13	6	7
5337	0	0	0	0	6	1190	6	5	1
5333	0	0	0	0	10	1369	10	6	4
5337	0	0	0	0	6	1251	6	6	0
5332	0	0	0	0	11	1227	11	5	6
5334	0	0	0	0	9	1332	9	5	4
5337	0	0	0	0	6	1288	6	5	1
5333	0	0	0	0	10	1285	10	7	3
5328	0	0	0	0	15	1394	15	7	8
5336	0	0	0	0	7	1220	7	5	2
5337	0	0	0	0	6	1256	6	5	1
5332	0	0	0	0	11	1339	11	5	6
5337	0	0	0	0	6	1257	6	5	1
5334	0	0	0	0	9	1203	9	5	4
5335	0	0	0	0	8	1215	8	6	2
5331	0	0	0	0	12	1318	12	7	5
5336	0	0	0	0	7	1285	7	5	2
5338	0	0	0	0	5	1239	5	5	0
5338	0	0	0	0	5	1266	5	5	0
5327	0	0	0	0	16	1310	16	6	10
5334	0	0	0	0	9	1304	9	7	2
5337	0	0	0	0	6	1189	6	5	1
5338	0	0	0	0	5	1155	5	5	0
5330	0	0	0	0	13	1313	13	6	7
5333	0	0	0	0	10	1290	10	6	4
5336	0	0	0	0	7	1205	7	5	2
5334	0	0	0	0	9	1440	9	6	3
5329	0	0	0	0	14	1226	14	12	2
5334	0	0	0	0	9	1327	9	5	4
5327	0	0	0	0	16	1261	16	6	10
5323	0	0	0	0	20	1427	20	9	11
5332	0	0	0	0	11	1176	11	7	4
5329	0	0	0	0	14	1407	14	6	8
5336	0	0	0	0	7	1225	7	5	2
5338	0	0	0	0	5	1242	5	5	0
5332	0	0	0	0	11	1310	11	7	4
5332	0	0	0	0	11	1303	11	7	4
5330	0	0	0	0	13	1232	13	5	8
5330	0	0	0	0	13	1337	13	7	6
5333	0	0	0	0	10	1256	10	7	3
5333	0	0	0	0	10	1313	10	6	4
5328	0	0	0	0	15	1288	15	7	8
5335	0	0	0	0	8	1179	8	5	3
5335	0	0	0	0	8	1229	8	5	3
5332	0	0	0	0	11	1272	11	7	4
5335	0	0	0	0	8	1137	8	6	2
5336	0	0	0	0	7	1223	7	5	2
5337	0	0	0	0	6	1181	6	5	1
5332	0	0	0	0	11	1195	11	6	5
5330	0	0	0	0	13	1411	13	7	6
5331	0	0	0	0	12	1309	12	5	7
5336	0	0	0	0	7	1289	7	6	1
5336	0	0	0	0	7	1192	7	5	2
5336	0	0	0	0	7	1210	7	5	2
5338	0	0	0	0	5	1154	5	5	0
5336	0	0	0	0	7	1257	7	5	2
5332	0	0	0	0	11	1261	11	7	4
5332	0	0	0	0	11	1250	11	5	6
5335	0	0	0	0	8	1294	8	6	2
5332	0	0	0	0	11	1335	11	5	6
5330	0	0	0	0	13	1417	13	6	7
5335	0	0	0	0	8	1297	8	5	3
5335	0	0	0	0	8	1314	8	6	2
5329	0	0	0	0	14	1324	14	6	8
5337	0	0	0	0	6	1164	6	5	1
5337	0	0	0	0	6	1258	6	5	1
5332	0	0	0	0	11	1283	11	6	5
5334	0	0	0	0	9	1374	9	5	4
5338	0	0	0	0	5	1156	5	5	0
5335	0	0	0	0	8	1281	8	6	2
5334	0	0	0	0	9	1169	9	6	3
5334	0	0	0	0	9	1311	9	7	2
5337	0	0	0	0	6	1231	6	5	1
5336	0	0	0	0	7	1255	7	5	2
5337	0	0	0	0	6	1219	6	5	1
5332	0	0	0	0	11	1232	11	6	5
5337	0	0	0	0	6	1278	6	5	1
5334	0	0	0	0	9	1233	9	5	4
5334	0	0	0	0	9	1283	9	6	3
5337	0	0	0	0	6	1190	6	5	1
5331	0	0	0	0	12	1269	12	6	6
5332	0	0	0	0	11	1427	11	7	4
5336	0	0	0	0	7	1269	7	6	1
5332	0	0	0	0	11	1355	11	8	3
5333	0	0	0	0	10	1335	10	5	5
5331	0	0	0	0	12	1269	12	8	4
5335	0	0	0	0	8	1298	8	6	2
5331	0	0	0	0	12	1389	12	8	4
5334	0	0	0	0	9	1262	9	5	4
5333	0	0	0	0	10	1310	10	6	4
5331	0	0	0	0	12	1307	12	6	6
5338	0	0	0	0	5	1131	5	5	0
5331	0	0	0	0	12	1300	12	7	5
5336	0	0	0	0	7	1246	7	5	2
5336	0	0	0	0	7	1219	7	6	1
5330	0	0	0	0	13	1254	13	7	6
5334	0	0	0	0	9	1314	9	6	3
5335	0	0	0	0	8	1215	8	5	3
5333	0	0	0	0	10	1335	10	5	5
5333	0	0	0	0	10	1332	10	6	4
5331	0	0	0	0	12	1403	12	5	7
5336	0	0	0	0	7	1298	7	6	1
5326	0	0	0	0	17	1417	17	9	8
5326	0	0	0	0	17	1336	17	8	9
5330	0	0	0	0	13	1282	13	7	6
5334	0	0	0	0	9	1293	9	5	4
5337	0	0	0	0	6	1281	6	5	1
5327	0	0	0	0	16	1361	16	10	6
5336	0	0	0	0	7	1196	7	5	2
5331	0	0	0	0	12	1299	12	6	6
5337	0	0	0	0	6	1205	6	5	1
5331	0	0	0	0	12	1314	12	5	7
5331	0	0	0	0	12	1383	12	5	7
5335	0	0	0	0	8	1291	8	6	2
5338	0	0	0	0	5	1257	5	5	0
5324	0	0	0	0	19	1439	19	6	13
5333	0	0	0	0	10	1292	10	6	4
5335	0	0	0	0	8	1214	8	5	3
5332	0	0	0	0	11	1205	11	6	5
5337	0	0	0	0	6	1232	6	5	1
5332	0	0	0	0	11	1277	11	5	6
5334	0	0	0	0	9	1257	9	7	2
5333	0	0	0	0	10	1301	10	6	4
5338	0	0	0	0	5	1245	5	5	0
5336	0	0	0	0	7	1286	7	5	2
5323	0	0	0	0	20	1297	20	9	11
5328	0	0	0	0	15	1315	15	8	7
5333	0	0	0	0	10	1269	10	6	4
5329	0	0	0	0	14	1279	14	7	7
5331	0	0	0	0	12	1265	12	6	6
5333	0	0	0	0	10	1306	10	5	5
5338	0	0	0	0	5	1175	5	5	0
5332	0	0	0	0	11	1283	11	5	6
5330	0	0	0	0	13	1322	13	5	8
5336	0	0	0	0	7	1242	7	5	2
5335	0	0	0	0	8	1265	8	5	3
5331	0	0	0	0	12	1414	12	8	4
5333	0	0	0	0	10	1216	10	6	4
5334	0	0	0	0	9	1352	9	7	2
5332	0	0	0	0	11	1327	11	7	4
5332	0	0	0	0	11	1182	11	6	5
5336	0	0	0	0	7	1247	7	5	2
5335	0	0	0	0	8	1234	8	6	2
5334	0	0	0	0	9	1247	9	7	2
5335	0	0	0	0	8	1276	8	6	2
5330	0	0	0	0	13	1312	13	7	6
5335	0	0	0	0	8	1309	8	5	3
5329	0	0	0	0	14	1343	14	6	8
5337	0	0	0	0	6	1096	6	6	0
5337	0	0	0	0	6	1293	6	5	1
5330	0	0	0	0	13	1299	13	6	7
5331	0	0	0	0	12	1297	12	8	4
5336	0	0	0	0	7	1282	7	5	2
5331	0	0	0	0	12	1249	12	7	5
5329	0	0	0	0	14	1345	14	6	8
5335	0	0	0	0	8	1216	8	5	3
5337	0	0	0	0	6	1287	6	5	1
5336	0	0	0	0	7	1288	7	6	1
5336	0	0	0	0	7	1267	7	5	2
5336	0	0	0	0	7	1176	7	5	2
5328	0	0	0	0	15	1299	15	9	6
5334	0	0	0	0	9	1316	9	6	3
5331	0	0	0	0	12	1316	12	7	5
5328	0	0	0	0	15	1295	15	8	7
5334	0	0	0	0	9	1228	9	6	3
5330	0	0	0	0	13	1300	13	6	7
5336	0	0	0	0	7	1276	7	5	2
5336	0	0	0	0	7	1148	7	5	2
5335	0	0	0	0	8	1290	8	6	2
5334	0	0	0	0	9	1294	9	5	4
5329	0	0	0	0	14	1472	14	10	4
5333	0	0	0	0	10	1326	10	7	3
5335	0	0	0	0	8	1298	8	6	2
5337	0	0	0	0	6	1258	6	5	1
5329	0	0	0	0	14	1351	14	7	7
5335	0	0	0	0	8	1298	8	6	2
5323	0	0	0	0	20	1315	20	10	10
5338	0	0	0	0	5	1182	5	5	0
5330	0	0	0	0	13	1326	13	7	6
5332	0	0	0	0	11	1203	11	5	6
5333	0	0	0	0	10	1267	10	7	3
5337	0	0	0	0	6	1245	6	6	0
5338	0	0	0	0	5	1156	5	5	0
5335	0	0	0	0	8	1244	8	5	3
5327	0	0	0	0	16	1353	16	5	11
5337	0	0	0	0	6	1176	6	5	1
5329	0	0	0	0	14	1404	14	7	7
5330	0	0	0	0	13	1301	13	9	4
5331	0	0	0	0	12	1307	12	7	5
5338	0	0	0	0	5	1163	5	5	0
5333	0	0	0	0	10	1295	10	5	5
5333	0	0	0	0	10	1169	10	8	2
5335	0	0	0	0	8	1183	8	6	2
5338	0	0	0	0	5	1190	5	5	0
5333	0	0	0	0	10	1230	10	6	4
5335	0	0	0	0	8	1164	8	6	2
5335	0	0	0	0	8	1219	8	6	2
5337	0	0	0	0	6	1180	6	5	1
5334	0	0	0	0	9	1230	9	6	3
5331	0	0	0	0	12	1344	12	5	7
5335	0	0	0	0	8	1223	8	6	2
5336	0	0	0	0	7	1170	7	6	1
5332	0	0	0	0	11	1338	11	7	4
5337	0	0	0	0	6	1138	6	5	1
5336	0	0	0	0	7	1245	7	6	1
5336	0	0	0	0	7	1248	7	5	2
5334	0	0	0	0	9	1285	9	5	4
5332	0	0	0	0	11	1293	11	10	1
5328	0	0	0	0	15	1351	15	7	8
5332	0	0	0	0	11	1323	11	6	5
5333	0	0	0	0	10	1274	10	5	5
5331	0	0	0	0	12	1261	12	7	5
5328	0	0	0	0	15	1320	15	9	6
5337	0	0	0	0	6	1249	6	5	1
5334	0	0	0	0	9	1264	9	6	3
5337	0	0	0	0	6	1256	6	5	1
5335	0	0	0	0	8	1323	8	5	3
5336	0	0	0	0	7	1243	7	6	1
5324	0	0	0	0	19	1348	19	9	10
5331	0	0	0	0	12	1330	12	6	6
5333	0	0	0	0	10	1305	10	5	5
5338	0	0	0	0	5	1138	5	5	0
5336	0	0	0	0	7	1245	7	5	2
5334	0	0	0	0	9	1238	9	6	3
5331	0	0	0	0	12	1292	12	7	5
5337	0	0	0	0	6	1255	6	5	1
5333	0	0	0	0	10	1308	10	6	4
5334	0	0	0	0	9	1252	9	5	4
5334	0	0	0	0	9	1248	9	7	2
5332	0	0	0	0	11	1164	11	6	5
5337	0	0	0	0	6	1212	6	5	1
5323	0	0	0	0	20	1342	20	7	13
5337	0	0	0	0	6	1253	6	5	1
5333	0	0	0	0	10	1324	10	6	4
5331	0	0	0	0	12	1284	12	6	6
5326	0	0	0	0	17	1296	17	10	7
5331	0	0	0	0	12	1268	12	7	5
5336	0	0	0	0	7	1229	7	6	1
5328	0	0	0	0	15	1372	15	10	5
5337	0	0	0	0	6	1168	6	5	1
5332	0	0	0	0	11	1266	11	5	6
5333	0	0	0	0	10	1335	10	6	4
5335	0	0	0	0	8	1320	8	6	2
5333	0	0	0	0	10	1280	10	7	3
5330	0	0	0	0	13	1209	13	5	8
5333	0	0	0	0	10	1304	10	6	4
5335	0	0	0	0	8	1198	8	6	2
5329	0	0	0	0	14	1302	14	7	7
5330	0	0	0	0	13	1309	13	5	8
5337	0	0	0	0	6	1234	6	5	1
5335	0	0	0	0	8	1143	8	6	2
5332	0	0	0	0	11	1279	11	5	6
5326	0	0	0	0	17	1576	17	9	8
5337	0	0	0	0	6	1271	6	5	1
5329	0	0	0	0	14	1350	14	10	4
5328	0	0	0	0	15	1322	15	7	8
5336	0	0	0	0	7	1226	7	5	2
5337	0	0	0	0	6	1285	6	6	0
5338	0	0	0	0	5	1207	5	5	0
5331	0	0	0	0	12	1228	12	7	5
5338	0	0	0	0	5	1180	5	5	0
5327	0	0	0	0	16	1373	16	6	10
5335	0	0	0	0	8	1239	8	5	3
5327	0	0	0	0	16	1263	16	9	7
5334	0	0	0	0	9	1307	9	6	3
5330	0	0	0	0	13	1360	13	5	8
5328	0	0	0	0	15	1357	15	5	10
5335	0	0	0	0	8	1218	8	5	3
5332	0	0	0	0	11	1327	11	10	1
5332	0	0	0	0	11	1274	11	6	5
5327	0	0	0	0	16	1320	16	7	9
5337	0	0	0	0	6	1249	6	5	1
5336	0	0	0	0	7	1234	7	5	2
5337	0	0	0	0	6	1166	6	5	1
5338	0	0	0	0	5	1249	5	5	0
5334	0	0	0	0	9	1233	9	5	4
5337	0	0	0	0	6	1196	6	5	1
5332	0	0	0	0	11	1306	11	9	2
5326	0	0	0	0	17	1272	17	6	11
5336	0	0	0	0	7	1291	7	5	2
5334	0	0	0	0	9	1241	9	6	3
5334	0	0	0	0	9	1392	9	5	4
5330	0	0	0	0	13	1317	13	5	8
5330	0	0	0	0	13	1323	13	9	4
5333	0	0	0	0	10	1312	10	6	4
5337	0	0	0	0	6	1294	6	5	1
5334	0	0	0	0	9	1282	9	5	4
5335	0	0	0	0	8	1265	8	5	3
5338	0	0	0	0	5	1267	5	5	0
5333	0	0	0	0	10	1310	10	7	3
5332	0	0	0	0	11	1357	11	7	4
5334	0	0	0	0	9	1221	9	5	4
5338	0	0	0	0	5	1141	5	5	0
5335	0	0	0	0	8	1274	8	6	2
5334	0	0	0	0	9	1309	9	6	3
5336	0	0	0	0	7	1255	7	6	1
5337	0	0	0	0	6	1282	6	6	0
5337	0	0	0	0	6	1194	6	5	1
5335	0	0	0	0	8	1182	8	5	3
5328	0	0	0	0	15	1314	15	11	4
5331	0	0	0	0	12	1285	12	7	5
5333	0	0	0	0	10	1189	10	7	3
5332	0	0	0	0	11	1229	11	8	3
5333	0	0	0	0	10	1326	10	5	5
5327	0	0	0	0	16	1376	16	7	9
5334	0	0	0	0	9	1295	9	6	3
5332	0	0	0	0	11	1282	11	7	4
5335	0	0	0	0	8	1212	8	5	3
5336	0	0	0	0	7	1273	7	5	2
5336	0	0	0	0	7	1156	7	5	2
5333	0	0	0	0	10	1235	10	5	5
5337	0	0	0	0	6	1305	6	5	1
5336	0	0	0	0	7	1133	7	6	1
5338	0	0	0	0	5	1151	5	5	0
5332	0	0	0	0	11	1396	11	6	5
5338	0	0	0	0	5	1179	5	5	0
5335	0	0	0	0	8	1257	8	6	2
5334	0	0	0	0	9	1368	9	5	4
5337	0	0	0	0	6	1236	6	5	1
5334	0	0	0	0	9	1270	9	6	3
5336	0	0	0	0	7	1213	7	5	2
5335	0	0	0	0	8	1260	8	5	3
5328	0	0	0	0	15	1340	15	6	9
5338	0	0	0	0	5	1199	5	5	0
5326	0	0	0	0	17	1242	17	9	8
5338	0	0	0	0	5	1192	5	5	0
5335	0	0	0	0	8	1294	8	5	3
5337	0	0	0	0	6	1152	6	6	0
5336	0	0	0	0	7	1336	7	5	2
5326	0	0	0	0	17	1396	17	9	8
5332	0	0	0	0	11	1280	11	6	5
5331	0	0	0	0	12	1383	12	7	5
5333	0	0	0	0	10	1285	10	5	5
5335	0	0	0	0	8	1282	8	5	3
5333	0	0	0	0	10	1253	10	5	5
5332	0	0	0	0	11	1306	11	5	6
5331	0	0	0	0	12	1265	12	8	4
5336	0	0	0	0	7	1276	7	5	2
5330	0	0	0	0	13	1177	13	7	6
5336	0	0	0	0	7	1261	7	5	2
5328	0	0	0	0	15	1301	15	8	7
5337	0	0	0	0	6	1187	6	5	1
5331	0	0	0	0	12	1301	12	5	7
5334	0	0	0	0	9	1233	9	5	4
5334	0	0	0	0	9	1250	9	6	3
5331	0	0	0	0	12	1301	12	7	5
5334	0	0	0	0	9	1277	9	5	4
5330	0	0	0	0	13	1319	13	8	5
5332	0	0	0	0	11	1334	11	5	6
5329	0	0	0	0	14	1331	14	8	6
5336	0	0	0	0	7	1220	7	5	2
5330	0	0	0	0	13	1433	13	8	5
5331	0	0	0	0	12	1397	12	6	6
5330	0	0	0	0	13	1313	13	8	5
5330	0	0	0	0	13	1291	13	9	4
5334	0	0	0	0	9	1301	9	7	2
5330	0	0	0	0	13	1430	13	8	5
5333	0	0	0	0	10	1252	10	7	3
5333	0	0	0	0	10	1335	10	7	3
5338	0	0	0	0	5	1129	5	5	0
5337	0	0	0	0	6	1187	6	5	1
5335	0	0	0	0	8	1258	8	6	2
5331	0	0	0	0	12	1331	12	7	5
5335	0	0	0	0	8	1211	8	5	3
5336	0	0	0	0	7	1144	7	5	2
5329	0	0	0	0	14	1301	14	6	8
5332	0	0	0	0	11	1255	11	6	5
5333	0	0	0	0	10	1273	10	6	4
5337	0	0	0	0	6	1187	6	5	1
5337	0	0	0	0	6	1177	6	5	1
5333	0	0	0	0	10	1285	10	6	4
5332	0	0	0	0	11	1342	11	6	5
5338	0	0	0	0	5	1148	5	5	0
5334	0	0	0	0	9	1189	9	5	4
5324	0	0	0	0	19	1634	19	9	10
5328	0	0	0	0	15	1279	15	8	7
5336	0	0	0	0	7	1218	7	5	2
5336	0	0	0	0	7	1277	7	5	2
5334	0	0	0	0	9	1265	9	5	4
5330	0	0	0	0	13	1312	13	7	6
5330	0	0	0	0	13	1317	13	6	7
5336	0	0	0	0	7	1276	7	5	2
5334	0	0	0	0	9	1335	9	6	3
5338	0	0	0	0	5	1137	5	5	0
5338	0	0	0	0	5	1084	5	5	0
5334	0	0	0	0	9	1288	9	7	2
5335	0	0	0	0	8	1177	8	6	2
5333	0	0	0	0	10	1269	10	5	5
5338	0	0	0	0	5	1210	5	5	0
5338	0	0	0	0	5	1212	5	5	0
5335	0	0	0	0	8	1173	8	5	3
5334	0	0	0	0	9	1267	9	6	3
5337	0	0	0	0	6	1108	6	5	1
5337	0	0	0	0	6	1248	6	5	1
5328	0	0	0	0	15	1336	15	8	7
5333	0	0	0	0	10	1214	10	5	5
5338	0	0	0	0	5	1202	5	5	0
5332	0	0	0	0	11	1353	11	6	5
5327	0	0	0	0	16	1367	16	8	8
5333	0	0	0	0	10	1327	10	7	3
5333	0	0	0	0	10	1233	10	5	5
5330	0	0	0	0	13	1232	13	7	6
5335	0	0	0	0	8	1252	8	5	3
5329	0	0	0	0	14	1304	14	7	7
5336	0	0	0	0	7	1279	7	5	2
5329	0	0	0	0	14	1315	14	7	7
5331	0	0	0	0	12	1354	12	5	7
5335	0	0	0	0	8	1264	8	5	3
5332	0	0	0	0	11	1324	11	8	3
5333	0	0	0	0	10	1316	10	5	5
5337	0	0	0	0	6	1257	6	5	1
5335	0	0	0	0	8	1339	8	7	1
5333	0	0	0	0	10	1147	10	8	2
5338	0	0	0	0	5	1232	5	5	0
5331	0	0	0	0	12	1364	12	7	5
5329	0	0	0	0	14	1263	14	6	8
5330	0	0	0	0	13	1281	13	5	8
5335	0	0	0	0	8	1222	8	5	3
5336	0	0	0	0	7	1294	7	5	2
5334	0	0	0	0	9	1196	9	7	2
5332	0	0	0	0	11	1171	11	7	4
5332	0	0	0	0	11	1267	11	5	6
5332	0	0	0	0	11	1280	11	6	5
5332	0	0	0	0	11	1326	11	9	2
5333	0	0	0	0	10	1215	10	6	4
5334	0	0	0	0	9	1263	9	5	4
5336	0	0	0	0	7	1344	7	5	2
5335	0	0	0	0	8	1159	8	5	3
5332	0	0	0	0	11	1300	11	7	4
5330	0	0	0	0	13	1420	13	7	6
5335	0	0	0	0	8	1221	8	5	3
5337	0	0	0	0	6	1213	6	5	1
5338	0	0	0	0	5	1228	5	5	0
5335	0	0	0	0	8	1242	8	5	3
5335	0	0	0	0	8	1171	8	5	3
5336	0	0	0	0	7	1290	7	5	2
5324	0	0	0	0	19	1388	19	7	12
5332	0	0	0	0	11	1226	11	6	5
5334	0	0	0	0	9	1230	9	7	2
5329	0	0	0	0	14	1294	14	8	6
5330	0	0	0	0	13	1341	13	9	4
5332	0	0	0	0	11	1335	11	8	3
5335	0	0	0	0	8	1203	8	6	2
5325	0	0	0	0	18	1383	18	10	8
5332	0	0	0	0	11	1302	11	5	6
5334	0	0	0	0	9	1280	9	5	4
5329	0	0	0	0	14	1332	14	9	5
5336	0	0	0	0	7	1170	7	7	0
5332	0	0	0	0	11	1294	11	6	5
5333	0	0	0	0	10	1330	10	5	5
5332	0	0	0	0	11	1272	11	7	4
5336	0	0	0	0	7	1159	7	5	2
5336	0	0	0	0	7	1154	7	6	1
5336	0	0	0	0	7	1234	7	5	2
5336	0	0	0	0	7	1180	7	5	2
5335	0	0	0	0	8	1242	8	6	2
5330	0	0	0	0	13	1262	13	6	7
5337	0	0	0	0	6	1198	6	5	1
5331	0	0	0	0	12	1308	12	8	4
5335	0	0	0	0	8	1327	8	5	3
5334	0	0	0	0	9	1321	9	5	4
5336	0	0	0	0	7	1275	7	5	2
5334	0	0	0	0	9	1238	9	5	4
5335	0	0	0	0	8	1294	8	5	3
5335	0	0	0	0	8	1257	8	7	1
5335	0	0	0	0	8	1257	8	5	3
5327	0	0	0	0	16	1255	16	5	11
5337	0	0	0	0	6	1256	6	5	1
5331	0	0	0	0	12	1344	12	7	5
5338	0	0	0	0	5	1244	5	5	0
5334	0	0	0	0	9	1291	9	5	4
5332	0	0	0	0	11	1239	11	5	6
5333	0	0	0	0	10	1316	10	6	4
5338	0	0	0	0	5	1148	5	5	0
5334	0	0	0	0	9	1287	9	7	2
5336	0	0	0	0	7	1260	7	6	1
5337	0	0	0	0	6	1173	6	5	1
5331	0	0	0	0	12	1433	12	8	4
5335	0	0	0	0	8	1168	8	5	3
5334	0	0	0	0	9	1265	9	5	4
5335	0	0	0	0	8	1319	8	6	2
