5338	0	0	0	0	5	1869	5	5	0
5337	0	0	0	0	6	1868	6	6	0
5335	0	0	0	0	8	1869	8	8	0
5333	0	0	0	0	10	1870	10	10	0
5334	0	0	0	0	9	1868	9	9	0
5338	0	0	0	0	5	1870	5	5	0
5307	0	0	0	0	36	1878	36	35	1
5264	0	0	0	0	79	1893	79	73	6
5336	0	0	0	0	7	1869	7	7	0
5305	0	0	0	0	38	1881	38	36	2
5335	0	0	0	0	8	1868	8	8	0
5338	0	0	0	0	5	1870	5	5	0
5330	0	0	0	0	13	1870	13	12	1
5308	0	0	0	0	35	1872	35	33	2
5335	0	0	0	0	8	1870	8	8	0
5329	0	0	0	0	14	1868	14	14	0
5314	0	0	0	0	29	1875	29	26	3
5337	0	0	0	0	6	1870	6	6	0
5315	0	0	0	0	28	1874	28	28	0
5311	0	0	0	0	32	1874	32	30	2
5338	0	0	0	0	5	1870	5	5	0
5231	0	0	0	0	112	1894	112	109	3
5327	0	0	0	0	16	1871	16	15	1
5334	0	0	0	0	9	1870	9	8	1
5332	0	0	0	0	11	1871	11	10	1
5337	0	0	0	0	6	1868	6	6	0
5241	0	0	0	0	102	1897	102	94	8
5331	0	0	0	0	12	1871	12	11	1
5333	0	0	0	0	10	1870	10	9	1
5334	0	0	0	0	9	1872	9	9	0
5260	0	0	0	0	83	1888	83	73	10
5285	0	0	0	0	58	1880	58	53	5
5328	0	0	0	0	15	1871	15	13	2
5320	0	0	0	0	23	1867	23	23	0
5317	0	0	0	0	26	1877	26	25	1
5324	0	0	0	0	19	1876	19	17	2
5338	0	0	0	0	5	1870	5	5	0
5338	0	0	0	0	5	1867	5	5	0
5287	0	0	0	0	56	1875	56	52	4
5320	0	0	0	0	23	1879	23	21	2
5337	0	0	0	0	6	1867	6	6	0
5338	0	0	0	0	5	1868	5	5	0
5332	0	0	0	0	11	1869	11	11	0
5336	0	0	0	0	7	1870	7	7	0
5334	0	0	0	0	9	1871	9	8	1
5322	0	0	0	0	21	1870	21	21	0
5335	0	0	0	0	8	1869	8	8	0
5332	0	0	0	0	11	1869	11	11	0
5310	0	0	0	0	33	1877	33	30	3
5313	0	0	0	0	30	1878	30	30	0
5329	0	0	0	0	14	1867	14	14	0
5328	0	0	0	0	15	1871	15	15	0
5327	0	0	0	0	16	1871	16	15	1
5338	0	0	0	0	5	1869	5	5	0
5326	0	0	0	0	17	1871	17	15	2
5311	0	0	0	0	32	1873	32	31	1
5274	0	0	0	0	69	1878	69	65	4
5317	0	0	0	0	26	1877	26	24	2
5334	0	0	0	0	9	1872	9	8	1
5331	0	0	0	0	12	1870	12	12	0
5262	0	0	0	0	81	1882	81	79	2
5338	0	0	0	0	5	1868	5	5	0
5297	0	0	0	0	46	1881	46	42	4
5330	0	0	0	0	13	1872	13	13	0
5336	0	0	0	0	7	1868	7	7	0
5337	0	0	0	0	6	1866	6	6	0
5331	0	0	0	0	12	1869	12	12	0
5328	0	0	0	0	15	1871	15	15	0
5297	0	0	0	0	46	1874	46	43	3
5332	0	0	0	0	11	1870	11	11	0
5322	0	0	0	0	21	1871	21	20	1
5337	0	0	0	0	6	1869	6	5	1
5337	0	0	0	0	6	1867	6	6	0
5338	0	0	0	0	5	1871	5	5	0
5335	0	0	0	0	8	1873	8	7	1
5295	0	0	0	0	48	1878	48	45	3
5319	0	0	0	0	24	1872	24	22	2
5337	0	0	0	0	6	1868	6	6	0
5324	0	0	0	0	19	1871	19	18	1
5316	0	0	0	0	27	1872	27	26	1
5332	0	0	0	0	11	1870	11	11	0
5301	0	0	0	0	42	1878	42	40	2
5293	0	0	0	0	50	1877	50	49	1
5336	0	0	0	0	7	1868	7	7	0
5338	0	0	0	0	5	1867	5	5	0
5325	0	0	0	0	18	1874	18	16	2
5325	0	0	0	0	18	1870	18	17	1
5338	0	0	0	0	5	1868	5	5	0
5333	0	0	0	0	10	1867	10	9	1
5333	0	0	0	0	10	1869	10	10	0
5329	0	0	0	0	14	1870	14	13	1
5336	0	0	0	0	7	1870	7	7	0
5337	0	0	0	0	6	1870	6	6	0
5335	0	0	0	0	8	1869	8	8	0
5333	0	0	0	0	10	1869	10	9	1
5338	0	0	0	0	5	1866	5	5	0
5327	0	0	0	0	16	1866	16	16	0
5335	0	0	0	0	8	1869	8	8	0
5337	0	0	0	0	6	1870	6	6	0
5329	0	0	0	0	14	1870	14	14	0
5311	0	0	0	0	32	1875	32	30	2
5300	0	0	0	0	43	1873	43	43	0
5322	0	0	0	0	21	1875	21	20	1
5333	0	0	0	0	10	1872	10	10	0
5316	0	0	0	0	27	1876	27	24	3
5313	0	0	0	0	30	1874	30	29	1
5330	0	0	0	0	13	1871	13	12	1
5333	0	0	0	0	10	1871	10	10	0
5332	0	0	0	0	11	1874	11	9	2
5318	0	0	0	0	25	1871	25	24	1
5336	0	0	0	0	7	1868	7	7	0
5331	0	0	0	0	12	1872	12	11	1
5333	0	0	0	0	10	1871	10	10	0
5285	0	0	0	0	58	1880	58	55	3
5321	0	0	0	0	22	1872	22	20	2
5321	0	0	0	0	22	1876	22	21	1
5338	0	0	0	0	5	1868	5	5	0
5338	0	0	0	0	5	1867	5	5	0
5271	0	0	0	0	72	1886	72	68	4
5297	0	0	0	0	46	1883	46	41	5
5337	0	0	0	0	6	1869	6	6	0
5320	0	0	0	0	23	1874	23	21	2
5317	0	0	0	0	26	1871	26	25	1
5325	0	0	0	0	18	1871	18	17	1
5298	0	0	0	0	45	1877	45	41	4
5337	0	0	0	0	6	1871	6	5	1
5308	0	0	0	0	35	1873	35	33	2
5338	0	0	0	0	5	1869	5	5	0
5335	0	0	0	0	8	1869	8	8	0
5337	0	0	0	0	6	1870	6	6	0
5312	0	0	0	0	31	1879	31	27	4
5296	0	0	0	0	47	1876	47	43	4
5271	0	0	0	0	72	1883	72	66	6
5338	0	0	0	0	5	1868	5	5	0
5328	0	0	0	0	15	1870	15	15	0
5304	0	0	0	0	39	1879	39	34	5
5302	0	0	0	0	41	1875	41	40	1
5336	0	0	0	0	7	1869	7	7	0
5335	0	0	0	0	8	1871	8	8	0
5307	0	0	0	0	36	1876	36	33	3
5297	0	0	0	0	46	1879	46	45	1
5245	0	0	0	0	98	1898	98	91	7
5337	0	0	0	0	6	1869	6	6	0
5336	0	0	0	0	7	1869	7	7	0
5315	0	0	0	0	28	1875	28	27	1
5321	0	0	0	0	22	1872	22	20	2
5293	0	0	0	0	50	1884	50	46	4
5311	0	0	0	0	32	1872	32	32	0
5335	0	0	0	0	8	1868	8	7	1
5337	0	0	0	0	6	1868	6	6	0
5336	0	0	0	0	7	1871	7	7	0
5311	0	0	0	0	32	1878	32	31	1
5291	0	0	0	0	52	1879	52	51	1
5337	0	0	0	0	6	1867	6	6	0
5312	0	0	0	0	31	1872	31	31	0
5315	0	0	0	0	28	1877	28	26	2
5302	0	0	0	0	41	1877	41	39	2
5317	0	0	0	0	26	1870	26	25	1
5325	0	0	0	0	18	1872	18	16	2
5325	0	0	0	0	18	1871	18	17	1
5315	0	0	0	0	28	1874	28	28	0
5311	0	0	0	0	32	1877	32	29	3
5336	0	0	0	0	7	1867	7	7	0
5303	0	0	0	0	40	1875	40	39	1
5330	0	0	0	0	13	1869	13	13	0
5324	0	0	0	0	19	1872	19	18	1
5331	0	0	0	0	12	1870	12	12	0
5337	0	0	0	0	6	1868	6	6	0
5337	0	0	0	0	6	1869	6	6	0
5325	0	0	0	0	18	1874	18	16	2
5336	0	0	0	0	7	1869	7	7	0
5337	0	0	0	0	6	1870	6	6	0
5280	0	0	0	0	63	1881	63	60	3
5331	0	0	0	0	12	1869	12	11	1
5337	0	0	0	0	6	1870	6	6	0
5323	0	0	0	0	20	1875	20	17	3
5329	0	0	0	0	14	1874	14	13	1
5325	0	0	0	0	18	1866	18	18	0
5337	0	0	0	0	6	1868	6	6	0
5318	0	0	0	0	25	1875	25	23	2
5332	0	0	0	0	11	1870	11	11	0
5280	0	0	0	0	63	1883	63	58	5
5282	0	0	0	0	61	1885	61	56	5
5335	0	0	0	0	8	1868	8	8	0
5316	0	0	0	0	27	1876	27	25	2
5337	0	0	0	0	6	1868	6	6	0
5337	0	0	0	0	6	1867	6	6	0
5322	0	0	0	0	21	1873	21	21	0
5328	0	0	0	0	15	1874	15	14	1
5334	0	0	0	0	9	1870	9	9	0
5327	0	0	0	0	16	1870	16	16	0
5335	0	0	0	0	8	1870	8	8	0
5335	0	0	0	0	8	1869	8	8	0
5330	0	0	0	0	13	1871	13	13	0
5315	0	0	0	0	28	1875	28	28	0
5268	0	0	0	0	75	1883	75	71	4
5338	0	0	0	0	5	1869	5	5	0
5333	0	0	0	0	10	1869	10	10	0
5327	0	0	0	0	16	1876	16	15	1
5330	0	0	0	0	13	1871	13	13	0
5337	0	0	0	0	6	1868	6	6	0
5338	0	0	0	0	5	1866	5	5	0
5329	0	0	0	0	14	1875	14	13	1
5295	0	0	0	0	48	1874	48	46	2
5337	0	0	0	0	6	1870	6	6	0
5316	0	0	0	0	27	1876	27	25	2
5325	0	0	0	0	18	1874	18	17	1
5325	0	0	0	0	18	1875	18	17	1
5338	0	0	0	0	5	1868	5	5	0
5317	0	0	0	0	26	1874	26	26	0
5304	0	0	0	0	39	1873	39	38	1
5337	0	0	0	0	6	1870	6	6	0
5333	0	0	0	0	10	1870	10	9	1
5333	0	0	0	0	10	1870	10	10	0
5329	0	0	0	0	14	1873	14	13	1
5330	0	0	0	0	13	1869	13	12	1
5325	0	0	0	0	18	1873	18	17	1
5335	0	0	0	0	8	1869	8	8	0
5328	0	0	0	0	15	1869	15	14	1
5330	0	0	0	0	13	1869	13	13	0
5336	0	0	0	0	7	1868	7	7	0
5293	0	0	0	0	50	1885	50	47	3
5338	0	0	0	0	5	1868	5	5	0
5336	0	0	0	0	7	1867	7	7	0
5337	0	0	0	0	6	1869	6	6	0
5320	0	0	0	0	23	1874	23	22	1
5284	0	0	0	0	59	1882	59	56	3
5307	0	0	0	0	36	1876	36	35	1
5334	0	0	0	0	9	1872	9	9	0
5333	0	0	0	0	10	1870	10	9	1
5331	0	0	0	0	12	1870	12	11	1
5329	0	0	0	0	14	1868	14	14	0
5338	0	0	0	0	5	1869	5	5	0
5323	0	0	0	0	20	1875	20	17	3
5236	0	0	0	0	107	1889	107	103	4
5330	0	0	0	0	13	1871	13	12	1
5331	0	0	0	0	12	1872	12	11	1
5291	0	0	0	0	52	1879	52	46	6
5309	0	0	0	0	34	1872	34	34	0
5337	0	0	0	0	6	1871	6	5	1
5338	0	0	0	0	5	1868	5	5	0
5313	0	0	0	0	30	1872	30	30	0
5332	0	0	0	0	11	1874	11	11	0
5283	0	0	0	0	60	1881	60	56	4
5321	0	0	0	0	22	1868	22	22	0
5336	0	0	0	0	7	1871	7	7	0
5334	0	0	0	0	9	1869	9	9	0
5272	0	0	0	0	71	1878	71	68	3
5332	0	0	0	0	11	1869	11	10	1
5337	0	0	0	0	6	1869	6	6	0
5303	0	0	0	0	40	1874	40	38	2
5331	0	0	0	0	12	1871	12	12	0
5335	0	0	0	0	8	1872	8	7	1
5239	0	0	0	0	104	1894	104	93	11
5299	0	0	0	0	44	1874	44	40	4
5332	0	0	0	0	11	1871	11	11	0
5323	0	0	0	0	20	1868	20	20	0
5320	0	0	0	0	23	1871	23	21	2
5338	0	0	0	0	5	1868	5	5	0
5293	0	0	0	0	50	1879	50	47	3
5333	0	0	0	0	10	1873	10	10	0
5323	0	0	0	0	20	1874	20	20	0
5337	0	0	0	0	6	1869	6	5	1
5338	0	0	0	0	5	1867	5	5	0
5329	0	0	0	0	14	1871	14	14	0
5337	0	0	0	0	6	1869	6	6	0
5329	0	0	0	0	14	1868	14	12	2
5317	0	0	0	0	26	1875	26	24	2
5338	0	0	0	0	5	1868	5	5	0
5320	0	0	0	0	23	1871	23	21	2
5317	0	0	0	0	26	1873	26	25	1
5321	0	0	0	0	22	1875	22	22	0
5335	0	0	0	0	8	1869	8	8	0
5304	0	0	0	0	39	1881	39	33	6
5338	0	0	0	0	5	1867	5	5	0
5338	0	0	0	0	5	1868	5	5	0
5332	0	0	0	0	11	1870	11	11	0
5338	0	0	0	0	5	1868	5	5	0
5332	0	0	0	0	11	1870	11	11	0
5335	0	0	0	0	8	1869	8	8	0
5302	0	0	0	0	41	1882	41	38	3
5337	0	0	0	0	6	1870	6	5	1
5272	0	0	0	0	71	1881	71	68	3
5329	0	0	0	0	14	1871	14	13	1
5329	0	0	0	0	14	1872	14	14	0
5315	0	0	0	0	28	1876	28	26	2
5329	0	0	0	0	14	1870	14	14	0
5281	0	0	0	0	62	1878	62	58	4
5309	0	0	0	0	34	1875	34	32	2
5284	0	0	0	0	59	1879	59	55	4
5335	0	0	0	0	8	1871	8	8	0
5337	0	0	0	0	6	1868	6	6	0
5335	0	0	0	0	8	1868	8	8	0
5338	0	0	0	0	5	1869	5	5	0
5338	0	0	0	0	5	1867	5	5	0
5338	0	0	0	0	5	1869	5	5	0
5284	0	0	0	0	59	1887	59	52	7
5304	0	0	0	0	39	1876	39	35	4
5332	0	0	0	0	11	1872	11	11	0
5323	0	0	0	0	20	1873	20	20	0
5318	0	0	0	0	25	1871	25	24	1
5327	0	0	0	0	16	1867	16	16	0
5336	0	0	0	0	7	1868	7	7	0
5299	0	0	0	0	44	1880	44	42	2
5337	0	0	0	0	6	1870	6	5	1
5281	0	0	0	0	62	1889	62	55	7
5318	0	0	0	0	25	1879	25	24	1
5316	0	0	0	0	27	1877	27	26	1
5285	0	0	0	0	58	1877	58	56	2
5333	0	0	0	0	10	1871	10	9	1
5293	0	0	0	0	50	1881	50	46	4
5338	0	0	0	0	5	1868	5	5	0
5333	0	0	0	0	10	1869	10	10	0
5332	0	0	0	0	11	1869	11	10	1
5336	0	0	0	0	7	1869	7	7	0
5337	0	0	0	0	6	1869	6	6	0
5336	0	0	0	0	7	1869	7	7	0
5334	0	0	0	0	9	1869	9	9	0
5234	0	0	0	0	109	1903	109	100	9
5323	0	0	0	0	20	1871	20	20	0
5334	0	0	0	0	9	1868	9	9	0
5329	0	0	0	0	14	1871	14	13	1
5334	0	0	0	0	9	1869	9	9	0
5314	0	0	0	0	29	1875	29	29	0
5334	0	0	0	0	9	1871	9	9	0
5332	0	0	0	0	11	1872	11	9	2
5333	0	0	0	0	10	1871	10	9	1
5337	0	0	0	0	6	1868	6	6	0
5333	0	0	0	0	10	1867	10	10	0
5336	0	0	0	0	7	1869	7	7	0
5335	0	0	0	0	8	1869	8	8	0
5336	0	0	0	0	7	1870	7	7	0
5338	0	0	0	0	5	1871	5	5	0
5333	0	0	0	0	10	1872	10	9	1
5336	0	0	0	0	7	1868	7	7	0
5337	0	0	0	0	6	1869	6	6	0
5323	0	0	0	0	20	1872	20	20	0
5232	0	0	0	0	111	1898	111	107	4
5324	0	0	0	0	19	1874	19	19	0
5337	0	0	0	0	6	1868	6	6	0
5327	0	0	0	0	16	1869	16	16	0
5323	0	0	0	0	20	1871	20	19	1
5338	0	0	0	0	5	1867	5	5	0
5292	0	0	0	0	51	1885	51	46	5
5338	0	0	0	0	5	1869	5	5	0
5334	0	0	0	0	9	1867	9	9	0
5333	0	0	0	0	10	1870	10	10	0
5337	0	0	0	0	6	1869	6	6	0
5326	0	0	0	0	17	1871	17	16	1
5281	0	0	0	0	62	1883	62	59	3
5321	0	0	0	0	22	1872	22	21	1
5337	0	0	0	0	6	1869	6	6	0
5334	0	0	0	0	9	1868	9	9	0
5326	0	0	0	0	17	1871	17	16	1
5294	0	0	0	0	49	1877	49	47	2
5290	0	0	0	0	53	1875	53	52	1
5334	0	0	0	0	9	1869	9	9	0
5329	0	0	0	0	14	1871	14	13	1
5324	0	0	0	0	19	1875	19	18	1
5315	0	0	0	0	28	1871	28	28	0
5338	0	0	0	0	5	1868	5	5	0
5327	0	0	0	0	16	1871	16	15	1
5263	0	0	0	0	80	1885	80	77	3
5335	0	0	0	0	8	1870	8	8	0
5330	0	0	0	0	13	1870	13	12	1
5334	0	0	0	0	9	1868	9	9	0
5258	0	0	0	0	85	1886	85	81	4
5333	0	0	0	0	10	1873	10	9	1
5337	0	0	0	0	6	1868	6	6	0
5336	0	0	0	0	7	1870	7	7	0
5313	0	0	0	0	30	1876	30	28	2
5308	0	0	0	0	35	1875	35	32	3
5298	0	0	0	0	45	1878	45	41	4
5329	0	0	0	0	14	1871	14	13	1
5335	0	0	0	0	8	1872	8	8	0
5338	0	0	0	0	5	1871	5	5	0
5330	0	0	0	0	13	1874	13	11	2
5337	0	0	0	0	6	1870	6	6	0
5337	0	0	0	0	6	1868	6	6	0
5337	0	0	0	0	6	1867	6	6	0
5316	0	0	0	0	27	1876	27	25	2
5261	0	0	0	0	82	1878	82	80	2
5335	0	0	0	0	8	1870	8	8	0
5329	0	0	0	0	14	1869	14	14	0
5325	0	0	0	0	18	1871	18	18	0
5332	0	0	0	0	11	1867	11	11	0
5292	0	0	0	0	51	1881	51	49	2
5338	0	0	0	0	5	1871	5	5	0
5334	0	0	0	0	9	1870	9	9	0
5317	0	0	0	0	26	1876	26	26	0
5327	0	0	0	0	16	1874	16	15	1
5338	0	0	0	0	5	1869	5	5	0
5333	0	0	0	0	10	1869	10	10	0
5314	0	0	0	0	29	1879	29	28	1
5305	0	0	0	0	38	1880	38	35	3
5337	0	0	0	0	6	1870	6	6	0
5250	0	0	0	0	93	1883	93	91	2
5330	0	0	0	0	13	1871	13	13	0
5315	0	0	0	0	28	1876	28	26	2
5329	0	0	0	0	14	1869	14	14	0
5333	0	0	0	0	10	1869	10	10	0
5336	0	0	0	0	7	1868	7	7	0
5338	0	0	0	0	5	1867	5	5	0
5338	0	0	0	0	5	1870	5	5	0
5331	0	0	0	0	12	1870	12	12	0
5336	0	0	0	0	7	1867	7	7	0
5299	0	0	0	0	44	1874	44	44	0
5338	0	0	0	0	5	1869	5	5	0
5337	0	0	0	0	6	1870	6	6	0
5336	0	0	0	0	7	1870	7	7	0
5326	0	0	0	0	17	1871	17	16	1
5338	0	0	0	0	5	1869	5	5	0
5336	0	0	0	0	7	1868	7	7	0
5323	0	0	0	0	20	1874	20	19	1
5335	0	0	0	0	8	1868	8	8	0
5337	0	0	0	0	6	1868	6	6	0
5335	0	0	0	0	8	1869	8	8	0
5316	0	0	0	0	27	1872	27	26	1
5317	0	0	0	0	26	1875	26	25	1
5335	0	0	0	0	8	1869	8	7	1
5323	0	0	0	0	20	1870	20	19	1
5332	0	0	0	0	11	1871	11	9	2
5310	0	0	0	0	33	1874	33	31	2
5334	0	0	0	0	9	1870	9	9	0
5261	0	0	0	0	82	1887	82	78	4
5324	0	0	0	0	19	1871	19	18	1
5312	0	0	0	0	31	1875	31	29	2
5299	0	0	0	0	44	1872	44	44	0
5329	0	0	0	0	14	1873	14	13	1
5338	0	0	0	0	5	1870	5	5	0
5335	0	0	0	0	8	1869	8	8	0
5321	0	0	0	0	22	1871	22	22	0
5338	0	0	0	0	5	1872	5	5	0
5324	0	0	0	0	19	1874	19	19	0
5332	0	0	0	0	11	1870	11	10	1
5297	0	0	0	0	46	1882	46	46	0
5335	0	0	0	0	8	1870	8	8	0
5321	0	0	0	0	22	1871	22	20	2
5331	0	0	0	0	12	1872	12	12	0
5332	0	0	0	0	11	1869	11	10	1
5265	0	0	0	0	78	1888	78	73	5
5329	0	0	0	0	14	1870	14	14	0
5292	0	0	0	0	51	1876	51	49	2
5332	0	0	0	0	11	1871	11	11	0
5330	0	0	0	0	13	1871	13	13	0
5335	0	0	0	0	8	1868	8	8	0
5326	0	0	0	0	17	1873	17	16	1
5303	0	0	0	0	40	1877	40	40	0
5290	0	0	0	0	53	1877	53	48	5
5331	0	0	0	0	12	1872	12	11	1
5335	0	0	0	0	8	1868	8	8	0
5336	0	0	0	0	7	1869	7	7	0
5336	0	0	0	0	7	1870	7	7	0
5331	0	0	0	0	12	1870	12	11	1
5330	0	0	0	0	13	1869	13	13	0
5267	0	0	0	0	76	1880	76	75	1
5328	0	0	0	0	15	1871	15	14	1
5336	0	0	0	0	7	1868	7	7	0
5329	0	0	0	0	14	1872	14	14	0
5317	0	0	0	0	26	1872	26	25	1
5337	0	0	0	0	6	1871	6	6	0
5334	0	0	0	0	9	1870	9	9	0
5311	0	0	0	0	32	1873	32	31	1
5295	0	0	0	0	48	1879	48	45	3
5331	0	0	0	0	12	1868	12	12	0
5328	0	0	0	0	15	1874	15	15	0
5326	0	0	0	0	17	1871	17	15	2
5321	0	0	0	0	22	1874	22	21	1
5329	0	0	0	0	14	1873	14	14	0
5330	0	0	0	0	13	1871	13	13	0
5336	0	0	0	0	7	1869	7	7	0
5336	0	0	0	0	7	1868	7	7	0
5335	0	0	0	0	8	1871	8	8	0
5337	0	0	0	0	6	1870	6	6	0
5329	0	0	0	0	14	1869	14	14	0
5301	0	0	0	0	42	1872	42	42	0
5320	0	0	0	0	23	1874	23	21	2
5271	0	0	0	0	72	1891	72	64	8
5336	0	0	0	0	7	1869	7	7	0
5333	0	0	0	0	10	1869	10	10	0
5336	0	0	0	0	7	1869	7	7	0
5336	0	0	0	0	7	1866	7	7	0
5333	0	0	0	0	10	1872	10	10	0
5334	0	0	0	0	9	1870	9	8	1
5327	0	0	0	0	16	1867	16	16	0
5302	0	0	0	0	41	1877	41	39	2
5334	0	0	0	0	9	1870	9	9	0
5314	0	0	0	0	29	1874	29	28	1
5338	0	0	0	0	5	1866	5	5	0
5335	0	0	0	0	8	1870	8	8	0
5319	0	0	0	0	24	1872	24	22	2
5329	0	0	0	0	14	1871	14	14	0
5333	0	0	0	0	10	1870	10	10	0
5334	0	0	0	0	9	1872	9	9	0
5338	0	0	0	0	5	1866	5	5	0
5337	0	0	0	0	6	1868	6	6	0
5334	0	0	0	0	9	1869	9	9	0
5334	0	0	0	0	9	1868	9	9	0
5336	0	0	0	0	7	1869	7	7	0
5270	0	0	0	0	73	1886	73	70	3
