5338	0	0	0	0	5	4	5	5	0
5335	0	0	0	0	8	11	8	7	1
5334	0	0	0	0	9	5	9	7	2
5322	0	0	0	0	21	18	21	17	4
5327	0	0	0	0	16	26	16	10	6
5019	0	0	0	0	324	336	324	261	63
4822	0	0	0	0	521	620	521	407	114
4948	0	0	0	0	395	475	395	320	75
5336	0	0	0	0	7	5	7	5	2
5289	0	0	0	0	54	40	54	48	6
5333	0	0	0	0	10	13	10	9	1
5294	0	0	0	0	49	43	49	39	10
5329	0	0	0	0	14	14	14	12	2
5192	0	0	0	0	151	172	151	120	31
5285	0	0	0	0	58	58	58	43	15
4987	0	0	0	0	356	394	356	281	75
5317	0	0	0	0	26	43	26	21	5
5160	0	0	0	0	183	194	183	141	42
5269	0	0	0	0	74	88	74	60	14
5283	0	0	0	0	60	56	60	46	14
5337	0	0	0	0	6	6	6	6	0
5080	0	0	0	0	263	273	263	209	54
5309	0	0	0	0	34	45	34	30	4
5298	0	0	0	0	45	49	45	35	10
5319	0	0	0	0	24	42	24	15	9
5337	0	0	0	0	6	3	6	6	0
4799	0	0	0	0	544	619	544	448	96
5284	0	0	0	0	59	83	59	49	10
5326	0	0	0	0	17	17	17	15	2
5337	0	0	0	0	6	11	6	6	0
5203	0	0	0	0	140	155	140	109	31
5048	0	0	0	0	295	340	295	247	48
5323	0	0	0	0	20	17	20	16	4
5300	0	0	0	0	43	58	43	36	7
5285	0	0	0	0	58	63	58	46	12
5217	0	0	0	0	126	154	126	99	27
5338	0	0	0	0	5	7	5	5	0
5338	0	0	0	0	5	7	5	5	0
5187	0	0	0	0	156	166	156	131	25
5204	0	0	0	0	139	145	139	112	27
5334	0	0	0	0	9	8	9	9	0
5338	0	0	0	0	5	0	5	5	0
5303	0	0	0	0	40	38	40	30	10
5180	0	0	0	0	163	193	163	134	29
5309	0	0	0	0	34	49	34	24	10
5210	0	0	0	0	133	172	133	107	26
5312	0	0	0	0	31	26	31	27	4
5298	0	0	0	0	45	65	45	39	6
5231	0	0	0	0	112	126	112	96	16
5239	0	0	0	0	104	114	104	90	14
5316	0	0	0	0	27	18	27	23	4
5022	0	0	0	0	321	398	321	256	65
4981	0	0	0	0	362	390	362	284	78
5338	0	0	0	0	5	4	5	5	0
5300	0	0	0	0	43	65	43	33	10
4872	0	0	0	0	471	537	471	384	87
5012	0	0	0	0	331	361	331	262	69
4585	0	0	0	0	758	776	758	609	149
5330	0	0	0	0	13	24	13	11	2
5268	0	0	0	0	75	68	75	63	12
5130	0	0	0	0	213	233	213	171	42
5325	0	0	0	0	18	24	18	12	6
5246	0	0	0	0	97	116	97	85	12
4932	0	0	0	0	411	437	411	333	78
5321	0	0	0	0	22	14	22	18	4
5334	0	0	0	0	9	12	9	7	2
5331	0	0	0	0	12	6	12	12	0
5257	0	0	0	0	86	73	86	68	18
4724	0	0	0	0	619	640	619	494	125
5320	0	0	0	0	23	38	23	15	8
5304	0	0	0	0	39	45	39	32	7
5336	0	0	0	0	7	4	7	5	2
5334	0	0	0	0	9	6	9	8	1
5338	0	0	0	0	5	4	5	5	0
5322	0	0	0	0	21	31	21	16	5
5295	0	0	0	0	48	52	48	42	6
5079	0	0	0	0	264	310	264	197	67
5062	0	0	0	0	281	297	281	220	61
5225	0	0	0	0	118	127	118	94	24
5289	0	0	0	0	54	71	54	44	10
5164	0	0	0	0	179	185	179	147	32
5244	0	0	0	0	99	116	99	81	18
5249	0	0	0	0	94	97	94	73	21
5333	0	0	0	0	10	10	10	9	1
5280	0	0	0	0	63	74	63	52	11
4986	0	0	0	0	357	367	357	288	69
5305	0	0	0	0	38	53	38	30	8
5338	0	0	0	0	5	1	5	5	0
5326	0	0	0	0	17	30	17	14	3
5331	0	0	0	0	12	6	12	11	1
5099	0	0	0	0	244	268	244	194	50
5140	0	0	0	0	203	227	203	164	39
4832	0	0	0	0	511	503	511	409	102
5332	0	0	0	0	11	13	11	10	1
5329	0	0	0	0	14	10	14	11	3
5337	0	0	0	0	6	8	6	5	1
5324	0	0	0	0	19	13	19	18	1
5334	0	0	0	0	9	14	9	8	1
5337	0	0	0	0	6	7	6	6	0
5312	0	0	0	0	31	24	31	26	5
5103	0	0	0	0	240	278	240	191	49
5227	0	0	0	0	116	119	116	94	22
5181	0	0	0	0	162	228	162	122	40
4890	0	0	0	0	453	499	453	354	99
5220	0	0	0	0	123	135	123	102	21
5264	0	0	0	0	79	100	79	59	20
5243	0	0	0	0	100	126	100	81	19
5325	0	0	0	0	18	34	18	14	4
5038	0	0	0	0	305	297	305	247	58
5269	0	0	0	0	74	95	74	54	20
5336	0	0	0	0	7	3	7	7	0
5329	0	0	0	0	14	17	14	12	2
5316	0	0	0	0	27	37	27	23	4
4976	0	0	0	0	367	389	367	298	69
5253	0	0	0	0	90	75	90	77	13
5268	0	0	0	0	75	88	75	59	16
5334	0	0	0	0	9	10	9	8	1
5236	0	0	0	0	107	140	107	82	25
4865	0	0	0	0	478	429	478	398	80
5052	0	0	0	0	291	331	291	218	73
5333	0	0	0	0	10	19	10	10	0
5290	0	0	0	0	53	79	53	46	7
5302	0	0	0	0	41	39	41	34	7
5241	0	0	0	0	102	123	102	75	27
5014	0	0	0	0	329	365	329	265	64
5337	0	0	0	0	6	5	6	5	1
5007	0	0	0	0	336	367	336	264	72
5330	0	0	0	0	13	6	13	11	2
5261	0	0	0	0	82	94	82	70	12
5337	0	0	0	0	6	7	6	5	1
5249	0	0	0	0	94	105	94	76	18
5222	0	0	0	0	121	132	121	97	24
5239	0	0	0	0	104	97	104	89	15
5338	0	0	0	0	5	6	5	5	0
5264	0	0	0	0	79	93	79	60	19
5275	0	0	0	0	68	84	68	54	14
4782	0	0	0	0	561	576	561	466	95
5330	0	0	0	0	13	12	13	11	2
5335	0	0	0	0	8	11	8	8	0
5122	0	0	0	0	221	247	221	178	43
5106	0	0	0	0	237	241	237	196	41
5036	0	0	0	0	307	339	307	241	66
5337	0	0	0	0	6	9	6	6	0
5335	0	0	0	0	8	9	8	7	1
5248	0	0	0	0	95	108	95	76	19
4636	0	0	0	0	707	674	707	588	119
4933	0	0	0	0	410	422	410	339	71
5197	0	0	0	0	146	156	146	116	30
5328	0	0	0	0	15	23	15	11	4
5198	0	0	0	0	145	176	145	117	28
5335	0	0	0	0	8	10	8	8	0
5301	0	0	0	0	42	48	42	36	6
4972	0	0	0	0	371	442	371	295	76
5332	0	0	0	0	11	12	11	10	1
5283	0	0	0	0	60	67	60	50	10
5204	0	0	0	0	139	139	139	116	23
4815	0	0	0	0	528	513	528	421	107
5212	0	0	0	0	131	158	131	106	25
5267	0	0	0	0	76	100	76	60	16
5322	0	0	0	0	21	12	21	18	3
5246	0	0	0	0	97	89	97	81	16
5290	0	0	0	0	53	51	53	47	6
4976	0	0	0	0	367	390	367	294	73
4717	0	0	0	0	626	667	626	522	104
5321	0	0	0	0	22	16	22	20	2
5224	0	0	0	0	119	97	119	99	20
5278	0	0	0	0	65	72	65	50	15
5336	0	0	0	0	7	8	7	7	0
5167	0	0	0	0	176	176	176	146	30
5318	0	0	0	0	25	35	25	20	5
5326	0	0	0	0	17	15	17	14	3
5286	0	0	0	0	57	55	57	53	4
4868	0	0	0	0	475	468	475	370	105
5045	0	0	0	0	298	335	298	243	55
5206	0	0	0	0	137	146	137	109	28
4548	0	0	0	0	795	873	795	640	155
5316	0	0	0	0	27	41	27	19	8
5267	0	0	0	0	76	78	76	64	12
5335	0	0	0	0	8	4	8	7	1
5309	0	0	0	0	34	39	34	28	6
5272	0	0	0	0	71	100	71	62	9
5218	0	0	0	0	125	128	125	98	27
5196	0	0	0	0	147	141	147	117	30
4926	0	0	0	0	417	429	417	340	77
5285	0	0	0	0	58	56	58	50	8
5334	0	0	0	0	9	20	9	8	1
5336	0	0	0	0	7	3	7	6	1
4919	0	0	0	0	424	499	424	346	78
5214	0	0	0	0	129	169	129	99	30
5134	0	0	0	0	209	221	209	179	30
5317	0	0	0	0	26	37	26	22	4
5335	0	0	0	0	8	10	8	7	1
5329	0	0	0	0	14	20	14	9	5
5267	0	0	0	0	76	113	76	60	16
4925	0	0	0	0	418	444	418	335	83
5169	0	0	0	0	174	167	174	143	31
5338	0	0	0	0	5	2	5	5	0
5231	0	0	0	0	112	128	112	95	17
5322	0	0	0	0	21	32	21	15	6
5252	0	0	0	0	91	95	91	77	14
5337	0	0	0	0	6	7	6	6	0
5338	0	0	0	0	5	2	5	5	0
5326	0	0	0	0	17	24	17	14	3
4867	0	0	0	0	476	556	476	388	88
5335	0	0	0	0	8	9	8	6	2
4904	0	0	0	0	439	476	439	354	85
5245	0	0	0	0	98	98	98	79	19
5230	0	0	0	0	113	153	113	98	15
5338	0	0	0	0	5	5	5	5	0
4794	0	0	0	0	549	587	549	429	120
5305	0	0	0	0	38	41	38	36	2
5335	0	0	0	0	8	2	8	7	1
5335	0	0	0	0	8	17	8	8	0
5331	0	0	0	0	12	14	12	10	2
5329	0	0	0	0	14	12	14	13	1
5313	0	0	0	0	30	40	30	20	10
5299	0	0	0	0	44	41	44	40	4
5329	0	0	0	0	14	13	14	12	2
4802	0	0	0	0	541	553	541	430	111
5322	0	0	0	0	21	24	21	17	4
5336	0	0	0	0	7	1	7	7	0
5072	0	0	0	0	271	293	271	225	46
5337	0	0	0	0	6	2	6	5	1
5336	0	0	0	0	7	11	7	7	0
5333	0	0	0	0	10	19	10	7	3
5288	0	0	0	0	55	69	55	35	20
5095	0	0	0	0	248	306	248	191	57
5080	0	0	0	0	263	280	263	211	52
5320	0	0	0	0	23	34	23	21	2
5317	0	0	0	0	26	29	26	21	5
5235	0	0	0	0	108	95	108	89	19
5294	0	0	0	0	49	43	49	43	6
5285	0	0	0	0	58	59	58	47	11
5271	0	0	0	0	72	86	72	65	7
4909	0	0	0	0	434	434	434	345	89
5093	0	0	0	0	250	303	250	210	40
5313	0	0	0	0	30	31	30	26	4
5009	0	0	0	0	334	332	334	263	71
5254	0	0	0	0	89	98	89	70	19
5254	0	0	0	0	89	122	89	73	16
5338	0	0	0	0	5	2	5	5	0
5272	0	0	0	0	71	85	71	56	15
5321	0	0	0	0	22	37	22	16	6
5242	0	0	0	0	101	92	101	83	18
5236	0	0	0	0	107	116	107	95	12
5147	0	0	0	0	196	222	196	152	44
5134	0	0	0	0	209	253	209	172	37
5242	0	0	0	0	101	93	101	83	18
5324	0	0	0	0	19	13	19	14	5
5337	0	0	0	0	6	1	6	6	0
5266	0	0	0	0	77	76	77	60	17
5317	0	0	0	0	26	38	26	22	4
5333	0	0	0	0	10	21	10	9	1
5190	0	0	0	0	153	160	153	119	34
5183	0	0	0	0	160	148	160	128	32
5329	0	0	0	0	14	15	14	12	2
5175	0	0	0	0	168	168	168	134	34
5283	0	0	0	0	60	80	60	48	12
5330	0	0	0	0	13	7	13	10	3
5202	0	0	0	0	141	158	141	120	21
4927	0	0	0	0	416	456	416	336	80
5189	0	0	0	0	154	183	154	123	31
5229	0	0	0	0	114	157	114	94	20
5089	0	0	0	0	254	212	254	203	51
5212	0	0	0	0	131	145	131	102	29
5327	0	0	0	0	16	23	16	15	1
5299	0	0	0	0	44	55	44	33	11
5106	0	0	0	0	237	266	237	188	49
5333	0	0	0	0	10	10	10	8	2
5127	0	0	0	0	216	245	216	178	38
5282	0	0	0	0	61	76	61	48	13
5258	0	0	0	0	85	108	85	74	11
5331	0	0	0	0	12	17	12	10	2
4820	0	0	0	0	523	589	523	417	106
5212	0	0	0	0	131	158	131	107	24
5218	0	0	0	0	125	146	125	106	19
5272	0	0	0	0	71	92	71	59	12
5338	0	0	0	0	5	4	5	5	0
5296	0	0	0	0	47	50	47	39	8
4718	0	0	0	0	625	617	625	516	109
5213	0	0	0	0	130	141	130	107	23
5334	0	0	0	0	9	14	9	7	2
5222	0	0	0	0	121	106	121	100	21
5323	0	0	0	0	20	26	20	16	4
4987	0	0	0	0	356	377	356	281	75
4773	0	0	0	0	570	593	570	444	126
5316	0	0	0	0	27	42	27	22	5
4915	0	0	0	0	428	434	428	344	84
5252	0	0	0	0	91	109	91	75	16
5153	0	0	0	0	190	182	190	148	42
5156	0	0	0	0	187	180	187	151	36
5335	0	0	0	0	8	11	8	7	1
5335	0	0	0	0	8	4	8	8	0
5338	0	0	0	0	5	10	5	5	0
5332	0	0	0	0	11	18	11	8	3
5330	0	0	0	0	13	9	13	11	2
4884	0	0	0	0	459	481	459	372	87
5221	0	0	0	0	122	108	122	95	27
5328	0	0	0	0	15	30	15	14	1
5313	0	0	0	0	30	43	30	23	7
4679	0	0	0	0	664	755	664	523	141
4888	0	0	0	0	455	473	455	366	89
5118	0	0	0	0	225	219	225	187	38
4544	0	0	0	0	799	874	799	645	154
5337	0	0	0	0	6	8	6	5	1
5254	0	0	0	0	89	117	89	66	23
5315	0	0	0	0	28	44	28	22	6
5094	0	0	0	0	249	274	249	205	44
5184	0	0	0	0	159	154	159	130	29
5288	0	0	0	0	55	80	55	41	14
4954	0	0	0	0	389	434	389	307	82
5338	0	0	0	0	5	3	5	5	0
5288	0	0	0	0	55	46	55	46	9
5330	0	0	0	0	13	24	13	11	2
5336	0	0	0	0	7	7	7	6	1
5337	0	0	0	0	6	7	6	6	0
5336	0	0	0	0	7	7	7	6	1
5300	0	0	0	0	43	42	43	34	9
4736	0	0	0	0	607	649	607	484	123
5054	0	0	0	0	289	298	289	238	51
5278	0	0	0	0	65	79	65	48	17
5323	0	0	0	0	20	11	20	17	3
5233	0	0	0	0	110	150	110	94	16
5243	0	0	0	0	100	119	100	79	21
5333	0	0	0	0	10	20	10	9	1
5326	0	0	0	0	17	24	17	12	5
5321	0	0	0	0	22	18	22	20	2
5336	0	0	0	0	7	13	7	7	0
5211	0	0	0	0	132	129	132	108	24
5321	0	0	0	0	22	20	22	18	4
5327	0	0	0	0	16	21	16	13	3
5335	0	0	0	0	8	3	8	8	0
5338	0	0	0	0	5	5	5	5	0
5152	0	0	0	0	191	236	191	156	35
5336	0	0	0	0	7	2	7	7	0
4866	0	0	0	0	477	529	477	391	86
5214	0	0	0	0	129	173	129	109	20
5021	0	0	0	0	322	349	322	267	55
5300	0	0	0	0	43	51	43	34	9
5330	0	0	0	0	13	8	13	12	1
5131	0	0	0	0	212	220	212	174	38
5312	0	0	0	0	31	46	31	21	10
5338	0	0	0	0	5	8	5	5	0
5249	0	0	0	0	94	111	94	72	22
5338	0	0	0	0	5	3	5	5	0
5327	0	0	0	0	16	33	16	14	2
5325	0	0	0	0	18	29	18	17	1
5336	0	0	0	0	7	15	7	7	0
5253	0	0	0	0	90	103	90	75	15
5313	0	0	0	0	30	28	30	25	5
5245	0	0	0	0	98	128	98	85	13
5333	0	0	0	0	10	22	10	8	2
5287	0	0	0	0	56	83	56	48	8
5326	0	0	0	0	17	17	17	15	2
5028	0	0	0	0	315	343	315	258	57
5228	0	0	0	0	115	109	115	96	19
5030	0	0	0	0	313	341	313	249	64
5323	0	0	0	0	20	18	20	17	3
5298	0	0	0	0	45	50	45	36	9
4976	0	0	0	0	367	413	367	292	75
5337	0	0	0	0	6	9	6	5	1
5292	0	0	0	0	51	61	51	35	16
5083	0	0	0	0	260	250	260	207	53
5320	0	0	0	0	23	25	23	20	3
4561	0	0	0	0	782	873	782	625	157
4825	0	0	0	0	518	550	518	412	106
5000	0	0	0	0	343	400	343	262	81
5324	0	0	0	0	19	31	19	15	4
5191	0	0	0	0	152	177	152	119	33
5327	0	0	0	0	16	17	16	14	2
5228	0	0	0	0	115	124	115	96	19
4789	0	0	0	0	554	587	554	449	105
5176	0	0	0	0	167	208	167	133	34
5325	0	0	0	0	18	20	18	17	1
5262	0	0	0	0	81	101	81	66	15
5175	0	0	0	0	168	182	168	139	29
5264	0	0	0	0	79	105	79	69	10
5283	0	0	0	0	60	84	60	49	11
5337	0	0	0	0	6	3	6	6	0
5336	0	0	0	0	7	5	7	6	1
5190	0	0	0	0	153	202	153	119	34
4873	0	0	0	0	470	561	470	372	98
5330	0	0	0	0	13	13	13	13	0
5327	0	0	0	0	16	15	16	15	1
5226	0	0	0	0	117	163	117	97	20
5235	0	0	0	0	108	95	108	93	15
5119	0	0	0	0	224	277	224	174	50
5337	0	0	0	0	6	11	6	6	0
5322	0	0	0	0	21	35	21	17	4
5178	0	0	0	0	165	179	165	137	28
4958	0	0	0	0	385	380	385	332	53
5338	0	0	0	0	5	3	5	5	0
5332	0	0	0	0	11	11	11	9	2
4959	0	0	0	0	384	458	384	305	79
5121	0	0	0	0	222	275	222	174	48
5335	0	0	0	0	8	11	8	7	1
4829	0	0	0	0	514	498	514	426	88
5312	0	0	0	0	31	36	31	23	8
5235	0	0	0	0	108	156	108	86	22
5156	0	0	0	0	187	180	187	150	37
5213	0	0	0	0	130	133	130	109	21
5111	0	0	0	0	232	233	232	196	36
5338	0	0	0	0	5	1	5	5	0
5338	0	0	0	0	5	1	5	5	0
5114	0	0	0	0	229	247	229	189	40
5335	0	0	0	0	8	3	8	8	0
5207	0	0	0	0	136	154	136	110	26
5338	0	0	0	0	5	11	5	5	0
5337	0	0	0	0	6	3	6	6	0
5335	0	0	0	0	8	10	8	7	1
5303	0	0	0	0	40	71	40	35	5
5337	0	0	0	0	6	2	6	5	1
5332	0	0	0	0	11	13	11	11	0
5320	0	0	0	0	23	39	23	19	4
5129	0	0	0	0	214	237	214	178	36
5322	0	0	0	0	21	13	21	18	3
5165	0	0	0	0	178	184	178	149	29
5178	0	0	0	0	165	189	165	127	38
4875	0	0	0	0	468	484	468	369	99
5332	0	0	0	0	11	13	11	9	2
5317	0	0	0	0	26	23	26	21	5
5111	0	0	0	0	232	274	232	195	37
5253	0	0	0	0	90	91	90	78	12
5326	0	0	0	0	17	23	17	13	4
5116	0	0	0	0	227	234	227	188	39
5222	0	0	0	0	121	143	121	101	20
5160	0	0	0	0	183	241	183	152	31
5113	0	0	0	0	230	218	230	190	40
5212	0	0	0	0	131	138	131	108	23
5200	0	0	0	0	143	179	143	124	19
5214	0	0	0	0	129	108	129	103	26
5319	0	0	0	0	24	10	24	22	2
5338	0	0	0	0	5	6	5	5	0
5308	0	0	0	0	35	47	35	30	5
5244	0	0	0	0	99	110	99	78	21
5214	0	0	0	0	129	136	129	106	23
5330	0	0	0	0	13	16	13	12	1
5311	0	0	0	0	32	42	32	27	5
5327	0	0	0	0	16	18	16	14	2
5195	0	0	0	0	148	164	148	120	28
4827	0	0	0	0	516	544	516	420	96
5310	0	0	0	0	33	27	33	30	3
4985	0	0	0	0	358	428	358	291	67
5321	0	0	0	0	22	24	22	18	4
5293	0	0	0	0	50	57	50	42	8
5057	0	0	0	0	286	322	286	249	37
5248	0	0	0	0	95	106	95	79	16
5275	0	0	0	0	68	70	68	60	8
5195	0	0	0	0	148	146	148	122	26
5325	0	0	0	0	18	20	18	16	2
5332	0	0	0	0	11	14	11	9	2
5336	0	0	0	0	7	7	7	7	0
5333	0	0	0	0	10	19	10	8	2
5326	0	0	0	0	17	13	17	12	5
5190	0	0	0	0	153	187	153	112	41
4871	0	0	0	0	472	456	472	367	105
5228	0	0	0	0	115	122	115	91	24
5314	0	0	0	0	29	34	29	24	5
5236	0	0	0	0	107	119	107	87	20
5147	0	0	0	0	196	193	196	159	37
4791	0	0	0	0	552	588	552	438	114
5333	0	0	0	0	10	11	10	10	0
5023	0	0	0	0	320	375	320	253	67
4881	0	0	0	0	462	479	462	373	89
5326	0	0	0	0	17	14	17	13	4
5285	0	0	0	0	58	84	58	43	15
5325	0	0	0	0	18	8	18	16	2
5013	0	0	0	0	330	370	330	258	72
4843	0	0	0	0	500	534	500	393	107
5319	0	0	0	0	24	41	24	18	6
5334	0	0	0	0	9	7	9	7	2
5336	0	0	0	0	7	3	7	7	0
5192	0	0	0	0	151	196	151	127	24
5336	0	0	0	0	7	7	7	7	0
5324	0	0	0	0	19	36	19	18	1
5225	0	0	0	0	118	99	118	99	19
5295	0	0	0	0	48	51	48	43	5
5186	0	0	0	0	157	191	157	129	28
5265	0	0	0	0	78	134	78	60	18
5331	0	0	0	0	12	21	12	11	1
5336	0	0	0	0	7	10	7	6	1
5211	0	0	0	0	132	129	132	104	28
4932	0	0	0	0	411	455	411	328	83
5324	0	0	0	0	19	31	19	15	4
5307	0	0	0	0	36	53	36	28	8
5115	0	0	0	0	228	256	228	173	55
5326	0	0	0	0	17	24	17	11	6
5213	0	0	0	0	130	125	130	105	25
5338	0	0	0	0	5	2	5	5	0
5237	0	0	0	0	106	143	106	82	24
5292	0	0	0	0	51	63	51	40	11
4442	0	0	0	0	901	873	901	697	204
5329	0	0	0	0	14	9	14	13	1
5101	0	0	0	0	242	273	242	193	49
5336	0	0	0	0	7	5	7	6	1
5337	0	0	0	0	6	10	6	5	1
5064	0	0	0	0	279	300	279	234	45
5331	0	0	0	0	12	8	12	12	0
5107	0	0	0	0	236	266	236	189	47
4937	0	0	0	0	406	467	406	321	85
