5338	0	0	0	0	5	2174	5	5	0
5337	0	0	0	0	6	2177	6	5	1
5338	0	0	0	0	5	2160	5	5	0
5337	0	0	0	0	6	2179	6	5	1
5338	0	0	0	0	5	2186	5	5	0
5336	0	0	0	0	7	2165	7	5	2
5338	0	0	0	0	5	2176	5	5	0
5336	0	0	0	0	7	2186	7	5	2
5338	0	0	0	0	5	2166	5	5	0
5338	0	0	0	0	5	2174	5	5	0
5338	0	0	0	0	5	2177	5	5	0
5337	0	0	0	0	6	2177	6	5	1
5337	0	0	0	0	6	2196	6	5	1
5338	0	0	0	0	5	2187	5	5	0
5337	0	0	0	0	6	2167	6	5	1
5335	0	0	0	0	8	2247	8	6	2
5336	0	0	0	0	7	2200	7	5	2
5336	0	0	0	0	7	2159	7	5	2
5338	0	0	0	0	5	2181	5	5	0
5335	0	0	0	0	8	2212	8	6	2
5338	0	0	0	0	5	2175	5	5	0
5338	0	0	0	0	5	2183	5	5	0
5338	0	0	0	0	5	2182	5	5	0
5336	0	0	0	0	7	2190	7	5	2
5337	0	0	0	0	6	2218	6	5	1
5338	0	0	0	0	5	2189	5	5	0
5337	0	0	0	0	6	2208	6	6	0
5336	0	0	0	0	7	2230	7	5	2
5338	0	0	0	0	5	2181	5	5	0
5338	0	0	0	0	5	2195	5	5	0
5337	0	0	0	0	6	2206	6	5	1
5338	0	0	0	0	5	2195	5	5	0
5337	0	0	0	0	6	2173	6	5	1
5338	0	0	0	0	5	2180	5	5	0
5337	0	0	0	0	6	2207	6	5	1
5337	0	0	0	0	6	2194	6	5	1
5338	0	0	0	0	5	2196	5	5	0
5338	0	0	0	0	5	2195	5	5	0
5336	0	0	0	0	7	2206	7	6	1
5338	0	0	0	0	5	2204	5	5	0
5337	0	0	0	0	6	2175	6	5	1
5338	0	0	0	0	5	2165	5	5	0
5337	0	0	0	0	6	2179	6	5	1
5336	0	0	0	0	7	2207	7	5	2
5338	0	0	0	0	5	2164	5	5	0
5337	0	0	0	0	6	2225	6	6	0
5338	0	0	0	0	5	2189	5	5	0
5336	0	0	0	0	7	2212	7	5	2
5335	0	0	0	0	8	2196	8	5	3
5336	0	0	0	0	7	2233	7	6	1
5337	0	0	0	0	6	2158	6	5	1
5337	0	0	0	0	6	2215	6	5	1
5338	0	0	0	0	5	2179	5	5	0
5338	0	0	0	0	5	2187	5	5	0
5336	0	0	0	0	7	2209	7	5	2
5338	0	0	0	0	5	2187	5	5	0
5333	0	0	0	0	10	2208	10	5	5
5336	0	0	0	0	7	2214	7	5	2
5338	0	0	0	0	5	2181	5	5	0
5336	0	0	0	0	7	2210	7	5	2
5335	0	0	0	0	8	2191	8	5	3
5336	0	0	0	0	7	2173	7	5	2
5337	0	0	0	0	6	2191	6	5	1
5336	0	0	0	0	7	2202	7	5	2
5336	0	0	0	0	7	2156	7	5	2
5336	0	0	0	0	7	2197	7	5	2
5338	0	0	0	0	5	2152	5	5	0
5336	0	0	0	0	7	2172	7	5	2
5335	0	0	0	0	8	2232	8	6	2
5335	0	0	0	0	8	2189	8	5	3
5338	0	0	0	0	5	2187	5	5	0
5337	0	0	0	0	6	2162	6	5	1
5337	0	0	0	0	6	2177	6	5	1
5338	0	0	0	0	5	2155	5	5	0
5338	0	0	0	0	5	2198	5	5	0
5334	0	0	0	0	9	2228	9	7	2
5335	0	0	0	0	8	2202	8	6	2
5337	0	0	0	0	6	2194	6	5	1
5338	0	0	0	0	5	2187	5	5	0
5335	0	0	0	0	8	2253	8	7	1
5338	0	0	0	0	5	2189	5	5	0
5337	0	0	0	0	6	2184	6	5	1
5336	0	0	0	0	7	2200	7	5	2
5338	0	0	0	0	5	2167	5	5	0
5337	0	0	0	0	6	2201	6	5	1
5337	0	0	0	0	6	2186	6	5	1
5338	0	0	0	0	5	2201	5	5	0
5338	0	0	0	0	5	2157	5	5	0
5337	0	0	0	0	6	2199	6	5	1
5337	0	0	0	0	6	2176	6	5	1
5337	0	0	0	0	6	2208	6	5	1
5338	0	0	0	0	5	2180	5	5	0
5338	0	0	0	0	5	2193	5	5	0
5338	0	0	0	0	5	2182	5	5	0
5338	0	0	0	0	5	2167	5	5	0
5338	0	0	0	0	5	2207	5	5	0
5337	0	0	0	0	6	2177	6	6	0
5336	0	0	0	0	7	2199	7	5	2
5337	0	0	0	0	6	2185	6	5	1
5338	0	0	0	0	5	2188	5	5	0
5338	0	0	0	0	5	2180	5	5	0
5338	0	0	0	0	5	2176	5	5	0
5337	0	0	0	0	6	2206	6	5	1
5338	0	0	0	0	5	2197	5	5	0
5337	0	0	0	0	6	2186	6	5	1
5337	0	0	0	0	6	2192	6	5	1
5337	0	0	0	0	6	2190	6	5	1
5336	0	0	0	0	7	2204	7	5	2
5338	0	0	0	0	5	2182	5	5	0
5338	0	0	0	0	5	2195	5	5	0
5338	0	0	0	0	5	2156	5	5	0
5336	0	0	0	0	7	2204	7	5	2
5338	0	0	0	0	5	2167	5	5	0
5338	0	0	0	0	5	2164	5	5	0
5336	0	0	0	0	7	2189	7	5	2
5338	0	0	0	0	5	2185	5	5	0
5336	0	0	0	0	7	2190	7	5	2
5336	0	0	0	0	7	2224	7	5	2
5338	0	0	0	0	5	2178	5	5	0
5335	0	0	0	0	8	2256	8	6	2
5338	0	0	0	0	5	2189	5	5	0
5333	0	0	0	0	10	2264	10	6	4
5335	0	0	0	0	8	2213	8	6	2
5336	0	0	0	0	7	2224	7	6	1
5337	0	0	0	0	6	2176	6	5	1
5337	0	0	0	0	6	2203	6	5	1
5337	0	0	0	0	6	2192	6	5	1
5338	0	0	0	0	5	2164	5	5	0
5338	0	0	0	0	5	2192	5	5	0
5338	0	0	0	0	5	2173	5	5	0
5336	0	0	0	0	7	2225	7	5	2
5337	0	0	0	0	6	2217	6	5	1
5338	0	0	0	0	5	2193	5	5	0
5338	0	0	0	0	5	2193	5	5	0
5335	0	0	0	0	8	2213	8	5	3
5336	0	0	0	0	7	2203	7	5	2
5338	0	0	0	0	5	2157	5	5	0
5335	0	0	0	0	8	2180	8	5	3
5338	0	0	0	0	5	2183	5	5	0
5337	0	0	0	0	6	2207	6	5	1
5338	0	0	0	0	5	2192	5	5	0
5337	0	0	0	0	6	2205	6	5	1
5338	0	0	0	0	5	2177	5	5	0
5337	0	0	0	0	6	2186	6	5	1
5334	0	0	0	0	9	2200	9	5	4
5335	0	0	0	0	8	2212	8	5	3
5337	0	0	0	0	6	2200	6	5	1
5338	0	0	0	0	5	2194	5	5	0
5336	0	0	0	0	7	2193	7	5	2
5337	0	0	0	0	6	2190	6	5	1
5338	0	0	0	0	5	2166	5	5	0
5337	0	0	0	0	6	2204	6	5	1
5335	0	0	0	0	8	2222	8	5	3
5337	0	0	0	0	6	2177	6	5	1
5338	0	0	0	0	5	2180	5	5	0
5336	0	0	0	0	7	2242	7	6	1
5337	0	0	0	0	6	2193	6	5	1
5337	0	0	0	0	6	2208	6	5	1
5338	0	0	0	0	5	2191	5	5	0
5337	0	0	0	0	6	2162	6	5	1
5337	0	0	0	0	6	2176	6	5	1
5337	0	0	0	0	6	2175	6	5	1
5338	0	0	0	0	5	2182	5	5	0
5337	0	0	0	0	6	2189	6	5	1
5336	0	0	0	0	7	2195	7	5	2
5337	0	0	0	0	6	2199	6	5	1
5334	0	0	0	0	9	2206	9	5	4
5338	0	0	0	0	5	2143	5	5	0
5337	0	0	0	0	6	2204	6	5	1
5336	0	0	0	0	7	2224	7	6	1
5338	0	0	0	0	5	2174	5	5	0
5337	0	0	0	0	6	2195	6	5	1
5336	0	0	0	0	7	2200	7	5	2
5337	0	0	0	0	6	2182	6	5	1
5337	0	0	0	0	6	2178	6	5	1
5338	0	0	0	0	5	2185	5	5	0
5338	0	0	0	0	5	2186	5	5	0
5338	0	0	0	0	5	2195	5	5	0
5337	0	0	0	0	6	2164	6	5	1
5336	0	0	0	0	7	2211	7	5	2
5337	0	0	0	0	6	2200	6	5	1
5337	0	0	0	0	6	2195	6	5	1
5336	0	0	0	0	7	2213	7	5	2
5337	0	0	0	0	6	2170	6	5	1
5337	0	0	0	0	6	2196	6	5	1
5336	0	0	0	0	7	2193	7	5	2
5338	0	0	0	0	5	2157	5	5	0
5338	0	0	0	0	5	2183	5	5	0
5337	0	0	0	0	6	2182	6	5	1
5337	0	0	0	0	6	2230	6	6	0
5337	0	0	0	0	6	2199	6	5	1
5337	0	0	0	0	6	2186	6	5	1
5337	0	0	0	0	6	2192	6	5	1
5336	0	0	0	0	7	2210	7	5	2
5338	0	0	0	0	5	2178	5	5	0
5334	0	0	0	0	9	2196	9	5	4
5338	0	0	0	0	5	2161	5	5	0
5336	0	0	0	0	7	2203	7	5	2
5337	0	0	0	0	6	2190	6	5	1
5338	0	0	0	0	5	2187	5	5	0
5338	0	0	0	0	5	2190	5	5	0
5338	0	0	0	0	5	2147	5	5	0
5337	0	0	0	0	6	2182	6	5	1
5335	0	0	0	0	8	2245	8	6	2
5337	0	0	0	0	6	2167	6	5	1
5334	0	0	0	0	9	2266	9	7	2
5338	0	0	0	0	5	2173	5	5	0
5338	0	0	0	0	5	2185	5	5	0
5338	0	0	0	0	5	2166	5	5	0
5336	0	0	0	0	7	2202	7	5	2
5337	0	0	0	0	6	2160	6	5	1
5338	0	0	0	0	5	2160	5	5	0
5338	0	0	0	0	5	2183	5	5	0
5335	0	0	0	0	8	2189	8	5	3
5338	0	0	0	0	5	2158	5	5	0
5337	0	0	0	0	6	2170	6	5	1
5338	0	0	0	0	5	2174	5	5	0
5337	0	0	0	0	6	2182	6	5	1
5337	0	0	0	0	6	2195	6	5	1
5338	0	0	0	0	5	2169	5	5	0
5338	0	0	0	0	5	2143	5	5	0
5336	0	0	0	0	7	2217	7	5	2
5338	0	0	0	0	5	2157	5	5	0
5336	0	0	0	0	7	2197	7	6	1
5338	0	0	0	0	5	2192	5	5	0
5338	0	0	0	0	5	2190	5	5	0
5337	0	0	0	0	6	2199	6	5	1
5333	0	0	0	0	10	2221	10	5	5
5338	0	0	0	0	5	2205	5	5	0
5338	0	0	0	0	5	2187	5	5	0
5337	0	0	0	0	6	2199	6	5	1
5336	0	0	0	0	7	2168	7	5	2
5338	0	0	0	0	5	2188	5	5	0
5336	0	0	0	0	7	2208	7	5	2
5338	0	0	0	0	5	2188	5	5	0
5338	0	0	0	0	5	2202	5	5	0
5338	0	0	0	0	5	2177	5	5	0
5335	0	0	0	0	8	2191	8	5	3
5335	0	0	0	0	8	2205	8	5	3
5336	0	0	0	0	7	2214	7	5	2
5338	0	0	0	0	5	2151	5	5	0
5338	0	0	0	0	5	2174	5	5	0
5336	0	0	0	0	7	2182	7	5	2
5336	0	0	0	0	7	2187	7	5	2
5338	0	0	0	0	5	2198	5	5	0
5338	0	0	0	0	5	2185	5	5	0
5336	0	0	0	0	7	2200	7	5	2
5338	0	0	0	0	5	2188	5	5	0
5335	0	0	0	0	8	2163	8	5	3
5338	0	0	0	0	5	2163	5	5	0
5330	0	0	0	0	13	2232	13	6	7
5337	0	0	0	0	6	2199	6	5	1
5338	0	0	0	0	5	2187	5	5	0
5337	0	0	0	0	6	2191	6	5	1
5337	0	0	0	0	6	2188	6	5	1
5337	0	0	0	0	6	2172	6	5	1
5338	0	0	0	0	5	2187	5	5	0
5336	0	0	0	0	7	2212	7	6	1
5338	0	0	0	0	5	2155	5	5	0
5336	0	0	0	0	7	2196	7	5	2
5337	0	0	0	0	6	2200	6	5	1
5337	0	0	0	0	6	2187	6	5	1
5337	0	0	0	0	6	2197	6	5	1
5335	0	0	0	0	8	2185	8	5	3
5338	0	0	0	0	5	2194	5	5	0
5338	0	0	0	0	5	2182	5	5	0
5334	0	0	0	0	9	2199	9	5	4
5336	0	0	0	0	7	2182	7	5	2
5338	0	0	0	0	5	2162	5	5	0
5338	0	0	0	0	5	2163	5	5	0
5337	0	0	0	0	6	2195	6	5	1
5335	0	0	0	0	8	2240	8	6	2
5338	0	0	0	0	5	2194	5	5	0
5338	0	0	0	0	5	2197	5	5	0
5337	0	0	0	0	6	2199	6	5	1
5338	0	0	0	0	5	2178	5	5	0
5338	0	0	0	0	5	2189	5	5	0
5338	0	0	0	0	5	2179	5	5	0
5337	0	0	0	0	6	2180	6	6	0
5338	0	0	0	0	5	2157	5	5	0
5333	0	0	0	0	10	2258	10	5	5
5338	0	0	0	0	5	2184	5	5	0
5334	0	0	0	0	9	2183	9	5	4
5337	0	0	0	0	6	2197	6	5	1
5336	0	0	0	0	7	2210	7	5	2
5335	0	0	0	0	8	2263	8	6	2
5337	0	0	0	0	6	2185	6	5	1
5338	0	0	0	0	5	2186	5	5	0
5338	0	0	0	0	5	2204	5	5	0
5338	0	0	0	0	5	2197	5	5	0
5338	0	0	0	0	5	2192	5	5	0
5338	0	0	0	0	5	2194	5	5	0
5338	0	0	0	0	5	2156	5	5	0
5338	0	0	0	0	5	2194	5	5	0
5336	0	0	0	0	7	2183	7	5	2
5337	0	0	0	0	6	2171	6	5	1
5338	0	0	0	0	5	2200	5	5	0
5333	0	0	0	0	10	2206	10	5	5
5337	0	0	0	0	6	2203	6	5	1
5336	0	0	0	0	7	2188	7	5	2
5336	0	0	0	0	7	2237	7	6	1
5337	0	0	0	0	6	2194	6	5	1
5337	0	0	0	0	6	2202	6	5	1
5338	0	0	0	0	5	2193	5	5	0
5338	0	0	0	0	5	2189	5	5	0
5337	0	0	0	0	6	2196	6	5	1
5336	0	0	0	0	7	2194	7	5	2
5338	0	0	0	0	5	2188	5	5	0
5337	0	0	0	0	6	2190	6	5	1
5335	0	0	0	0	8	2217	8	5	3
5338	0	0	0	0	5	2180	5	5	0
5338	0	0	0	0	5	2154	5	5	0
5338	0	0	0	0	5	2179	5	5	0
5337	0	0	0	0	6	2208	6	5	1
5338	0	0	0	0	5	2165	5	5	0
5338	0	0	0	0	5	2204	5	5	0
5338	0	0	0	0	5	2158	5	5	0
5337	0	0	0	0	6	2159	6	5	1
5336	0	0	0	0	7	2190	7	5	2
5338	0	0	0	0	5	2177	5	5	0
5337	0	0	0	0	6	2177	6	5	1
5337	0	0	0	0	6	2170	6	5	1
5337	0	0	0	0	6	2198	6	5	1
5335	0	0	0	0	8	2206	8	5	3
5338	0	0	0	0	5	2194	5	5	0
5335	0	0	0	0	8	2208	8	5	3
5336	0	0	0	0	7	2187	7	6	1
5337	0	0	0	0	6	2213	6	5	1
5338	0	0	0	0	5	2167	5	5	0
5336	0	0	0	0	7	2180	7	5	2
5338	0	0	0	0	5	2194	5	5	0
5338	0	0	0	0	5	2155	5	5	0
5338	0	0	0	0	5	2152	5	5	0
5338	0	0	0	0	5	2185	5	5	0
5338	0	0	0	0	5	2164	5	5	0
5337	0	0	0	0	6	2193	6	5	1
5337	0	0	0	0	6	2221	6	6	0
5338	0	0	0	0	5	2188	5	5	0
5338	0	0	0	0	5	2182	5	5	0
5338	0	0	0	0	5	2170	5	5	0
5338	0	0	0	0	5	2196	5	5	0
5336	0	0	0	0	7	2212	7	5	2
5338	0	0	0	0	5	2178	5	5	0
5337	0	0	0	0	6	2175	6	5	1
5338	0	0	0	0	5	2169	5	5	0
5338	0	0	0	0	5	2184	5	5	0
5338	0	0	0	0	5	2155	5	5	0
5336	0	0	0	0	7	2239	7	6	1
5334	0	0	0	0	9	2212	9	5	4
5336	0	0	0	0	7	2197	7	5	2
5336	0	0	0	0	7	2243	7	6	1
5337	0	0	0	0	6	2187	6	5	1
5336	0	0	0	0	7	2210	7	5	2
5338	0	0	0	0	5	2171	5	5	0
5336	0	0	0	0	7	2201	7	5	2
5337	0	0	0	0	6	2184	6	5	1
5337	0	0	0	0	6	2184	6	5	1
5337	0	0	0	0	6	2162	6	5	1
5338	0	0	0	0	5	2191	5	5	0
5336	0	0	0	0	7	2200	7	5	2
5338	0	0	0	0	5	2171	5	5	0
5337	0	0	0	0	6	2191	6	5	1
5338	0	0	0	0	5	2192	5	5	0
5337	0	0	0	0	6	2182	6	5	1
5336	0	0	0	0	7	2193	7	5	2
5338	0	0	0	0	5	2201	5	5	0
5338	0	0	0	0	5	2184	5	5	0
5337	0	0	0	0	6	2186	6	5	1
5337	0	0	0	0	6	2203	6	5	1
5338	0	0	0	0	5	2173	5	5	0
5337	0	0	0	0	6	2192	6	5	1
5336	0	0	0	0	7	2196	7	5	2
5337	0	0	0	0	6	2187	6	5	1
5338	0	0	0	0	5	2180	5	5	0
5338	0	0	0	0	5	2200	5	5	0
5335	0	0	0	0	8	2233	8	6	2
5337	0	0	0	0	6	2175	6	5	1
5338	0	0	0	0	5	2203	5	5	0
5338	0	0	0	0	5	2154	5	5	0
5338	0	0	0	0	5	2170	5	5	0
5338	0	0	0	0	5	2173	5	5	0
5336	0	0	0	0	7	2207	7	5	2
5338	0	0	0	0	5	2170	5	5	0
5338	0	0	0	0	5	2162	5	5	0
5335	0	0	0	0	8	2213	8	5	3
5337	0	0	0	0	6	2207	6	5	1
5337	0	0	0	0	6	2209	6	5	1
5338	0	0	0	0	5	2177	5	5	0
5338	0	0	0	0	5	2172	5	5	0
5338	0	0	0	0	5	2189	5	5	0
5336	0	0	0	0	7	2192	7	5	2
5338	0	0	0	0	5	2161	5	5	0
5336	0	0	0	0	7	2180	7	5	2
5336	0	0	0	0	7	2198	7	5	2
5337	0	0	0	0	6	2186	6	5	1
5337	0	0	0	0	6	2176	6	5	1
5337	0	0	0	0	6	2200	6	5	1
5336	0	0	0	0	7	2205	7	5	2
5337	0	0	0	0	6	2200	6	5	1
5335	0	0	0	0	8	2248	8	7	1
5337	0	0	0	0	6	2210	6	5	1
5336	0	0	0	0	7	2228	7	5	2
5338	0	0	0	0	5	2160	5	5	0
5338	0	0	0	0	5	2138	5	5	0
5338	0	0	0	0	5	2186	5	5	0
5337	0	0	0	0	6	2167	6	5	1
5337	0	0	0	0	6	2192	6	5	1
5338	0	0	0	0	5	2192	5	5	0
5338	0	0	0	0	5	2174	5	5	0
5338	0	0	0	0	5	2162	5	5	0
5336	0	0	0	0	7	2198	7	5	2
5337	0	0	0	0	6	2146	6	5	1
5338	0	0	0	0	5	2177	5	5	0
5336	0	0	0	0	7	2226	7	5	2
5336	0	0	0	0	7	2178	7	5	2
5338	0	0	0	0	5	2169	5	5	0
5337	0	0	0	0	6	2187	6	5	1
5336	0	0	0	0	7	2204	7	5	2
5338	0	0	0	0	5	2184	5	5	0
5336	0	0	0	0	7	2170	7	5	2
5336	0	0	0	0	7	2184	7	5	2
5338	0	0	0	0	5	2175	5	5	0
5335	0	0	0	0	8	2223	8	5	3
5338	0	0	0	0	5	2191	5	5	0
5337	0	0	0	0	6	2169	6	5	1
5334	0	0	0	0	9	2244	9	5	4
5338	0	0	0	0	5	2186	5	5	0
5338	0	0	0	0	5	2183	5	5	0
5338	0	0	0	0	5	2182	5	5	0
5337	0	0	0	0	6	2193	6	5	1
5337	0	0	0	0	6	2214	6	6	0
5337	0	0	0	0	6	2156	6	5	1
5338	0	0	0	0	5	2189	5	5	0
5336	0	0	0	0	7	2209	7	5	2
5336	0	0	0	0	7	2200	7	5	2
5335	0	0	0	0	8	2220	8	5	3
5338	0	0	0	0	5	2169	5	5	0
5338	0	0	0	0	5	2202	5	5	0
5337	0	0	0	0	6	2175	6	5	1
5338	0	0	0	0	5	2158	5	5	0
5336	0	0	0	0	7	2207	7	5	2
5338	0	0	0	0	5	2197	5	5	0
5338	0	0	0	0	5	2193	5	5	0
5337	0	0	0	0	6	2178	6	5	1
5336	0	0	0	0	7	2202	7	5	2
5338	0	0	0	0	5	2196	5	5	0
5338	0	0	0	0	5	2172	5	5	0
5338	0	0	0	0	5	2179	5	5	0
5336	0	0	0	0	7	2222	7	6	1
5338	0	0	0	0	5	2164	5	5	0
5338	0	0	0	0	5	2187	5	5	0
5338	0	0	0	0	5	2181	5	5	0
5337	0	0	0	0	6	2192	6	5	1
5338	0	0	0	0	5	2163	5	5	0
5337	0	0	0	0	6	2199	6	5	1
5335	0	0	0	0	8	2225	8	5	3
5337	0	0	0	0	6	2172	6	5	1
5338	0	0	0	0	5	2175	5	5	0
5336	0	0	0	0	7	2201	7	5	2
5337	0	0	0	0	6	2196	6	5	1
5337	0	0	0	0	6	2209	6	6	0
5338	0	0	0	0	5	2167	5	5	0
5333	0	0	0	0	10	2246	10	6	4
5334	0	0	0	0	9	2204	9	6	3
5336	0	0	0	0	7	2190	7	5	2
5336	0	0	0	0	7	2210	7	5	2
5338	0	0	0	0	5	2156	5	5	0
5336	0	0	0	0	7	2202	7	5	2
5337	0	0	0	0	6	2202	6	5	1
5337	0	0	0	0	6	2210	6	5	1
5336	0	0	0	0	7	2160	7	5	2
5338	0	0	0	0	5	2144	5	5	0
5338	0	0	0	0	5	2179	5	5	0
5338	0	0	0	0	5	2169	5	5	0
5338	0	0	0	0	5	2177	5	5	0
5336	0	0	0	0	7	2176	7	5	2
5338	0	0	0	0	5	2167	5	5	0
5338	0	0	0	0	5	2183	5	5	0
5336	0	0	0	0	7	2218	7	5	2
5336	0	0	0	0	7	2214	7	5	2
5337	0	0	0	0	6	2200	6	5	1
5338	0	0	0	0	5	2193	5	5	0
5338	0	0	0	0	5	2210	5	5	0
5337	0	0	0	0	6	2181	6	5	1
5338	0	0	0	0	5	2190	5	5	0
5334	0	0	0	0	9	2203	9	5	4
5337	0	0	0	0	6	2183	6	5	1
5336	0	0	0	0	7	2198	7	5	2
5338	0	0	0	0	5	2173	5	5	0
5337	0	0	0	0	6	2196	6	5	1
5335	0	0	0	0	8	2188	8	5	3
5336	0	0	0	0	7	2206	7	5	2
5338	0	0	0	0	5	2157	5	5	0
5338	0	0	0	0	5	2186	5	5	0
5338	0	0	0	0	5	2179	5	5	0
5338	0	0	0	0	5	2176	5	5	0
5336	0	0	0	0	7	2233	7	6	1
5338	0	0	0	0	5	2165	5	5	0
5338	0	0	0	0	5	2187	5	5	0
5337	0	0	0	0	6	2201	6	5	1
