5338	0	0	0	0	5	2681	5	5	0
5337	0	0	0	0	6	2685	6	6	0
5338	0	0	0	0	5	2675	5	5	0
5334	0	0	0	0	9	2682	9	9	0
5336	0	0	0	0	7	2684	7	7	0
5337	0	0	0	0	6	2674	6	5	1
5336	0	0	0	0	7	2679	7	7	0
5327	0	0	0	0	16	2704	16	15	1
5338	0	0	0	0	5	2676	5	5	0
5336	0	0	0	0	7	2683	7	7	0
5336	0	0	0	0	7	2685	7	7	0
5338	0	0	0	0	5	2677	5	5	0
5338	0	0	0	0	5	2678	5	5	0
5332	0	0	0	0	11	2691	11	11	0
5337	0	0	0	0	6	2676	6	5	1
5335	0	0	0	0	8	2684	8	8	0
5333	0	0	0	0	10	2696	10	8	2
5338	0	0	0	0	5	2676	5	5	0
5338	0	0	0	0	5	2681	5	5	0
5335	0	0	0	0	8	2681	8	7	1
5338	0	0	0	0	5	2678	5	5	0
5338	0	0	0	0	5	2686	5	5	0
5335	0	0	0	0	8	2683	8	8	0
5337	0	0	0	0	6	2682	6	5	1
5337	0	0	0	0	6	2690	6	5	1
5338	0	0	0	0	5	2679	5	5	0
5334	0	0	0	0	9	2688	9	9	0
5337	0	0	0	0	6	2686	6	5	1
5337	0	0	0	0	6	2681	6	6	0
5338	0	0	0	0	5	2683	5	5	0
5338	0	0	0	0	5	2682	5	5	0
5333	0	0	0	0	10	2686	10	10	0
5336	0	0	0	0	7	2683	7	7	0
5335	0	0	0	0	8	2697	8	8	0
5328	0	0	0	0	15	2692	15	14	1
5333	0	0	0	0	10	2692	10	9	1
5338	0	0	0	0	5	2694	5	5	0
5338	0	0	0	0	5	2688	5	5	0
5335	0	0	0	0	8	2682	8	7	1
5338	0	0	0	0	5	2692	5	5	0
5336	0	0	0	0	7	2675	7	6	1
5338	0	0	0	0	5	2676	5	5	0
5336	0	0	0	0	7	2684	7	6	1
5337	0	0	0	0	6	2683	6	6	0
5337	0	0	0	0	6	2674	6	6	0
5337	0	0	0	0	6	2698	6	6	0
5335	0	0	0	0	8	2687	8	8	0
5336	0	0	0	0	7	2686	7	7	0
5328	0	0	0	0	15	2707	15	14	1
5335	0	0	0	0	8	2697	8	8	0
5333	0	0	0	0	10	2680	10	9	1
5336	0	0	0	0	7	2689	7	7	0
5338	0	0	0	0	5	2679	5	5	0
5338	0	0	0	0	5	2679	5	5	0
5334	0	0	0	0	9	2680	9	8	1
5335	0	0	0	0	8	2691	8	8	0
5335	0	0	0	0	8	2680	8	6	2
5336	0	0	0	0	7	2692	7	6	1
5337	0	0	0	0	6	2684	6	6	0
5329	0	0	0	0	14	2695	14	13	1
5329	0	0	0	0	14	2694	14	14	0
5337	0	0	0	0	6	2682	6	5	1
5336	0	0	0	0	7	2685	7	6	1
5334	0	0	0	0	9	2691	9	9	0
5336	0	0	0	0	7	2674	7	6	1
5335	0	0	0	0	8	2683	8	7	1
5337	0	0	0	0	6	2676	6	6	0
5329	0	0	0	0	14	2690	14	12	2
5326	0	0	0	0	17	2703	17	17	0
5336	0	0	0	0	7	2686	7	7	0
5331	0	0	0	0	12	2692	12	12	0
5337	0	0	0	0	6	2675	6	5	1
5337	0	0	0	0	6	2675	6	5	1
5338	0	0	0	0	5	2676	5	5	0
5336	0	0	0	0	7	2690	7	7	0
5334	0	0	0	0	9	2688	9	9	0
5335	0	0	0	0	8	2691	8	7	1
5338	0	0	0	0	5	2685	5	5	0
5338	0	0	0	0	5	2682	5	5	0
5335	0	0	0	0	8	2690	8	8	0
5337	0	0	0	0	6	2683	6	6	0
5333	0	0	0	0	10	2688	10	10	0
5337	0	0	0	0	6	2678	6	5	1
5336	0	0	0	0	7	2682	7	7	0
5337	0	0	0	0	6	2685	6	5	1
5335	0	0	0	0	8	2689	8	8	0
5337	0	0	0	0	6	2683	6	6	0
5338	0	0	0	0	5	2674	5	5	0
5336	0	0	0	0	7	2688	7	7	0
5336	0	0	0	0	7	2675	7	7	0
5334	0	0	0	0	9	2695	9	9	0
5336	0	0	0	0	7	2690	7	7	0
5337	0	0	0	0	6	2682	6	6	0
5336	0	0	0	0	7	2687	7	7	0
5338	0	0	0	0	5	2676	5	5	0
5338	0	0	0	0	5	2678	5	5	0
5336	0	0	0	0	7	2673	7	7	0
5335	0	0	0	0	8	2679	8	6	2
5338	0	0	0	0	5	2678	5	5	0
5336	0	0	0	0	7	2677	7	7	0
5337	0	0	0	0	6	2687	6	6	0
5337	0	0	0	0	6	2677	6	6	0
5332	0	0	0	0	11	2692	11	11	0
5338	0	0	0	0	5	2682	5	5	0
5332	0	0	0	0	11	2692	11	11	0
5331	0	0	0	0	12	2690	12	12	0
5332	0	0	0	0	11	2697	11	10	1
5337	0	0	0	0	6	2687	6	5	1
5336	0	0	0	0	7	2688	7	7	0
5333	0	0	0	0	10	2693	10	9	1
5336	0	0	0	0	7	2674	7	7	0
5333	0	0	0	0	10	2692	10	8	2
5335	0	0	0	0	8	2681	8	8	0
5332	0	0	0	0	11	2680	11	11	0
5333	0	0	0	0	10	2685	10	10	0
5334	0	0	0	0	9	2689	9	9	0
5338	0	0	0	0	5	2679	5	5	0
5338	0	0	0	0	5	2679	5	5	0
5336	0	0	0	0	7	2688	7	7	0
5333	0	0	0	0	10	2685	10	10	0
5337	0	0	0	0	6	2685	6	6	0
5328	0	0	0	0	15	2712	15	15	0
5330	0	0	0	0	13	2690	13	11	2
5333	0	0	0	0	10	2702	10	8	2
5331	0	0	0	0	12	2687	12	12	0
5337	0	0	0	0	6	2690	6	5	1
5326	0	0	0	0	17	2703	17	17	0
5338	0	0	0	0	5	2674	5	5	0
5338	0	0	0	0	5	2675	5	5	0
5338	0	0	0	0	5	2675	5	5	0
5331	0	0	0	0	12	2709	12	11	1
5333	0	0	0	0	10	2702	10	9	1
5329	0	0	0	0	14	2702	14	14	0
5338	0	0	0	0	5	2680	5	5	0
5335	0	0	0	0	8	2684	8	8	0
5332	0	0	0	0	11	2692	11	9	2
5333	0	0	0	0	10	2687	10	10	0
5338	0	0	0	0	5	2678	5	5	0
5336	0	0	0	0	7	2686	7	7	0
5338	0	0	0	0	5	2683	5	5	0
5323	0	0	0	0	20	2706	20	20	0
5338	0	0	0	0	5	2687	5	5	0
5337	0	0	0	0	6	2679	6	6	0
5337	0	0	0	0	6	2683	6	6	0
5324	0	0	0	0	19	2711	19	17	2
5324	0	0	0	0	19	2691	19	17	2
5335	0	0	0	0	8	2697	8	7	1
5335	0	0	0	0	8	2683	8	8	0
5337	0	0	0	0	6	2679	6	6	0
5337	0	0	0	0	6	2681	6	5	1
5337	0	0	0	0	6	2680	6	6	0
5330	0	0	0	0	13	2698	13	12	1
5333	0	0	0	0	10	2701	10	7	3
5337	0	0	0	0	6	2676	6	5	1
5337	0	0	0	0	6	2678	6	6	0
5335	0	0	0	0	8	2690	8	8	0
5333	0	0	0	0	10	2692	10	10	0
5330	0	0	0	0	13	2699	13	13	0
5331	0	0	0	0	12	2694	12	12	0
5336	0	0	0	0	7	2677	7	6	1
5337	0	0	0	0	6	2679	6	6	0
5328	0	0	0	0	15	2689	15	15	0
5336	0	0	0	0	7	2680	7	7	0
5326	0	0	0	0	17	2689	17	17	0
5334	0	0	0	0	9	2678	9	8	1
5335	0	0	0	0	8	2693	8	7	1
5332	0	0	0	0	11	2690	11	10	1
5336	0	0	0	0	7	2676	7	7	0
5337	0	0	0	0	6	2685	6	6	0
5335	0	0	0	0	8	2690	8	7	1
5337	0	0	0	0	6	2679	6	6	0
5337	0	0	0	0	6	2683	6	6	0
5337	0	0	0	0	6	2682	6	6	0
5337	0	0	0	0	6	2687	6	6	0
5337	0	0	0	0	6	2681	6	6	0
5336	0	0	0	0	7	2686	7	7	0
5333	0	0	0	0	10	2697	10	10	0
5338	0	0	0	0	5	2681	5	5	0
5337	0	0	0	0	6	2671	6	6	0
5336	0	0	0	0	7	2690	7	7	0
5338	0	0	0	0	5	2682	5	5	0
5326	0	0	0	0	17	2711	17	16	1
5338	0	0	0	0	5	2681	5	5	0
5336	0	0	0	0	7	2679	7	7	0
5337	0	0	0	0	6	2686	6	6	0
5338	0	0	0	0	5	2676	5	5	0
5338	0	0	0	0	5	2673	5	5	0
5336	0	0	0	0	7	2682	7	7	0
5337	0	0	0	0	6	2683	6	6	0
5337	0	0	0	0	6	2685	6	6	0
5335	0	0	0	0	8	2685	8	7	1
5336	0	0	0	0	7	2683	7	6	1
5337	0	0	0	0	6	2684	6	5	1
5331	0	0	0	0	12	2697	12	11	1
5336	0	0	0	0	7	2679	7	7	0
5325	0	0	0	0	18	2700	18	16	2
5338	0	0	0	0	5	2675	5	5	0
5337	0	0	0	0	6	2684	6	5	1
5334	0	0	0	0	9	2690	9	8	1
5338	0	0	0	0	5	2680	5	5	0
5337	0	0	0	0	6	2682	6	6	0
5338	0	0	0	0	5	2671	5	5	0
5334	0	0	0	0	9	2687	9	9	0
5335	0	0	0	0	8	2686	8	7	1
5337	0	0	0	0	6	2681	6	5	1
5326	0	0	0	0	17	2703	17	15	2
5334	0	0	0	0	9	2690	9	9	0
5335	0	0	0	0	8	2688	8	8	0
5338	0	0	0	0	5	2679	5	5	0
5336	0	0	0	0	7	2685	7	7	0
5337	0	0	0	0	6	2677	6	6	0
5338	0	0	0	0	5	2677	5	5	0
5336	0	0	0	0	7	2684	7	7	0
5335	0	0	0	0	8	2683	8	7	1
5335	0	0	0	0	8	2679	8	8	0
5337	0	0	0	0	6	2676	6	6	0
5334	0	0	0	0	9	2688	9	9	0
5337	0	0	0	0	6	2679	6	6	0
5332	0	0	0	0	11	2685	11	11	0
5337	0	0	0	0	6	2681	6	6	0
5338	0	0	0	0	5	2670	5	5	0
5327	0	0	0	0	16	2698	16	15	1
5338	0	0	0	0	5	2674	5	5	0
5338	0	0	0	0	5	2673	5	5	0
5337	0	0	0	0	6	2682	6	6	0
5338	0	0	0	0	5	2683	5	5	0
5331	0	0	0	0	12	2703	12	10	2
5335	0	0	0	0	8	2685	8	7	1
5337	0	0	0	0	6	2689	6	6	0
5338	0	0	0	0	5	2681	5	5	0
5336	0	0	0	0	7	2681	7	7	0
5332	0	0	0	0	11	2679	11	10	1
5338	0	0	0	0	5	2677	5	5	0
5337	0	0	0	0	6	2681	6	6	0
5338	0	0	0	0	5	2678	5	5	0
5337	0	0	0	0	6	2684	6	6	0
5333	0	0	0	0	10	2688	10	10	0
5335	0	0	0	0	8	2682	8	6	2
5335	0	0	0	0	8	2691	8	8	0
5338	0	0	0	0	5	2685	5	5	0
5338	0	0	0	0	5	2674	5	5	0
5337	0	0	0	0	6	2680	6	6	0
5336	0	0	0	0	7	2684	7	7	0
5329	0	0	0	0	14	2695	14	14	0
5328	0	0	0	0	15	2694	15	15	0
5337	0	0	0	0	6	2684	6	6	0
5336	0	0	0	0	7	2686	7	6	1
5334	0	0	0	0	9	2694	9	8	1
5336	0	0	0	0	7	2677	7	7	0
5338	0	0	0	0	5	2677	5	5	0
5335	0	0	0	0	8	2688	8	7	1
5333	0	0	0	0	10	2695	10	10	0
5338	0	0	0	0	5	2682	5	5	0
5326	0	0	0	0	17	2711	17	17	0
5336	0	0	0	0	7	2682	7	6	1
5336	0	0	0	0	7	2681	7	6	1
5337	0	0	0	0	6	2684	6	6	0
5331	0	0	0	0	12	2687	12	11	1
5338	0	0	0	0	5	2672	5	5	0
5316	0	0	0	0	27	2717	27	26	1
5337	0	0	0	0	6	2689	6	6	0
5334	0	0	0	0	9	2698	9	9	0
5337	0	0	0	0	6	2678	6	5	1
5336	0	0	0	0	7	2682	7	5	2
5337	0	0	0	0	6	2681	6	6	0
5337	0	0	0	0	6	2686	6	6	0
5334	0	0	0	0	9	2685	9	7	2
5337	0	0	0	0	6	2685	6	6	0
5338	0	0	0	0	5	2674	5	5	0
5332	0	0	0	0	11	2683	11	11	0
5335	0	0	0	0	8	2688	8	8	0
5336	0	0	0	0	7	2681	7	7	0
5335	0	0	0	0	8	2683	8	8	0
5326	0	0	0	0	17	2706	17	16	1
5338	0	0	0	0	5	2681	5	5	0
5338	0	0	0	0	5	2677	5	5	0
5337	0	0	0	0	6	2686	6	6	0
5338	0	0	0	0	5	2680	5	5	0
5338	0	0	0	0	5	2673	5	5	0
5336	0	0	0	0	7	2680	7	7	0
5335	0	0	0	0	8	2689	8	7	1
5338	0	0	0	0	5	2678	5	5	0
5332	0	0	0	0	11	2679	11	10	1
5334	0	0	0	0	9	2692	9	8	1
5337	0	0	0	0	6	2687	6	5	1
5335	0	0	0	0	8	2694	8	8	0
5336	0	0	0	0	7	2685	7	6	1
5328	0	0	0	0	15	2687	15	15	0
5336	0	0	0	0	7	2688	7	7	0
5332	0	0	0	0	11	2695	11	11	0
5336	0	0	0	0	7	2694	7	7	0
5337	0	0	0	0	6	2687	6	6	0
5337	0	0	0	0	6	2675	6	6	0
5338	0	0	0	0	5	2687	5	5	0
5338	0	0	0	0	5	2678	5	5	0
5337	0	0	0	0	6	2674	6	5	1
5334	0	0	0	0	9	2688	9	9	0
5333	0	0	0	0	10	2686	10	9	1
5336	0	0	0	0	7	2689	7	7	0
5331	0	0	0	0	12	2692	12	10	2
5338	0	0	0	0	5	2679	5	5	0
5338	0	0	0	0	5	2682	5	5	0
5336	0	0	0	0	7	2686	7	7	0
5332	0	0	0	0	11	2696	11	11	0
5338	0	0	0	0	5	2679	5	5	0
5337	0	0	0	0	6	2686	6	6	0
5336	0	0	0	0	7	2687	7	6	1
5334	0	0	0	0	9	2694	9	9	0
5337	0	0	0	0	6	2684	6	6	0
5336	0	0	0	0	7	2690	7	5	2
5335	0	0	0	0	8	2680	8	8	0
5338	0	0	0	0	5	2673	5	5	0
5338	0	0	0	0	5	2678	5	5	0
5334	0	0	0	0	9	2698	9	8	1
5337	0	0	0	0	6	2684	6	6	0
5337	0	0	0	0	6	2682	6	6	0
5337	0	0	0	0	6	2679	6	6	0
5338	0	0	0	0	5	2676	5	5	0
5336	0	0	0	0	7	2681	7	7	0
5337	0	0	0	0	6	2682	6	6	0
5336	0	0	0	0	7	2679	7	7	0
5329	0	0	0	0	14	2684	14	13	1
5335	0	0	0	0	8	2693	8	8	0
5330	0	0	0	0	13	2692	13	11	2
5336	0	0	0	0	7	2681	7	7	0
5336	0	0	0	0	7	2682	7	6	1
5336	0	0	0	0	7	2679	7	7	0
5338	0	0	0	0	5	2687	5	5	0
5335	0	0	0	0	8	2677	8	8	0
5337	0	0	0	0	6	2676	6	6	0
5338	0	0	0	0	5	2680	5	5	0
5336	0	0	0	0	7	2676	7	7	0
5338	0	0	0	0	5	2674	5	5	0
5338	0	0	0	0	5	2686	5	5	0
5336	0	0	0	0	7	2677	7	7	0
5337	0	0	0	0	6	2681	6	6	0
5337	0	0	0	0	6	2689	6	6	0
5338	0	0	0	0	5	2680	5	5	0
5333	0	0	0	0	10	2688	10	10	0
5337	0	0	0	0	6	2677	6	6	0
5336	0	0	0	0	7	2687	7	7	0
5334	0	0	0	0	9	2701	9	7	2
5338	0	0	0	0	5	2680	5	5	0
5335	0	0	0	0	8	2678	8	8	0
5338	0	0	0	0	5	2678	5	5	0
5338	0	0	0	0	5	2677	5	5	0
5334	0	0	0	0	9	2679	9	9	0
5337	0	0	0	0	6	2692	6	6	0
5335	0	0	0	0	8	2680	8	8	0
5332	0	0	0	0	11	2697	11	9	2
5335	0	0	0	0	8	2682	8	7	1
5338	0	0	0	0	5	2681	5	5	0
5338	0	0	0	0	5	2686	5	5	0
5338	0	0	0	0	5	2678	5	5	0
5324	0	0	0	0	19	2705	19	18	1
5328	0	0	0	0	15	2693	15	15	0
5337	0	0	0	0	6	2679	6	5	1
5331	0	0	0	0	12	2682	12	11	1
5333	0	0	0	0	10	2693	10	10	0
5332	0	0	0	0	11	2692	11	11	0
5338	0	0	0	0	5	2676	5	5	0
5332	0	0	0	0	11	2693	11	10	1
5330	0	0	0	0	13	2690	13	13	0
5337	0	0	0	0	6	2681	6	6	0
5335	0	0	0	0	8	2690	8	8	0
5336	0	0	0	0	7	2691	7	7	0
5334	0	0	0	0	9	2685	9	9	0
5337	0	0	0	0	6	2685	6	6	0
5338	0	0	0	0	5	2683	5	5	0
5337	0	0	0	0	6	2679	6	6	0
5332	0	0	0	0	11	2685	11	10	1
5334	0	0	0	0	9	2694	9	8	1
5329	0	0	0	0	14	2701	14	12	2
5332	0	0	0	0	11	2697	11	11	0
5336	0	0	0	0	7	2687	7	7	0
5334	0	0	0	0	9	2685	9	8	1
5333	0	0	0	0	10	2684	10	9	1
5337	0	0	0	0	6	2690	6	6	0
5337	0	0	0	0	6	2673	6	6	0
5337	0	0	0	0	6	2674	6	6	0
5338	0	0	0	0	5	2680	5	5	0
5332	0	0	0	0	11	2694	11	9	2
5338	0	0	0	0	5	2679	5	5	0
5338	0	0	0	0	5	2677	5	5	0
5336	0	0	0	0	7	2684	7	6	1
5336	0	0	0	0	7	2681	7	7	0
5333	0	0	0	0	10	2686	10	10	0
5338	0	0	0	0	5	2683	5	5	0
5337	0	0	0	0	6	2681	6	6	0
5337	0	0	0	0	6	2683	6	6	0
5337	0	0	0	0	6	2684	6	5	1
5338	0	0	0	0	5	2677	5	5	0
5336	0	0	0	0	7	2678	7	6	1
5337	0	0	0	0	6	2687	6	6	0
5337	0	0	0	0	6	2679	6	6	0
5338	0	0	0	0	5	2680	5	5	0
5328	0	0	0	0	15	2706	15	13	2
5336	0	0	0	0	7	2692	7	5	2
5333	0	0	0	0	10	2692	10	10	0
5334	0	0	0	0	9	2683	9	9	0
5335	0	0	0	0	8	2689	8	7	1
5333	0	0	0	0	10	2693	10	8	2
5338	0	0	0	0	5	2673	5	5	0
5338	0	0	0	0	5	2672	5	5	0
5332	0	0	0	0	11	2689	11	11	0
5338	0	0	0	0	5	2671	5	5	0
5338	0	0	0	0	5	2682	5	5	0
5338	0	0	0	0	5	2684	5	5	0
5337	0	0	0	0	6	2682	6	6	0
5338	0	0	0	0	5	2678	5	5	0
5332	0	0	0	0	11	2690	11	10	1
5338	0	0	0	0	5	2670	5	5	0
5338	0	0	0	0	5	2681	5	5	0
5333	0	0	0	0	10	2699	10	9	1
5337	0	0	0	0	6	2682	6	5	1
5337	0	0	0	0	6	2679	6	6	0
5337	0	0	0	0	6	2678	6	6	0
5335	0	0	0	0	8	2685	8	6	2
5327	0	0	0	0	16	2712	16	16	0
5337	0	0	0	0	6	2678	6	5	1
5332	0	0	0	0	11	2688	11	9	2
5337	0	0	0	0	6	2683	6	6	0
5332	0	0	0	0	11	2690	11	10	1
5336	0	0	0	0	7	2681	7	7	0
5335	0	0	0	0	8	2680	8	8	0
5328	0	0	0	0	15	2715	15	12	3
5333	0	0	0	0	10	2690	10	10	0
5336	0	0	0	0	7	2681	7	7	0
5338	0	0	0	0	5	2680	5	5	0
5332	0	0	0	0	11	2693	11	10	1
5338	0	0	0	0	5	2674	5	5	0
5329	0	0	0	0	14	2677	14	14	0
5338	0	0	0	0	5	2680	5	5	0
5337	0	0	0	0	6	2681	6	6	0
5337	0	0	0	0	6	2681	6	6	0
5318	0	0	0	0	25	2734	25	24	1
5336	0	0	0	0	7	2676	7	7	0
5336	0	0	0	0	7	2690	7	7	0
5338	0	0	0	0	5	2679	5	5	0
5336	0	0	0	0	7	2673	7	7	0
5327	0	0	0	0	16	2726	16	15	1
5337	0	0	0	0	6	2684	6	6	0
5330	0	0	0	0	13	2692	13	13	0
5336	0	0	0	0	7	2682	7	6	1
5333	0	0	0	0	10	2693	10	9	1
5338	0	0	0	0	5	2689	5	5	0
5338	0	0	0	0	5	2681	5	5	0
5338	0	0	0	0	5	2683	5	5	0
5329	0	0	0	0	14	2698	14	13	1
5337	0	0	0	0	6	2678	6	6	0
5336	0	0	0	0	7	2685	7	7	0
5336	0	0	0	0	7	2682	7	7	0
5336	0	0	0	0	7	2692	7	6	1
5335	0	0	0	0	8	2680	8	8	0
5333	0	0	0	0	10	2683	10	9	1
5327	0	0	0	0	16	2698	16	13	3
5337	0	0	0	0	6	2681	6	6	0
5336	0	0	0	0	7	2676	7	7	0
5330	0	0	0	0	13	2690	13	12	1
5330	0	0	0	0	13	2689	13	11	2
5337	0	0	0	0	6	2679	6	6	0
5338	0	0	0	0	5	2680	5	5	0
5326	0	0	0	0	17	2708	17	15	2
5334	0	0	0	0	9	2676	9	8	1
5333	0	0	0	0	10	2686	10	8	2
5333	0	0	0	0	10	2693	10	9	1
5331	0	0	0	0	12	2682	12	12	0
5332	0	0	0	0	11	2690	11	10	1
5335	0	0	0	0	8	2690	8	8	0
5338	0	0	0	0	5	2683	5	5	0
5337	0	0	0	0	6	2674	6	5	1
5337	0	0	0	0	6	2674	6	6	0
5338	0	0	0	0	5	2679	5	5	0
5338	0	0	0	0	5	2678	5	5	0
5335	0	0	0	0	8	2679	8	8	0
5338	0	0	0	0	5	2678	5	5	0
5330	0	0	0	0	13	2690	13	13	0
5331	0	0	0	0	12	2699	12	12	0
5335	0	0	0	0	8	2691	8	6	2
5334	0	0	0	0	9	2689	9	8	1
5337	0	0	0	0	6	2689	6	5	1
5338	0	0	0	0	5	2681	5	5	0
5338	0	0	0	0	5	2695	5	5	0
5335	0	0	0	0	8	2693	8	8	0
5335	0	0	0	0	8	2686	8	8	0
5335	0	0	0	0	8	2688	8	7	1
5336	0	0	0	0	7	2691	7	7	0
5330	0	0	0	0	13	2693	13	12	1
5338	0	0	0	0	5	2675	5	5	0
5338	0	0	0	0	5	2677	5	5	0
5331	0	0	0	0	12	2688	12	9	3
5337	0	0	0	0	6	2679	6	6	0
5335	0	0	0	0	8	2676	8	8	0
5336	0	0	0	0	7	2692	7	7	0
5338	0	0	0	0	5	2679	5	5	0
5338	0	0	0	0	5	2678	5	5	0
5337	0	0	0	0	6	2686	6	6	0
5335	0	0	0	0	8	2676	8	8	0
5336	0	0	0	0	7	2686	7	7	0
5335	0	0	0	0	8	2689	8	8	0
