5338	0	0	0	0	5	377	5	5	0
5336	0	0	0	0	7	375	7	6	1
5336	0	0	0	0	7	390	7	5	2
5333	0	0	0	0	10	379	10	9	1
5330	0	0	0	0	13	481	13	9	4
5334	0	0	0	0	9	346	9	6	3
5327	0	0	0	0	16	547	16	13	3
5302	0	0	0	0	41	741	41	31	10
5336	0	0	0	0	7	396	7	5	2
5333	0	0	0	0	10	417	10	9	1
5333	0	0	0	0	10	395	10	8	2
5330	0	0	0	0	13	426	13	9	4
5331	0	0	0	0	12	449	12	10	2
5322	0	0	0	0	21	500	21	19	2
5316	0	0	0	0	27	527	27	22	5
5324	0	0	0	0	19	569	19	12	7
5330	0	0	0	0	13	464	13	11	2
5330	0	0	0	0	13	397	13	9	4
5337	0	0	0	0	6	421	6	5	1
5317	0	0	0	0	26	463	26	19	7
5337	0	0	0	0	6	377	6	5	1
5331	0	0	0	0	12	535	12	8	4
5333	0	0	0	0	10	426	10	10	0
5330	0	0	0	0	13	427	13	8	5
5333	0	0	0	0	10	480	10	6	4
5337	0	0	0	0	6	443	6	6	0
5331	0	0	0	0	12	441	12	9	3
5326	0	0	0	0	17	527	17	11	6
5335	0	0	0	0	8	394	8	7	1
5337	0	0	0	0	6	422	6	6	0
5325	0	0	0	0	18	504	18	13	5
5320	0	0	0	0	23	451	23	22	1
5327	0	0	0	0	16	403	16	12	4
5332	0	0	0	0	11	430	11	10	1
5322	0	0	0	0	21	502	21	16	5
5325	0	0	0	0	18	482	18	16	2
5338	0	0	0	0	5	411	5	5	0
5338	0	0	0	0	5	418	5	5	0
5310	0	0	0	0	33	499	33	26	7
5328	0	0	0	0	15	485	15	14	1
5335	0	0	0	0	8	373	8	7	1
5338	0	0	0	0	5	335	5	5	0
5327	0	0	0	0	16	509	16	10	6
5326	0	0	0	0	17	553	17	12	5
5333	0	0	0	0	10	388	10	8	2
5334	0	0	0	0	9	571	9	7	2
5326	0	0	0	0	17	388	17	15	2
5330	0	0	0	0	13	492	13	9	4
5312	0	0	0	0	31	489	31	24	7
5321	0	0	0	0	22	557	22	14	8
5327	0	0	0	0	16	352	16	14	2
5284	0	0	0	0	59	798	59	51	8
5335	0	0	0	0	8	393	8	6	2
5338	0	0	0	0	5	412	5	5	0
5328	0	0	0	0	15	464	15	12	3
5323	0	0	0	0	20	522	20	18	2
5326	0	0	0	0	17	395	17	13	4
5329	0	0	0	0	14	491	14	10	4
5332	0	0	0	0	11	416	11	9	2
5330	0	0	0	0	13	467	13	11	2
5304	0	0	0	0	39	553	39	34	5
5332	0	0	0	0	11	366	11	8	3
5329	0	0	0	0	14	439	14	11	3
5327	0	0	0	0	16	445	16	12	4
5335	0	0	0	0	8	315	8	6	2
5334	0	0	0	0	9	399	9	7	2
5335	0	0	0	0	8	354	8	7	1
5326	0	0	0	0	17	382	17	12	5
5314	0	0	0	0	29	584	29	24	5
5328	0	0	0	0	15	470	15	11	4
5325	0	0	0	0	18	506	18	16	2
5336	0	0	0	0	7	358	7	5	2
5336	0	0	0	0	7	372	7	5	2
5338	0	0	0	0	5	336	5	5	0
5334	0	0	0	0	9	419	9	7	2
5332	0	0	0	0	11	377	11	9	2
5322	0	0	0	0	21	452	21	18	3
5330	0	0	0	0	13	470	13	11	2
5321	0	0	0	0	22	498	22	17	5
5330	0	0	0	0	13	519	13	9	4
5321	0	0	0	0	22	494	22	20	2
5326	0	0	0	0	17	494	17	15	2
5317	0	0	0	0	26	507	26	20	6
5333	0	0	0	0	10	359	10	9	1
5336	0	0	0	0	7	411	7	6	1
5329	0	0	0	0	14	438	14	10	4
5332	0	0	0	0	11	504	11	7	4
5338	0	0	0	0	5	335	5	5	0
5334	0	0	0	0	9	446	9	8	1
5333	0	0	0	0	10	349	10	9	1
5324	0	0	0	0	19	512	19	17	2
5335	0	0	0	0	8	400	8	7	1
5332	0	0	0	0	11	453	11	9	2
5335	0	0	0	0	8	397	8	7	1
5331	0	0	0	0	12	401	12	8	4
5337	0	0	0	0	6	432	6	5	1
5332	0	0	0	0	11	387	11	9	2
5334	0	0	0	0	9	430	9	6	3
5337	0	0	0	0	6	362	6	5	1
5330	0	0	0	0	13	429	13	10	3
5316	0	0	0	0	27	651	27	23	4
5336	0	0	0	0	7	422	7	7	0
5323	0	0	0	0	20	510	20	18	2
5330	0	0	0	0	13	502	13	9	4
5318	0	0	0	0	25	472	25	21	4
5327	0	0	0	0	16	503	16	14	2
5328	0	0	0	0	15	548	15	11	4
5331	0	0	0	0	12	452	12	9	3
5333	0	0	0	0	10	456	10	6	4
5328	0	0	0	0	15	447	15	12	3
5336	0	0	0	0	7	319	7	7	0
5331	0	0	0	0	12	502	12	8	4
5330	0	0	0	0	13	432	13	11	2
5329	0	0	0	0	14	435	14	13	1
5325	0	0	0	0	18	430	18	12	6
5324	0	0	0	0	19	490	19	16	3
5335	0	0	0	0	8	386	8	5	3
5325	0	0	0	0	18	517	18	13	5
5313	0	0	0	0	30	627	30	27	3
5317	0	0	0	0	26	659	26	18	8
5334	0	0	0	0	9	472	9	8	1
5314	0	0	0	0	29	573	29	21	8
5322	0	0	0	0	21	456	21	16	5
5328	0	0	0	0	15	433	15	10	5
5317	0	0	0	0	26	681	26	20	6
5337	0	0	0	0	6	429	6	5	1
5316	0	0	0	0	27	554	27	22	5
5336	0	0	0	0	7	369	7	5	2
5324	0	0	0	0	19	496	19	15	4
5337	0	0	0	0	6	379	6	5	1
5315	0	0	0	0	28	556	28	22	6
5318	0	0	0	0	25	540	25	17	8
5316	0	0	0	0	27	564	27	25	2
5338	0	0	0	0	5	420	5	5	0
5306	0	0	0	0	37	688	37	28	9
5321	0	0	0	0	22	511	22	18	4
5311	0	0	0	0	32	590	32	27	5
5332	0	0	0	0	11	376	11	7	4
5336	0	0	0	0	7	405	7	7	0
5315	0	0	0	0	28	721	28	18	10
5317	0	0	0	0	26	474	26	26	0
5326	0	0	0	0	17	487	17	13	4
5337	0	0	0	0	6	415	6	6	0
5335	0	0	0	0	8	444	8	6	2
5313	0	0	0	0	30	456	30	20	10
5318	0	0	0	0	25	484	25	18	7
5327	0	0	0	0	16	516	16	13	3
5323	0	0	0	0	20	468	20	15	5
5329	0	0	0	0	14	441	14	8	6
5330	0	0	0	0	13	475	13	8	5
5337	0	0	0	0	6	351	6	6	0
5328	0	0	0	0	15	460	15	12	3
5326	0	0	0	0	17	550	17	9	8
5336	0	0	0	0	7	405	7	5	2
5335	0	0	0	0	8	415	8	7	1
5327	0	0	0	0	16	546	16	13	3
5323	0	0	0	0	20	423	20	16	4
5326	0	0	0	0	17	552	17	15	2
5326	0	0	0	0	17	511	17	14	3
5327	0	0	0	0	16	365	16	14	2
5313	0	0	0	0	30	476	30	28	2
5319	0	0	0	0	24	451	24	21	3
5331	0	0	0	0	12	419	12	10	2
5317	0	0	0	0	26	606	26	24	2
5329	0	0	0	0	14	457	14	10	4
5320	0	0	0	0	23	476	23	17	6
5324	0	0	0	0	19	496	19	13	6
5337	0	0	0	0	6	287	6	6	0
5336	0	0	0	0	7	461	7	6	1
5326	0	0	0	0	17	458	17	12	5
5330	0	0	0	0	13	445	13	9	4
5316	0	0	0	0	27	480	27	25	2
5320	0	0	0	0	23	459	23	18	5
5318	0	0	0	0	25	654	25	20	5
5334	0	0	0	0	9	389	9	7	2
5333	0	0	0	0	10	450	10	9	1
5332	0	0	0	0	11	474	11	10	1
5335	0	0	0	0	8	420	8	7	1
5335	0	0	0	0	8	352	8	6	2
5330	0	0	0	0	13	443	13	10	3
5334	0	0	0	0	9	459	9	7	2
5315	0	0	0	0	28	523	28	24	4
5312	0	0	0	0	31	479	31	27	4
5332	0	0	0	0	11	402	11	8	3
5320	0	0	0	0	23	479	23	17	6
5337	0	0	0	0	6	409	6	5	1
5336	0	0	0	0	7	329	7	5	2
5333	0	0	0	0	10	468	10	10	0
5303	0	0	0	0	40	628	40	37	3
5306	0	0	0	0	37	636	37	33	4
5328	0	0	0	0	15	467	15	13	2
5335	0	0	0	0	8	447	8	7	1
5337	0	0	0	0	6	418	6	5	1
5325	0	0	0	0	18	509	18	12	6
5316	0	0	0	0	27	654	27	25	2
5304	0	0	0	0	39	558	39	30	9
5338	0	0	0	0	5	364	5	5	0
5326	0	0	0	0	17	483	17	12	5
5329	0	0	0	0	14	411	14	9	5
5327	0	0	0	0	16	469	16	14	2
5337	0	0	0	0	6	414	6	6	0
5338	0	0	0	0	5	339	5	5	0
5332	0	0	0	0	11	408	11	9	2
5311	0	0	0	0	32	548	32	23	9
5337	0	0	0	0	6	353	6	5	1
5324	0	0	0	0	19	483	19	16	3
5329	0	0	0	0	14	457	14	11	3
5328	0	0	0	0	15	470	15	11	4
5338	0	0	0	0	5	344	5	5	0
5325	0	0	0	0	18	528	18	15	3
5330	0	0	0	0	13	367	13	11	2
5335	0	0	0	0	8	363	8	6	2
5336	0	0	0	0	7	405	7	7	0
5333	0	0	0	0	10	397	10	7	3
5333	0	0	0	0	10	347	10	9	1
5332	0	0	0	0	11	406	11	9	2
5332	0	0	0	0	11	376	11	10	1
5333	0	0	0	0	10	393	10	7	3
5319	0	0	0	0	24	546	24	18	6
5329	0	0	0	0	14	425	14	13	1
5336	0	0	0	0	7	345	7	7	0
5311	0	0	0	0	32	573	32	29	3
5337	0	0	0	0	6	330	6	5	1
5337	0	0	0	0	6	329	6	5	1
5334	0	0	0	0	9	422	9	7	2
5329	0	0	0	0	14	450	14	12	2
5331	0	0	0	0	12	483	12	11	1
5323	0	0	0	0	20	541	20	13	7
5329	0	0	0	0	14	474	14	11	3
5332	0	0	0	0	11	425	11	7	4
5328	0	0	0	0	15	421	15	10	5
5320	0	0	0	0	23	464	23	19	4
5331	0	0	0	0	12	502	12	10	2
5325	0	0	0	0	18	449	18	15	3
5337	0	0	0	0	6	412	6	5	1
5332	0	0	0	0	11	478	11	9	2
5332	0	0	0	0	11	422	11	10	1
5320	0	0	0	0	23	489	23	16	7
5317	0	0	0	0	26	569	26	21	5
5324	0	0	0	0	19	516	19	14	5
5338	0	0	0	0	5	322	5	5	0
5335	0	0	0	0	8	416	8	6	2
5329	0	0	0	0	14	461	14	10	4
5317	0	0	0	0	26	505	26	23	3
5326	0	0	0	0	17	499	17	16	1
5333	0	0	0	0	10	457	10	7	3
5333	0	0	0	0	10	408	10	7	3
5320	0	0	0	0	23	477	23	23	0
5330	0	0	0	0	13	342	13	8	5
5337	0	0	0	0	6	381	6	6	0
5310	0	0	0	0	33	509	33	20	13
5331	0	0	0	0	12	470	12	11	1
5333	0	0	0	0	10	473	10	8	2
5317	0	0	0	0	26	496	26	22	4
5316	0	0	0	0	27	463	27	21	6
5330	0	0	0	0	13	426	13	10	3
5328	0	0	0	0	15	413	15	15	0
5320	0	0	0	0	23	504	23	19	4
5336	0	0	0	0	7	362	7	6	1
5304	0	0	0	0	39	692	39	34	5
5324	0	0	0	0	19	533	19	15	4
5330	0	0	0	0	13	496	13	11	2
5332	0	0	0	0	11	441	11	8	3
5324	0	0	0	0	19	388	19	12	7
5329	0	0	0	0	14	457	14	12	2
5332	0	0	0	0	11	375	11	9	2
5325	0	0	0	0	18	451	18	12	6
5321	0	0	0	0	22	492	22	18	4
5337	0	0	0	0	6	400	6	5	1
5328	0	0	0	0	15	325	15	14	1
5324	0	0	0	0	19	488	19	13	6
5318	0	0	0	0	25	728	25	17	8
5334	0	0	0	0	9	437	9	8	1
5317	0	0	0	0	26	544	26	22	4
5320	0	0	0	0	23	504	23	15	8
5330	0	0	0	0	13	442	13	11	2
5337	0	0	0	0	6	432	6	6	0
5338	0	0	0	0	5	373	5	5	0
5329	0	0	0	0	14	331	14	11	3
5336	0	0	0	0	7	384	7	7	0
5317	0	0	0	0	26	522	26	20	6
5334	0	0	0	0	9	403	9	6	3
5319	0	0	0	0	24	438	24	18	6
5329	0	0	0	0	14	484	14	11	3
5328	0	0	0	0	15	507	15	10	5
5308	0	0	0	0	35	661	35	24	11
5330	0	0	0	0	13	453	13	10	3
5325	0	0	0	0	18	493	18	17	1
5317	0	0	0	0	26	481	26	23	3
5318	0	0	0	0	25	470	25	18	7
5335	0	0	0	0	8	428	8	7	1
5335	0	0	0	0	8	403	8	6	2
5336	0	0	0	0	7	346	7	6	1
5338	0	0	0	0	5	407	5	5	0
5332	0	0	0	0	11	400	11	8	3
5337	0	0	0	0	6	371	6	5	1
5326	0	0	0	0	17	586	17	15	2
5318	0	0	0	0	25	447	25	17	8
5333	0	0	0	0	10	465	10	8	2
5325	0	0	0	0	18	467	18	15	3
5329	0	0	0	0	14	511	14	11	3
5329	0	0	0	0	14	451	14	9	5
5328	0	0	0	0	15	493	15	11	4
5310	0	0	0	0	33	514	33	31	2
5337	0	0	0	0	6	441	6	5	1
5335	0	0	0	0	8	390	8	7	1
5334	0	0	0	0	9	426	9	6	3
5334	0	0	0	0	9	496	9	9	0
5331	0	0	0	0	12	465	12	10	2
5331	0	0	0	0	12	497	12	8	4
5335	0	0	0	0	8	380	8	8	0
5338	0	0	0	0	5	321	5	5	0
5332	0	0	0	0	11	440	11	10	1
5330	0	0	0	0	13	490	13	10	3
5336	0	0	0	0	7	416	7	6	1
5337	0	0	0	0	6	431	6	6	0
5336	0	0	0	0	7	378	7	6	1
5333	0	0	0	0	10	361	10	7	3
5310	0	0	0	0	33	513	33	32	1
5329	0	0	0	0	14	444	14	11	3
5328	0	0	0	0	15	361	15	13	2
5326	0	0	0	0	17	390	17	15	2
5324	0	0	0	0	19	550	19	14	5
5325	0	0	0	0	18	487	18	12	6
5333	0	0	0	0	10	448	10	9	1
5331	0	0	0	0	12	448	12	9	3
5334	0	0	0	0	9	393	9	6	3
5336	0	0	0	0	7	428	7	5	2
5333	0	0	0	0	10	347	10	9	1
5328	0	0	0	0	15	438	15	11	4
5337	0	0	0	0	6	462	6	6	0
5335	0	0	0	0	8	329	8	7	1
5338	0	0	0	0	5	338	5	5	0
5323	0	0	0	0	20	530	20	17	3
5336	0	0	0	0	7	367	7	7	0
5331	0	0	0	0	12	449	12	10	2
5328	0	0	0	0	15	534	15	12	3
5338	0	0	0	0	5	387	5	5	0
5326	0	0	0	0	17	468	17	14	3
5332	0	0	0	0	11	379	11	9	2
5331	0	0	0	0	12	467	12	10	2
5323	0	0	0	0	20	521	20	14	6
5338	0	0	0	0	5	369	5	5	0
5320	0	0	0	0	23	449	23	16	7
5338	0	0	0	0	5	368	5	5	0
5337	0	0	0	0	6	424	6	5	1
5333	0	0	0	0	10	362	10	10	0
5336	0	0	0	0	7	481	7	5	2
5307	0	0	0	0	36	578	36	28	8
5329	0	0	0	0	14	445	14	10	4
5323	0	0	0	0	20	548	20	16	4
5333	0	0	0	0	10	440	10	6	4
5334	0	0	0	0	9	423	9	6	3
5331	0	0	0	0	12	406	12	9	3
5310	0	0	0	0	33	571	33	27	6
5313	0	0	0	0	30	564	30	26	4
5336	0	0	0	0	7	421	7	6	1
5325	0	0	0	0	18	448	18	13	5
5329	0	0	0	0	14	456	14	11	3
5325	0	0	0	0	18	471	18	13	5
5337	0	0	0	0	6	358	6	5	1
5326	0	0	0	0	17	449	17	13	4
5320	0	0	0	0	23	537	23	19	4
5334	0	0	0	0	9	411	9	7	2
5324	0	0	0	0	19	443	19	14	5
5330	0	0	0	0	13	443	13	7	6
5318	0	0	0	0	25	533	25	23	2
5328	0	0	0	0	15	466	15	10	5
5320	0	0	0	0	23	528	23	17	6
5335	0	0	0	0	8	424	8	6	2
5317	0	0	0	0	26	612	26	24	2
5331	0	0	0	0	12	511	12	9	3
5323	0	0	0	0	20	513	20	17	3
5329	0	0	0	0	14	446	14	11	3
5326	0	0	0	0	17	483	17	15	2
5308	0	0	0	0	35	626	35	30	5
5330	0	0	0	0	13	431	13	10	3
5332	0	0	0	0	11	467	11	8	3
5337	0	0	0	0	6	310	6	6	0
5336	0	0	0	0	7	359	7	6	1
5329	0	0	0	0	14	435	14	14	0
5322	0	0	0	0	21	518	21	16	5
5333	0	0	0	0	10	389	10	7	3
5331	0	0	0	0	12	379	12	12	0
5321	0	0	0	0	22	513	22	15	7
5327	0	0	0	0	16	413	16	12	4
5326	0	0	0	0	17	482	17	13	4
5337	0	0	0	0	6	360	6	5	1
5335	0	0	0	0	8	383	8	7	1
5327	0	0	0	0	16	441	16	14	2
5330	0	0	0	0	13	493	13	9	4
5338	0	0	0	0	5	330	5	5	0
5334	0	0	0	0	9	358	9	7	2
5324	0	0	0	0	19	656	19	12	7
5315	0	0	0	0	28	466	28	21	7
5337	0	0	0	0	6	377	6	5	1
5322	0	0	0	0	21	621	21	17	4
5333	0	0	0	0	10	428	10	6	4
5319	0	0	0	0	24	544	24	19	5
5325	0	0	0	0	18	462	18	11	7
5333	0	0	0	0	10	474	10	9	1
5326	0	0	0	0	17	521	17	14	3
5338	0	0	0	0	5	317	5	5	0
5338	0	0	0	0	5	277	5	5	0
5330	0	0	0	0	13	441	13	12	1
5335	0	0	0	0	8	354	8	6	2
5321	0	0	0	0	22	508	22	19	3
5338	0	0	0	0	5	383	5	5	0
5337	0	0	0	0	6	377	6	6	0
5335	0	0	0	0	8	354	8	6	2
5323	0	0	0	0	20	515	20	17	3
5337	0	0	0	0	6	299	6	5	1
5337	0	0	0	0	6	409	6	6	0
5324	0	0	0	0	19	490	19	13	6
5332	0	0	0	0	11	384	11	6	5
5336	0	0	0	0	7	374	7	6	1
5331	0	0	0	0	12	505	12	7	5
5328	0	0	0	0	15	481	15	10	5
5315	0	0	0	0	28	599	28	26	2
5335	0	0	0	0	8	381	8	6	2
5323	0	0	0	0	20	427	20	15	5
5332	0	0	0	0	11	419	11	7	4
5321	0	0	0	0	22	504	22	15	7
5333	0	0	0	0	10	458	10	9	1
5319	0	0	0	0	24	516	24	22	2
5321	0	0	0	0	22	535	22	15	7
5330	0	0	0	0	13	448	13	12	1
5319	0	0	0	0	24	588	24	21	3
5332	0	0	0	0	11	455	11	9	2
5322	0	0	0	0	21	503	21	20	1
5337	0	0	0	0	6	451	6	6	0
5326	0	0	0	0	17	334	17	15	2
5338	0	0	0	0	5	397	5	5	0
5327	0	0	0	0	16	535	16	13	3
5326	0	0	0	0	17	427	17	9	8
5301	0	0	0	0	42	574	42	34	8
5333	0	0	0	0	10	387	10	7	3
5331	0	0	0	0	12	513	12	10	2
5333	0	0	0	0	10	373	10	8	2
5329	0	0	0	0	14	368	14	12	2
5297	0	0	0	0	46	606	46	42	4
5330	0	0	0	0	13	440	13	9	4
5323	0	0	0	0	20	498	20	18	2
5331	0	0	0	0	12	386	12	9	3
5319	0	0	0	0	24	564	24	18	6
5334	0	0	0	0	9	491	9	7	2
5335	0	0	0	0	8	337	8	6	2
5325	0	0	0	0	18	465	18	15	3
5317	0	0	0	0	26	592	26	20	6
5333	0	0	0	0	10	396	10	8	2
5333	0	0	0	0	10	388	10	8	2
5336	0	0	0	0	7	409	7	7	0
5334	0	0	0	0	9	423	9	6	3
5331	0	0	0	0	12	356	12	8	4
5329	0	0	0	0	14	451	14	12	2
5318	0	0	0	0	25	522	25	16	9
5329	0	0	0	0	14	438	14	10	4
5333	0	0	0	0	10	405	10	8	2
5318	0	0	0	0	25	461	25	19	6
5327	0	0	0	0	16	476	16	13	3
5325	0	0	0	0	18	526	18	15	3
5337	0	0	0	0	6	344	6	5	1
5311	0	0	0	0	32	645	32	24	8
5327	0	0	0	0	16	492	16	13	3
5327	0	0	0	0	16	457	16	13	3
5328	0	0	0	0	15	483	15	12	3
5331	0	0	0	0	12	348	12	12	0
5322	0	0	0	0	21	469	21	16	5
5323	0	0	0	0	20	509	20	15	5
5330	0	0	0	0	13	473	13	11	2
5335	0	0	0	0	8	350	8	6	2
5336	0	0	0	0	7	336	7	6	1
5334	0	0	0	0	9	426	9	8	1
5336	0	0	0	0	7	349	7	6	1
5333	0	0	0	0	10	423	10	8	2
5325	0	0	0	0	18	456	18	12	6
5324	0	0	0	0	19	403	19	17	2
5313	0	0	0	0	30	594	30	25	5
5333	0	0	0	0	10	479	10	7	3
5331	0	0	0	0	12	479	12	9	3
5336	0	0	0	0	7	434	7	6	1
5333	0	0	0	0	10	412	10	7	3
5330	0	0	0	0	13	504	13	11	2
5334	0	0	0	0	9	418	9	8	1
5331	0	0	0	0	12	457	12	10	2
5322	0	0	0	0	21	467	21	12	9
5333	0	0	0	0	10	421	10	8	2
5318	0	0	0	0	25	551	25	21	4
5338	0	0	0	0	5	396	5	5	0
5333	0	0	0	0	10	446	10	8	2
5327	0	0	0	0	16	448	16	12	4
5320	0	0	0	0	23	500	23	20	3
5335	0	0	0	0	8	349	8	8	0
5322	0	0	0	0	21	503	21	18	3
5336	0	0	0	0	7	416	7	6	1
5337	0	0	0	0	6	352	6	5	1
5326	0	0	0	0	17	613	17	14	3
5332	0	0	0	0	11	356	11	9	2
5332	0	0	0	0	11	444	11	7	4
5313	0	0	0	0	30	569	30	28	2
