3198	8737
27763	71986
3197	9102
5757	9801
25032	42856
3334	12230
31529	52508
10343	27731
28728	68172
10293	23943
31955	61463
2850	9557
26870	49487
22	313
58	369
27671	38227
0	0
2401	9122
24664	37478
22050	36409
78	1972
5687	17523
253	1063
795	1612
33511	51785
30558	54261
21557	54325
19417	22319
29844	57722
4609	13439
31843	58873
2110	3996
34301	69902
4618	14017
20038	47622
0	240
25240	40193
2712	9715
0	0
588	564
5803	26439
6602	11344
4550	16948
4808	12971
143	3424
100	144
25500	44724
2503	7504
27505	48175
20206	30618
1225	5267
2369	6700
3242	10764
32286	62548
1992	2246
127	633
32010	69509
1958	13021
14512	27522
1093	2768
784	3883
3762	11645
23888	41766
415	2503
1020	1945
3722	16417
4265	22388
27656	58724
30159	56650
15826	31151
3293	15674
30041	67634
1887	3012
5257	9856
32630	46118
28761	43300
4156	18460
1010	1598
1598	5856
34919	62561
26159	29696
2264	7534
8846	10958
34651	83138
28227	59355
21004	29793
23279	37670
257	1911
16361	19826
23309	26803
4650	15447
20961	56405
29319	63689
2171	3911
26791	59273
34844	75870
863	1574
27214	56621
22181	52647
2044	7171
219	1567
27374	46542
7015	7694
3164	11607
161	1487
1288	6934
10	57
22563	42946
22678	50395
20884	36623
108	1441
25627	54064
692	1960
1775	4694
1588	4839
29763	57366
442	1125
23841	46505
3120	7256
29415	57594
608	5537
492	1383
27848	39665
31082	64779
29424	51638
24885	42695
2612	4438
23458	41521
217	854
26413	65213
855	3168
25253	47398
23577	38302
1353	740
950	1906
32041	59436
32687	75653
2352	4929
29105	49411
3002	6540
94	505
1207	1403
2252	6545
2094	10517
23673	52970
33871	68638
903	3555
5786	26306
96	969
343	402
25937	53083
2376	9436
3598	5993
302	1162
3220	8329
26920	55325
4441	9772
29554	54208
3218	8501
235	2192
3558	5600
31980	60984
3999	12666
3333	15274
31307	47901
891	3877
14981	20363
175	407
2332	13992
265	772
22957	45638
23632	42436
162	1560
180	1710
878	4596
30937	60857
1667	7336
28457	48114
730	4043
7119	30810
25983	37358
727	2576
26522	69292
6412	23130
29153	53881
5006	14633
20883	45177
29577	55710
32337	75689
23821	36190
814	1399
2937	8810
6050	19017
8099	27141
26835	54750
2304	4198
27437	56287
19	65
31914	74105
27612	39288
25477	56395
27578	61290
3162	9095
24001	32864
6283	22597
25123	26839
14379	38268
1698	2288
27033	48809
2012	6536
11786	14170
3576	15227
32609	64808
36762	77684
410	240
1278	2837
3309	5927
1922	13914
8252	25290
4576	9421
23740	46709
932	7220
4870	9877
1520	6809
4684	14629
18892	38474
2185	4162
3392	7727
32495	61335
4133	13979
29934	57755
4495	15400
27229	68387
484	2533
7217	20582
22795	51563
3522	14802
1549	5054
26061	46733
1012	1448
22596	37056
26567	56914
24427	41194
28346	51259
1920	2216
1482	8018
25075	43861
3348	3721
33595	63924
20454	38576
5742	10055
2742	6686
26479	45521
31363	55623
2830	11359
2383	9321
0	480
26952	43638
25607	58156
1380	5119
35281	69831
28760	47583
352	3386
24722	49538
1402	4626
31804	62383
6361	8551
589	2050
2521	2948
2597	7401
27978	49003
29010	58936
1046	1040
34893	76016
1159	1186
787	934
34320	67048
4344	15641
587	1906
513	3161
491	386
1530	3848
913	2492
457	3117
1204	4768
23531	40219
363	115
4191	14032
608	539
1543	2489
24120	44646
27897	68272
3971	10054
26266	43489
1173	4197
18455	27325
434	1175
31565	55672
312	781
32635	63262
4154	16344
4258	6736
28425	45474
23649	45663
21748	35813
31064	54573
2535	8501
1883	8487
3064	10356
9892	21570
3418	9127
20331	32621
23583	35533
20987	28514
3593	7478
24750	38668
7885	21118
37	0
30252	81011
4000	7942
22938	53149
26200	65431
26030	52388
385	2579
953	5554
18951	27372
18606	39621
938	1971
1235	4015
24048	65190
747	1539
2776	6501
32716	59203
7073	25958
2579	7981
221	2962
4145	15554
0	94
5042	10893
25618	49817
2002	7109
7577	10053
1311	1745
4953	14252
5981	11342
34306	70643
173	442
1772	3132
35258	61046
33213	58028
1451	4241
801	2660
27592	55915
24815	57150
32683	64589
7027	23798
24467	43475
23402	38022
100	961
3064	5638
0	85
5880	9080
1876	4138
24952	49428
25255	37938
6329	23279
134	1707
14182	19984
2918	12434
5083	18561
1570	1960
3970	9894
3303	5628
210	256
24683	57430
26953	62403
26491	44897
26801	54712
615	2295
770	6219
4123	19953
23739	37769
22941	29459
1323	3517
4112	4668
3940	6828
245	3998
28412	57376
24011	46797
29713	54774
22682	24609
28643	70201
7873	12461
50	773
26739	46539
5669	21956
23820	43091
32264	55063
26331	55230
1602	4978
295	1602
33898	59679
236	301
34478	65782
6118	14880
3576	12783
7783	24864
2032	4683
171	1871
19174	39055
277	3013
28809	46714
3070	11988
8741	15032
3896	7710
360	5463
337	4008
4418	23090
31834	49303
5282	12481
241	2747
30100	63276
27091	30827
0	380
13551	31363
29083	52681
10394	34913
4559	16819
30966	61551
3542	7008
1201	5051
1479	4327
35789	58166
106	293
23719	35348
25544	53838
372	3226
30089	56870
22940	58431
860	1036
2271	6412
31606	57609
19584	25737
2613	9414
791	2346
1745	4948
649	2422
26262	44139
19858	24594
21303	30866
1095	2976
8116	29703
3113	3978
7998	23650
20436	41474
379	3263
1439	1810
210	623
436	2875
23559	39186
28558	63197
3901	13960
30339	54088
2269	2652
1611	3404
553	2251
22714	31278
23245	50141
32750	60362
645	2720
4042	12492
1672	3249
1715	2040
110	786
1058	2482
37810	69002
29139	57632
26534	28531
19603	36042
20009	40156
25863	46960
28563	47178
0	0
23959	35891
22609	31482
3549	14944
1316	5839
616	1873
2987	12594
14034	18665
99	721
4541	11321
3886	4939
343	905
137	5941
1366	2107
27935	48560
1717	315
123	2180
5715	20218
