2162	1908	1610	1539	552	369
966	604	966	604	0	0
826	237	826	237	0	0
546	2845	546	2845	0	0
579	517	579	517	0	0
822	2100	791	1916	31	184
4414	8862	4054	5698	360	3164
1569	5125	1399	3717	170	1408
578	191	578	191	0	0
4050	7884	3501	6046	549	1838
495	779	351	779	144	0
2769	9636	2769	9636	0	0
334	2246	334	2246	0	0
282	3442	282	3442	0	0
47	3216	47	3216	0	0
5018	4803	4763	3772	255	1031
202	560	202	560	0	0
2242	2486	2227	2418	15	68
479	996	479	996	0	0
965	5576	776	3553	189	2023
313	2245	313	2245	0	0
1583	10107	1131	9712	452	395
443	66	443	66	0	0
1444	7423	1444	7423	0	0
536	1156	536	1156	0	0
15380	12201	10637	8928	4743	3273
2738	8409	1933	7323	805	1086
2311	1676	2311	1676	0	0
5762	5949	5217	4981	545	968
151	472	151	472	0	0
1094	1285	1094	1285	0	0
2029	7244	1767	7244	262	0
289	318	289	318	0	0
413	720	413	720	0	0
2790	2410	2790	2410	0	0
282	3442	282	3442	0	0
1257	809	1257	809	0	0
239	2397	239	2397	0	0
139	3687	139	3687	0	0
52	335	52	335	0	0
1045	508	973	508	72	0
184	91	184	91	0	0
5955	6158	5443	6133	512	25
702	3066	702	3066	0	0
551	2463	523	2463	28	0
153	197	153	197	0	0
1641	1465	1641	1465	0	0
2505	5682	2073	3744	432	1938
1410	3483	1410	3483	0	0
380	4617	317	3829	63	788
1976	3311	1269	796	707	2515
1656	2007	1122	1116	534	891
492	652	390	467	102	185
2884	1201	2143	1201	741	0
745	1093	567	454	178	639
178	3677	178	3677	0	0
4966	5068	3952	4527	1014	541
5135	3275	4767	1918	368	1357
2913	2179	2811	1918	102	261
581	1230	581	1230	0	0
494	2994	436	2994	58	0
756	1578	434	675	322	903
1204	1178	1191	1178	13	0
364	1369	364	1369	0	0
1094	1645	992	1460	102	185
4	434	4	434	0	0
1206	5978	939	5426	267	552
325	4073	325	4073	0	0
704	508	704	508	0	0
772	3999	599	2578	173	1421
1031	7287	610	6727	421	560
4507	7297	2842	4562	1665	2735
2268	2509	2033	2509	235	0
4720	2704	4401	2704	319	0
20989	8989	17612	7911	3377	1078
677	3612	291	2725	386	887
148	1564	148	1564	0	0
1408	3288	1408	3288	0	0
1737	3813	1737	3813	0	0
2886	1778	2820	1322	66	456
1674	1201	1674	1201	0	0
810	4885	679	4601	131	284
4369	3239	4317	3239	52	0
757	1461	757	1461	0	0
2360	1511	1926	917	434	594
4470	1805	4384	1805	86	0
739	682	739	682	0	0
146	2152	82	1139	64	1013
145	488	145	488	0	0
1549	7059	1212	6999	337	60
2755	4483	2315	2830	440	1653
1803	3893	1803	3893	0	0
3594	10740	2687	9897	907	843
1575	1955	603	1315	972	640
4771	3730	3726	3382	1045	348
620	1275	620	1275	0	0
372	3268	325	2593	47	675
8137	4130	6492	2848	1645	1282
1654	4535	551	3435	1103	1100
400	1114	400	1100	0	14
713	1791	713	1791	0	0
2020	1461	1708	1391	312	70
3611	12203	2907	8398	704	3805
1459	9552	689	5633	770	3919
146	1187	146	1187	0	0
766	1525	766	1525	0	0
16	1238	16	1238	0	0
2687	1212	2068	1006	619	206
3354	11952	3232	11253	122	699
7154	9539	6199	8537	955	1002
58	835	58	835	0	0
1185	5845	1184	5544	1	301
644	1345	644	1345	0	0
2315	1773	2110	1602	205	171
884	1284	499	106	385	1178
1042	493	1042	493	0	0
298	91	298	91	0	0
5874	1467	5358	1179	516	288
1146	2666	777	2666	369	0
2343	1712	1289	1489	1054	223
201	2845	201	2845	0	0
329	4901	329	4901	0	0
5260	8927	4794	8418	466	509
19435	14195	14855	8578	4580	5617
3933	2940	3468	2895	465	45
887	193	887	193	0	0
2298	3069	2096	1755	202	1314
456	489	456	489	0	0
16	685	16	685	0	0
1089	388	1089	388	0	0
668	27	668	27	0	0
524	5051	524	5051	0	0
684	5767	537	3671	147	2096
1031	140	1031	140	0	0
443	66	443	66	0	0
643	550	552	435	91	115
586	1274	586	1274	0	0
2662	5817	2367	5463	295	354
2056	1063	2056	960	0	103
1517	4807	907	2693	610	2114
248	2176	248	2176	0	0
260	1447	201	1065	59	382
1054	1360	1020	1348	34	12
504	547	445	421	59	126
320	1842	320	1842	0	0
255	2600	237	2180	18	420
1013	2802	987	2802	26	0
1969	5288	1601	3033	368	2255
282	3442	282	3442	0	0
420	947	420	947	0	0
4193	6311	4157	6209	36	102
647	71	647	71	0	0
364	1400	364	1400	0	0
1021	767	1021	767	0	0
2561	3646	2018	3646	543	0
1649	2053	1607	1753	42	300
305	1187	305	1187	0	0
14995	8013	11291	6142	3704	1871
1569	4119	1569	4119	0	0
1141	3489	1141	3489	0	0
4	83	4	83	0	0
1249	5562	1249	5562	0	0
3679	4911	3038	4585	641	326
2576	6995	1990	6844	586	151
4964	3109	3489	2023	1475	1086
295	3258	295	3258	0	0
409	414	409	414	0	0
792	1462	622	1338	170	124
969	5329	822	4921	147	408
536	183	536	183	0	0
477	1010	477	1010	0	0
2116	1052	1974	1052	142	0
36	199	36	199	0	0
128	745	128	745	0	0
354	973	134	843	220	130
1754	8744	1161	6790	593	1954
2214	9819	2100	8704	114	1115
935	2690	480	2690	455	0
324	1277	324	1277	0	0
1134	2264	1134	2264	0	0
13	335	13	335	0	0
568	2676	568	2676	0	0
13751	8438	11570	8223	2181	215
4047	8228	3864	7931	183	297
8222	2670	7555	2670	667	0
2827	2817	2055	1722	772	1095
1039	10	1039	10	0	0
3894	6796	3276	4185	618	2611
4954	3234	4868	3234	86	0
551	3005	441	1949	110	1056
171	140	171	140	0	0
250	1081	250	1081	0	0
1534	6653	1487	6223	47	430
1299	2880	1016	1636	283	1244
889	3036	889	3036	0	0
1021	4610	585	2746	436	1864
4598	1420	4358	1420	240	0
337	1839	337	1839	0	0
6614	5316	6538	5192	76	124
5197	1986	4780	1877	417	109
1725	2951	1376	2951	349	0
642	4660	642	4660	0	0
496	278	496	278	0	0
808	1879	808	1706	0	173
819	1863	819	1863	0	0
3519	897	2374	868	1145	29
2091	6751	1750	4634	341	2117
455	1535	419	927	36	608
1435	1320	1435	1320	0	0
402	2175	402	2175	0	0
119	861	119	861	0	0
428	2997	428	2904	0	93
5907	9521	4192	6546	1715	2975
102	168	102	168	0	0
972	920	972	920	0	0
29	153	29	153	0	0
890	1652	695	1450	195	202
546	3073	546	3073	0	0
3882	11057	3151	6293	731	4764
1989	3357	1565	2601	424	756
752	5455	752	5200	0	255
2180	5821	1983	4030	197	1791
1084	1013	697	1013	387	0
2088	5868	2084	5848	4	20
1921	8174	1625	6009	296	2165
555	1664	555	1664	0	0
3635	4167	3635	4167	0	0
1118	2580	932	2580	186	0
2901	4336	2901	4336	0	0
3004	4036	2215	2555	789	1481
160	1767	160	1767	0	0
398	1409	253	912	145	497
111	176	111	176	0	0
610	1779	610	1779	0	0
6470	16673	5694	13373	776	3300
2217	957	2148	854	69	103
472	3701	472	1453	0	2248
376	584	376	584	0	0
285	42	285	42	0	0
1360	1841	1360	1841	0	0
477	2382	477	2382	0	0
1806	1383	1806	1383	0	0
6578	3940	6151	3698	427	242
10697	3571	7978	2855	2719	716
102	168	102	168	0	0
1763	6788	1682	6191	81	597
339	252	337	252	2	0
1365	2121	1034	2121	331	0
5884	5284	5141	3976	743	1308
898	668	657	553	241	115
554	1566	454	1566	100	0
1943	2000	1442	1932	501	68
3535	3019	3273	2354	262	665
12831	7734	11936	7050	895	684
3023	3173	2757	3173	266	0
430	1148	430	1148	0	0
316	2499	316	2499	0	0
476	1614	476	1614	0	0
3123	340	2882	340	241	0
1899	1259	922	1259	977	0
745	1499	154	1001	591	498
5189	8207	3894	7636	1295	571
561	1776	561	1776	0	0
6049	6133	5074	5379	975	754
1796	3961	1796	3961	0	0
1756	9493	1655	8736	101	757
3033	3251	2827	2797	206	454
100	1299	51	1299	49	0
2170	6011	1546	3017	624	2994
325	1833	325	1833	0	0
775	5512	484	1959	291	3553
1553	3646	1441	2602	112	1044
1415	1396	1357	1396	58	0
362	3155	362	3155	0	0
1150	513	1150	513	0	0
808	3434	770	3434	38	0
4691	1558	3617	1135	1074	423
769	2286	453	1085	316	1201
107	221	107	221	0	0
1158	4444	973	4062	185	382
1964	0	1964	0	0	0
2189	2002	1611	2002	578	0
340	386	340	386	0	0
349	3280	349	3280	0	0
1883	1726	1883	1726	0	0
6111	3038	5585	2741	526	297
225	2902	225	2902	0	0
680	6274	613	5351	67	923
1395	5136	1164	3642	231	1494
1292	2230	1273	2207	19	23
252	1272	252	1272	0	0
1985	361	1985	361	0	0
1124	1100	1124	1100	0	0
687	346	687	346	0	0
2231	7651	1981	4981	250	2670
3086	1031	2556	785	530	246
86	276	25	276	61	0
2683	2527	1472	2238	1211	289
81	983	81	983	0	0
3905	1263	3883	1077	22	186
3858	5604	3087	4400	771	1204
3710	1068	3059	909	651	159
1938	505	1938	505	0	0
267	313	267	313	0	0
10295	11317	8281	7798	2014	3519
2537	2555	2032	2295	505	260
4465	3277	2819	1262	1646	2015
535	3949	394	3108	141	841
1217	5235	869	4755	348	480
1921	3067	1921	3067	0	0
1757	2221	1673	2137	84	84
2829	3499	2464	3048	365	451
705	747	705	747	0	0
3716	5670	2785	4784	931	886
1825	5564	1550	3443	275	2121
1325	488	1325	488	0	0
2566	2689	2566	2689	0	0
274	1097	274	1097	0	0
896	5141	740	3931	156	1210
113	87	113	87	0	0
2206	4839	1719	1139	487	3700
1796	2367	1541	2063	255	304
8091	19872	6956	16675	1135	3197
651	4449	651	4449	0	0
1116	6880	919	5966	197	914
3289	2915	2387	2173	902	742
5203	7111	4785	6409	418	702
553	3020	467	2840	86	180
67	495	67	495	0	0
2879	4395	2774	4186	105	209
484	3842	442	3542	42	300
514	1729	514	1729	0	0
2253	3990	1631	3720	622	270
600	3035	433	2689	167	346
210	1261	183	1261	27	0
623	3726	623	3726	0	0
2778	6304	2487	4783	291	1521
16	685	16	685	0	0
1257	2242	1257	2242	0	0
6463	3851	5271	3051	1192	800
2238	5598	1403	4315	835	1283
3099	3837	2084	3603	1015	234
122	453	122	453	0	0
230	462	230	462	0	0
2686	4807	2535	4807	151	0
2019	5860	1951	5860	68	0
387	2221	254	1639	133	582
3270	2353	2790	1964	480	389
0	737	0	737	0	0
3042	2796	2837	2796	205	0
104	20	104	20	0	0
712	3525	666	2285	46	1240
2251	1860	1871	1344	380	516
265	871	265	871	0	0
3223	2234	2754	2234	469	0
1609	1455	1315	750	294	705
1657	7843	1195	6560	462	1283
1781	1266	1781	1266	0	0
145	285	145	285	0	0
1506	3463	1506	3463	0	0
138	155	138	155	0	0
548	373	548	373	0	0
428	166	428	166	0	0
1397	5371	1397	5371	0	0
12975	10394	11596	9274	1379	1120
810	1447	201	1065	609	382
604	3771	604	3771	0	0
2097	5504	2097	5504	0	0
334	1261	334	1261	0	0
1963	2287	1963	2287	0	0
799	1047	799	1047	0	0
4293	10539	4293	10539	0	0
414	603	414	603	0	0
93	27	93	27	0	0
2060	3914	1679	3914	381	0
1964	1725	1684	1387	280	338
4658	6692	4340	6637	318	55
1877	1151	1877	1151	0	0
1353	2900	1346	2889	7	11
155	463	155	463	0	0
1254	4859	1254	4859	0	0
1265	591	1265	591	0	0
435	1476	403	1339	32	137
1006	4577	811	3734	195	843
540	1326	366	1290	174	36
112	839	112	839	0	0
142	1518	142	1518	0	0
1970	675	1970	675	0	0
10670	14736	9191	13257	1479	1479
189	341	189	341	0	0
1873	3813	1559	2197	314	1616
228	696	174	549	54	147
1408	8024	977	5964	431	2060
158	1497	158	1497	0	0
873	1025	826	924	47	101
1300	1578	1300	1578	0	0
1667	2892	1494	2692	173	200
5598	2757	4465	2258	1133	499
704	508	704	508	0	0
492	1016	492	1016	0	0
70	1843	70	1843	0	0
621	1468	621	1468	0	0
266	773	266	773	0	0
5764	4777	5764	4777	0	0
480	2353	480	2353	0	0
1434	2723	842	2723	592	0
1799	3794	1799	3794	0	0
2962	2620	1885	2220	1077	400
126	1811	126	1811	0	0
1117	521	1117	521	0	0
286	3038	286	3038	0	0
5859	8484	4016	6782	1843	1702
910	2040	852	1985	58	55
1005	579	483	579	522	0
151	738	151	738	0	0
418	2122	360	2122	58	0
298	1540	298	1540	0	0
6977	20902	6044	17926	933	2976
3578	1288	3205	1000	373	288
38	1692	38	1692	0	0
826	1593	441	415	385	1178
657	1705	657	1705	0	0
1445	2751	1445	2751	0	0
363	2713	270	1888	93	825
529	906	529	906	0	0
1696	6707	1455	6098	241	609
1180	5518	1114	5218	66	300
3109	6780	2304	5058	805	1722
1163	1896	1163	1896	0	0
327	923	303	799	24	124
882	12	882	12	0	0
2233	5435	2083	5393	150	42
8579	3662	6970	3060	1609	602
285	404	285	404	0	0
1803	5659	1613	4895	190	764
3496	11248	2018	8707	1478	2541
449	3782	268	1820	181	1962
6475	5288	4955	4848	1520	440
747	4156	496	2215	251	1941
2877	2784	2370	2643	507	141
1935	4490	1823	2855	112	1635
3813	10790	3111	6956	702	3834
7547	3148	6146	2973	1401	175
394	387	394	387	0	0
1278	1656	1278	1656	0	0
353	2523	353	2523	0	0
1525	3940	1461	3756	64	184
582	239	582	239	0	0
1449	3863	539	1524	910	2339
1323	1162	1037	929	286	233
1810	5800	1326	4460	484	1340
1172	832	1172	832	0	0
2485	2139	2485	2139	0	0
4506	15917	3099	14160	1407	1757
564	2834	411	2826	153	8
2254	10424	1979	9960	275	464
449	629	449	629	0	0
420	947	420	947	0	0
935	1278	935	1278	0	0
12373	5823	9787	4876	2586	947
2638	4072	1840	1842	798	2230
1491	2083	1060	2083	431	0
676	853	443	853	233	0
348	1555	331	1299	17	256
4962	5537	4538	4830	424	707
355	1761	355	1761	0	0
3951	6072	3231	5387	720	685
10410	4688	8840	3833	1570	855
331	1551	331	1551	0	0
590	735	590	735	0	0
2398	6863	1722	4926	676	1937
1054	328	1037	316	17	12
438	467	406	467	32	0
295	1625	295	1625	0	0
2091	1381	2091	1381	0	0
1719	842	1666	682	53	160
427	2096	427	2096	0	0
1220	422	1129	307	91	115
3560	4572	1775	3325	1785	1247
1408	224	1093	224	315	0
4499	8089	4264	8089	235	0
3553	2840	3553	2428	0	412
123	454	123	454	0	0
420	669	420	669	0	0
2616	4104	1996	3465	620	639
1141	6595	835	5285	306	1310
2896	7129	2454	6711	442	418
1271	348	1145	343	126	5
1413	4142	1087	2632	326	1510
1015	5822	1015	5822	0	0
814	7419	480	4893	334	2526
2417	6491	1759	6491	658	0
3268	4702	2551	2748	717	1954
534	1071	534	1071	0	0
219	5445	157	4395	62	1050
1016	784	992	784	24	0
91	3736	29	3037	62	699
660	300	385	175	275	125
16	1238	16	1238	0	0
1570	8396	765	4747	805	3649
