48489	113961
43949	116084
50360	126438
48139	113174
49409	107222
44969	118852
95369	176130
52866	146243
53718	138785
53087	128689
52223	109247
63177	144637
58159	128850
43369	93410
37601	94622
47782	117037
37517	98014
53794	114964
49305	104760
49447	126248
37572	111166
53915	145984
46619	106656
43960	119826
45839	131372
90376	157206
53224	126200
48944	127022
63449	143946
52118	117365
93953	181233
53535	111449
70719	143438
44195	126059
63758	121085
39175	87352
71745	119773
46492	121671
40842	108573
49929	116679
48089	113204
41645	118120
54951	142656
44173	112492
44924	119872
41715	118096
51523	110866
45246	114673
61891	142172
87963	186411
52199	142939
46952	117421
51450	111265
47119	124667
49393	109902
49069	114900
59519	121228
50458	120902
54703	112114
57455	124137
40115	116365
52225	123895
44777	115777
51154	111438
42515	114288
41817	115588
48687	125337
49852	141547
48250	109021
56002	118282
45571	123139
84155	125398
46825	94327
52098	126133
88387	156794
43773	110450
43970	111260
50399	117207
48883	112480
71120	132593
49908	121504
41915	122064
57119	113820
60649	109224
48624	115973
90583	152284
49781	124967
42028	113600
46708	119531
49750	120334
56845	141003
88666	156648
70380	147200
52507	133667
57689	106534
43755	117470
44937	118252
94943	180790
46797	127140
51138	111953
53455	112939
71366	167792
57043	147574
55048	133475
44050	123920
45702	112715
37602	102525
55038	127681
50010	143245
61736	134761
40726	103269
59721	163436
43235	118239
47663	113684
46425	112250
68398	141623
42806	109124
72761	128280
45445	137777
60265	127744
42130	115290
43773	116652
56696	132883
79904	131409
49331	108303
44413	98075
72865	157737
50674	122161
42849	83183
114262	192339
45581	98576
44836	124342
40072	104368
49022	112809
49466	106645
48090	100042
49206	118462
52263	135454
53473	128565
52237	108753
36802	96200
46319	106123
50541	135404
38293	104848
61904	126440
54656	132435
38433	116648
54483	151653
41769	112012
41598	115365
71229	157703
55194	117272
44955	112943
45452	104838
52401	119030
50485	137137
45400	101709
87822	155731
46275	131409
41960	101695
54570	136680
49701	108027
52949	114788
47337	134437
58310	130244
43791	97581
55931	106168
38925	104012
45549	127536
43576	95811
58338	117952
53861	124093
46491	122185
40647	108292
47427	122947
67379	188798
47522	112575
45822	116159
43838	116109
63401	165742
44116	127983
43091	116048
99355	172965
55481	128722
99180	155166
56985	123486
63867	126245
70331	133916
61156	127981
92257	160249
52652	102238
43528	116858
47905	120720
57069	161726
49896	141390
52456	114916
106254	161857
51071	108620
94238	157885
70290	155786
69293	144172
61925	152738
50435	108863
46706	129346
61405	173104
80590	135581
57988	167329
46910	112151
98309	161630
51172	122060
54622	122326
57415	134655
52123	127124
47049	95551
48641	109722
43944	107454
46106	104560
52092	137515
55085	137876
47870	104160
51151	132847
50316	111617
45117	116844
48214	135858
47188	130977
39477	123433
57813	114252
52902	137088
57752	121076
53177	133763
44308	129917
48545	138004
53004	109153
40326	126159
53151	159699
63503	122169
45342	126189
48279	122725
60227	139218
44579	105997
56340	122467
58227	141699
99628	157787
86270	146652
47086	114809
44394	113878
84242	131302
48576	115274
46105	119190
97725	181818
55512	123979
57196	140171
61829	123503
71207	145007
54511	117199
46388	117015
47109	109577
81140	171176
112795	185753
43763	124365
45096	121830
87783	130355
44422	109686
71216	129454
47752	107775
62197	122931
62276	119616
45924	105728
44666	117061
45041	109130
46912	122678
119904	193453
43014	111260
62370	143608
50316	122354
45411	113187
64698	118304
43326	130595
41188	114348
39643	126715
44331	126122
47180	108475
38793	108156
48228	118366
50457	121702
69783	121427
49888	109702
46024	115024
47270	109703
43368	119150
52681	111647
49660	118046
41707	101576
48632	85606
43272	113521
79187	138315
41324	97738
67207	116676
47270	123183
52166	143185
54727	126038
51794	132995
55285	120245
81227	140810
56463	125111
58916	140280
53505	117108
41276	114384
51318	118289
67452	150941
53923	124564
57186	130774
55710	140777
57579	149878
45825	118556
55011	128770
56680	128613
36700	95163
60832	164690
52508	122823
85211	169152
58271	128484
83870	174170
44565	109951
46100	107568
48331	110629
63361	142122
42146	95245
41592	110627
71714	139256
41015	104231
49716	114327
55318	121000
56236	149493
36815	111744
40766	119019
50365	138509
36232	118012
50959	129483
107535	190856
52797	118656
46426	95827
44787	104487
42019	108296
56611	124938
68887	157278
42939	104561
46809	119743
50779	121309
81954	140881
51024	116914
42766	127370
66316	131451
60112	141777
44744	125952
40429	105946
69849	166984
72948	166316
48260	113258
49875	121158
42609	104980
47932	118277
44592	131857
51792	124742
92682	150050
46941	104386
39966	107419
68338	134716
44349	126012
55438	134676
50102	104698
59779	153564
45274	111135
37554	95330
63711	158914
91020	176763
50945	118956
71174	125115
43097	106757
51375	140055
44732	137353
58341	128423
65124	114014
46902	122220
60688	108410
42269	106762
41718	98530
47106	121361
81281	127234
56738	123410
79504	155361
49649	115180
48324	125901
37402	102501
63400	126684
60201	167106
49262	108029
70025	122655
54340	146085
43149	111423
42530	97657
44447	118425
38089	103265
47759	112974
55429	126863
51188	107892
67303	170262
43370	111676
40604	109850
69079	138963
45369	125817
63988	134716
38893	122321
59049	128427
45476	120037
47763	122177
39348	119953
54421	143802
87192	148328
55562	142464
43189	103651
73654	166334
100612	192940
44335	107729
76125	172856
52713	144778
57839	127842
46935	135090
42367	107914
46255	127814
44878	116866
46995	117509
82563	160743
36706	94330
45550	107962
56884	118482
47517	117314
63747	108669
40881	109321
47264	121017
43384	115281
59063	125211
52752	109209
52847	136970
41595	128147
49856	111599
42993	114988
59490	151881
69832	138922
43261	115218
48173	134645
51910	158254
46555	120848
52155	118737
50605	107909
39963	127430
45415	114133
39925	108720
41175	86014
95330	154225
52558	126564
52151	145568
49625	129046
48932	115604
52283	137682
44263	119980
68435	137461
69047	119808
50215	139423
40112	107460
44794	115973
48149	105011
46003	101900
42926	102081
51129	117251
49269	118808
92162	166091
59400	129369
83372	162966
47740	103255
59472	135421
59679	119804
36499	109354
71146	149135
62851	130698
44952	133922
44187	126014
45832	112694
38289	101773
64570	152497
39732	97768
52287	131632
55309	120487
40583	94116
35920	109767
50352	110790
39063	119456
55069	85905
40668	108429
61301	150239
