1646	1536
2969	1424
699	237
452	2334
590	517
693	1681
1578	3557
1297	3029
2176	1928
2876	1599
1275	1440
4031	10859
498	2246
282	3442
55	3216
5451	4848
202	560
3526	3029
479	996
1317	5573
207	1952
679	5002
443	66
899	6768
6100	13988
5457	2597
1303	3712
2841	1459
6317	1967
193	511
1847	1437
2761	8747
289	318
368	901
2860	2565
331	4065
1257	809
1037	6086
139	3687
128	453
4558	3731
337	208
6176	7110
2987	5143
279	1438
153	197
2929	3107
2819	5762
2147	4128
928	6394
1851	1839
1309	374
625	467
2884	1201
701	40
178	3677
2433	3612
5471	5788
3101	4997
1231	1230
197	2994
931	1141
1039	1882
364	1369
1342	1411
4	434
1066	1358
1254	4281
1310	835
1459	2578
390	5237
1212	1698
1473	2731
3343	2392
12662	5391
157	1537
925	7108
1408	3288
1875	4718
3143	1183
2415	1201
3727	15440
4793	3141
2866	1558
1702	1071
5625	1830
739	682
18	1139
145	488
1219	5391
1314	2102
12121	10479
4358	6848
680	1955
2292	2748
620	1275
337	2564
4909	2230
1171	4317
647	1618
663	2508
4222	3531
7685	12328
814	4110
146	1187
1054	2203
16	1238
4355	6028
1335	1615
8417	12300
58	1085
1107	4804
2288	2810
1839	475
1748	1313
1042	493
184	91
4791	1140
1254	3035
2912	3389
171	1960
425	4841
3964	3970
10100	6860
3455	2294
469	193
5846	10037
318	489
16	685
2231	182
147	27
534	5199
736	4453
1031	140
648	1012
398	128
586	1274
1075	2587
1127	930
569	1433
248	2176
532	4641
1774	4297
445	421
514	1842
2338	5396
1023	2742
1059	2657
282	3442
808	947
7232	10044
647	71
1038	4186
689	533
1882	2939
3170	2007
305	1187
10011	6815
1706	4019
1709	4616
4	83
1326	4395
2221	2042
1730	5094
7297	4288
560	3558
409	414
873	1788
508	4151
536	183
477	1010
2880	1483
36	199
128	745
3086	1720
3001	7387
343	1838
368	1055
324	1277
1532	2635
13	335
985	2900
21449	14432
1203	5811
8510	4807
2067	4206
2747	84
9850	9376
5975	10267
457	2007
171	140
250	1081
1393	5561
1016	1636
2123	5351
909	3608
4117	2031
337	1839
15035	11559
2838	1587
2574	7623
642	4660
2564	3172
1588	1884
2607	4256
4860	1529
3684	7184
378	804
563	1416
319	401
3584	4192
4335	9597
854	5022
102	168
972	920
133	633
801	1642
392	3073
4789	17949
1685	1174
752	5200
1455	3064
1066	766
2197	5675
1017	4561
235	997
2673	4128
445	1368
2117	2220
2692	2778
540	1767
1504	3123
111	176
488	1031
2731	12236
1613	854
724	1988
970	1191
285	42
1439	1833
480	2483
3049	1588
9842	8061
12758	5920
2598	3178
1557	8872
1185	944
1526	1416
906	507
1392	1567
896	2247
1455	5184
3928	1992
12062	4578
3875	6243
2174	7861
316	2499
4861	8094
10828	11005
669	759
3404	1185
3272	6934
400	1006
8842	4728
2107	4639
4363	10769
4572	3483
222	1272
3159	1810
466	1228
2091	3445
1441	2602
1272	854
621	5102
1249	590
527	3258
4162	551
839	1667
156	221
1798	4550
1964	0
2469	2883
340	386
393	3333
1717	1980
13039	9456
225	2902
526	4418
1666	3642
2859	6792
385	1324
1985	361
1124	1100
687	346
1516	2802
4328	1104
1324	4344
359	959
36	1283
3724	1263
3623	4005
1871	513
2568	105
3046	1712
3648	2626
2790	3046
2937	1641
588	3351
409	1509
4130	7900
1597	2235
4634	5111
1070	963
979	4231
1496	4164
1275	488
2929	4909
202	1097
501	4292
113	87
11781	11786
3161	3077
11636	17540
651	4449
338	4414
2966	2516
2533	1852
150	1828
67	495
3557	7048
439	2376
874	1729
2294	4076
832	4732
651	2932
623	3726
3342	6771
16	685
2110	2815
13433	9319
1561	4487
898	693
122	453
272	462
478	1105
2121	6988
387	2221
2521	1528
0	737
2744	2136
143	20
677	2310
1325	1022
418	918
2969	2234
2358	1519
2328	7559
1525	1540
145	285
1874	4247
138	155
1633	935
428	166
3225	6202
12693	11683
528	1733
649	4065
6195	12834
334	1261
2401	2317
601	965
4310	16042
1794	1354
93	27
1704	3201
2335	1387
1832	3771
1729	1151
1485	4776
155	463
1583	2927
7	159
9945	6570
837	3744
2210	3067
504	2226
142	1518
2442	3062
9620	8152
212	341
1756	4254
369	797
549	1140
158	1559
3493	3190
3601	4068
1796	3087
3558	3579
704	508
503	1016
70	1843
946	3792
200	284
5070	4271
2160	3438
326	445
4619	11411
1096	1258
387	3730
9522	9469
312	2916
3609	9343
812	1789
4347	1301
379	2100
445	2620
291	1278
1125	3337
3634	1183
2025	5319
441	415
657	1705
1135	917
459	3384
5635	5267
352	3162
1478	6782
3625	5170
1322	2213
303	799
1343	262
2231	5783
15365	14381
285	404
598	4288
955	3073
286	2231
1959	801
895	3593
3281	3730
1032	2503
1323	4153
2212	599
353	342
1603	4724
568	3526
1533	4259
428	166
7200	5798
586	719
1706	4506
2137	4197
2380	3125
2372	9763
411	2826
1927	12278
1643	1517
845	947
935	1278
8386	3645
1996	1966
362	1039
671	1033
1886	1907
5050	7380
318	1761
3220	2142
7542	3457
2325	8856
729	852
2408	7652
744	821
909	717
295	1625
1129	561
3696	1404
822	849
1333	502
2730	4833
1246	224
3776	4115
3114	3831
123	454
2840	4850
2100	3856
661	5285
3025	8103
697	151
1115	3920
1090	4029
1427	5797
2968	10478
3981	4692
534	1041
157	4395
911	784
581	4752
385	175
16	1238
2010	8019
