123761	296071
120137	306418
118656	294930
114378	280881
121956	265025
127914	310985
130370	317790
117446	322794
126066	334614
123899	315385
146725	325939
129766	326153
134377	302362
100165	287482
111995	285406
137040	308181
102223	253552
134231	330209
114524	322207
121029	303041
102861	314880
126664	313574
121680	274798
136459	300301
113155	329341
152624	319690
130989	288559
134377	300990
144676	304358
122851	313995
145895	266944
134650	321432
127702	271987
124931	294817
133062	309781
105450	311353
120275	279588
124626	305200
106516	289507
129052	251538
124104	280512
115220	283507
139580	331885
116400	312822
110000	286433
119821	292954
127977	273665
132562	295710
141019	340679
154287	351224
124114	300927
119777	263016
122343	286237
126478	303120
126935	283254
104161	285593
162104	331691
129525	320573
136733	308750
109731	272154
113252	294657
113929	273345
126875	297743
119574	267480
123034	288640
120952	311639
120374	328857
121742	340711
129046	322464
148041	304588
120344	272812
149678	293041
119016	277617
117309	290036
161148	294762
120506	322193
113236	280860
116811	277042
114893	312243
154328	323558
123583	286457
116103	298262
135096	290369
132382	288577
127945	285803
165660	331782
116732	312974
108397	275512
119090	269032
126027	285563
122472	319042
160706	308489
121928	310535
123477	311065
150557	285060
124996	263444
121198	313478
153982	289928
122962	287287
118879	281488
124629	327507
148279	351693
133856	329017
115654	307219
103977	281791
113792	295898
105364	289388
120581	290256
140506	332759
153273	323998
114133	300021
132490	318263
112179	282833
111050	301342
117846	267040
129086	269635
116422	267365
169220	288559
135548	307100
123141	323474
114536	295823
111548	287966
144626	327859
164088	315570
139188	272191
131026	282406
126527	305807
120717	280257
108729	256528
143092	280770
126706	289545
127349	317654
121476	286074
135399	316904
128196	293572
140512	280356
115762	319364
112511	277697
126695	314732
122705	312647
108212	271470
107190	318651
118883	317036
105594	278353
152469	327777
138042	296876
118207	315557
117083	299860
97708	278577
115206	277399
155939	337199
103849	282145
115953	278170
120412	271830
120636	300454
178549	349770
118450	279211
166713	303176
107911	295974
120276	303543
116277	266992
125311	309282
119419	313956
120453	309255
126207	318550
109770	274263
141774	299893
114429	275970
118869	291138
117624	272269
146300	313295
133321	296945
122914	283215
103389	259015
107725	274123
144298	375152
115549	289908
119510	280323
111963	309309
131666	331306
111526	308055
117994	308302
157218	303201
123810	331477
150964	305541
124062	303737
156613	311680
136713	332900
141598	285726
128442	305205
131710	304722
122420	307739
120999	306933
126769	315764
132419	354477
121335	298780
143781	289425
118042	302442
160164	303979
144765	304688
149818	329491
112006	315060
115262	263538
129756	318689
125621	335001
129420	282473
135879	356982
107203	289486
144236	314361
111299	288312
120632	275377
128508	350291
115018	287939
115614	290450
112185	269868
121304	298934
106326	287155
109410	280593
114693	310010
122935	304114
124183	313735
118719	297736
130869	302615
115915	312277
117603	297922
125964	296704
131685	317114
132243	293901
139344	305393
131347	328483
134968	314967
121384	283154
131782	305776
103018	282923
126521	335200
131601	275351
112744	306027
121964	281621
122068	288389
117908	300535
123433	308603
116439	307177
152233	297374
161638	275768
120657	284165
116923	286142
155592	312293
115239	280239
130200	324948
135753	288057
125249	295264
131959	325276
146859	334701
146860	302858
115898	293158
118611	282299
101386	246909
148001	294611
170731	324381
114671	279364
126604	328189
149898	316544
117175	294512
167107	332922
118907	297716
124596	319928
123615	271762
102948	283894
121386	294983
118253	289196
116166	298821
178942	375744
114102	282493
112418	266817
129118	275166
108728	285673
136079	302704
119886	297554
111604	282891
113857	307241
119576	261202
106200	269091
113571	295935
111632	298217
123689	306222
136241	282672
107191	288265
118335	307749
111773	281385
121787	283816
119754	300219
119015	270418
124615	289285
131978	272634
121667	289531
152043	301907
126201	287650
150764	293418
114960	265502
121551	344478
136936	316735
133954	292533
126563	264285
141786	316316
131241	306952
128877	313157
118842	289626
122030	306260
117876	285323
140811	364189
126069	345533
142150	308396
126320	293324
145490	320163
125839	313160
142573	330876
133070	322131
106785	285194
115001	310410
113351	285242
157176	302046
143202	346567
130027	279886
111113	296612
109817	292646
130752	286453
137535	360577
120136	276173
106775	252397
120458	277017
118501	312640
123531	317034
127547	374226
133831	379231
114612	303780
118827	282838
117169	291228
96646	266962
131122	292053
179265	352207
111997	276142
137320	288375
148704	308365
110639	289871
133524	294512
124158	299419
104632	298327
129029	326090
115377	288371
151531	299894
104818	282285
114325	303015
140443	283305
125623	301342
131572	306513
112674	280723
129323	302144
162467	377770
105065	284397
114099	269158
111741	271751
147416	341185
126387	311198
133132	308490
174703	314220
111371	315212
109824	300707
138468	323239
122071	290438
116869	285416
117406	287966
124702	331586
115359	264532
119145	251269
144459	321462
145440	323452
135409	364889
158176	306962
123027	322831
115386	272719
117036	274239
157223	330712
142344	311040
115281	295985
128938	300789
119097	292243
98565	272159
125444	307475
145915	317052
124144	319852
130102	304269
119469	285527
116270	291073
118188	275595
141473	283799
128373	332943
126031	282334
166588	341537
122237	286606
113424	265669
113210	302723
113948	316852
109627	259292
134230	280568
123299	287616
119119	306341
132133	345651
109075	279564
113861	305829
145581	317470
105668	286060
134767	327362
113058	293492
126628	291631
121090	288375
113811	285511
110350	276819
131054	320335
150546	311164
118443	293707
122384	297186
153690	345381
132391	280275
106746	246673
140406	301566
121327	307890
114716	298800
116353	294563
132132	299613
109721	265287
109317	288747
122393	295190
161041	309550
111381	287155
114076	308919
118102	316065
112811	276389
129924	267718
117544	276309
113310	271993
108685	287859
145657	329187
146312	279869
127538	304136
114517	302013
101397	284116
121694	299868
131999	311916
135846	282598
122796	290058
123689	277124
128363	308831
119313	279198
120781	308244
125833	292760
119178	300102
106921	276054
112892	263761
115422	270669
153251	299162
134161	308175
119409	277076
125108	308753
107988	272561
121228	302225
111297	256590
153168	338499
164204	299180
114915	300560
111792	280188
119038	300203
127180	298952
118159	291195
102294	254086
135804	297935
141328	261764
131102	306272
127069	300024
152243	343311
136003	285207
128057	291490
138954	315002
114278	259062
138588	295387
121691	290220
114967	282868
117560	293365
118809	291846
119471	282736
137120	318852
124305	294520
115075	332843
136269	297502
112197	262329
113452	254946
121455	298612
120090	331317
123020	270091
109865	262738
113255	320493
