60378	142490
62407	155186
57942	150261
50746	130683
63175	121898
56552	142456
65301	156986
59433	187649
60797	169855
56300	156091
68517	149926
68548	186658
68352	138673
42101	124141
45570	132717
76882	154668
38394	118892
71496	175866
52558	150515
57081	149844
47419	161452
61366	175148
54462	127905
66792	143912
56377	165328
81751	152949
62794	134183
67565	151713
77236	147025
55289	141524
75894	131191
65157	157345
77289	138226
60308	133273
67407	151882
45884	129487
58009	119933
55952	148063
38788	119526
64010	109110
62363	154482
53841	122662
68937	164870
53577	141245
51148	135624
44316	136339
69038	119063
62189	156030
71429	172459
86220	195800
57894	155321
55537	113015
53599	118584
64212	153711
61088	141162
41470	117626
87336	172470
62632	164599
74231	159441
47609	120713
43972	130449
49811	116003
56488	154918
59139	145445
54724	131481
66618	173499
68437	187716
59006	164384
63534	162556
74893	149929
51810	126301
91742	148832
46850	138386
53012	147017
100480	134903
50423	152257
53723	140950
59303	129638
53777	144625
94028	165341
58005	150346
48014	143133
64719	127501
66483	130142
60437	133482
95195	171582
49378	147290
42765	125578
60637	124602
64159	134897
59843	166181
104928	169879
72246	180419
59975	134078
88031	130066
62318	130064
52891	160474
91478	152801
54951	136180
49409	139428
58716	166790
89344	203099
72495	174736
60573	167176
41777	116772
51657	144208
44941	132816
62350	158754
73272	209242
94668	168267
49270	122108
83519	188803
52238	125266
51261	138123
54637	126178
70765	140476
46456	123416
98843	130172
60728	152413
61320	152240
44225	138559
45731	123198
82779	164528
96502	159091
74709	139815
63864	125073
81357	190009
56180	119982
42681	100801
82855	144345
60676	107502
64191	143184
59045	126976
67377	127219
58793	149560
71755	115835
56762	158744
50546	132678
59961	165485
55257	136187
43385	125969
46285	136211
58032	129011
44402	118613
89804	173747
66380	143891
47226	152854
60149	166478
36900	123231
46426	117030
95270	196165
46738	141804
53804	132554
53651	127346
59040	131683
123809	205964
54397	136497
93027	142757
51185	135337
52260	131295
55868	130444
60418	141767
57404	148739
59988	177035
81236	170164
45629	118469
69924	138270
44281	118844
53534	131315
54634	118892
79791	158887
65669	131461
54692	122287
42517	107982
53101	121525
80758	230528
47776	133466
54465	130660
48993	144634
67008	178789
60911	144476
50077	140355
90116	157731
58316	175427
89647	138374
63169	149061
94935	153465
80516	170484
73965	146247
63841	153857
59048	130944
61723	158148
52524	147359
61590	175901
62763	198251
58004	131078
108421	156534
50047	138766
94554	156840
87215	159245
105895	189529
48208	155550
52818	119939
61088	144475
62987	182586
63599	124516
70481	209423
48623	123971
83925	153916
47019	143269
71965	152508
73073	193299
51623	140187
53762	133088
49647	118562
49182	142318
44871	112961
48152	115483
58851	155132
62891	147635
51508	153684
57277	145374
62166	143648
53003	151923
59001	135863
64753	149048
71167	162284
62306	152278
75809	152086
69135	158422
70181	154501
56911	141348
67622	138129
42359	131329
56539	174834
69170	109221
45279	146950
61275	146226
59445	135661
53831	131951
60408	126840
62461	167388
91244	138277
91816	121211
66141	134987
51382	133072
88344	150309
48903	124416
60881	168775
70768	129266
63688	145964
63805	169190
71883	136830
90680	149198
55503	135333
53415	129935
34862	102023
85913	139311
112611	170869
55149	131378
58391	174694
88009	170488
50581	143568
93419	167518
47983	142003
75907	192987
60715	132364
40849	114337
54144	143816
51670	140453
52670	143292
123207	238617
54342	112302
47409	139932
66851	121400
50077	136965
68078	138146
60124	154941
47346	121865
47037	141198
57054	107919
46376	133817
47814	123816
50278	141101
61606	153559
76111	143324
43163	132139
58616	151040
53181	134947
54265	116414
61460	146705
54907	116770
58354	139049
61236	119845
46806	135962
95857	157056
55159	118306
79986	152976
51264	113076
70638	196155
69632	165361
64348	119305
62282	116857
74664	145219
72627	161679
72020	202963
49445	137483
49393	148642
55321	135212
79961	206928
68210	165095
77977	158272
62508	150466
81217	161734
57015	148483
73175	172861
69525	175900
44872	133398
50995	158858
51542	141343
106985	167714
72685	186745
84634	156894
50534	131998
46954	138976
67359	127692
79514	180069
55821	120006
46474	111957
61077	126204
50824	144568
53859	145810
67477	195939
67459	221903
50853	132450
53826	146185
55076	148070
37957	129329
65263	156563
120987	204577
54700	136847
69955	139706
72200	132548
47493	130912
76693	143340
55451	153791
45654	140861
58763	159802
54546	133842
94733	147898
46688	114697
53799	151460
77742	128336
51336	146151
66949	158486
49713	130823
77435	153373
99845	214117
48411	127898
50189	114680
47918	113343
87202	179363
59603	156137
67165	153850
115061	167519
47101	135750
50605	150710
78439	169200
54099	154571
56578	140310
53434	119598
57151	179081
54665	121019
58349	110569
79099	166890
94566	167658
64092	189830
97920	171685
54588	144719
52987	128269
50787	138442
101020	214699
92919	168332
53531	149384
66490	148252
61268	142838
39811	124942
62544	164780
82813	156723
59757	155536
61444	136097
57404	127273
54611	140832
47187	125935
84277	141113
64081	180984
63310	128454
100962	170810
57341	151844
50566	123399
43679	123433
47116	155278
44985	107003
71617	121368
59806	143716
57222	142345
66346	203822
50009	132637
50711	137534
87093	170272
44042	126913
68922	163718
46930	138862
64241	146375
55429	130677
47558	143135
46107	125428
62307	157489
82944	150630
58312	139707
50663	129363
105644	183525
73637	161829
42344	99391
75874	159327
59316	148831
54525	134862
57114	148437
66405	139203
45815	120609
52515	131704
56924	133064
98196	165856
47611	123431
51867	143185
57474	151509
47280	130924
76471	124186
50923	126415
50730	128050
53677	137795
79278	173890
81628	137813
58706	138432
50151	145995
50256	140610
53043	131944
70570	186721
83167	154145
55618	144847
51642	109873
63245	173991
55718	130100
58108	156706
61913	143580
49315	156180
47258	109186
40025	101738
57972	136237
82274	143922
76058	166274
50554	145022
63505	155042
55885	140038
51793	137424
39323	112045
101409	185841
98643	151600
52223	151206
42219	118795
54365	141186
61192	121440
52980	123943
45955	104319
70564	157165
73265	118915
71543	147778
70340	153780
83435	177245
62211	117797
65456	163657
71353	146534
46367	115205
82424	159659
58069	120819
52570	137565
56036	136286
58609	130597
50198	125379
63909	144741
54215	138137
57358	172480
75226	135815
49983	111404
49988	106119
57636	140384
56803	155703
64934	118153
39864	106379
52913	154364
