214903	521970
216115	529709
215585	515611
209071	536862
221295	504787
214529	520304
219529	524260
208581	530991
220671	537484
222314	560861
226691	551326
223440	545495
220546	516600
201333	516896
200150	504725
212050	524346
190762	490164
214961	540511
216752	564050
215815	544472
212482	544566
218818	484705
218755	515181
220783	514235
205040	501257
235796	574841
228020	506299
220325	543137
228071	526229
222501	538190
226295	517354
230289	539900
215594	533059
217857	518656
225414	537509
208991	540078
208806	519036
215388	546882
207904	540510
223031	530393
220245	529562
218478	527093
220930	532985
210660	537427
217385	536194
211847	520313
227394	497146
217442	519734
219948	545233
215363	523775
215597	539859
213855	492089
224400	545831
220422	528744
218568	538959
213317	525401
226905	545157
217704	535514
223649	519771
218732	510564
212797	532558
213519	523970
214225	499704
215857	490441
219383	520795
211563	530584
216346	559713
215709	549203
213418	546072
229626	518605
198401	515900
225913	508319
216464	527781
210510	524626
225725	536182
214578	547831
215092	505236
211691	514285
208094	524548
245844	549352
210126	533210
220295	523673
221438	535992
226228	519159
210605	526503
226069	544959
214420	522948
203093	525975
213411	508306
213361	528891
215020	532671
235326	531278
220506	532063
215194	524557
219040	513833
212514	514607
213508	550836
228737	535369
218541	509355
218666	516581
218554	532168
230079	584757
220423	541894
219654	512842
218399	545845
215353	517752
203857	533400
219029	537887
214674	546999
217714	534754
211145	503369
214211	525871
208016	496655
207063	512949
217640	519787
219057	528024
207433	509313
230613	508064
226162	564940
212363	516515
213522	521640
211967	522930
215321	532433
240161	533389
208407	531199
212038	487277
220655	557083
207241	507597
214255	491579
227096	515888
217921	509103
211667	531931
213179	506262
227920	537539
218127	528084
220319	520910
216788	530092
205809	499493
216464	550179
220182	534207
205955	515686
202273	535600
219732	532626
203296	503463
232579	539337
222395	531381
203750	548498
209614	514101
212646	533411
205494	533710
230820	552887
206824	515687
216667	536586
216402	499218
220521	529833
221349	531587
201690	525458
235001	526033
214590	546842
215499	517213
215613	516411
212722	509427
217610	530555
214141	515723
232613	561634
214100	520907
231358	521302
214027	517716
211313	514944
218278	507871
227422	540530
212435	526904
219629	517961
199566	511938
215184	549041
216345	533666
219085	537034
216835	510956
208802	534403
222830	524884
200464	516677
221605	563132
227424	523771
225888	581266
226438	518482
221035	519302
228319	525284
223411	534378
228778	521278
220612	516626
226077	538708
206965	516313
207445	540236
210792	528930
217185	548993
212909	505660
233369	515101
216202	527331
235915	529409
219320	524038
236243	553773
216366	559731
214903	498243
208912	531224
219246	540461
220474	525623
218617	561975
213917	521368
227544	550275
209992	527257
208813	498711
215963	541187
212988	538000
214426	519314
214323	516387
215557	515346
210893	527419
207053	516443
211994	531440
216595	527031
212884	532426
221775	526124
218834	529239
205933	536248
208540	531256
212492	529509
222704	520263
210127	539274
226124	525589
218879	521343
211500	526610
220189	533056
219100	506591
199717	529136
219734	544332
217660	529879
214182	530467
216981	528673
216859	513919
213804	544760
225852	513794
219611	557812
226562	537830
243743	517155
213546	524003
219581	491684
229226	552291
202569	529227
217435	531468
222182	511419
216129	530171
221914	522567
224779	523441
237139	532986
212027	523990
213806	547829
212065	521693
217396	524065
237985	536210
212278	531252
212277	557320
234409	534606
206790	512360
232028	547524
213100	504451
217443	536564
224456	537196
212546	523081
220237	531314
217195	537100
203146	525851
224909	538517
209776	500418
208006	495077
224795	534659
207621	525663
221164	517438
214723	549493
208387	501143
206161	550644
206943	513074
213261	522062
213602	531977
214749	499713
212151	530672
216710	494751
211848	532862
222579	539559
207933	514764
211372	528668
215641	529455
222345	531588
216813	521477
216467	502451
208455	521580
233375	528830
213667	515068
227248	521962
220891	532635
217817	566470
218906	555725
218087	527014
215614	514176
215414	547249
225654	512668
222855	520633
209504	499406
221511	526485
216188	511227
231206	568088
214686	538693
210951	503723
214903	552317
217579	539453
226142	516224
224192	547261
218395	530435
209577	521624
209016	532185
214753	524195
227903	542953
224749	538728
218529	515325
207859	518546
216635	540700
223454	517162
226569	539374
209718	529629
210144	514068
221673	510424
203585	517328
222456	541442
218868	562189
212892	541560
202798	520392
209923	508270
203380	518149
206188	535960
217608	526907
233308	551257
221704	535201
220354	517447
228023	515422
211893	519886
221947	531733
212080	538344
204926	517471
219326	537426
212056	526022
214563	521536
208870	512798
202564	566317
224740	512967
220870	498613
215315	561829
203835	509916
219686	551623
228246	533236
208516	522657
215529	521488
208908	500864
228507	544241
207359	545546
225885	530677
243992	533944
214726	555128
212721	525749
225322	550069
209363	537760
215072	522464
215921	483414
209175	529927
214960	503952
205029	505455
228305	554590
224049	509516
218292	542410
225813	534697
220190	529173
214656	540124
211260	515179
231374	516854
235419	548879
216331	527998
219649	503166
215518	528833
202736	493644
223967	525529
230350	532438
209847	548764
215501	541718
216174	500000
211404	526242
216052	526060
219774	535945
218503	544516
220063	507255
231545	523106
216388	519878
208361	501346
216477	528281
204207	525759
209906	505366
215337	523379
221240	552441
220057	520759
213646	531025
209730	506697
211365	534393
220506	538878
204960	535595
220840	533230
206061	513756
219646	533055
214656	536022
211929	528506
213563	517396
217408	529551
232095	562826
212854	512114
218458	547598
236182	553409
212454	527591
215323	512191
218952	524162
218912	550393
227597	517781
219784	534001
221597	536006
211042	537610
217341	528891
217736	524025
239168	546718
204101	516669
216687	527809
225517	519451
210185	514393
229762	514950
208158	520950
213634	523798
202396	519249
233500	550243
214899	520432
216418	531573
201034	519525
208315	512937
213185	512913
221551	530538
221228	514386
214636	514594
212820	524987
214779	539352
207760	518492
214303	533754
211366	507685
202004	521298
207398	541441
205541	503114
218266	504263
228543	529296
222282	523576
208161	526765
214542	534405
208972	504473
214662	530609
216876	531393
222488	514024
238613	533476
215841	556212
199375	495507
213698	526156
205679	517707
213162	514704
209048	511852
217481	512244
213830	523275
216420	559433
213860	532201
224142	546433
223224	529808
213084	532818
224814	526338
204771	512860
221483	503846
223743	533154
217304	523702
202584	533920
211220	518333
216375	517375
225301	533345
206563	503406
211471	551958
215333	507812
211025	506274
213634	524086
208496	522010
211625	535205
225321	493201
204021	509174
206846	548153
