336972	796880
337665	815452
333562	810085
326083	820589
338616	816151
331180	829802
338254	814982
331782	817541
334949	803406
334910	839502
336294	829167
336547	806094
333649	810615
326871	802670
331166	834781
324569	808591
327362	790438
336680	806071
335542	833479
331120	811805
332879	824413
339365	799714
335524	807393
334269	795689
322961	799917
339070	846536
343579	820628
332865	827658
337232	809570
336107	828308
330889	800635
337446	818274
331463	820623
332398	789924
338570	810281
337216	819009
326834	825301
337125	807278
333072	815438
329071	807285
334011	790727
336135	808294
336850	804451
338838	815542
336025	818341
340267	801300
339784	802729
337117	806970
336155	808389
339078	829379
333409	815997
338435	794934
337363	820608
332922	821212
336404	826452
331389	818385
338379	799895
334905	830041
330882	818355
336452	820178
341886	811777
340344	814264
336034	801687
334351	809950
333830	828243
331446	807374
332382	833098
337312	833294
340177	832686
337226	810228
327353	815294
333559	799726
335930	829690
335519	820123
330818	821647
335615	849578
331982	811327
328964	812705
324722	802972
331817	805231
327806	822371
336814	824554
333591	821421
332532	802040
330011	812278
341125	833401
332412	832682
338726	805077
337360	818638
332739	816940
342203	827873
330151	784417
330566	824546
338095	819400
328572	803350
326930	799102
334581	801996
342052	823237
337733	819607
331998	818510
333494	824909
332871	827106
329916	807608
335865	789739
337392	823941
337720	804564
321445	814477
339054	843749
329916	807757
338399	821917
329785	802985
329197	815371
333888	806430
330975	809183
339786	819399
331954	831183
334411	798586
334910	802051
344733	815104
329928	807699
331042	811938
334162	823232
333681	833500
340731	819220
331911	807926
338740	809875
336983	832045
333705	805825
334277	801960
335607	800336
331692	825962
329763	817446
328549	804438
340016	827662
337776	803383
336103	807628
334819	812098
326772	810964
334227	817785
340423	830565
330895	810588
329467	821394
340014	826083
334768	802752
344016	809429
333268	817108
335376	829056
337231	787513
336231	819134
334664	824947
336800	808015
333616	829517
328181	823442
334416	786231
339999	824008
337544	813255
332313	810373
335158	825839
329031	814162
340549	822929
342062	821996
322273	798602
332566	805412
340870	808183
331020	825075
337357	815016
340265	823154
336950	826738
333247	803338
337817	802000
343980	828854
328664	816027
339921	794955
333649	814844
330525	840787
328144	818627
333334	817424
340002	837968
331120	812324
332998	818244
327409	815285
336078	833618
342526	823605
335921	817017
343035	831830
341918	819488
336481	822650
322892	834771
336463	806342
328345	808337
330996	823687
329952	809809
329783	820213
331170	803457
340479	816717
333373	804688
332885	796878
338485	805729
338854	809287
326419	822599
338289	822814
341428	817221
335126	801795
327450	817798
329942	826560
328956	837747
333648	818232
331392	804685
331981	828111
332016	845802
330806	809032
335365	825613
334074	831886
333479	819209
334263	818447
335849	793454
332817	826793
331933	812407
332158	842199
336525	825753
333378	817072
343236	819523
331178	814756
329662	823189
329639	832261
339027	841803
333580	823751
330392	817859
333193	818464
336432	830010
330713	809331
336865	819075
334104	808901
329650	814572
337916	810234
335312	828277
338005	835571
335847	814369
331901	805095
333536	845589
333481	817964
333578	817737
332737	818304
347513	817428
334454	821124
333385	803103
336815	826975
332136	811825
333492	816937
340834	812322
325814	817996
339960	813411
335161	814376
343602	828943
332669	816123
337824	828539
333738	817251
334563	817222
334699	821457
332629	817617
324392	816556
337423	819874
327911	815469
341607	818433
331938	823861
332818	799008
335654	815335
328890	826468
332888	832080
332959	814372
334465	807012
336707	816899
339688	815050
335082	797028
340089	822750
329537	797657
336099	815578
331012	808017
332127	801620
329562	818836
326918	817621
335660	794969
336683	823396
334374	816410
325303	815086
332195	803365
337883	812177
337334	825715
330786	807818
330810	803216
336863	813921
340274	818545
337881	846082
333295	816651
336701	794255
332330	824927
336244	831581
337211	830299
335083	819043
330558	813177
335779	831339
338773	828210
334200	806266
332425	819731
333196	804204
340902	841089
336036	821735
334209	797159
336035	812927
335833	829867
326069	798218
330405	812699
328990	813987
340940	837816
340970	816179
338475	827472
332281	806298
333818	806102
339727	816539
332104	803659
332670	820211
338258	802921
334167	809803
334193	812868
340016	833098
333055	819563
345230	817040
333207	834863
331978	808310
339466	814178
328503	793792
333391	820265
334642	827830
331134	827550
333960	835341
334439	824559
334891	808513
324836	823186
326464	791111
337744	842023
338389	798960
332457	820362
335124	816677
336033	823861
337132	828034
329734	803768
331902	813383
334136	825566
327808	804210
330671	808378
330496	837804
324225	836518
337316	810377
338137	809933
330794	819102
337729	818476
323372	827646
329418	795919
334792	827659
328097	822787
330297	815673
333191	824383
337109	816234
340927	816231
336676	810216
333588	846954
338129	834602
337169	820098
334587	832250
333789	823187
333181	811186
332526	826368
333906	812396
328447	793553
340187	816713
336747	807791
331156	822979
338783	824607
341245	828302
340246	828075
330072	817189
335727	821366
338633	813935
334214	803175
333008	803052
335433	829886
333516	814759
324623	823307
338246	816512
330114	820670
332112	826622
335132	777176
328201	817148
332617	823213
333943	822021
333940	812360
338442	803076
331942	816194
338133	789580
326326	821417
337777	804534
327156	813724
336404	815895
328189	800905
339035	834329
336667	819920
336225	838145
334639	797377
335537	829613
331449	808371
331557	823835
331513	811117
333969	796118
333701	815962
335093	827406
337334	817492
337953	831688
338169	819611
337216	827047
327503	805211
344101	824891
331885	816559
324558	837289
338681	816072
329594	808763
338310	822401
330313	783091
329669	826860
332533	820229
325703	802210
334049	818130
340052	811028
334894	798893
325447	808378
339268	832575
339684	832552
335811	803690
342688	819403
337338	825951
340146	811727
328270	808813
338818	821136
337934	821744
338019	826343
327770	814956
331654	815310
334409	817212
333435	809026
336587	809878
335414	820500
323854	811213
336535	828694
330290	803577
332466	832220
345548	811820
329574	815138
332077	825690
341212	818308
332745	807862
336792	820390
340224	816708
336657	818036
338440	817166
329055	811429
334334	828212
344127	814885
333182	814429
342115	821115
335370	825152
332959	824015
334761	809280
333979	829676
332880	804324
335683	812290
335863	804540
329139	807659
335240	831624
327697	835742
338512	827904
347227	834893
331627	806629
337288	826925
330362	806653
330749	807637
339465	833757
341480	791198
329547	833503
325864	816228
334883	804948
338080	827535
333913	806263
329351	815533
330138	811661
331138	808433
339425	816545
336516	832068
326488	826276
338441	798181
336376	820997
323755	832633
