122211	273294
113369	292534
114735	284702
108534	257643
117057	253657
114836	313777
121650	293538
115889	301633
113863	280653
111565	278180
125452	297450
112866	275605
120577	296707
100123	264725
108000	266063
110602	262933
111711	240915
121286	266332
103076	276025
110375	272718
96011	265101
122232	317426
109574	275585
121045	276856
116287	304493
145941	292236
125925	293471
118771	270768
135113	291111
119190	298586
125492	258203
117809	300046
107436	246985
111534	286315
127584	278083
111030	285425
114316	276006
117306	275252
109416	273086
115566	243923
116097	273843
104375	271261
122096	309190
107798	275146
101996	250886
126202	264725
118258	285898
127588	274584
127817	290130
127866	312870
118280	272442
108516	263236
114574	263031
117215	283032
129566	272270
101676	279667
129390	266165
120410	287161
115666	274177
106635	266568
114511	279389
116910	287816
121262	289382
114855	254792
119115	274758
112091	283234
110537	297104
113225	327359
111420	288785
128324	270074
109907	257481
135244	268970
126251	269976
114889	269816
136548	296689
117802	290604
104425	264129
103181	261990
109370	282824
117657	284416
115639	253020
111437	289156
118478	269166
113497	260959
113281	249197
138747	289153
123553	285069
109078	263305
114586	275001
116185	278058
119797	292574
126903	265802
111780	283759
124152	294405
120372	259753
119585	246360
112375	250002
141720	251818
117784	277622
118465	277520
113810	312054
122770	284197
118817	287310
110629	284224
102461	268421
115457	264644
102194	262054
118491	276349
129173	296713
137320	302746
104813	278589
122859	305318
106949	272085
107801	274411
112599	261919
119544	262800
116348	249190
135271	275744
131037	283735
115334	308641
111338	263321
104968	281039
125672	292012
137791	274392
128916	250091
119133	282316
122081	286087
118156	260210
110334	278598
129976	250333
108338	281262
111039	302060
101569	289268
124335	303018
118278	260648
127933	270803
105661	284137
114252	290251
123555	295703
121691	292220
109881	251947
106075	287935
103354	313822
103581	266327
125515	279019
122347	282051
122149	288749
113961	292383
103455	263909
113095	261380
138946	295491
109319	260973
100996	260949
118932	276134
116823	291316
121637	260399
109017	258898
144030	286757
103871	270468
111559	290338
112086	262943
118323	295860
114784	264492
125029	285546
120028	271762
116672	266054
122639	278032
111302	259126
110483	273427
110166	269608
118495	271772
118707	270648
112361	268706
105510	264340
106898	283513
107348	274858
117119	283898
121379	296529
105809	281891
123430	315816
110756	303529
111479	268512
132720	268393
112469	285695
131138	304420
112783	272458
122821	276347
126045	306118
125451	268457
118346	295656
115290	290835
121200	297422
109070	262113
116311	280560
125659	303556
115206	302997
124850	276027
109410	272990
152289	292402
126195	278193
134439	296732
110420	265535
114835	264985
115549	304896
125106	307041
113341	263666
123706	276045
102979	271227
121141	272797
104555	276547
115042	284626
104764	286348
121318	278116
113363	274529
106900	255260
121705	289201
105380	272245
106494	280267
108172	302922
122333	289437
116417	285648
111110	276685
120472	277936
115072	287871
112679	286440
115541	288403
118331	284563
122930	260793
119947	286414
124070	321361
119881	283550
112243	263102
122477	284725
106861	277627
128858	332798
116677	267770
117813	309450
114739	270069
111297	271846
112373	295889
104762	302084
114109	276948
132182	292047
132602	294556
103706	265415
108454	297819
131997	274771
120224	265654
131124	277493
128671	277720
114339	285375
124930	297352
135936	319035
137362	288504
110058	265465
111725	264905
109533	257251
135540	281208
125676	282773
110632	281756
122705	292135
134846	298451
110980	290353
152278	313053
115018	275491
116105	281960
108729	247429
99879	294106
117461	278665
111563	254823
110235	287154
155922	324355
100490	269958
112689	261272
118202	260738
109206	259490
124300	293590
116004	275515
107347	281270
110619	275565
117072	279964
111656	263024
115013	278200
110359	305043
109955	266667
128514	268664
111542	269071
102303	284398
108918	272072
117489	287119
101044	257692
110972	264280
121110	277819
120682	261500
116499	280817
125148	272408
114715	283753
127852	291840
108066	261997
114049	275986
137748	322814
123609	289292
113880	246635
120470	293555
115469	273991
116558	283180
121312	278581
113541	270906
108550	292161
131407	337364
113903	289577
129896	285377
113229	244994
121029	278660
122322	296531
119122	272172
113171	296347
101100	249224
121874	283554
103944	258667
127825	265106
132373	308103
105784	270764
113276	287548
110357	281876
120072	271373
117633	326517
113832	278778
112427	230974
124841	271744
104019	284723
113724	287145
116212	304396
103745	277179
113455	312440
114650	266728
114743	262991
105572	242330
116835	258852
132408	281848
105600	247329
126646	276864
135675	292424
115495	279412
128263	283513
115182	251967
105551	275684
120562	301937
109054	272063
134591	292283
108045	299320
100889	268536
125298	280664
127968	292003
123151	274861
118391	282560
106176	292716
137755	329867
107686	266474
103341	272479
99365	274496
117279	284149
121085	275156
111778	265305
134917	283996
104005	305745
105548	268064
121423	290150
109661	260645
117689	276487
118797	292551
118075	305940
112138	276644
117243	244906
118596	271138
117758	281251
123063	302845
133551	260084
117299	291231
112124	258191
110207	272174
132982	294147
124588	278291
107590	278101
113032	279980
107396	275685
106093	269139
105912	270826
130218	294222
115147	280989
108465	285189
108209	265755
112619	267609
109763	260766
142042	276297
126615	303262
122770	302500
138910	304128
119782	269298
116052	267115
111587	280281
113339	288219
110493	280226
125769	278022
115876	274355
104905	270577
122503	304246
113709	251582
105712	281771
120013	282988
106551	261935
123967	300928
112163	276898
124592	268007
117380	290781
107505	276897
106660	275583
123964	315992
131077	263897
117032	295675
117757	271491
138736	331476
123271	277258
109330	257510
125365	282458
112322	286789
102188	278271
103158	264209
116388	294428
108830	244781
100098	277686
116006	272990
129573	273120
111119	273701
107554	287742
110019	301998
107122	253405
121167	282220
123134	286470
113090	261095
108603	283611
127960	301621
127430	259084
108757	282386
110846	287430
106899	273489
107532	281420
119461	280271
123637	281950
119719	280172
114313	285704
116340	291152
116277	276785
112339	284749
126056	288156
117126	281045
109447	276201
120783	276750
103875	260488
141373	272591
120002	293857
127312	268348
114029	275219
107799	278305
120464	279946
119133	261048
127765	306948
135495	268134
113152	280618
117306	284373
117069	293820
118351	295714
116635	277474
98106	270619
124315	275476
123833	257164
115498	273396
128465	284013
132548	296122
135293	275615
123095	279722
123358	288476
106912	245249
127879	289827
114403	289851
113595	247175
110590	272420
101475	261621
108543	263744
124503	304525
122025	281310
107239	285259
126507	299009
105548	256807
102979	251387
120345	293271
104103	310030
116872	266158
116791	280407
111502	316548
