271174	640249
264427	654509
270535	663867
268903	668765
271755	644309
272427	661370
273901	652760
266636	638809
273040	660859
275020	690393
271271	672865
272034	652568
277133	658519
265052	658580
262076	648468
256739	660876
256141	633330
278078	671226
272596	684344
267337	668764
260929	672003
278124	626437
268250	645977
273403	645940
262903	636147
278364	716410
276787	633605
271835	655157
275430	652919
272064	674782
269781	646319
277425	669400
269840	677627
275209	648471
269550	660192
272281	696934
259175	667207
271788	663015
265319	673753
265783	665418
274289	641481
274262	664890
270824	652927
270165	671241
275881	651961
278058	649856
271936	634413
275945	647412
271761	673985
269255	673889
270988	667955
271571	635460
279933	677230
273953	658146
271029	675559
271265	670047
273556	662065
269534	663761
266221	657964
274686	666117
277030	666867
275774	654538
272209	655793
271065	633477
273535	666508
266798	648105
270426	666900
270159	674676
274640	660437
274300	641241
263855	649647
272444	639079
273769	660239
268558	667748
254813	655531
277431	697493
269984	640121
272879	662161
266169	651517
268580	658974
266505	665435
283589	654684
272590	669505
274108	657917
266892	660964
274725	683496
262881	670745
264437	646145
268832	649387
274218	659210
271823	644336
272696	633061
268184	664468
272450	660527
261270	665067
260312	627661
275938	657669
275566	659660
276556	651595
272964	664375
266125	671397
266406	676317
266203	655129
273419	647339
279882	684683
277413	653457
263124	669142
272298	664314
272598	657250
263511	665966
268459	659904
270908	660582
258259	648842
261641	658734
279751	662420
270649	665253
271029	648908
276339	637911
279813	669903
264649	649871
275812	649187
269768	669600
267191	673299
278831	665511
266954	658498
266595	646882
272456	695977
265339	648511
272882	625032
270273	641925
268329	677711
275155	676890
266879	644523
281525	672316
270006	661605
273368	645547
271541	655873
260344	645037
266687	661489
272008	672229
269110	641672
261188	669155
280236	665848
269416	648609
280281	660273
270138	666793
266497	676721
274070	634693
270742	665880
268386	674691
270526	651596
265985	668822
265360	677006
272551	616745
273322	677963
276124	672112
263062	660407
268120	645873
271305	681044
273432	660467
275412	654965
263831	641790
271448	655149
272437	643075
270136	680705
271461	659133
282510	666440
272123	664409
272470	663556
272208	634318
284811	683550
262423	665814
282152	656133
265505	655168
270729	699149
269205	670790
277211	670123
276562	666542
268961	671979
275806	653473
256079	660756
275855	686972
267169	661897
272120	678684
271449	666100
272332	658455
273134	675471
259356	684799
273721	652756
268866	641438
273268	667933
268814	661178
266533	687211
269204	649712
272226	669740
269463	634131
262992	633935
282920	656184
271898	656978
256294	671842
275321	665897
271592	668958
271658	637729
267660	669193
272209	663234
266625	672413
270048	654431
265498	655791
276109	673012
267045	669722
264542	650881
272939	663485
266536	665230
272461	649721
269376	662419
274908	635386
270647	662660
264726	670765
267388	669357
273200	651960
263242	652973
278875	648208
263721	651797
263995	667816
260011	663878
273730	669037
265635	647142
271007	671312
273896	660787
274747	666226
261523	652689
278302	661273
265160	649086
263451	655690
271741	658774
274882	681883
275455	657424
273104	651951
269391	661843
276238	692048
277321	661401
270259	661828
267378	662681
283062	671929
265661	667246
275351	635704
264591	672780
264944	659085
264480	651454
283414	655520
268916	667346
281084	672052
270791	659121
269816	670811
274740	661764
274609	689269
271884	654733
268846	654504
270410	676659
270951	673380
261813	652750
280710	677178
262323	628694
273746	669227
268531	661869
266918	666297
270616	660684
271828	680152
270705	679048
271111	670323
266751	647715
271427	666511
268994	650644
269502	621911
275312	656416
262152	646002
276106	657686
270656	657716
264073	642756
262027	666614
257687	663072
268628	652486
273223	689436
268796	657238
263030	652096
265964	641828
278136	669356
275231	668518
269132	655721
271672	658115
281121	667349
275053	680730
275306	679163
272081	651171
269126	644375
276962	673164
271414	675761
276445	666576
276216	674189
261442	665546
267335	672767
272673	667421
270428	645901
267518	684975
272234	654374
278392	663081
273175	655136
274682	642216
274362	659634
273162	676552
267984	666226
262030	632680
271793	674124
268675	662874
276307	643092
277590	672570
266206	655436
272985	660000
273766	664615
272715	658388
268065	671743
279105	655086
269554	641316
269364	667760
276732	673844
270290	665550
272359	661967
266315	677934
267311	661572
274316	655774
259777	652168
276301	671954
269992	684439
271208	689322
268126	670857
272411	639783
269352	668373
265859	664738
271773	656982
273951	671208
271665	650285
276144	663648
280541	649581
273932	664553
261578	661563
264013	649770
268620	647136
271698	656259
265075	643328
266483	663042
273597	680099
262863	691800
271199	656211
275517	646262
267371	684149
266699	659324
260201	670122
264409	650273
268903	690491
267299	646216
272228	650135
274062	674773
266052	665989
281414	656196
268447	646196
269600	701494
272474	672001
273576	674325
269641	673981
271137	669312
271949	634158
269830	662432
275198	658037
260243	641819
279217	677506
273775	659053
270040	667853
270548	661020
277418	663632
275781	653165
268672	649337
276680	658027
276652	663480
272586	656366
265674	658142
277112	674318
265684	656125
267347	662007
273195	659686
271120	683291
278621	684557
271460	630908
269526	673254
271606	659447
270383	671940
265398	657213
277140	647354
267123	667222
277515	644215
260916	640218
275062	664477
262457	671783
269652	648107
261880	660007
276535	673108
275744	668678
272602	654493
267577	646403
272857	672085
267168	665574
265996	675245
269474	664653
263045	645213
268022	662066
267404	665876
273943	655722
273140	663935
273559	645764
268818	687129
262956	658191
276936	672976
276346	677906
263783	662892
273861	656491
266108	657497
270314	662485
272890	656131
269920	678283
268091	667590
265599	655836
267709	660192
276877	655569
279804	651381
260025	637985
270494	678112
267331	657604
271599	646330
273610	658237
272592	666370
279871	671977
259300	648923
268447	663732
270409	665595
275111	658346
262103	661674
267638	659130
270489	665670
273585	647935
264686	657142
269937	654535
270389	657744
276806	683463
259987	659085
269035	677825
273908	658396
264850	669785
263797	673397
268957	659480
266870	636415
271870	667413
275297	657873
267611	659005
268363	655685
265229	659048
272671	677325
277414	656813
268389	649469
277949	669764
271477	677983
267735	651108
272535	662629
266309	664058
269769	662127
267255	654643
267102	643252
263005	665744
264106	701813
267864	685731
278704	689674
278331	683673
264624	658514
276166	666376
260369	657020
267506	634915
275625	678937
274340	637412
256285	671228
260136	653490
277681	650640
280203	673173
276348	640634
266109	663528
272311	666691
270915	660486
271189	668842
265839	679845
268142	683720
272522	639260
275325	667316
261341	667866
