66669	152836
50824	105374
46023	109512
50080	116797
73151	162793
43426	112629
80946	186350
51817	139579
45717	117846
52364	133551
82667	149610
54195	119744
72314	146684
39773	95622
47987	132453
85304	148874
47544	107938
39526	96811
46389	103162
64874	136863
50988	109912
46099	131382
46993	104175
49631	138048
50623	155569
78908	140196
42535	132671
43855	125567
63374	164717
45602	110797
69737	148373
45635	103720
86791	187099
42414	108681
78958	175049
39710	81897
77442	131619
48591	106755
45160	88524
40833	90650
51612	136198
48976	108690
50860	118555
53880	121651
38798	112351
40089	105156
49859	118285
42940	116965
76316	158424
69823	140381
42908	107115
45040	107878
43120	107569
88648	206188
38112	100317
41965	97310
80848	168663
44281	112495
50719	126072
44040	110096
44740	106509
45657	118416
44266	99171
40234	122458
42274	110155
47535	123757
44112	140612
94279	188112
56395	149794
61621	142617
48949	127356
78680	171491
41832	114754
46950	111854
83528	147190
78684	157331
42367	131708
40805	105257
38153	101606
78335	169043
68895	142966
37621	119154
49813	113569
73120	154742
83779	171215
76886	146191
55037	143147
53137	106120
46249	121201
38054	104681
46977	119515
70657	177226
91958	188503
42920	113317
84574	153100
51781	130318
41224	98863
74298	160723
75008	176793
37965	106135
46720	103031
80237	160363
58158	146059
40992	104553
39725	92308
37101	102313
39552	93922
68483	170937
76527	173549
76457	136671
42464	94836
66964	129815
54209	114315
48910	109507
42761	106688
92531	200575
46358	105450
65560	148104
45079	92580
51714	118016
36466	108866
43937	98678
52220	122084
74006	153809
75616	139414
85834	187744
49388	95877
74835	154756
40260	112196
79607	173124
45005	103956
77284	166821
60708	133745
40156	102846
45561	100253
76620	160115
90959	203709
47156	113228
92449	190468
47194	115282
40435	113912
46623	101865
47232	113594
48941	122495
79746	178435
56983	114626
47607	101186
83415	205792
42978	101736
46220	107904
63869	132031
49628	116935
45354	101426
39437	102962
44804	99712
84873	184525
54373	116325
78303	183358
38730	91191
46873	101920
53896	130544
35959	100931
43997	111363
48129	129767
42561	112974
40282	106352
67297	143339
43724	113387
45342	105130
43986	105301
48005	112730
84472	174020
35819	89893
43678	96335
38472	93951
46472	116163
37463	93357
43400	109026
42564	88693
75057	189169
89025	154640
38021	100327
77394	153380
52468	109148
86038	186390
51901	125398
60495	129669
82026	173109
65295	138492
68845	148712
39606	97401
42293	104511
50407	110271
48543	119824
59827	135862
46789	123208
70350	138983
38927	101435
73469	152585
70908	137272
68150	131931
77718	180063
43946	123755
39734	104131
42226	131694
56210	121512
51907	140986
47022	98665
70627	169140
51775	137891
78038	159397
42302	114300
73719	163303
40035	117418
47023	107585
39453	99785
41543	117106
50127	99788
48736	140692
39779	119183
79775	171087
41056	119995
47189	114330
45600	103214
80902	162692
69917	148379
48532	123990
39614	103473
49089	121999
42089	115952
89726	192836
40417	106202
77490	155857
43624	107189
47270	113254
73457	156092
45548	138436
43125	111532
82033	166748
39258	102801
72458	146644
49997	121006
79137	150046
58206	100204
52543	113572
37779	102063
85663	173380
47188	106961
56645	134484
69534	161616
78271	147345
43321	107792
66242	136240
87054	166559
41314	116055
45309	102221
39630	98115
71728	157384
84868	177515
39594	89682
78477	175807
74147	137557
44422	118099
72433	137802
42726	120658
54972	124759
46933	114930
39033	99900
42957	104916
44097	110968
55984	123993
73648	141509
54776	115406
92081	230326
43484	113797
44441	104081
77680	148868
44252	124750
47039	105171
46468	106889
45778	98242
42341	93168
40838	94626
40510	104484
41762	115273
69939	152495
36985	94808
39403	105943
41409	101991
39590	93669
72789	157144
83987	154942
78806	169867
75067	163884
49635	98809
59008	132589
42697	107660
74352	150239
36686	96490
78757	185681
50896	121376
48370	114104
72108	160750
77001	139288
48602	109298
47720	129377
46456	130016
41047	103832
44204	99141
72280	154229
43891	92738
70004	158150
75688	148009
84565	164416
82968	201251
74035	160984
53329	113456
41039	100750
49613	138293
47090	105890
78085	162639
80957	200743
85566	174876
39807	88191
41115	106329
41250	109522
68178	131950
40337	93312
40355	114381
46163	125237
47087	91182
38783	101875
49480	111833
45283	117024
47409	119045
40354	130760
44441	100914
35615	102891
39694	95398
62743	152985
48866	114891
38853	101257
32491	99642
46424	119511
54556	113516
92049	202502
42625	113893
40184	109387
86341	188022
70141	139629
36400	104624
48822	112942
77706	180699
47792	136689
40376	89908
55665	123185
82638	146818
78452	144600
42693	90593
44580	127286
40160	108781
43920	105697
48216	104815
72941	152621
83763	181544
52900	108850
46242	111307
76237	138811
47941	123867
41889	112585
38582	121303
47567	118144
41996	108737
43907	103908
63888	124989
79263	162453
48855	130733
79932	163593
40064	110235
44081	122886
47204	129465
61704	142040
75194	140279
41544	96979
50806	109595
42731	113285
43062	109027
84425	180653
77482	154948
74072	159787
71408	132251
74188	157142
77807	157762
42013	114422
72919	132795
49181	135923
45297	114969
80077	173232
74702	177487
42120	123094
42389	103093
90002	167250
44383	105395
94685	189229
50683	118938
44676	110551
49421	156916
45116	109547
43684	105043
71947	136605
43987	105295
69282	140783
48186	102568
84799	179850
47309	108703
44204	103842
43166	112518
52283	156505
81726	164765
47813	108622
45231	107482
72162	160481
72752	159062
40151	102332
71917	149825
81049	180703
46764	119522
38628	101295
74690	138055
41707	99765
46251	104324
42607	108274
83403	190749
41495	113772
47171	112615
59886	143628
43354	112611
77580	167607
79303	181206
38987	83471
46342	101734
78871	161941
64775	129374
46117	125612
45161	110648
41900	105699
45871	101979
47003	126443
63831	117942
43279	103191
37700	102694
73007	152914
48334	92767
57093	137816
49818	113605
56640	127789
46475	97721
49220	116839
45043	111990
68687	151643
84095	189760
45176	109135
82360	160098
45937	101329
48408	116244
42906	99304
70867	156185
71691	141290
71067	159692
41689	113056
40915	102153
43297	106286
40190	99405
45355	101702
46996	107558
82365	170735
88969	156048
77210	145728
59762	122061
44097	98231
75023	136538
44979	112166
49641	103598
65754	144949
75569	146332
41388	113606
49040	119129
46138	111543
42643	117048
60469	137433
36736	113578
45453	102605
38959	93316
39108	100163
47511	100505
48022	95997
86451	151841
41596	105289
38882	95513
51166	118970
