7916	12689
7426	12162
6988	18204
16215	27748
50412	44722
1720	5778
874	3061
13885	29618
11014	25147
4466	5737
44175	52767
8709	17127
723	2970
282	3442
412	5919
17240	21087
247	1690
9866	11502
587	996
1543	7138
207	1952
15956	39199
443	66
5652	19003
33394	87556
238	1149
3757	5582
10451	12130
54001	44072
7046	15025
20954	29852
2119	5395
27344	23385
2507	5075
21311	26252
331	4065
61638	47167
544	3839
139	3687
128	453
1788	1642
16099	22313
7401	19451
2203	5915
34	810
153	197
11384	12357
3399	5568
12028	16011
71287	84367
3587	10503
3131	6505
3309	2466
30964	51056
1075	679
178	3677
4495	3091
2802	9108
11267	13856
4149	7869
268	3045
932	2395
6250	8776
2389	5431
3902	2172
17082	28894
28044	71266
11513	30849
1934	1224
1765	2599
110	1850
14528	7096
3039	5684
4516	6824
54341	36272
1490	6162
8515	30295
3098	2672
1991	8191
9926	16234
66262	69290
6636	27077
3002	1756
7007	4747
2079	1375
73697	82001
6653	10338
207	1429
4635	10366
578	3165
1396	1349
59783	51367
17126	31012
2820	3460
44748	42451
2515	1745
4301	22185
51329	41808
4790	10178
7507	11711
578	5383
38015	63106
9164	14262
9642	25744
146	1187
1764	4056
16	1238
12835	22386
1098	843
29208	32878
919	1671
4043	15391
3611	3381
3294	922
2248	2928
45789	52868
521	580
3315	609
8796	11984
10888	28543
228	3405
530	4089
10764	11018
45104	36113
3395	2261
66060	67457
19006	22527
301	458
16	685
17959	10899
147	27
13965	39894
41489	34857
1343	1150
648	1012
1425	1507
4739	12847
4411	9042
1024	930
113	469
183	1316
1002	6779
6520	15616
2502	8471
52274	48803
8201	9464
3647	11688
11224	31869
282	3442
1252	1047
19342	25600
7446	11917
1656	6384
1099	533
5724	7152
66130	57306
555	1187
65773	55655
344	3327
2582	7309
7393	11460
2787	8158
4553	5949
11168	29843
5956	2457
681	4260
516	414
709	1448
434	3390
536	183
13009	13581
50420	45811
36	199
252	1770
5734	2848
15391	48087
2261	5337
183	1089
324	1277
55127	104235
3409	9550
763	3543
87630	88752
1555	5628
56073	40200
9000	10575
39230	28525
45755	45102
58398	58959
59487	52709
171	140
3866	7851
1727	4899
12703	34492
15757	39511
10396	21113
47624	32421
388	1839
44635	33400
8162	6294
26730	36940
11115	29190
6101	8135
3217	3544
17626	25007
3626	1513
1740	3230
378	804
58919	54425
1707	2394
7469	8473
1760	8536
15266	45317
189	858
972	920
1440	3597
664	2513
835	3316
11493	37260
5471	5535
18104	36302
3733	11332
736	766
11839	24797
7619	15435
92710	96129
5694	8048
2704	6547
11272	9574
13379	27140
1377	5365
1472	2626
1908	2208
301	1031
10983	30360
5772	3270
5942	19949
8986	12676
1518	430
3647	4206
4612	10138
8837	24031
65528	68337
51905	52669
2211	2497
4317	11282
48153	39566
5105	4370
9008	14812
55847	51688
13908	20573
18018	32990
21267	26544
48551	39323
6375	8458
10490	28360
316	2499
39597	33844
60283	58155
1848	2712
20761	51792
63419	54129
796	1544
56528	45930
1242	3021
23319	58113
16346	23316
641	4540
9765	14751
4952	10879
10255	21765
85777	80912
3056	1172
518	4365
1249	590
1488	4029
19087	19481
14195	18296
445	2189
2236	5378
1964	0
3036	3257
340	386
1444	7943
7235	5277
52679	35534
225	2902
719	4920
3188	4288
4539	4549
21394	25974
54210	42394
7694	13567
986	346
2929	6058
46991	39761
501	2497
54030	51728
482	4161
19915	36234
4115	5303
14757	18645
27045	18733
46364	31020
5046	4119
9011	8645
3615	4283
956	4972
597	2657
1894	668
6119	6168
15091	17239
705	747
1841	9515
2457	4006
8294	17356
9177	17418
202	1097
979	9882
4946	9278
35830	20623
10163	8119
1632	5329
662	4187
3361	10174
2622	2358
17786	12958
512	3118
1014	895
1143	2395
237	2376
9343	18535
12888	30751
10032	18847
6362	11989
623	3726
3467	8106
16	685
3838	4129
71516	72672
9328	15478
4715	3739
763	741
8859	17839
11480	12513
485	3946
381	1639
2954	2269
145	2437
75979	74758
1024	8438
304	883
1881	1094
18434	39595
4713	3320
5693	6769
18475	28718
58590	44497
145	285
2789	8712
156	155
4404	8864
1001	166
3695	7208
41262	31303
504	2565
541	4777
6538	10814
540	2902
10101	26810
4060	4029
5344	19476
4134	2784
93	27
55459	63586
51700	46622
29312	73974
30986	25418
1393	5189
91	463
4249	10075
9766	10370
12736	10073
999	4380
18102	21374
1415	3907
374	1698
2609	6697
37266	27382
15514	13241
1411	1372
3280	8800
16767	19686
158	1559
32835	31028
29500	58812
3506	6887
27987	21356
2913	4853
2181	1735
70	1843
3716	12925
200	284
10595	6598
8399	18288
443	475
17212	48233
1420	1080
387	3790
24161	10916
654	4950
51380	43655
1525	4252
68164	76934
4548	15221
914	4035
862	6723
3976	8420
60284	61218
2535	5263
1672	2453
45674	41984
23104	27470
270	1888
17765	31273
749	4330
9645	22402
4987	10328
68024	68022
9404	17593
1284	262
4625	10324
48399	33400
285	404
871	5638
1856	4803
453	2577
3152	592
730	2369
3595	4704
1387	2869
51659	55760
2469	679
3035	4361
2229	5157
374	857
1376	3225
852	166
32885	28635
558	1190
1688	3778
30792	69332
3937	6255
18999	40656
4145	12089
42	2139
2564	2549
864	1047
2691	4947
75409	60697
18311	12746
15868	36609
1645	6105
6901	13437
7470	15736
306	1272
19881	21418
34153	37585
27317	64310
3684	8874
1308	6539
2043	1673
1353	717
295	1625
5408	5712
12686	7034
2786	7041
38114	40746
65447	66218
1150	224
25125	23374
5072	5525
123	454
19035	19103
11318	12487
2153	7991
4970	11304
882	232
6951	16019
44777	38075
2550	7203
3156	10235
6207	6223
1632	3112
178	4874
1154	784
14877	45970
660	300
16	1238
15315	48408
