10829	24272
4628	11839
10379	28032
24797	28896
55377	97230
3481	18286
59090	81371
23900	71438
64823	125019
7452	21294
82256	105230
16153	47321
45421	47068
102	904
573	5513
16595	25509
230	2748
8761	20761
6935	25827
2904	11518
474	1672
13352	45848
2114	4912
6405	15926
7826	35282
73932	98302
8921	25554
12201	27241
47345	87515
9666	25736
67477	116348
5686	9276
80562	117900
5159	16119
70695	94040
547	935
66804	76195
8805	24430
0	204
2062	721
5413	12966
17309	28681
9510	28200
3337	12208
1298	7876
556	1503
13776	21372
6427	16949
55121	74703
59819	84477
7037	16046
4611	12998
3314	11077
71382	145791
5477	9513
152	1045
38486	93214
9210	27548
16754	26340
4840	13604
1013	9183
8941	24118
7863	20393
3742	7830
2762	7683
10878	42427
20345	77504
13152	51631
11115	30496
19768	27020
1831	11444
40934	55368
3122	4380
6301	12113
96526	148622
3084	13385
6781	27405
2136	7006
3162	11776
51790	64488
57991	76164
4333	23180
17789	18387
9445	9742
4107	5066
73627	97817
5687	19716
4119	16047
7826	16156
12256	23139
11526	38646
48108	64682
83344	127727
7939	20132
56447	57349
24017	31296
2841	10086
91026	177673
6766	14671
6343	17957
1984	6568
40972	81224
12950	24920
7207	29183
432	2313
4114	13895
145	2262
24352	38925
13327	37409
65615	99040
524	3990
12494	41382
3221	8472
2685	8410
2207	7948
85720	106471
813	3028
58676	97971
7369	16035
16109	32130
488	5539
832	6301
12923	27726
64317	88279
5375	4957
61145	80286
19870	30371
46888	63065
64	1046
76308	117282
1923	1437
7021	25857
50928	69241
3618	2904
2639	6143
7351	8993
6458	14203
5362	22065
5281	9652
4352	12232
307	2238
1642	4377
5598	18578
2265	8220
48671	65297
23811	36315
5031	18422
19062	74939
114	2317
797	2060
57045	69189
6203	17193
1734	5139
4387	9806
4370	4098
80666	122157
1084	2874
60780	115632
3965	7352
1325	3791
8333	19202
5804	15128
8038	15676
7325	33037
71092	104150
1301	6274
40519	51405
920	2999
8077	28427
903	1694
21841	29119
42379	63440
705	3074
139	3443
4458	12129
28762	76997
8720	29775
2602	8970
1328	6664
21810	83106
64166	81705
1596	6489
59235	87046
20219	72195
63418	67876
11089	29997
51722	68961
80319	144984
62323	92092
66456	81407
1605	2068
6601	15952
17267	45778
12246	37211
24180	58159
8318	21428
52012	63002
73	3820
59880	99303
22968	27919
59261	70760
17055	74141
6840	17784
4646	15077
17769	68754
38902	45888
24526	76930
2548	5356
51813	60667
4713	16392
25271	35078
9713	33004
25925	69231
5026	9822
592	2666
1166	3759
2453	6868
10088	23745
18411	82012
7802	20794
72554	142462
5225	17762
5326	9728
8153	21070
8009	24746
74442	121243
6487	12730
6474	19806
58835	84956
13129	36658
4213	11607
11321	35042
5970	9765
991	8640
12214	44576
12620	10726
11142	37933
3620	10260
84271	160654
2285	2608
66471	106393
74041	115060
64204	93585
43850	50296
11507	24158
3420	19702
79599	123137
4401	8132
26268	48676
67559	123802
15417	27563
10342	35203
55576	63364
72889	122480
6787	17620
11158	27068
121	1929
61510	78627
96845	184923
2654	4959
18766	64390
62283	93923
1772	10721
58422	96404
2965	8752
21465	43073
16791	25584
409	4632
5132	11290
7396	18176
14267	47963
67932	90895
2590	3513
21237	85334
2793	2404
2507	7158
69198	97090
9691	31481
528	4226
1448	6626
1492	1868
3622	8291
1365	2961
1040	10576
8352	17941
66593	99848
322	16
2198	15459
1900	5006
3081	11180
70719	106196
82269	148303
4318	11257
4865	1426
5797	18311
50283	82172
2253	5607
57106	79230
549	3739
19381	79604
16900	46748
16728	27682
59956	82952
68261	101194
16830	22774
13207	25511
8466	21122
1254	6040
9376	27454
57075	92745
7042	17786
71741	101317
56015	93566
52141	78708
71534	124869
53837	74124
17229	49300
111	297
16875	65491
6925	12503
39606	55297
78289	125258
55190	101178
812	3505
1573	10471
38809	50409
14431	34265
1853	2550
1493	2816
15561	26728
318	2854
6096	14706
13616	47498
13131	55438
10967	22208
293	7262
7565	24784
11	914
10984	27104
57953	83462
5572	15415
6071	6512
1909	1859
11128	30735
19939	28112
86750	147015
495	4471
5655	13371
16606	60950
85927	134930
1816	5388
746	7078
22079	27526
18510	70965
5935	9083
4263	10486
69696	80872
63661	101750
388	1983
4850	12246
385	1315
10118	23241
3318	9216
61924	91448
92950	154125
23033	61680
681	3216
66759	96313
5007	11918
10200	25249
4538	4792
11487	39795
5931	9439
259	397
56303	77215
62049	114050
22723	60084
55767	59764
1715	6017
2349	13923
10300	42928
59073	89009
21630	32938
7507	18771
14589	17974
1748	3719
444	5218
3494	11947
61619	86767
68028	79673
62369	63869
9627	17135
15263	25865
214	704
54982	62756
16046	65235
20161	33607
42945	38538
26286	78156
3127	13491
298	2825
3170	15021
973	4839
86157	134368
18834	43066
2242	5608
24110	81113
6257	12213
556	8486
65003	87214
705	6383
53189	75396
2251	11410
15354	28630
6910	18391
1239	10950
726	6605
18564	72155
51684	67575
12247	25464
1859	6321
83465	160550
46981	61450
186	1668
35501	65613
4281	21260
9759	25804
4820	12931
76021	146476
5567	14982
2355	7866
8879	13591
82525	163068
39	1554
30990	46696
13158	20397
519	5360
55194	83400
90747	181125
2096	5198
3954	7249
89809	164262
27581	20993
10774	32008
1009	6660
4260	15091
3689	9172
13906	35242
49049	55071
5307	9469
3686	7865
18470	63180
5678	8259
13725	39691
5244	11834
1778	11615
3099	4545
699	2246
2628	5140
52545	66867
58560	77830
12473	40326
86563	133236
5268	9617
17428	38296
1883	9938
61564	81170
51667	59632
54427	124678
4979	13223
4686	8914
4702	5365
2408	3268
15	2331
8898	16066
56378	78908
88287	132836
35191	45367
49985	70849
3461	1077
89926	134525
9811	6766
65	870
55445	69089
20959	27584
8284	34608
3678	10994
2376	3347
8790	30815
49101	71786
1314	3459
5847	21795
10856	10869
460	1414
199	7054
2492	4867
32978	90799
2691	1527
146	3030
16026	44054
