1795	6172
10719	31503
1289	1807
2573	3999
11232	23670
1418	7724
13794	22891
11094	24717
11379	26402
11783	21884
13746	19926
12920	21563
9470	22422
0	0
0	0
10108	16781
0	0
995	2073
11325	31481
7587	11041
76	959
1346	5426
0	0
12250	21343
12067	20521
12343	20762
7499	14758
9356	6955
11744	22919
1763	4677
13955	21488
1151	2507
14882	27507
9189	10678
6680	16442
0	0
12943	15198
1138	3217
0	0
0	0
2306	9762
12010	19311
688	1464
2245	3010
2	560
0	0
15798	30812
926	1688
9157	18728
9705	19158
391	2557
976	1883
1203	2386
11248	21881
560	1018
0	0
15054	32597
340	2154
5420	8710
553	558
49	378
3830	6413
11237	21551
0	27
434	376
1728	5764
1352	7601
14087	28901
11669	24768
9071	10707
1576	5080
13324	31241
173	989
2745	5653
17314	20354
12321	20760
1823	8094
31	49
264	3184
9871	23875
9775	13289
9209	11875
13877	12328
11252	23662
15000	27442
9696	13821
8953	12147
1606	5031
8973	14504
10857	9852
1877	6207
12427	38957
12229	20521
1117	2603
11333	20972
12290	26200
299	90
9002	24487
8617	21450
861	3350
61	0
11567	19860
1605	14846
13475	24872
0	0
198	1788
0	0
9703	15782
9191	24562
10112	19989
0	33
9896	16896
202	236
276	283
1156	1992
16202	25803
8515	24561
10866	16655
517	180
11583	20753
5001	14282
144	461
8843	14635
16773	28721
13819	26748
11892	21024
8683	9837
13277	27365
0	0
9937	21244
231	478
8908	26278
11446	21218
0	0
230	915
14691	29597
13219	38021
2889	3200
10587	27039
749	3323
43	450
818	559
876	2586
692	3104
13900	35975
11444	27048
740	1743
15430	27691
0	0
102	282
9777	17971
898	3829
1441	2063
0	0
1377	2282
7189	11053
2347	4778
15946	21367
1247	1525
0	742
1534	1256
11972	23995
1396	5442
757	3067
13106	21098
41	2145
8964	10497
0	0
1051	2799
61	315
11660	25767
11267	22950
0	0
0	0
628	2337
12891	26205
878	3003
11485	20814
24	0
12077	31904
13260	15151
301	380
11933	23318
1614	6042
11374	25980
1670	4350
9867	17630
17103	29628
12526	23066
10388	10872
0	0
321	1538
1425	3764
14837	20089
9399	17497
1873	5783
12585	26381
0	0
13248	28977
8149	14741
11176	28239
12817	29462
2045	3930
9706	12927
1869	4881
11541	13500
19420	28694
34	41
8685	15067
958	2330
4800	4411
920	4785
12608	26769
14419	37352
0	0
705	1060
2035	2475
530	1014
2759	5584
7856	21623
11372	30305
618	3219
1860	3321
485	2766
8448	14801
10800	20949
11102	16366
8965	13175
13914	25913
1340	6610
14134	30587
2483	2958
9465	38383
0	0
2860	6075
9463	30615
1254	6303
396	2587
12212	21377
290	495
14164	26479
8885	27601
6938	16777
11076	29389
1154	1489
563	1039
11526	21535
2252	1937
17070	29880
10165	18938
3863	5471
1073	3227
9435	18323
14017	21708
869	3394
697	3982
0	0
13520	21987
10409	20843
74	0
15171	30469
8244	18086
219	1323
9682	20877
667	3113
13070	19007
1868	2567
108	444
1064	1130
686	908
9997	21538
13796	30896
111	144
14549	27897
0	0
289	0
12046	25018
1063	5439
0	905
113	404
0	0
235	1665
0	0
173	2149
480	458
8639	19381
0	0
806	3490
283	0
1044	918
10098	13718
11853	34362
2068	3486
10192	14031
379	1190
9520	10805
0	0
14261	25087
103	0
12365	24817
1429	6081
962	2396
12064	26328
9223	16629
12164	22598
11763	23686
705	2662
1081	3006
1421	2676
13980	23569
1889	3330
10231	16778
10093	10736
9677	12302
14722	26426
9386	14195
4852	3867
0	0
11787	29352
5373	7208
8425	21119
10289	17382
11665	31756
120	630
10554	23876
7146	12057
9086	16677
42	72
542	1739
11425	32901
47	0
1288	3399
14345	28239
13094	22553
1041	2364
62	1509
1347	4045
0	0
2223	4478
9054	20841
850	4214
15299	18775
151	0
1869	3549
3961	5988
15533	34977
127	0
14191	17368
13233	22998
12175	18100
16125	29928
142	879
10556	26998
12595	21713
15800	27126
2031	8279
12857	16649
9869	17476
0	0
825	1423
0	0
12588	26411
163	498
13000	24533
16403	26529
1818	6411
206	1149
8255	25365
652	6514
2400	8163
1141	1781
3491	7327
867	2136
36	0
11941	25390
9860	25314
14032	26590
12726	27630
9	113
27	272
3649	18109
10607	16574
9313	18869
336	1610
6746	11081
1715	4356
10	0
17566	36759
6758	23137
11493	18694
9423	10550
11730	26676
15007	31569
0	0
10508	16951
3159	12424
9835	17663
13226	21219
11400	27291
151	1764
50	219
13577	22337
0	0
17792	25764
2880	4991
753	2924
11845	18067
283	2672
0	0
8304	13080
128	937
12498	17069
1825	5304
11413	22522
1274	2011
403	3356
208	1840
3076	9632
14005	19517
1536	1638
232	857
15315	28014
9608	20939
0	0
9059	20009
9048	19484
14138	29496
1823	5901
15487	22040
1496	3848
0	0
4930	12875
18365	21839
0	0
9255	19567
7382	19336
0	194
13771	36673
8071	22025
489	726
11192	26264
10196	17977
11344	13507
573	4184
173	1040
2339	4193
828	504
11640	14816
9182	14931
7494	12836
1180	3889
2223	15151
3581	6643
11406	14453
9413	27858
15495	24083
715	130
0	0
300	403
7233	14021
11041	18859
1610	5084
10783	11694
441	49
1748	4508
63	262
11998	33280
8725	12620
13836	24871
432	1925
1132	3151
101	361
310	217
0	0
6573	19621
16862	30240
12154	23673
8877	9574
5932	15313
6455	12145
9609	12792
11395	19782
0	0
9620	16820
9765	16423
1001	1693
345	482
122	0
1897	6549
4725	6465
14	649
853	3217
3074	4822
343	845
50	1890
0	0
12549	17566
857	128
0	40
1523	4144
