171404	253728
222488	316629
20015	40095
34220	49725
211488	302670
2574	10231
168585	191744
38974	90859
234468	343592
10991	10597
221247	315909
208480	310457
212954	329403
282	3442
695	8906
150076	172485
247	1690
20389	38218
148746	161808
112374	104121
313	2245
21013	59663
443	66
35811	90420
198107	302221
218992	308755
19141	31279
16100	24053
213691	265177
26971	69073
176910	268633
7893	9968
199910	310062
7160	8844
183695	229250
331	4065
133847	145529
676	5068
139	3687
128	453
40109	99398
39983	51476
35389	93288
2715	8145
362	1666
153	197
13628	16622
13251	28214
211872	308619
176150	205345
13010	29660
9235	20837
7978	10618
219715	330318
168973	203233
178	3677
162171	232675
11422	21827
22767	21371
5130	9077
647	4377
18160	33995
8372	11677
2692	6905
6224	7080
22065	43121
43124	120179
215767	317513
52606	124395
130708	143461
110	1850
177707	220504
4473	5999
21277	51168
202557	279667
182216	286249
17457	58420
4121	5804
2026	8376
213306	318730
131218	159767
45226	115355
28189	30490
201000	314035
176801	214662
189913	227488
120806	238725
216	1657
13062	19848
175998	201318
19354	43613
148330	177614
234682	371721
10400	15260
227496	329192
39693	37040
5660	27767
209965	310307
182396	289246
11525	22168
1554	7504
166679	254659
39230	100927
18554	56674
146	1187
6920	7838
16	1238
144525	161591
161386	238373
139030	160562
919	1671
138494	163848
4986	4311
12227	15896
2725	3462
221730	313491
521	580
173902	251975
11351	14698
209556	296946
58529	143897
870	5923
67106	90728
230148	335914
164902	165737
211140	303596
166244	180021
164518	205619
16	685
221846	322844
668	27
49867	114658
108026	115515
1343	1150
648	1012
152204	162587
222874	329747
9171	25292
221005	320366
13049	26068
318	2320
1269	7522
14203	28547
30812	68101
221770	319065
213987	311234
15471	35426
42275	111365
282	3442
1252	1047
171758	210910
12327	20501
6379	22792
1099	533
22562	50658
195055	270907
26954	49150
164908	209950
28385	63626
3486	8805
12398	21353
177433	277824
23023	42200
34907	87747
163082	216958
795	4636
140231	152708
1272	1912
7786	17852
536	183
168871	190797
156481	162918
36	199
252	1770
9065	8523
214951	330477
23512	55016
2048	3522
324	1277
229391	330231
153829	165605
1509	3950
227392	344583
47232	123537
187540	289469
26210	51733
168880	242068
199283	326013
228934	343035
145557	144113
171	140
11943	19499
36841	78368
25297	73360
213246	286885
21560	42447
160274	175117
388	1839
231471	352291
155295	194356
180292	279796
211909	293378
17015	33599
141875	168199
48120	102184
6055	1834
74179	171929
4101	9676
125855	116347
2062	2663
175698	197271
24698	53640
221733	347293
213435	365053
972	920
16932	34106
2584	5830
27646	57362
44238	113436
19867	26791
205451	300227
4506	12082
12955	24770
17478	34795
11685	23765
178028	194815
8833	9268
170701	196485
225439	354564
20956	48061
87435	201549
21230	41291
187980	316125
319	1031
48976	134453
161461	219771
31340	79617
15399	31993
190069	307402
5481	6415
149302	159589
176052	205857
165119	198094
165599	185812
19215	28022
7717	19949
172833	200112
15599	34206
220787	344954
222629	309505
23732	36845
27032	53134
183764	297556
225477	318278
10425	16282
26714	67423
316	2499
213971	315485
223534	351673
3151	3755
155185	254270
193097	218732
796	1544
210703	295334
1242	3021
207607	316896
35377	44102
720	6094
13802	24541
14235	28272
151881	209414
225416	318295
3599	1405
221787	348030
1249	590
2241	7635
236524	357083
22015	38122
445	2189
2624	7342
1964	0
5832	6275
340	386
2234	11808
192624	284789
172410	201442
225	2902
23927	56991
3548	5970
9088	20943
32745	42015
207776	257606
186198	222732
2100	378
7415	14528
118945	123836
1846	5873
234730	351546
504	4792
176269	278168
36404	64108
31891	39974
192935	250631
144132	170417
221510	320083
214591	332522
14044	21195
23014	47606
24435	54078
34518	86191
15443	21735
223926	341821
147659	166078
179237	217160
222024	344459
183970	225815
19798	41339
325	1121
213993	334943
11643	29819
194548	286280
241296	358377
209351	317248
688	4449
4334	16624
160328	185482
171635	198005
1452	5429
16327	33829
225668	330263
556	2676
21810	49630
228476	314691
224707	369698
14986	20789
623	3726
19440	42092
16	685
24988	46080
209675	296798
15421	30840
164205	186857
763	741
12847	25128
31191	41238
212934	281597
381	1639
3855	7314
225047	358637
221738	329982
212515	332571
2502	7784
118817	137419
196226	289919
175796	239411
38999	77361
126203	156483
149727	160290
145	285
9983	21620
156	155
42819	62864
1001	166
192734	277323
162767	174269
56728	148600
914	7491
225196	313448
3173	10815
19458	37370
8091	10353
46496	124441
6681	7875
93	27
119858	121417
202271	287517
199165	301004
208423	287351
3282	7654
91	463
14110	30206
164423	189543
156359	157675
16344	35046
27192	27892
2219	6899
374	1698
215840	368637
174293	230074
199657	306066
154505	162570
171724	200504
175278	198028
158	1559
154123	165035
43946	98825
176215	203352
164794	250337
217889	295324
4375	2422
70	1843
197613	284330
266	773
178713	219792
41309	82260
28803	55417
223000	319706
11718	19945
387	3790
123018	132919
992	8591
153407	183239
1891	5100
213841	345124
25008	60266
1726	10356
1008	7299
37892	92406
203140	316154
24709	58005
2139	3631
168112	214749
142359	156940
584	4048
176928	209971
202674	303808
191497	304906
20652	45074
203246	274621
36274	70813
1364	262
13444	21155
200574	287608
285	404
238610	374314
48663	113159
697	4908
189721	240965
221806	327691
5009	5172
3106	8201
213496	308045
198422	289861
24377	40691
2697	8176
2838	11991
3367	8162
220829	312534
120458	147636
128504	156514
21295	40374
54582	123172
15271	32965
47741	117430
163467	193281
912	8285
7210	9816
1252	1047
3620	5810
134935	132401
208067	257635
25454	54853
183759	236445
10116	19078
36874	62313
306	1272
115327	113663
148327	148288
218633	338468
8713	20200
9105	23533
3380	2422
1926	726
295	1625
127387	135228
227526	334648
209285	275155
161849	190252
169167	194759
182617	211054
182608	213029
231314	321899
123	454
176453	204201
30806	40911
20007	55684
8312	16593
1330	424
12189	29276
104775	106115
3319	9765
10097	30686
9280	8912
1797	3241
240	5924
1154	784
192326	297347
660	300
16	1238
43405	108349
