236577	561955
228421	576026
232387	579587
231379	578032
236344	547012
237008	571580
242083	567496
227373	548498
237794	582702
236251	601712
238622	578379
238911	580625
234610	568766
222326	565723
224766	570309
223523	556140
215625	520016
242718	583177
232065	591078
230851	562334
221608	583478
239733	553666
232582	559260
240589	571697
228289	563182
259403	628094
246279	557714
235336	568884
242699	573018
237547	590234
237596	559477
244695	588642
231886	575891
228164	562639
238818	573066
229064	590499
219474	557780
233699	578130
227882	571749
235559	553182
233624	546020
233584	576806
235723	562557
225120	589067
232611	546496
236850	566057
237393	545203
243236	561447
241611	599928
228890	569037
237394	591784
232833	537626
242030	573965
236581	577029
239629	576702
231812	571357
244123	572113
238446	580690
239405	582310
233770	553568
237371	581939
238948	567672
237100	570307
233822	524438
235188	565314
233281	566436
229865	579282
233383	611077
234470	578536
242554	566857
227692	563062
248497	550071
238220	563419
233651	584179
239057	582563
245314	604091
232613	544239
235783	572394
227570	568061
240396	579681
231013	554388
241373	575825
232290	577536
237540	559865
228932	558396
249085	602119
225946	568666
225780	567481
229266	558835
230460	557902
234894	573337
240108	547793
234517	589202
239619	569536
232835	556638
229839	549337
242507	571367
253954	567847
239632	564265
238559	571948
236520	589930
237381	598520
238948	577694
234696	564298
239403	595927
235528	565575
229445	579629
231370	561946
240747	584216
241228	602280
226445	560114
241137	571418
225492	560858
219040	573641
243895	553786
230896	576129
233582	541328
254119	567115
241427	588149
226051	563467
234176	564888
228565	578160
233624	582098
259117	569661
233053	572998
227207	546888
241825	599221
228630	557151
236847	531089
229164	534780
233084	570496
231539	596113
225204	553088
247662	589806
233193	569467
242334	538508
230917	569340
225551	570942
236665	587163
238899	573110
230004	537228
224798	581475
238622	574607
224944	557934
249100	577166
237838	585864
229187	591139
234495	560948
228133	573267
228146	586137
251911	595043
226511	573777
225155	576213
235251	532543
240618	588671
241995	572657
225992	576882
256366	578489
232755	581791
232267	569763
237561	561205
227498	548316
240345	561560
236732	550144
237619	586417
234361	558499
249745	559083
227873	567095
232679	559487
231549	538996
240481	575162
224209	576657
240930	572479
224717	562133
232914	593924
239393	577948
242160	590813
237886	574111
227273	590827
238279	575598
217724	577055
234421	597308
247857	571062
242183	588268
243603	577079
231360	562960
237230	570602
230181	582161
240674	560804
229659	551643
241114	589840
229464	558526
228741	601777
233287	572345
237012	596469
236867	554515
241679	548542
239601	567440
241282	581026
232121	582079
245724	575962
228293	591982
233934	534048
231571	577463
237069	578047
236136	570104
238818	587320
230264	566389
240381	576602
226859	588957
227551	569519
225870	562516
230838	578589
237383	550553
235028	556403
239365	552927
232360	576024
221733	574709
234648	582175
230731	556804
228694	570838
243473	567924
235131	570298
227464	573417
229144	583039
232110	567420
236234	565774
236043	576509
241818	581013
242801	585774
228461	572488
232171	562554
229499	567471
222337	560380
241561	606653
240496	582847
236906	569647
233129	573154
228689	566005
231498	593298
240080	575620
235051	576545
241544	567993
257992	572010
229649	575738
238742	551281
238701	571001
228356	569064
228847	560609
248306	550468
230458	576937
247090	588879
243551	564693
245681	592616
236257	563664
229702	585733
233300	549647
246153	593899
246647	586977
234089	582708
229418	580624
250808	579100
224505	546266
255794	583619
231430	564276
236291	575160
234866	565555
228447	578323
232011	577498
238014	584989
225897	558544
254967	583332
225808	548323
228923	532443
237499	561478
222311	551348
246388	567611
233635	568848
222908	547209
223619	584942
222718	581796
226216	559707
232190	579760
233355	573228
228931	576045
243977	564862
235774	588947
236183	581071
227555	568652
235638	563797
235237	571401
234926	571291
235773	561662
238945	558337
227122	546808
254986	582081
233924	580489
243857	558288
238637	572655
229262	582014
238255	603334
236421	575037
236069	546465
240403	592925
240125	566451
244708	573636
239396	575537
237301	559654
235982	570697
249059	610482
231764	575142
222689	548335
236263	575278
234116	584763
241875	565820
240863	583533
237965	564797
224854	556872
237755	569348
227740	569175
242215	578615
249651	584390
235932	552841
230347	570256
234528	588574
244617	576653
240559	591819
227595	565318
228739	554544
241454	561204
216066	570481
234918	582070
236749	600105
230193	593165
232316	586961
233025	547694
229689	570279
221440	561053
239349	569177
247495	583515
237367	563133
238063	565177
243995	565822
231624	564818
234732	576151
233238	569615
228224	551936
235050	583506
228942	560011
242321	560520
228703	578080
222103	600165
238796	559189
239693	555396
229768	587408
227019	565784
221743	568873
232084	567335
234032	575528
233077	563537
229831	557548
238364	597485
226929	574033
245963	566531
257028	587063
226027	596648
231867	567029
235999	594544
232259	582471
235323	585606
238041	553165
235169	564260
236713	547523
217137	530677
240740	594643
239063	564891
237905	595225
241970	558817
237677	574336
239579	564850
231163	562822
248312	558252
243605	577073
230754	581446
233023	564446
231788	573742
224640	559594
235049	578092
242666	564806
229645	586277
234502	587848
232728	542230
232919	580351
232750	550238
245776	583558
238457	583572
238776	570683
244375	586748
241550	565848
223008	552164
236221	581150
229596	596431
233203	567685
233254	563084
239284	576822
233154	565308
234223	570524
227313	554775
234277	578800
231919	581327
228910	578974
236871	589306
218580	560668
237932	555876
232354	574623
238411	579755
228810	566373
241647	573673
237010	596029
227918	567425
238381	576412
237768	593899
227515	564192
231803	543203
236771	567743
239655	600471
236336	563276
233875	586060
232203	565695
229177	553660
228776	567395
234756	570303
249884	568467
225420	557325
228181	583241
233517	572544
229497	564613
244473	565386
232542	560763
244056	576947
223887	572722
242301	583311
238062	561687
233892	582196
220887	579575
232534	568711
228438	569982
240425	554821
226795	559415
231582	557446
234130	579287
238163	583489
228736	571848
230431	588867
235534	570614
233617	584153
227663	572168
230867	572382
232140	539508
255751	582200
233990	566605
230732	559207
235763	579496
230280	568053
237856	599166
237420	561857
241806	585221
248826	582000
238643	586087
220155	552580
227785	571476
227966	556969
234284	580690
222664	547647
235767	542016
230217	552265
229273	593832
225650	584618
241285	611649
241051	581702
233691	578657
242272	573650
218402	556251
233300	550792
237736	579593
231649	563149
223511	582844
224894	557459
235829	555027
243775	576084
239710	553065
231711	585048
242359	582700
228271	551724
233141	572779
226492	570512
229549	584365
242519	539477
229604	570874
226584	587842
