128910	290656
116975	301568
118381	291208
111594	265534
122503	255803
118961	322026
127421	310172
122669	330616
119653	300881
114302	295655
132487	307750
128955	319068
124755	302759
100418	267873
108348	270149
119684	280596
112410	243212
129691	288397
108982	288280
113549	291158
96268	268256
126805	326122
113777	283777
127097	285933
121089	332849
149847	296748
133503	309185
126926	286675
145031	307277
121769	309483
133811	263957
124458	313635
111686	253598
113603	298075
134344	287568
111362	289246
121953	280445
121543	282198
110069	279499
123964	248704
117890	278708
105524	274141
128140	322119
111495	289244
104338	264567
127516	271022
123203	292105
130413	283158
139119	315203
131182	321608
121395	276936
111576	270751
117331	274754
124398	300369
132587	276401
101956	283265
147753	302433
127031	309324
128119	299114
108076	267626
115090	281901
111609	276198
122532	297293
116682	260305
121084	281989
115807	292657
116482	311938
115054	340277
114667	298456
134951	285117
113661	270002
145763	284584
127864	279088
117031	278392
153898	310649
119534	301996
104791	268393
105599	269412
111023	288082
129726	300598
121517	269393
113529	301537
126307	274759
117950	266902
117319	257876
152964	306980
124008	290504
110283	270643
119316	283594
122641	292227
122386	301685
136903	282152
117608	298593
130447	312949
136041	271824
124703	254542
114032	260725
159073	278506
120039	287468
121725	285378
116542	318911
129358	292957
124718	307857
113513	294880
102531	268753
118725	277046
102765	265546
122376	282045
138553	328282
151274	328868
107707	289792
132502	332948
110179	277131
109371	281274
113727	266638
125943	268173
118211	251811
161390	298879
136230	297663
119349	314809
113655	276415
105372	283634
130737	304399
148862	288081
135305	253635
127191	288225
129491	295638
123014	263077
110870	282117
147925	274169
117291	289603
116027	312389
105284	299884
127379	307650
120952	267652
132378	275865
116623	313006
117490	296564
130112	306931
123931	300260
110573	258534
107640	296878
107562	325635
104514	272907
144970	314360
128978	294214
124616	302366
124954	325115
103775	267224
114265	266122
151594	314680
109898	261972
103958	268407
121857	283884
118335	297889
165137	316476
111299	265736
167688	321301
105098	277148
114628	303576
114986	269090
124767	305678
121381	282302
129427	306595
126859	285704
119162	275579
131426	286768
112075	259731
117113	286657
112319	274172
129852	283495
127460	276978
114439	275169
105510	264340
109165	293435
115314	304987
122531	302925
125035	301078
107457	288911
128229	325490
112544	307505
114877	283877
145597	278801
115721	296565
146260	317634
122405	300118
136265	294620
135312	320484
135727	280058
124564	312960
119444	297061
121797	298045
112485	267896
124736	307685
131875	332188
120333	312994
139620	288905
109645	276513
159727	306052
136856	295121
141480	310195
119466	301887
116574	267140
127538	328651
132594	335579
123263	270234
133084	316774
107017	276338
134133	292010
105964	284421
119553	288308
107217	300913
124694	287890
116070	282023
109237	260011
125236	293928
106289	274576
123044	311141
112767	322834
128221	306642
121614	299133
112647	283675
123131	285159
119941	299067
119238	299572
121057	301257
122641	294896
133817	289570
126347	295396
130738	343735
129190	296865
115140	269215
131381	302037
107653	284307
131338	346141
120645	271688
120813	318607
116836	280048
118047	278812
115473	302338
107771	310123
115256	293084
139076	297377
148627	310005
105718	268451
110007	310139
142683	288862
121412	270846
136869	294602
139774	294949
121150	293740
131689	321235
153538	348047
149263	300841
112486	272715
117285	276291
109533	257251
144609	296299
135907	290395
111437	287148
131180	320782
144828	314116
113364	294802
162843	322165
117192	282271
128810	319194
112712	250949
101269	304052
119271	282366
113545	262856
111626	295120
170963	346387
101249	273618
115830	277114
121119	265381
111533	265854
140101	306994
118321	288732
109481	288189
112427	282410
119924	284177
113542	265507
117973	280974
113928	317379
121745	284888
137594	283802
112387	276973
106009	303815
111066	279942
119260	292434
114014	281310
112146	265780
123208	284688
126871	263239
118511	286695
143864	295502
116361	287040
132395	300677
109246	270399
119970	305383
142582	331042
129491	298387
116583	248677
134293	308528
120565	283128
122273	302178
124665	286776
118905	286582
112247	306126
140840	355632
120818	311077
146158	325900
116451	257001
140154	310232
124598	306420
129032	295969
123326	326387
102414	255575
126402	300083
108395	270512
141737	282100
137946	322731
114560	287226
114605	291530
112877	292780
123946	277587
129692	355007
117402	285090
113886	235216
129801	279740
108983	295429
115536	290146
122801	324939
126466	355730
116774	320085
116065	272120
120388	281920
105822	245602
120540	277946
146800	290770
108636	255876
134338	284281
145458	300413
116687	281878
135456	292333
120380	271569
107462	283226
127246	315376
112492	279480
150669	306752
109930	303697
101295	271742
133099	285695
133728	310632
130436	287571
119013	284911
116104	307865
149445	356947
110327	271700
105767	286725
101292	279415
123220	294624
127533	304181
117244	278624
174441	325058
106158	316888
108922	291022
129503	305094
112759	272428
124559	289888
119756	297991
123332	317783
114868	282915
123659	249947
133023	286463
135799	304521
131160	329076
149578	275617
119957	303056
115428	262136
114519	286911
142074	313697
132427	286038
111018	289502
116251	286881
108425	279921
106966	273673
115468	289813
138319	304706
119231	287046
117635	297483
111892	271918
116691	275309
111030	264596
146276	284328
134639	335647
126183	308666
154283	316846
122805	272054
117232	276653
112098	288045
114100	292055
111311	283596
131901	283533
118613	278893
110827	282373
126232	331217
115248	257800
106634	287597
131497	296559
106977	266230
136728	319067
115030	283439
131954	280333
123951	306047
108839	284317
107307	280540
127768	325103
143687	277309
123010	313154
119618	276048
138912	322245
130472	291575
109330	257510
134758	308095
117797	300614
104726	286189
107231	274312
127272	310500
119616	274612
104823	287049
121361	279217
142698	288836
111780	278759
116395	310880
112938	314557
109738	264236
128309	291036
125749	294547
116634	267816
110302	289782
138909	312714
145994	277148
117909	301203
112363	296946
107790	276380
113888	291872
125071	305038
132992	292507
122844	294699
120132	294927
122044	313688
117899	278150
119017	293240
130931	295345
120263	296110
111160	283885
121416	278415
105838	267878
152061	279021
124744	303231
132474	278068
119486	282381
108228	278364
122182	284853
120578	264382
152345	351438
149157	276186
116979	293645
119202	286894
119444	301389
124285	305985
118517	281220
98350	271741
130204	284633
134283	261743
123646	283367
133398	295865
153973	333260
143362	280365
137113	308548
127900	296253
108869	253177
140900	308799
117388	295767
116459	252435
113616	282790
104555	266960
108934	265520
129864	314289
122819	284434
111649	299430
133742	312922
106170	259137
103311	254952
126359	304304
106609	320141
119904	267899
117380	283985
112745	322863
