253955	623964
259995	607497
251221	603978
245596	626159
258090	619980
251203	614670
247985	617560
253248	633680
258173	626790
258413	642221
255262	636704
262591	633215
256723	598443
247493	612354
242279	628953
251564	622772
236327	613207
251128	622787
258232	643879
252868	642085
261903	631505
249685	590087
258776	612504
256149	611482
240862	603939
263315	649656
258333	618707
257178	654560
260773	635912
258049	626403
258445	613506
264073	624368
259462	643875
255849	602572
257326	628930
247564	610450
251614	603975
256280	623197
247348	605340
257722	629088
250354	606633
256635	612565
259447	613115
264051	637895
256825	637648
247050	613218
266953	599490
247269	629905
252972	614578
243510	611633
249922	632493
255385	590314
256597	631563
251357	633258
249169	639718
254230	607425
266468	629232
254135	629151
260361	631408
256291	619616
251160	607188
258954	607664
253110	600993
252625	622466
250805	632426
253230	617543
256392	651404
256353	624510
257075	641082
260785	625574
243006	611786
262763	618082
248384	635444
251460	628260
258383	625791
249628	640773
255208	633282
256257	619401
246488	606582
274764	639118
244415	642032
251956	616718
253026	627780
261254	615480
252366	633257
263437	640224
244965	643611
252101	616577
256212	630002
249882	616393
255313	620109
259711	617838
260649	632481
249635	618366
257863	604234
249279	636385
249842	625945
257906	643754
256032	623620
249219	614577
256530	621061
260522	651660
262359	624590
256544	605553
255120	618876
248271	612448
238288	621479
257278	656735
247767	639285
256723	620904
253179	591168
254965	634884
258768	611653
252862	619376
256789	630874
256380	629510
245950	618690
259084	605243
257530	637117
252815	600687
246805	614374
254260	613291
254899	642820
267785	633288
249634	621669
260898	596118
257447	635346
248560	606339
249470	599213
265830	643950
260632	622493
253199	610071
254434	587265
263714	615188
254110	630745
254754	615773
258905	609716
246048	597517
251402	633222
252209	630221
244589	620191
248780	622678
270453	618597
252337	606540
270913	628321
258392	621710
245124	623264
254781	608288
255787	622798
249455	626280
261845	642209
252310	629328
255402	626182
251366	580531
259820	604762
254955	619999
251561	620896
262307	636946
249400	615176
254822	604325
264383	640266
243669	599516
256798	623471
253569	629632
260450	641903
251010	616780
262778	616799
251567	622284
256559	619512
260864	604791
267019	634223
252026	634005
253729	592195
248968	616488
250281	639293
248537	636945
248581	614958
255934	621328
248497	613276
253320	626728
247973	608038
251804	638575
260845	635245
261987	638045
271156	612836
265691	622594
261625	627323
253965	639902
257577	612583
249061	611820
256929	620730
240405	603365
248724	630590
250084	633149
256028	629006
252530	596099
266505	604659
254611	612917
263696	622785
253773	629471
263305	632886
259795	640233
252525	616603
241073	612007
247820	636378
254396	632439
253786	662262
259261	605803
257362	640957
255515	637882
251988	601676
257055	625553
247894	645186
253180	629932
254608	637735
250585	594817
253923	631064
250456	601601
250427	633702
250596	626515
251977	618471
257150	623645
253988	632261
246077	629538
249090	629082
252932	632205
259843	628792
242153	636695
257406	608540
252129	616965
253920	623075
262241	628751
258665	610493
247747	621467
255792	615235
256031	621374
252952	640509
258018	619013
254837	613372
253696	631800
254165	597305
256871	638522
260765	627670
277475	600223
257913	618603
253275	583399
264242	659875
239972	619521
251085	635593
259407	623074
251381	625136
259720	613572
257791	601858
264589	610380
251602	620653
260195	640953
247508	620306
256245	614735
262665	616993
248319	608881
238922	637016
267997	625245
252655	628268
257202	619759
247933	630572
256277	619981
256673	626840
249611	604039
251285	629465
247935	632936
254467	607023
258348	627597
266303	612236
250666	607106
264862	639590
249274	611999
252095	607385
253133	640135
252050	600692
250481	638836
245694	601210
250805	606566
251196	626616
251711	592095
249988	638038
252533	597638
246457	623942
259021	622685
253212	611978
248967	600785
257877	634722
259996	616104
255506	642170
249556	615845
250506	599802
262375	618677
249507	617789
261280	613955
253494	624818
254644	650515
254011	646566
254036	622037
256133	630411
256381	631488
263307	612293
259767	638417
248486	614611
251369	620084
257657	608977
261335	633215
250428	608824
246785	613491
253017	643693
267664	650733
263253	619840
260759	653706
259272	625483
252739	618736
243917	623833
258320	616646
259099	639278
260603	624803
261506	620463
246274	597097
256658	631434
258673	630612
273141	614247
247141	623374
247778	627131
260346	635097
251887	597766
253319	610969
259924	627560
253953	636492
248254	618897
247473	640884
246122	627338
237069	642203
249532	608198
266001	648121
265576	625016
248624	618879
245663	592465
248650	619077
259207	631738
244829	645585
251194	624773
254076	629221
245636	612783
250385	609941
250557	621175
248164	658583
253831	605233
250570	617632
249753	638479
252902	610606
255169	625374
262529	606166
249072	626031
253475	619648
254087	609850
261721	620909
253907	630246
267440	637403
272580	619415
257497	630406
258926	642504
258702	630860
252685	650838
249445	617438
244030	592627
250947	636414
255726	622654
246837	611538
270047	634695
267450	615666
255365	638549
260712	649194
255605	620780
257094	660604
250092	622459
256298	637107
266359	623370
256815	617499
257078	600602
253053	627241
246429	617072
253402	629563
263934	612980
251298	637847
255693	631839
259580	585953
245202	623230
249121	630555
261319	645276
250247	634688
256310	605745
266500	620487
251471	604389
244771	620296
254199	606871
243420	612364
253099	609764
255522	600254
260888	646420
260900	614896
254370	659692
252658	619839
252249	620192
258675	624944
244934	629086
256987	618859
253809	602386
253946	636564
250401	625639
254202	625850
257168	626479
249799	617407
268328	641223
245914	595450
260473	628753
263779	634321
251855	649519
255472	620084
255525	620541
254567	636496
255730	586339
253685	637549
251998	633168
243531	618489
265528	625356
254729	610516
261016	616712
242898	598406
259913	631496
268038	621064
254015	616661
263330	613112
240670	613802
252860	607977
254364	612560
261636	627261
257900	623787
260698	614719
246339	618441
249571	614906
259502	615804
257658	636342
268396	624195
252924	623069
243396	608817
256997	625776
250547	597810
253325	635470
256942	614459
238130	610249
246829	627750
253177	616069
261948	618758
256211	638456
265185	625923
241438	617210
258743	629631
252833	599250
246086	618901
254587	634812
263112	613081
271252	619464
251770	639169
245840	614744
251375	613148
252135	618427
249457	602724
256938	605436
254383	625165
251961	613935
260396	640202
252858	643849
257693	629801
255369	625134
255898	614230
256027	611468
250684	619667
251723	603037
264469	637484
257170	623303
247134	641195
253118	617900
255410	619712
252911	625643
240800	597902
253135	635533
245599	593828
247684	606243
257039	625880
257485	628222
251172	624778
260848	595896
242892	606308
246397	628585
