315560	767584
314492	753990
315339	762800
309778	792292
316352	765290
315796	772098
309156	766283
310399	769856
318198	774651
316903	782258
318629	779314
318883	760769
310529	748477
309054	763848
310528	779146
307548	768941
304717	755765
312688	770568
318941	784299
313798	771248
316001	779461
316004	736599
318480	743090
317111	748202
303756	755371
322303	799653
319529	764736
315728	789233
316476	762746
320820	776311
317802	754058
321636	755434
317045	772836
314352	754034
321609	765918
311149	775104
304692	762459
317282	770350
310058	762524
306547	754461
317422	751957
315930	771055
322657	759932
319408	793099
313037	775425
313080	748644
323953	763864
313421	762886
311191	774231
310801	775471
318284	785279
320266	749385
321850	786395
311355	778029
306017	780330
315442	771681
319534	770562
313698	777973
320308	775925
321444	769225
319770	764807
320740	773610
318351	747262
313590	756137
317440	768390
309133	751089
311861	772103
322501	787005
316859	781074
323208	778359
314086	761287
315987	765726
313636	762233
314375	754013
313123	768341
311962	794819
314174	759677
314891	764255
307419	756706
317273	767779
311478	784053
319210	773109
318398	770433
316242	773571
314683	779440
323686	784746
309136	792362
319679	752299
311625	760602
314119	760214
316421	777602
313344	757066
315318	767968
310176	766065
315817	758527
304735	754294
316320	771083
319781	776956
316298	751932
310010	747624
316339	771745
312763	778197
319388	771510
308667	746719
315803	773824
313264	756231
299721	769190
312488	796284
310378	763725
309177	762143
315469	761699
313661	758173
309021	756949
313192	766545
315690	768551
314494	775960
310948	753859
319093	758158
319835	765897
310361	759202
314328	768510
318243	774578
315012	788468
321099	767061
307946	746141
318090	751229
317510	769668
311947	768832
312182	749210
324135	779629
318399	777550
314560	769801
316227	730762
318065	777794
318812	783689
314730	784445
312463	756923
306369	730362
311536	763484
315557	776875
310397	762157
310351	765925
324690	797444
316251	766052
320650	755488
322175	760113
309817	775295
316017	758996
313058	774397
313996	786437
318420	779836
319254	779196
310877	763116
313219	733757
316426	767757
321097	776927
313695	751767
317566	780082
309134	778557
316475	749493
313656	764021
301571	741771
313515	776680
312063	762702
309235	783407
307755	769419
328579	769097
312779	765936
313557	763694
315844	752887
318194	774771
316230	781817
318387	754574
309980	764713
305993	776429
317848	789774
311357	750398
311839	770934
312572	768204
315931	775273
305828	770474
314355	794106
320756	771686
322911	784830
320501	763410
319451	759495
320200	790547
305719	783442
320444	753146
306982	741102
317142	764391
309585	765979
311060	778138
313698	758168
320605	776396
313071	745241
316154	763264
319296	761612
321110	759616
308184	779550
315508	765303
315553	772326
315036	773116
306299	773205
306410	770537
313360	786952
313924	785948
314445	756102
313250	791444
318474	779838
308753	740559
309085	754954
309871	783382
312611	766477
317837	780986
318603	747218
313207	778211
312135	755660
304094	779404
308396	764790
312632	759204
318445	760501
312396	767437
308489	770455
304570	773830
311852	773208
318358	777885
308496	765867
317131	777513
312664	767156
313892	776495
320130	763432
314097	773862
308292	767674
320235	752499
318345	773288
318852	777006
313322	758092
317074	776617
312921	779225
319940	761626
319202	774577
312719	758601
327411	736442
314333	770475
318021	737870
320720	792863
310130	766391
308829	788024
321816	779754
308938	768982
320675	768000
315190	773547
316624	771795
309381	767668
317227	792414
310987	762248
315911	768789
312075	763795
309917	749284
302547	763275
321877	766294
313574	756427
323179	773947
320180	778187
309895	762451
314130	779415
314417	762637
317258	774319
313239	773890
313529	762490
312404	773003
324838	780923
318320	755688
316567	773757
311567	774258
316264	758992
302503	755049
318781	745894
312741	763164
307437	761237
313152	743083
310876	776231
310925	744711
315214	774876
312200	739102
312262	764105
316130	774152
306517	753713
305080	759950
312937	777038
324264	766460
313545	782822
313466	761356
322779	736780
314663	764609
313741	763477
320380	763744
320010	767466
305713	771385
311494	787381
315655	769764
311846	772327
315121	770343
318369	752758
321251	768798
314108	759074
314946	761980
319351	748568
314540	766187
308370	766676
306429	763860
312027	784740
317504	790942
317398	781173
319883	789851
314816	753877
318865	770515
305723	758288
317134	770351
316686	786579
319370	766629
317363	753669
310369	757926
316387	779960
309577	774179
327416	776172
310410	768376
306402	771867
318432	770142
311862	753234
317405	781007
313469	781099
324306	782223
312993	769868
310016	771235
310283	764561
299558	776427
310162	752815
321236	794792
323254	770120
313875	753622
311158	758677
308672	779171
315382	774650
306905	762526
311018	765472
311309	771128
313383	762679
312911	761437
308755	773991
312853	790710
311361	752153
317433	762544
307234	773699
312697	751366
306169	760805
310471	740258
309867	769724
315478	768175
312120	763171
316693	770179
318870	773139
323204	781095
321697	767129
321875	768353
312519	771518
314630	780390
318648	784198
307610	759620
313714	757170
312418	770918
314307	758915
303550	756381
321193	775210
317077	754142
317699	782043
320084	784134
313274	767703
310641	785158
316108	758750
314758	769620
315222	756756
316983	749844
316983	768307
312939	772664
305844	763392
309553	764464
319191	764758
310887	769683
317578	787776
315785	755707
308983	770285
315172	772318
313429	772848
311139	762539
314575	747532
321102	780893
315833	757739
303962	764514
316294	769101
304556	761900
317089	749019
311463	759343
317969	770889
320052	768691
315020	777773
311381	767812
313070	786866
317375	764698
311958	782173
311339	771921
310557	747221
310303	771171
309238	766267
317657	759388
320909	766019
312030	756398
318984	790611
305731	749595
319770	772855
317679	767304
304229	769712
312471	768093
312179	750143
312460	780677
318248	755032
310609	775963
310934	772090
305067	757319
319740	769324
314037	767545
317475	768568
301424	763235
316625	780491
320305	761689
319444	766044
318683	747602
308644	761590
312103	753905
312227	768765
316887	787399
312037	752672
320513	768884
309123	754653
308506	763873
322202	769564
314022	771853
317057	764626
315598	758017
312573	762101
320072	754982
310012	761031
313064	776162
317023	753474
306594	754414
310511	769799
318612	761770
313090	746358
315086	773800
319625	761800
311033	759652
315913	779969
308330	749286
318811	785479
319162	771498
317425	764798
325213	778488
311028	779375
312764	757764
313856	759138
313086	774539
310724	744866
313510	745712
314566	765680
304349	748646
313444	780419
305449	781531
313053	761283
313066	770862
310036	754878
320204	781573
314838	764871
310818	738589
319844	791842
309213	756940
310717	789272
314968	771109
322578	777226
320930	780689
308856	755082
309859	766631
309718	755634
310381	765415
319570	765566
317542	767005
313063	785738
314650	756197
311915	751164
307600	791561
