233721	547699
226356	567538
229563	571232
229707	573612
232242	545782
233683	560436
240465	563560
224789	533938
232363	568526
234268	592580
235405	574256
235234	571362
231722	562654
221872	562609
224366	566501
220561	554044
215081	516699
238292	576975
231489	582669
227741	550544
220908	574972
237576	544480
228577	552317
235786	564952
226722	555237
247189	619931
244013	552710
231567	561323
237072	563785
233570	581968
230464	556196
241277	578429
229753	574949
223601	546815
235271	569409
228503	590103
216444	556187
231129	572399
227642	567561
231137	549641
231438	535479
232857	571841
229645	551749
222117	581257
231193	536122
235836	562371
230933	537601
240244	552510
234572	586960
226112	563212
235600	587387
231857	535468
238903	571766
232567	564150
235165	569566
231466	569024
239825	564698
236058	570891
232056	568686
231482	550260
236629	575525
235623	556385
233066	565114
231056	518968
233616	558401
230869	561156
226440	569185
230312	600595
231056	566253
235513	557635
226429	556935
238881	537559
234914	556066
232046	576888
231307	573006
243547	597492
231006	538561
234025	568155
224638	556613
232156	568140
226955	549092
240481	570063
230332	575313
233029	555267
226197	550908
237259	590095
224410	563013
225037	562535
225904	552249
228616	554230
232517	567335
234975	539920
229739	568339
235984	558928
226552	551994
224531	541023
242461	569972
242831	555477
236924	559161
236910	565926
234322	579357
232406	592474
233591	574827
233868	556890
238975	592188
234092	561424
228947	574888
228292	551541
236440	573824
234972	584325
226215	556509
238747	559113
223088	556079
218153	568852
243644	553442
225062	574080
233185	538923
243177	556164
237655	577172
222648	559630
233745	560293
228075	575970
230371	575975
259334	569588
228370	569263
222180	541620
237990	591647
227552	555713
236108	526043
223951	532438
227314	564001
229914	589329
223606	551144
242709	586459
228104	556281
235343	529585
229538	563839
223139	563449
233232	576499
235784	565174
229633	533746
223397	578031
237045	559020
224456	553177
242109	561885
234085	578080
227126	583895
233074	554606
227160	570110
226830	580673
235343	581107
225243	570728
223824	570222
231597	527357
238300	587766
236914	566175
222677	569797
249816	566823
230647	575791
231581	565614
235089	554144
225180	542857
237647	556377
232307	534569
232491	582487
232009	553952
244741	553954
227039	565729
228314	551567
229161	537639
236486	572829
221066	568986
239172	566558
224267	556809
231971	589972
236809	572633
240039	582519
236032	564856
226427	586742
232797	557241
215154	569614
233355	590776
243239	563640
239405	578527
243643	576708
228522	556190
233017	564593
223366	573218
236567	552656
226279	546570
237292	583078
226975	550579
227187	599967
227921	554157
233762	585837
233638	545655
235956	544462
237605	561798
235259	572066
226206	575740
235116	563488
226581	583244
232131	528954
228526	568135
230883	562158
232021	568040
231337	568893
228914	563631
233655	570121
224622	577699
225494	565450
225748	560818
226263	571678
235279	545566
232592	553561
237037	546910
232056	575402
221236	573630
234235	578007
229528	554279
226882	557639
239611	556954
229677	557061
225561	569266
226763	576246
230678	562418
232470	557526
234868	571575
240217	576305
238356	583200
224273	562566
229841	559078
226220	563982
221278	549395
237840	596595
234968	580530
234365	556719
230216	566080
226931	559740
230124	592230
238496	571045
232012	566053
234373	562264
253134	568690
226530	571079
237160	544203
231987	562791
226181	563175
225652	554468
243942	543353
226524	567078
244590	583044
235431	555948
240733	590612
233613	557226
228382	580712
233173	546644
237311	576772
239673	579707
232675	579211
225295	566723
245310	568162
223116	538233
244296	570185
228753	558810
230523	561932
234351	563047
227790	573935
229147	569394
236481	576624
224482	552959
242038	568375
224417	546899
226639	526774
232188	555548
220470	546742
242931	561848
231387	559824
221605	543366
221782	578005
219014	576744
225807	559064
230581	575657
232707	568771
225571	567951
238593	561339
235089	579816
235590	577500
225321	563335
234295	561841
233625	565482
231819	567373
231982	554577
233921	556689
225339	541792
246059	575122
232391	577827
237810	551169
238246	569874
223144	565549
232577	581895
232886	570299
233794	545075
233135	582869
232259	556671
241619	568518
239067	574200
235296	549709
233984	562314
242251	583946
229013	569036
216788	539772
232080	570634
234365	579888
240021	561261
236363	574549
234444	553234
224261	553658
236393	563672
225024	559132
233861	566872
242621	565929
235434	550638
227290	561075
233779	581634
237633	564125
239466	582737
226028	563482
228326	553737
238395	552194
214556	563011
232449	574490
231402	584293
228995	586385
229832	580714
231662	538579
228091	564931
221236	560550
234198	560506
241388	577076
236477	560264
234068	560824
239493	561497
229582	558512
228833	568641
230579	555392
226560	544897
231123	572966
226441	554834
229260	550237
226907	573651
221509	593652
233229	557219
236501	542855
226268	580462
225668	562766
220636	566362
225010	551266
232468	571498
230463	557867
229408	555165
233749	583581
223843	564577
243993	557539
245748	573392
224627	592863
230680	561249
235198	593090
228453	571367
232759	579192
235966	550898
235268	560527
234355	539220
214495	527961
234953	585366
233760	557262
233682	578074
236065	550308
236398	566755
236360	554693
229986	558001
242516	553433
237166	565799
228872	574300
230335	559108
230571	569238
223980	553850
231121	569275
236068	555783
226304	578267
232032	578226
230492	536470
229896	574746
232505	548096
236831	577550
232619	565375
234454	560197
232746	577431
237850	550660
221010	544995
234998	572998
227854	588592
232320	563119
227827	559489
238488	574431
232010	563884
232049	559990
225644	550854
233796	569678
226300	570699
228721	574921
237926	584119
216600	548682
230912	546621
228718	561834
237722	572182
228594	564437
238062	563001
229687	590568
225724	558486
237332	575506
233234	584209
222571	555187
231675	542330
228898	554971
235575	584189
235291	559159
232470	578584
229504	551907
228162	550886
225784	561002
232906	567618
244182	561898
225000	551616
226764	581214
229875	568026
229063	559899
244174	562812
231512	557919
243056	569554
221444	565535
237024	575746
232441	560323
231810	576670
219560	569835
231758	564025
226345	563522
237095	542863
216935	547118
229364	551384
230924	573336
234834	576255
226014	565112
227445	571628
233224	566698
233342	580778
225717	570911
229597	568891
228993	534036
249938	574979
230178	555486
229180	554599
231750	565224
228354	566538
236572	596261
235542	557794
233734	572398
242329	581128
236396	579458
218582	549020
224915	560566
224926	552786
231711	575139
222119	545538
233315	526962
225911	548444
226079	589509
220565	578760
236463	598274
236973	578603
225343	563230
238164	569707
218064	554149
226652	543364
233459	575619
230871	558062
222606	581952
221944	554427
234991	548593
242110	569523
239137	551388
229542	570820
237321	577144
227811	550089
233114	569773
221360	563094
228484	572631
236919	534665
228771	563123
224241	577771
