3366	1951	2511	1557	855	394
6338	6434	5769	6032	569	402
909	484	909	484	0	0
572	2964	572	2964	0	0
16912	8748	14312	8437	2600	311
3442	9798	2821	6779	621	3019
79829	84208	64751	66225	15078	17983
34990	73374	24932	54917	10058	18457
16589	32506	13729	27687	2860	4819
22307	36351	18575	31585	3732	4766
83378	83042	67178	68366	16200	14676
27930	68931	22201	52598	5729	16333
37476	39746	31429	32818	6047	6928
282	3442	282	3442	0	0
483	6554	334	5146	149	1408
7808	8046	7414	7015	394	1031
247	1690	247	1690	0	0
10567	14239	7863	11460	2704	2779
479	996	479	996	0	0
2917	13373	2482	9449	435	3924
313	2245	313	2245	0	0
23891	66822	19430	56550	4461	10272
443	66	443	66	0	0
13686	27990	9748	24089	3938	3901
12638	32547	8855	19476	3783	13071
83034	79795	62234	60717	20800	19078
16993	28021	11089	20761	5904	7260
2965	2357	2965	2357	0	0
78439	85970	63614	58262	14825	27708
193	511	193	511	0	0
3863	1555	3503	1555	360	0
8324	13134	6237	12325	2087	809
1502	2606	687	1331	815	1275
3057	3066	2821	2552	236	514
26300	29613	22885	27451	3415	2162
331	4065	331	4065	0	0
1257	809	1257	809	0	0
9738	20526	7336	15027	2402	5499
139	3687	139	3687	0	0
128	453	128	453	0	0
10419	13107	8158	9157	2261	3950
337	208	337	208	0	0
11530	18834	10128	17118	1402	1716
8586	13431	6535	11681	2051	1750
1354	4859	874	3275	480	1584
153	197	153	197	0	0
44382	54070	35274	43289	9108	10781
6497	11610	4292	7230	2205	4380
89103	91404	74888	66820	14215	24584
1003	7224	928	6394	75	830
11429	24754	8871	15910	2558	8844
9337	21250	7209	15811	2128	5439
4047	4844	3354	3752	693	1092
8684	10905	6625	5791	2059	5114
1865	1883	1674	1141	191	742
178	3677	178	3677	0	0
57584	49124	45518	35497	12066	13627
7547	14763	6375	9446	1172	5317
12992	11318	10303	10318	2689	1000
1550	1481	1480	1481	70	0
530	3012	436	2994	94	18
12781	26251	9390	17517	3391	8734
5508	12889	4898	9779	610	3110
364	1369	364	1369	0	0
2624	2798	2011	2193	613	605
8277	15799	6559	13784	1718	2015
30424	79419	23274	57478	7150	21941
13727	40798	9763	26238	3964	14560
5074	10982	3705	10322	1369	660
3110	6992	2323	4207	787	2785
1288	8425	867	7865	421	560
47084	35729	35025	21909	12059	13820
3426	3059	2958	2885	468	174
13849	23786	11952	19865	1897	3921
97706	89932	77005	70352	20701	19580
1702	5683	1109	3608	593	2075
1479	10766	1136	10544	343	222
2328	3698	1990	3510	338	188
1875	4718	1875	4718	0	0
89644	89498	70709	71826	18935	17672
2415	1201	2415	1201	0	0
6317	23325	5447	19223	870	4102
14035	9986	11788	9495	2247	491
3607	2228	3607	2228	0	0
5431	5589	4065	4063	1366	1526
113135	102805	91503	82477	21632	20328
834	1650	750	695	84	955
216	2442	82	1139	134	1303
2944	2277	2834	1419	110	858
1556	7086	1219	7026	337	60
9364	25445	7665	18783	1699	6662
46116	42297	34146	32369	11970	9928
136926	195315	111228	159619	25698	35696
5014	7291	3245	4469	1769	2822
59518	44127	48143	37596	11375	6531
116591	111528	94508	87473	22083	24055
1791	5825	1476	4180	315	1645
43192	34390	31909	27384	11283	7006
7261	17458	3936	14121	3325	3337
1844	4822	1775	4689	69	133
860	3450	790	3450	70	0
50629	89973	41254	71651	9375	18322
13576	18634	11723	12935	1853	5699
5746	23968	4609	17116	1137	6852
146	1187	146	1187	0	0
4325	8755	3543	8715	782	40
16	1238	16	1238	0	0
10941	18257	8324	13946	2617	4311
25752	51362	17898	40363	7854	10999
31443	33588	25633	28777	5810	4811
238	1446	58	1085	180	361
12309	29335	10757	22639	1552	6696
4825	4943	3526	2709	1299	2234
3725	1926	3433	1611	292	315
2133	2491	1748	1313	385	1178
13904	9251	10363	8699	3541	552
298	91	298	91	0	0
81859	111919	67747	87217	14112	24702
2446	4863	1926	4508	520	355
10374	16280	8143	11137	2231	5143
201	2845	201	2845	0	0
1041	6776	742	6258	299	518
14664	22282	11108	16882	3556	5400
44915	32746	34893	22644	10022	10102
9684	6525	7626	5628	2058	897
4032	4374	3818	4374	214	0
24597	30327	20847	26135	3750	4192
2486	536	1904	533	582	3
16	685	16	685	0	0
90531	100802	72595	75536	17936	25266
668	27	668	27	0	0
2973	12289	2627	8386	346	3903
2941	11264	1612	8070	1329	3194
1031	140	1031	140	0	0
877	1012	648	1012	229	0
17358	16954	13113	15072	4245	1882
1700	5643	1700	5643	0	0
6911	14552	4894	10533	2017	4019
43452	41478	38650	35564	4802	5914
6539	10737	5095	7163	1444	3574
248	2176	248	2176	0	0
793	6259	479	4841	314	1418
3346	9235	2612	7665	734	1570
504	547	445	421	59	126
8773	11638	6846	10791	1927	847
20386	23990	17764	18746	2622	5244
1913	5448	1816	5448	97	0
15328	52516	10434	38293	4894	14223
282	3442	282	3442	0	0
1215	1047	808	947	407	100
70216	73492	54310	55693	15906	17799
10113	17646	8120	13286	1993	4360
4119	15547	3805	14789	314	758
1021	767	1021	767	0	0
3751	4370	3080	4133	671	237
78122	73895	61707	62248	16415	11647
1935	6209	1869	5840	66	369
60062	45570	46199	35111	13863	10459
7500	16501	6490	14468	1010	2033
2100	4837	1806	4616	294	221
5186	5417	4473	4725	713	692
1352	5562	1352	5562	0	0
12024	19336	8501	14206	3523	5130
6414	21127	4369	14030	2045	7097
9214	5450	7576	4149	1638	1301
620	3615	589	3558	31	57
5653	7454	3930	4532	1723	2922
897	1912	727	1788	170	124
16696	36120	13129	26810	3567	9310
536	183	536	183	0	0
477	1010	477	1010	0	0
61833	63571	47515	47045	14318	16526
36	199	36	199	0	0
128	745	128	745	0	0
4299	2067	3889	1720	410	347
45471	113247	35319	80441	10152	32806
5075	11419	4489	9809	586	1610
2663	5720	1915	5060	748	660
324	1277	324	1277	0	0
25882	60017	20137	45275	5745	14742
198	2400	198	765	0	1635
1073	2900	1049	2900	24	0
81230	78952	64230	63319	17000	15633
18642	60867	13082	39732	5560	21135
67059	59104	57401	46769	9658	12335
8845	11609	7225	9743	1620	1866
108685	125827	84872	102764	23813	23063
79295	79305	60113	60384	19182	18921
19686	28527	18307	24252	1379	4275
81139	68728	62962	48825	18177	19903
171	140	171	140	0	0
250	1081	250	1081	0	0
7652	14077	5998	13067	1654	1010
14887	33953	12137	25562	2750	8391
8849	24591	7969	23251	880	1340
14575	29567	10970	19784	3605	9783
74463	68981	61620	57870	12843	11111
337	1839	337	1839	0	0
62560	58718	51960	46731	10600	11987
6651	5486	5885	4741	766	745
92629	117708	70861	91761	21768	25947
1444	8462	1444	8462	0	0
4149	4585	3994	3938	155	647
2013	2216	1457	1718	556	498
25018	51302	21621	32837	3397	18465
61232	57470	48406	45258	12826	12212
6582	18554	5713	12994	869	5560
455	1535	419	927	36	608
89704	87431	72344	73482	17360	13949
7155	10152	5401	7776	1754	2376
14230	12754	11836	8980	2394	3774
11748	20395	8143	12746	3605	7649
27785	71324	21379	53840	6406	17484
102	168	102	168	0	0
972	920	972	920	0	0
1241	3859	1080	2905	161	954
1065	2059	870	1857	195	202
12940	23282	8825	17773	4115	5509
11775	39526	9523	28352	2252	11174
13612	21019	9564	14163	4048	6856
752	5455	752	5200	0	255
2930	9329	2578	6466	352	2863
11863	28229	8583	23051	3280	5178
7064	13190	5681	12302	1383	888
3813	10882	3192	8208	621	2674
21905	25441	18252	21569	3653	3872
5237	6983	4680	5238	557	1745
1348	3650	1162	3650	186	0
19251	22662	16179	14981	3072	7681
5721	6725	4358	4708	1363	2017
1318	6377	738	3085	580	3292
2968	5075	2302	4408	666	667
111	176	111	176	0	0
616	1779	616	1779	0	0
31228	71692	26894	54415	4334	17277
63980	49743	47303	34252	16677	15491
3847	16459	3488	11907	359	4552
4106	10055	2660	6845	1446	3210
32119	75039	23165	54606	8954	20433
1983	2176	1828	2153	155	23
20043	29623	15599	20261	4444	9362
126077	141409	98687	112834	27390	28575
54343	60259	45916	48159	8427	12100
49408	33304	35882	24853	13526	8451
11668	14462	9834	10201	1834	4261
4571	14637	3954	13869	617	768
86792	95107	71477	77399	15315	17708
7543	8842	5242	7014	2301	1828
29586	41371	25549	33534	4037	7837
4554	3163	3420	2795	1134	368
6990	12960	5835	9073	1155	3887
13018	34318	10346	29047	2672	5271
98831	113173	77345	81790	21486	31383
75137	64531	60836	52776	14301	11755
7276	11302	6462	10424	814	878
17896	45097	14113	34808	3783	10289
316	2499	316	2499	0	0
115564	132197	87681	104448	27883	27749
101632	102810	81534	83561	20098	19249
2909	2545	1919	2496	990	49
131717	174285	104867	139204	26850	35081
69996	65834	53795	52678	16201	13156
712	1776	712	1776	0	0
49238	43303	39915	37355	9323	5948
2981	6937	2770	5893	211	1044
9474	20469	7955	18263	1519	2206
8010	6085	6226	5083	1784	1002
301	2374	197	1589	104	785
9020	15872	6220	10357	2800	5515
9743	23150	7256	18492	2487	4658
40960	91272	32824	67834	8136	23438
68749	59152	50831	43717	17918	15435
2682	1405	2603	1405	79	0
702	5860	606	4469	96	1391
1249	590	1249	590	0	0
851	4101	813	4101	38	0
6270	3031	4909	2009	1361	1022
16439	34014	13247	25254	3192	8760
322	1921	322	1921	0	0
2128	6422	1912	5600	216	822
1964	0	1964	0	0	0
5096	5215	4096	4545	1000	670
340	386	340	386	0	0
996	6403	868	5655	128	748
4434	4385	4207	4183	227	202
78495	79699	63499	68191	14996	11508
225	2902	225	2902	0	0
4870	21288	2813	14794	2057	6494
2147	5324	1761	3642	386	1682
4369	7830	3668	6995	701	835
5545	14009	5266	11979	279	2030
1985	361	1985	361	0	0
3860	7581	3574	4636	286	2945
687	346	687	346	0	0
5328	12740	4014	8229	1314	4511
59291	49431	46162	35019	13129	14412
1640	5447	1393	5299	247	148
96758	83209	82650	70726	14108	12483
98	1283	36	1283	62	0
31389	56070	26634	45465	4755	10605
10793	17526	8533	14158	2260	3368
16775	16219	14938	15400	1837	819
62127	52737	49293	39835	12834	12902
75753	69898	56187	49805	19566	20093
30869	31318	21202	17423	9667	13895
16358	26510	12041	18878	4317	7632
9274	15367	5841	8283	3433	7084
1115	6382	899	4692	216	1690
1453	6103	1105	5383	348	720
14484	30833	11843	27344	2641	3489
6215	8215	4844	6859	1371	1356
81046	73509	66826	56100	14220	17409
1070	963	705	747	365	216
79070	83557	59826	62974	19244	20583
2568	10851	2047	5258	521	5593
25663	29800	21469	27098	4194	2702
6531	9549	5237	5985	1294	3564
274	1097	274	1097	0	0
1673	12699	854	7940	819	4759
144	167	144	167	0	0
57469	52987	43516	41233	13953	11754
6708	7318	6050	5092	658	2226
105531	131725	79230	96059	26301	35666
651	4449	651	4449	0	0
2864	8452	2275	7025	589	1427
3881	3627	2979	2885	902	742
54309	56193	43662	47425	10647	8768
617	3083	511	2903	106	180
67	495	67	495	0	0
22499	25738	19811	22631	2688	3107
686	3842	442	3542	244	300
14271	36792	11048	27402	3223	9390
13357	31392	10705	26417	2652	4975
10527	24355	8105	16308	2422	8047
9706	16805	6292	12393	3414	4412
623	3726	623	3726	0	0
13754	29386	10695	22956	3059	6430
16	685	16	685	0	0
15196	25362	11915	20940	3281	4422
128811	147899	102629	123206	26182	24693
6971	13226	4807	8356	2164	4870
45957	61469	40348	52918	5609	8551
736	741	736	741	0	0
272	462	272	462	0	0
5797	10622	5332	10184	465	438
2286	7269	2218	7269	68	0
387	2221	254	1639	133	582
3630	2353	3150	1964	480	389
0	737	0	737	0	0
96934	107939	77546	83040	19388	24899
143	20	143	20	0	0
2062	6835	1593	4738	469	2097
54359	53944	45412	45085	8947	8859
66095	119731	56009	88105	10086	31626
4711	3244	4242	3244	469	0
4876	5161	3736	3098	1140	2063
59177	80065	51138	64339	8039	15726
41728	42000	33119	32510	8609	9490
145	285	145	285	0	0
2349	4772	2267	4772	82	0
138	155	138	155	0	0
11217	8995	9161	8469	2056	526
428	166	428	166	0	0
7927	14304	5764	13293	2163	1011
84670	86175	67202	68429	17468	17746
38077	84388	28063	64652	10014	19736
1060	7006	941	5015	119	1991
89741	109083	71039	90485	18702	18598
13721	27895	10827	20413	2894	7482
2905	4613	2843	4459	62	154
5836	9568	5266	8872	570	696
12807	43843	9041	34412	3766	9431
3766	4051	3141	3149	625	902
93	27	93	27	0	0
87544	91579	72149	73789	15395	17790
49482	61658	40321	48337	9161	13321
24940	62921	18540	46803	6400	16118
70626	68504	57245	48991	13381	19513
1774	4880	1485	4776	289	104
155	463	155	463	0	0
3520	6897	3308	6892	212	5
1265	591	1265	591	0	0
68772	55472	51254	37073	17518	18399
1397	4968	1202	4125	195	843
18869	24378	13812	20188	5057	4190
510	2226	446	1316	64	910
142	1518	142	1518	0	0
8303	21381	7264	19894	1039	1487
64714	76415	54788	56807	9926	19608
212	341	212	341	0	0
74274	62497	61230	51172	13044	11325
26036	33484	19548	25057	6488	8427
32714	39671	25604	34201	7110	5470
158	1559	158	1559	0	0
70277	61126	56844	46652	13433	14474
25155	50801	20803	39455	4352	11346
33135	39880	29037	32739	4098	7141
26548	28328	21159	22593	5389	5735
704	508	704	508	0	0
1869	2091	1649	1591	220	500
70	1843	70	1843	0	0
1938	7316	1441	6312	497	1004
266	773	266	773	0	0
64836	53327	55201	45784	9635	7543
30582	57457	23072	45124	7510	12333
15607	30771	12231	24055	3376	6716
29598	81522	20421	65185	9177	16337
7213	10116	3791	5876	3422	4240
387	3730	387	3730	0	0
50411	41331	41522	34051	8889	7280
734	7061	582	5758	152	1303
72886	71167	53879	56657	19007	14510
1230	2356	1172	2301	58	55
24129	31454	20014	25920	4115	5534
492	2659	488	2580	4	79
952	5101	697	3324	255	1777
995	6349	679	4634	316	1715
24414	59239	20390	47373	4024	11866
94526	95025	76478	75238	18048	19787
14927	35058	11397	25304	3530	9754
1119	1593	708	415	411	1178
32182	38781	25555	27139	6627	11642
87272	85974	72793	65646	14479	20328
584	4048	491	3223	93	825
17700	18721	16015	18274	1685	447
35379	90853	28637	69514	6742	21339
1520	7082	1325	6782	195	300
8118	20998	5605	11962	2513	9036
106938	127167	86325	98943	20613	28224
628	1510	604	1386	24	124
1364	262	1364	262	0	0
2570	6640	2352	6211	218	429
82030	86215	65014	73874	17016	12341
285	404	285	404	0	0
2265	10237	2014	7207	251	3030
31267	85843	24112	62286	7155	23557
634	4539	453	2577	181	1962
53742	47883	39723	34995	14019	12888
103748	85560	81881	65738	21867	19822
5062	4530	4471	4172	591	358
10403	20138	8900	12911	1503	7227
81853	98739	66877	73423	14976	25316
46972	46499	35897	37244	11075	9255
2031	3448	1658	3448	373	0
2072	5308	2072	5288	0	20
1387	7684	1121	5009	266	2675
2906	7941	2497	7075	409	866
3793	2096	3771	1910	22	186
65115	61428	47989	46865	17126	14563
3053	6601	2517	5775	536	826
2671	7883	1978	6228	693	1655
20500	56117	14505	41030	5995	15087
9704	23639	8045	17712	1659	5927
13954	30852	10444	27222	3510	3630
2669	7762	2424	7637	245	125
24552	69057	19161	56833	5391	12224
4711	5511	4365	5381	346	130
845	947	845	947	0	0
1547	4544	1547	4544	0	0
86114	77946	67643	62221	18471	15725
4709	5060	3882	2809	827	2251
15766	31284	10522	24044	5244	7240
80040	74954	62835	62144	17205	12810
1903	2267	1560	2011	343	256
14815	31162	11790	24586	3025	6576
355	1761	355	1761	0	0
82417	77532	61418	59705	20999	17827
76980	53894	58466	44490	18514	9404
34099	74949	25077	58153	9022	16796
729	852	729	852	0	0
4477	12056	3556	8468	921	3588
1561	835	1544	823	17	12
3184	1068	2260	727	924	341
295	1625	295	1625	0	0
39483	56908	33022	39563	6461	17345
141622	172978	112086	130526	29536	42452
83394	69778	67043	58433	16351	11345
27930	29244	22256	24473	5674	4771
66575	82440	52568	62696	14007	19744
1561	224	1246	224	315	0
77310	72356	60052	50930	17258	21426
9962	10054	9602	9433	360	621
123	454	123	454	0	0
16199	29914	12897	20039	3302	9875
4415	10462	3273	7224	1142	3238
2297	9546	1435	7117	862	2429
4672	11284	3020	5599	1652	5685
1280	429	1145	343	135	86
1899	4142	1573	2632	326	1510
2205	8057	1910	6340	295	1717
3122	10539	2434	7738	688	2801
8990	25773	6917	21185	2073	4588
7197	7901	5999	4831	1198	3070
1239	2688	1175	2504	64	184
219	5445	157	4395	62	1050
1259	784	1235	784	24	0
714	6843	580	4092	134	2751
660	300	385	175	275	125
16	1238	16	1238	0	0
4292	19609	3141	15353	1151	4256
