293762	713234
297571	693913
294987	713514
288812	725160
293846	719135
290430	698681
283628	714229
292448	726847
296838	717682
295220	724907
290803	722616
294329	724737
290264	677602
294029	725099
285627	712588
291642	720604
283508	729754
285643	714221
294933	719382
294717	728424
301168	714446
285544	679904
299275	718687
292636	720661
287135	704043
291527	722901
294619	710220
295469	743542
289928	709839
295912	713490
290897	717073
301488	705660
298218	730913
291651	703460
296523	721448
292573	701619
289867	696185
292266	725178
287796	697555
292313	724306
290551	711057
296059	713073
299328	705629
301895	721217
292328	730360
280161	707810
301744	710126
282090	729365
288431	705093
278231	701410
288362	730636
295487	695047
298875	726177
289417	725174
285666	734761
297311	698320
294249	723795
289794	719105
300267	731502
296858	713442
289519	692623
296725	715687
293561	695784
292065	720406
291196	712470
292015	709793
292955	723706
297470	715064
289329	731074
295053	724852
290887	707874
296823	712425
286395	716206
292490	725903
291788	715975
285015	712313
297499	730336
300399	722218
294278	706973
301559	722611
283624	739257
288493	707419
288843	716970
294948	713574
293332	730044
296744	731093
285130	735802
294710	712282
294522	732106
291672	713333
290293	717452
295328	708442
298169	710710
284324	701123
298888	713349
284604	716506
294687	730502
290956	732099
294550	709238
287747	703579
295630	707854
289674	720354
296432	716286
295231	707345
294520	707445
286746	703605
280633	726730
294020	732086
289443	722868
286511	703583
300066	701046
290456	714565
296890	716014
295699	714153
293503	721567
296937	725304
289222	718194
292711	709099
287332	723115
294447	701113
289380	706482
296964	711743
291335	722677
295000	710947
280483	710336
291837	690945
297675	721070
287127	712656
290887	704559
303805	754849
303171	711687
295393	710890
302256	686284
297434	706158
294362	734193
288176	728818
297393	712456
287915	690780
287684	717875
286919	705131
290139	716127
294042	709312
302903	714334
293813	723740
296694	701438
296377	707304
283490	708575
294355	715451
293134	713225
291451	720955
295556	740048
294850	721145
292033	704355
290498	700460
296547	698469
292927	716159
291947	714693
291451	724378
290733	709850
291183	683295
294265	733033
284097	694520
294350	715719
290343	720803
291941	734228
288800	718091
299547	714347
286814	700018
295362	719039
298564	703374
297721	722155
297112	735961
290198	715587
289240	724519
293453	724914
295083	740868
292961	720758
289265	710639
293762	709967
289277	709404
290820	704450
291741	724649
289983	712333
303292	718853
299591	689854
298995	708522
298507	729138
292144	726535
295231	712165
284306	698843
297516	704962
279516	703120
286718	725322
288880	723383
292227	725390
292115	700049
303574	717650
289464	704182
292563	713147
288767	713234
293127	713007
294323	727080
290080	729071
289663	714498
289704	710653
289723	710026
286725	746405
300983	704822
291384	730337
299086	726913
288777	706385
291447	699643
280330	728663
291125	714851
291674	740007
293372	693695
294047	719171
289533	696513
285997	726013
285544	713159
290350	700203
290290	710530
289460	724817
287872	718481
292462	707054
288399	711730
295469	721456
281968	725222
294531	712009
287694	700401
291256	718191
296014	712798
299104	708190
286520	712309
293931	707885
296031	707479
295286	721558
296072	707510
296132	725581
288429	714656
294993	693068
298893	719809
295417	712368
299495	692833
293958	705774
297304	684964
299976	745681
281654	729477
285440	733078
297036	728775
290518	716815
294068	721006
292208	699023
288717	704601
289939	699525
296181	740386
291577	707430
292731	718874
294604	702352
287906	700955
275089	711126
297630	711760
297729	723794
286843	706965
294651	721848
292008	722212
292943	730438
296272	689354
297575	716944
284532	721735
292107	704885
290010	725984
301467	706318
287465	712884
298330	733241
296329	715339
283563	697636
291075	730694
296175	694980
292328	722039
283555	702458
293398	701470
290956	721060
291324	681468
294407	732041
290425	697003
284181	707806
291774	705654
293764	707545
290100	703401
295270	732691
297794	707546
290528	724122
286838	713299
291372	702204
293025	701947
287439	693348
294000	703836
298190	709708
292018	730601
288160	731070
289188	707409
291583	740557
290114	706595
302475	717446
288756	717916
287314	700412
291294	723236
294969	694478
297148	716397
296161	707498
282164	703307
292280	739689
298862	734457
295089	724695
295054	740554
296112	710504
294530	731952
279825	709566
295510	720189
297285	730693
297215	713164
302996	718084
290162	688267
295491	723648
292339	708404
306874	704465
288236	711936
290764	722476
298297	721019
294744	709760
293202	703267
294178	709668
297994	716318
287882	703467
289404	718839
288125	722172
276860	744118
285128	714689
299194	723586
302821	727689
285622	704871
278458	680841
282618	713922
297934	724706
282503	723166
289207	711768
284526	723600
287192	719177
287330	710568
290838	706875
293981	733438
285909	705917
288627	708601
284593	718163
292981	703261
296379	698488
295732	693999
290616	713492
297747	713376
297084	712223
297566	705206
289948	724024
301418	732914
294781	710052
299956	711867
297816	726183
291207	718231
291741	732605
287773	703746
284742	699065
282828	720687
292810	718607
286594	717230
299163	722427
292946	696568
293693	719462
293656	735332
287379	698983
287309	744230
293627	717204
289999	724277
293052	704990
296474	708343
294644	713440
289285	712753
284854	719743
294556	718098
297897	703900
291982	719532
294065	729780
300224	700113
283372	723083
286686	711510
295847	729075
290440	720308
289907	702061
294121	714058
288476	721935
287565	720116
291830	705318
287342	716399
296259	702435
290620	706436
296858	734621
301880	716786
292243	738806
289601	728898
292357	715307
291778	723645
288870	724604
290943	709789
290170	700874
285892	717123
288362	710192
292149	718214
300471	709728
284283	697846
299221	732746
286884	690573
294803	713232
300527	714527
285916	718706
294618	723811
297932	713050
288977	722542
296185	696383
291947	715552
289885	717985
286014	721991
302453	715236
291165	717323
287079	727752
284298	699918
297250	720589
304188	697850
293603	723279
293926	691846
282971	711744
289690	705560
298755	715711
292254	727506
291559	712099
297339	703529
293562	717741
294807	712512
292580	705082
291929	732713
296762	727437
290780	699098
287595	698838
294116	703874
293782	711568
295063	712213
291005	706792
277042	705036
292586	714006
291374	700847
305025	719553
287054	723489
296250	718526
277175	703384
291932	719805
294872	700731
290591	724106
288193	735998
295055	690316
304566	713993
285867	723839
288015	696896
286987	709614
292691	703473
291506	688879
298291	699283
294517	724681
285547	719857
291942	725215
288637	745392
287053	698175
283442	709316
293336	697104
292845	716677
290694	715140
290508	700709
300966	733909
290887	724889
294568	731767
299129	716411
295419	731699
292909	710162
282585	695823
292625	724998
284889	693114
290989	716317
294846	713652
296262	709991
299882	717397
300141	706694
287044	697230
288112	719369
