10275	13780
7014	9053
13013	28059
21395	39492
86754	90047
1772	6123
1273	3866
20874	46617
11603	26574
4466	5737
55388	60653
11426	21219
38653	39024
282	3442
439	6371
22578	35950
247	1690
11706	14439
587	996
1754	8274
207	1952
17806	43877
443	66
7946	21119
14681	44365
88886	102710
4462	7601
11516	14018
62574	48705
10556	22054
26821	33675
5825	11900
79323	88789
2796	5553
102807	105730
331	4065
71729	63852
7623	27621
139	3687
128	453
4304	8210
17615	24854
11994	22024
2607	7993
272	1666
153	197
11858	13676
8435	16636
81837	88909
97950	108934
11259	24987
2972	6559
5775	5513
116216	170132
1324	679
178	3677
22154	20028
7289	17882
16948	20763
4865	8428
268	3045
1434	2570
6308	9761
2443	5909
3915	2221
21358	40977
34560	99739
16305	44529
6729	7663
8195	6551
232	2563
43803	30340
3757	5684
6272	9603
40874	29978
1490	6162
10747	35839
3625	5630
2772	8191
17944	25216
72477	72174
7472	30563
12705	9497
8642	6304
2079	1375
97493	109754
6626	10265
262	2214
9798	13321
578	3165
4224	9171
68361	61445
25248	36440
5455	5579
57141	56687
20037	18451
4301	22375
56266	45690
5850	12089
8609	15231
637	5383
53977	92306
8547	14692
11711	29654
146	1187
1834	4171
16	1238
12406	24901
7852	13538
90642	91464
919	1671
6486	19102
3926	3381
4096	922
2332	3169
54512	69063
543	580
74140	71391
7221	12435
15542	39707
228	3405
530	4089
11160	11548
76257	64503
4570	2788
76675	80081
25287	36281
301	458
16	685
106313	90912
147	27
12473	21192
62697	57373
1343	1150
648	1012
2094	1461
5096	13617
6682	14461
1024	930
236	777
183	1316
1030	6779
7583	18891
3642	10543
81122	79334
20394	19866
4306	11896
13210	41711
282	3442
1252	1047
57867	56601
8772	12333
2067	8865
1108	533
5406	6802
78779	62723
555	1187
71541	71674
344	3327
2616	7534
7593	11130
3003	8499
8496	9584
13055	34525
6109	2649
710	4455
60162	59265
1418	1912
434	3390
536	183
31880	26724
59944	57020
36	199
252	1770
7539	4313
18206	52245
3466	10327
2000	5308
324	1277
32632	78552
8452	14301
763	3543
93459	101263
1597	5628
66368	51799
13381	15693
61089	51203
51028	57474
76871	81271
79816	72816
171	140
3992	7851
13946	23122
12335	34732
16648	40391
9486	20787
58395	40866
388	1839
47751	36621
16045	15035
68683	80405
26458	66111
6119	8247
3476	3787
30075	59045
42938	39232
2252	3667
1985	6241
64983	59415
4741	6211
7472	8473
14018	21466
25340	64779
1149	2106
972	920
627	3169
839	2681
15394	28546
27416	51825
8999	13147
19279	43934
3944	13138
746	766
12534	26847
7396	15229
106161	109505
3155	4385
4805	9371
11943	10406
14910	27110
1437	5365
1472	2626
2381	898
676	1611
14106	41350
8577	3791
11508	27891
9330	11834
77003	151452
5127	5549
76477	66757
12277	24018
74820	73819
58973	54781
11792	14208
4588	12041
51130	36048
5550	5244
26300	40524
83102	76405
16358	21029
20475	38612
53660	62079
86464	111508
8444	13913
11641	33125
316	2499
65740	61526
157458	240715
2825	2969
27260	73050
73317	61811
796	1544
58315	47200
3289	7100
17623	45129
18319	28127
696	5325
11116	18358
5013	10661
12822	27816
92040	81890
2836	1172
14118	47109
1249	590
1692	4279
20804	24357
11170	17762
445	2189
2338	6432
1964	0
3666	4201
340	386
1608	9104
8059	6767
87207	96185
225	2902
1721	10490
3246	4288
5009	5326
103712	105958
64317	50739
3456	5795
1931	378
3066	7292
65317	67182
791	2769
67783	67997
504	4792
21199	39753
22963	38009
18696	22412
69008	72426
54720	38871
6516	6495
9198	9218
8586	16435
1130	6331
597	2657
81909	85973
10550	11634
60588	59554
36793	39344
2250	10453
8984	9721
6094	4591
11506	21508
202	1097
26303	69011
5313	9536
51156	33731
74635	57719
57579	54189
662	4187
3155	9526
3306	3323
8291	9375
677	3206
1703	895
3619	12704
439	2376
9851	19858
18540	38888
11207	24337
6759	12212
623	3726
10758	21975
16	685
8193	16613
83758	86393
4414	10033
4715	3739
763	741
8206	16129
17495	29082
37738	53248
387	2221
3578	2658
22304	58764
88441	83280
1154	4543
304	883
15216	9172
23773	57639
5036	3661
7295	10593
58136	68985
72784	61515
145	285
5158	12240
156	155
14333	14678
1001	166
73431	68740
80563	67138
24208	67499
604	5565
79474	85318
881	4182
10235	22349
5738	5507
10845	30943
4793	4351
93	27
70357	79587
76712	91551
32532	85447
32926	25304
1780	6803
201	463
5051	12959
20482	22450
12645	10420
999	4380
20112	23123
1479	4835
374	1698
2609	6697
90413	88320
80364	79019
1411	1372
4033	9441
21366	26063
158	1559
79675	70386
30227	55640
24355	26037
35915	36656
11696	23144
2480	1735
70	1843
4072	15066
200	284
91016	99137
11419	25607
443	475
18591	56911
1465	1080
387	3790
39432	31555
861	8044
55887	45467
1583	4307
10759	9325
9715	19682
1185	5792
862	6723
4994	12905
72213	70578
11039	21315
2139	3631
128155	157272
58652	49040
270	1888
19796	21590
1475	9866
10780	22406
4987	10328
74503	72024
11854	20741
1305	262
5605	10688
124631	166641
285	404
1160	7940
3267	11527
697	4908
68995	68560
25255	25962
4388	5172
1387	2869
62517	76295
26025	14996
7582	10112
2553	7487
846	3558
1735	3376
16124	24310
39822	39109
1016	1424
2231	6125
34331	77232
5079	8660
16275	39982
4689	13854
1299	8433
5717	9381
1252	1047
2775	4947
84593	65683
82366	72186
18400	45797
55591	71071
7615	14941
8445	17237
487	2023
21421	35125
72031	76375
65450	107075
5862	15001
1341	6539
2593	2228
1437	717
295	1625
5209	5453
48380	37577
91232	97163
36275	44135
83204	70259
1465	224
22671	18980
12464	13325
123	454
56537	42482
27458	33446
8383	18379
5919	11552
882	232
8560	18917
61839	59746
3493	11532
4086	13940
8045	8600
1736	2924
178	4874
1259	784
19475	65584
660	300
16	1238
17664	51959
