61986	126971
59623	148188
53882	142942
47390	110985
68309	113890
47881	158436
65376	142864
62023	174566
56017	137434
51265	137163
57930	140456
53336	141918
60392	150441
42831	109622
42884	122468
54373	119162
49678	115844
61949	121858
44192	115018
51215	125537
41586	119678
54906	172172
48910	137904
57759	132582
61276	150401
86618	137098
62673	151549
55632	126605
75336	150329
56046	141757
65552	132905
53134	147290
51156	105834
49725	129797
68643	137304
51995	108610
58592	121942
53275	127352
42141	109368
59359	110314
53756	143982
44231	114453
56923	153937
49447	116344
47289	115559
53780	119693
65190	138358
57993	135096
62796	129540
79543	184163
55016	133457
45717	115845
47646	102353
55956	134878
65898	136179
39676	119326
64732	116949
59350	143593
64083	137128
48357	122817
45893	121234
55751	140518
56889	158330
50348	125788
52750	125355
57020	139453
60508	151647
55741	161056
50689	136858
65573	134215
45114	115977
78352	130632
56854	136576
52970	131207
86487	148840
50878	131276
48235	137276
47911	119269
50330	130442
68055	139796
54531	123969
46463	143845
55072	110775
58443	112605
52564	107450
81801	144776
60861	134783
44459	124756
60079	140916
51563	131142
57800	147660
71007	131467
55309	144595
62647	130845
65256	116466
64510	120671
46915	112032
87631	123043
53019	139435
50320	138859
50258	162076
70874	161522
57322	145960
56931	149860
40780	109369
54612	116705
42606	111928
62976	143332
60507	157503
81607	155278
43280	118763
60427	172075
48989	124441
50449	115128
50419	123052
58255	127325
49756	113181
74844	130466
59883	132851
58071	147439
43198	126025
40252	123292
67693	130983
81000	134668
66630	119987
58328	133204
60726	141961
57821	102108
44853	125043
74275	120177
52899	109703
51463	147328
41477	145755
62897	126342
54143	119036
64647	114331
48908	133409
55202	155139
63603	159221
57462	123629
46425	115304
48881	121006
45222	135444
44599	115664
69050	144317
54396	135061
52623	132161
64064	187066
43163	113795
47924	114047
87355	164092
51689	117060
44031	127170
56594	148831
57284	127455
56722	111429
49083	126237
82237	133949
48200	114031
46514	133644
53105	131048
58960	140996
58979	115336
68599	164729
63120	115863
55898	120590
52363	123072
44925	107767
49368	122940
50942	122164
58605	116990
54516	110182
47936	120904
44781	114378
50645	122060
47247	136402
53807	144969
60351	154636
47115	122017
61390	163028
58724	141830
45389	107068
79246	127741
49940	141059
77547	148718
56216	128331
64657	120988
66643	148329
60250	132279
63352	160671
53277	126173
57279	144306
45232	112397
54199	152993
62905	160151
54911	140905
83902	129600
44513	124635
98544	165449
76660	130739
83152	163477
51532	120499
52116	117908
48322	134428
68690	180507
55532	114054
64678	145900
45933	112108
66434	125879
45041	147025
58320	134946
47703	132361
59795	140785
52571	118695
45697	109263
52572	139900
46925	106162
49205	128140
54835	158429
61700	128839
49342	139193
51216	128682
56200	130454
53501	136537
57053	136683
58499	146771
65028	138143
58219	121257
59645	134457
62726	149411
61389	137639
48942	126746
62258	126230
48371	134423
62954	189527
56442	110533
52792	151726
57498	142446
51651	124878
49684	132564
43314	124311
52657	134087
81706	141762
74251	153604
47202	110601
46086	152770
72073	124264
62549	135854
66195	130579
66412	118386
57069	141688
65000	165684
71565	143881
82071	133738
52903	113466
51821	126306
43134	113336
74315	128790
70514	132104
51451	129104
59940	147467
75329	155641
48017	149640
97232	170779
45234	127343
63764	140659
49364	114421
40806	135167
54320	142970
46869	112384
48485	136771
98134	192081
42689	105797
44015	121205
63018	119075
51275	112714
64190	136610
59710	148612
46737	135465
47919	127745
57905	131781
54444	133708
51755	116602
50813	150728
51929	118953
74972	131452
48926	120571
45825	143012
52845	129270
52725	124100
46189	108411
49596	114855
56316	132039
55505	110954
44383	131769
68643	123995
46537	122178
64975	157967
45389	114119
67483	142178
72009	175927
62875	129826
56126	105250
62871	134736
61678	134388
56871	142335
53111	129964
43686	125622
47719	146626
79636	196236
59881	130730
72567	150467
54757	109210
61150	129846
59031	140074
55835	124121
50994	153234
39847	102922
60227	138891
45429	118361
69786	127264
71565	168576
49450	143251
54706	128410
49706	133737
64120	121965
62484	160201
51928	130330
54024	94638
66627	122704
40628	130163
48036	128145
61936	142175
38927	124794
51441	149890
51765	139131
52475	113131
47682	110652
54720	133280
77639	130884
50379	111836
62874	131411
63929	125508
54588	127428
73401	138933
49605	117478
49037	128559
58302	158011
49201	126750
75012	145750
53387	138503
41987	123115
68057	123097
59140	161720
65072	133599
57460	134744
52177	150340
88230	181240
53554	119653
40942	122272
40355	121501
55916	121658
58887	136349
53269	129623
79628	133998
41667	136511
48536	126225
59000	144308
46025	133910
60672	136993
57074	129106
55187	170661
50869	124790
61671	110267
59190	131110
68585	137432
57369	149067
76734	130508
51986	129069
52271	119002
46709	141791
74578	165406
81391	150990
49510	141539
49384	128279
48819	127598
47700	124452
48977	141967
75263	143483
58713	135956
46161	131920
50276	118086
50677	120303
40716	118140
89205	131327
64630	162243
63720	156103
83261	139865
57402	137017
52782	128790
44292	117213
52311	141005
48047	132831
71436	131185
54958	135140
46864	115659
60869	172481
56887	109029
44217	122496
66775	125042
44689	103486
62800	143510
49299	132689
72481	137612
55994	143162
42916	140862
42540	123919
58691	171012
74142	112003
60213	154292
48674	114207
95359	186327
66669	162475
45008	112149
69891	139761
54023	137126
47584	132896
46579	126726
57137	147937
47293	103382
45705	127019
53627	114858
65476	121751
48878	116545
47136	128991
51978	155291
43587	121532
62897	128797
55158	138464
52087	120443
55913	137163
69164	157271
70838	120388
46228	125470
50192	141672
50332	120264
42151	120518
58202	143422
68289	146123
56777	144689
47036	125884
51648	159938
53956	127354
55329	150951
64493	145405
47282	140669
53121	112796
51768	125137
48103	132140
81290	128637
60245	150438
60847	133815
55321	129728
50898	130554
54753	124856
48384	122355
69807	143977
78060	128249
51847	143276
50800	127467
55734	141020
55164	122366
53038	115712
42939	130065
62056	138852
69087	122669
57260	123025
77766	143568
72759	143316
70505	113459
65932	145410
65350	132301
40583	111863
77321	165260
57162	130630
53201	109700
51544	121797
43757	109282
42844	114889
55525	144420
55088	128874
52017	132880
77181	148603
45299	109430
40481	108954
64641	142944
42810	141632
62814	116212
47625	129074
54979	160407
