1165	1536	519	1097	646	439
660	604	660	604	0	0
607	79	607	79	0	0
323	2163	301	2163	22	0
579	517	579	517	0	0
693	1681	693	1681	0	0
1158	2922	994	2492	164	430
909	2518	642	1985	267	533
944	191	578	191	366	0
938	508	669	508	269	0
495	779	351	779	144	0
318	3076	260	2976	58	100
334	2246	334	2246	0	0
282	3442	282	3442	0	0
47	3216	47	3216	0	0
2416	2866	1803	780	613	2086
202	560	202	560	0	0
1114	870	714	719	400	151
479	996	479	996	0	0
302	2807	302	2807	0	0
207	1952	131	993	76	959
344	4174	344	4174	0	0
443	66	443	66	0	0
291	6768	291	6768	0	0
657	4046	558	1746	99	2300
515	645	304	250	211	395
1406	4215	1166	2595	240	1620
1381	376	1381	376	0	0
2595	1023	1906	363	689	660
151	472	151	472	0	0
1094	1285	960	1285	134	0
1455	7244	1087	6389	368	855
289	318	289	318	0	0
367	719	367	719	0	0
699	2195	613	1769	86	426
282	3442	282	3442	0	0
1257	809	1257	809	0	0
248	2527	239	2397	9	130
139	3687	139	3687	0	0
52	335	52	335	0	0
973	508	704	508	269	0
184	91	184	91	0	0
1111	2625	1005	2264	106	361
702	3066	702	3066	0	0
258	1406	34	810	224	596
153	197	153	197	0	0
1523	1436	918	776	605	660
1519	3435	387	1032	1132	2403
1131	3269	1028	3269	103	0
488	3444	289	2704	199	740
1262	2858	398	565	864	2293
181	43	181	43	0	0
390	467	390	467	0	0
2750	1893	1674	1201	1076	692
331	40	147	40	184	0
178	3677	178	3677	0	0
1574	648	1574	648	0	0
1965	697	1965	697	0	0
775	1184	635	989	140	195
393	918	393	918	0	0
114	1585	114	1585	0	0
537	1004	401	543	136	461
797	1178	797	1178	0	0
364	1369	364	1369	0	0
1141	1472	979	972	162	500
4	434	4	434	0	0
468	953	468	953	0	0
217	1773	217	1773	0	0
704	508	704	508	0	0
599	2578	398	2051	201	527
110	1850	110	1850	0	0
1100	1698	1100	1698	0	0
1328	2321	1244	2321	84	0
331	440	331	440	0	0
6131	2554	3134	1198	2997	1356
44	288	44	288	0	0
148	1564	148	1564	0	0
1176	1848	1176	1848	0	0
1723	3633	942	3633	781	0
1812	721	838	721	974	0
1674	1201	1674	1201	0	0
885	4951	331	4366	554	585
2445	1725	2292	1520	153	205
719	1381	612	1381	107	0
505	1071	306	314	199	757
1708	2767	1337	2421	371	346
623	275	623	275	0	0
18	1139	18	1139	0	0
43	304	43	304	0	0
1047	5364	578	3165	469	2199
1008	792	1008	792	0	0
1670	3616	1353	3616	317	0
135	744	135	744	0	0
242	1097	173	457	69	640
2178	2645	1260	1665	918	980
620	1275	450	1150	170	125
204	1318	204	1318	0	0
2866	2286	2381	1405	485	881
933	3919	224	2819	709	1100
385	1100	385	1100	0	0
654	1791	231	1742	423	49
1494	1391	1494	1391	0	0
562	1846	160	945	402	901
326	3977	280	3876	46	101
146	1187	146	1187	0	0
766	1525	766	1525	0	0
16	1238	16	1238	0	0
1481	597	783	391	698	206
342	455	342	455	0	0
3980	5052	1590	3988	2390	1064
58	835	58	835	0	0
1278	5085	1038	4176	240	909
646	1423	578	1345	68	78
1670	301	1352	130	318	171
583	347	371	106	212	241
1042	493	1042	493	0	0
184	91	184	91	0	0
3039	785	2720	785	319	0
669	2666	434	2666	235	0
1071	1395	160	945	911	450
171	1960	171	1960	0	0
217	3053	85	1619	132	1434
230	619	127	609	103	10
1064	2424	780	1925	284	499
2189	1767	1139	1767	1050	0
401	140	401	140	0	0
1808	2314	1440	1000	368	1314
318	489	301	458	17	31
16	685	16	685	0	0
1233	182	1233	182	0	0
147	27	147	27	0	0
524	5051	524	5051	0	0
444	2726	372	2620	72	106
1031	140	171	140	860	0
443	66	443	66	0	0
145	128	145	128	0	0
586	1274	586	1274	0	0
598	1682	537	1405	61	277
1127	930	904	930	223	0
23	83	23	83	0	0
248	2176	183	1316	65	860
260	1447	201	1065	59	382
958	868	916	868	42	0
445	421	445	421	0	0
625	2272	486	2272	139	0
758	3239	229	2180	529	1059
659	1439	659	1439	0	0
429	2065	314	2065	115	0
282	3442	282	3442	0	0
827	1047	420	947	407	100
3592	4340	2691	3276	901	1064
499	35	499	35	0	0
232	1400	232	1400	0	0
568	305	568	305	0	0
992	1209	280	1149	712	60
1607	1753	705	1413	902	340
305	1187	305	1187	0	0
2629	1845	1424	1055	1205	790
732	3295	309	2983	423	312
260	3226	226	3001	34	225
4	83	4	83	0	0
995	4395	379	4339	616	56
659	727	279	727	380	0
732	2111	540	1834	192	277
2561	1109	2094	701	467	408
241	3134	241	3134	0	0
409	414	409	414	0	0
624	1206	303	799	321	407
239	2397	239	2397	0	0
536	183	536	183	0	0
477	1010	477	1010	0	0
1588	695	1588	695	0	0
36	199	36	199	0	0
128	745	128	745	0	0
202	843	202	843	0	0
744	5511	744	5166	0	345
343	1838	241	1556	102	282
250	1055	156	844	94	211
324	1277	324	1277	0	0
1193	2618	1005	2264	188	354
13	1970	13	335	0	1635
201	2393	201	2393	0	0
3186	1277	2867	1277	319	0
902	2345	902	2345	0	0
1987	644	1987	644	0	0
1164	1524	327	849	837	675
2592	10	1039	10	1553	0
796	2466	728	2466	68	0
1200	1752	1200	1752	0	0
355	1203	355	1203	0	0
171	140	171	140	0	0
250	1081	250	1081	0	0
175	1936	150	1756	25	180
966	1257	966	1257	0	0
889	2828	889	2828	0	0
266	631	46	367	220	264
859	262	859	262	0	0
337	1839	337	1839	0	0
1729	1151	1729	1151	0	0
740	1385	586	1385	154	0
834	2284	834	2284	0	0
642	4660	642	4660	0	0
37	218	37	218	0	0
823	1477	737	1059	86	418
676	1863	676	1863	0	0
982	522	982	522	0	0
1847	3042	818	2327	1029	715
378	804	378	804	0	0
336	224	336	224	0	0
64	401	64	401	0	0
119	861	119	861	0	0
289	904	289	904	0	0
476	2500	108	1143	368	1357
102	168	102	168	0	0
972	920	972	920	0	0
29	153	29	153	0	0
427	1147	219	831	208	316
112	711	112	711	0	0
131	691	131	691	0	0
1180	1149	1180	1149	0	0
752	5200	642	4660	110	540
925	2188	804	788	121	1400
551	609	164	609	387	0
264	1338	264	1338	0	0
944	3636	522	962	422	2674
600	442	600	442	0	0
2053	2313	852	1834	1201	479
443	920	351	722	92	198
847	2123	465	809	382	1314
1123	1110	853	595	270	515
196	2012	131	1767	65	245
506	1409	248	912	258	497
111	176	111	176	0	0
429	1031	294	1031	135	0
613	4098	567	3997	46	101
789	47	789	47	0	0
570	1565	472	1330	98	235
353	584	353	584	0	0
285	42	285	42	0	0
725	1818	725	1818	0	0
246	1576	154	1576	92	0
1806	1383	440	563	1366	820
2060	2048	1061	1840	999	208
1243	687	333	299	910	388
102	168	102	168	0	0
390	1954	242	1491	148	463
339	252	337	252	2	0
857	1416	526	1416	331	0
875	380	875	380	0	0
379	526	291	326	88	200
469	1602	454	1566	15	36
231	609	216	541	15	68
2232	839	1471	793	761	46
1159	792	398	331	761	461
653	1618	653	1618	0	0
385	1100	385	1100	0	0
316	2499	316	2499	0	0
2170	3982	754	2364	1416	1618
1296	24	879	5	417	19
669	759	449	629	220	130
618	1095	154	1001	464	94
2021	4722	976	4035	1045	687
551	1006	551	1006	0	0
2988	1575	2087	1244	901	331
940	2677	940	2677	0	0
651	6499	651	6499	0	0
1108	974	252	656	856	318
76	982	27	982	49	0
610	79	607	79	3	0
274	903	274	903	0	0
539	1835	163	1316	376	519
1505	2760	1128	929	377	1831
331	595	331	595	0	0
362	3155	362	3155	0	0
1150	513	1150	513	0	0
458	2591	279	962	179	1629
854	217	660	185	194	32
791	1667	453	1085	338	582
107	221	107	221	0	0
587	3175	483	2683	104	492
1964	0	1964	0	0	0
1057	1743	209	1034	848	709
340	386	340	386	0	0
76	1296	76	1296	0	0
674	1258	674	1258	0	0
1610	235	1368	235	242	0
225	2902	225	2902	0	0
339	3015	65	991	274	2024
959	3409	959	3409	0	0
1165	2230	613	1732	552	498
355	1324	252	1272	103	52
1985	361	1985	361	0	0
1124	1100	1124	1100	0	0
534	346	534	346	0	0
601	763	192	0	409	763
1326	155	879	5	447	150
25	276	25	276	0	0
288	959	139	670	149	289
19	983	19	983	0	0
1115	1173	659	987	456	186
1771	1561	1136	1029	635	532
1871	513	1871	513	0	0
669	100	669	100	0	0
949	313	680	313	269	0
1170	1121	853	1006	317	115
996	1019	279	727	717	292
1622	882	721	350	901	532
321	2404	292	2161	29	243
230	1328	230	1328	0	0
1498	4474	1361	2729	137	1745
815	1132	815	551	0	581
1138	1714	1138	1714	0	0
978	765	613	549	365	216
377	1993	295	1228	82	765
916	474	916	474	0	0
434	488	434	488	0	0
709	1562	468	953	241	609
202	1097	202	1097	0	0
501	4292	319	4011	182	281
113	87	113	87	0	0
1714	4669	976	491	738	4178
2329	1422	693	1190	1636	232
280	2803	280	2803	0	0
651	4449	625	4187	26	262
338	4414	323	3781	15	633
1506	2129	1069	1786	437	343
2168	893	1296	731	872	162
150	1756	150	1756	0	0
67	495	67	495	0	0
1590	4100	1286	3358	304	742
439	2376	237	2376	202	0
514	1729	514	1729	0	0
488	2961	488	2961	0	0
378	2096	227	1370	151	726
334	1261	183	1261	151	0
623	3726	623	3653	0	73
1224	2831	945	1310	279	1521
16	685	16	685	0	0
921	1864	707	1749	214	115
860	584	478	251	382	333
967	2259	472	1819	495	440
284	405	284	405	0	0
122	453	122	453	0	0
230	462	230	462	0	0
161	549	137	549	24	0
816	3105	291	3105	525	0
387	2221	254	1639	133	582
2161	1528	1950	1139	211	389
0	737	0	737	0	0
1182	1192	1182	1192	0	0
104	20	104	20	0	0
201	238	201	238	0	0
1094	544	724	228	370	316
265	871	265	871	0	0
1820	1893	1817	1893	3	0
1331	750	721	350	610	400
228	1980	225	1980	3	0
1056	981	1055	981	1	0
145	285	145	285	0	0
1497	3463	1112	2285	385	1178
138	155	138	155	0	0
548	204	548	204	0	0
428	166	428	166	0	0
621	4064	621	4064	0	0
1454	914	742	715	712	199
483	1065	201	1065	282	0
554	3041	301	1489	253	1552
1398	3845	937	1590	461	2255
334	1261	183	1261	151	0
796	1298	581	203	215	1095
409	791	409	791	0	0
739	2366	370	1968	369	398
342	603	342	603	0	0
93	27	93	27	0	0
1337	2902	1337	2902	0	0
1039	887	1039	887	0	0
776	2786	124	2786	652	0
1749	1182	1729	1151	20	31
435	1701	222	901	213	800
45	463	45	463	0	0
881	2719	642	2214	239	505
7	159	7	159	0	0
403	1339	109	669	294	670
806	3734	328	2756	478	978
252	1326	78	1290	174	36
151	1746	87	836	64	910
142	1518	142	1518	0	0
1970	675	1970	675	0	0
2019	1700	1100	1698	919	2
212	341	189	341	23	0
1500	3442	1278	1344	222	2098
379	1466	174	549	205	917
493	1512	388	1140	105	372
158	1497	158	1497	0	0
600	924	600	924	0	0
1359	1658	737	1388	622	270
1410	1827	857	1627	553	200
565	818	565	818	0	0
704	508	704	508	0	0
461	1016	453	1016	8	0
70	1843	70	1843	0	0
707	1045	364	806	343	239
200	284	200	284	0	0
3206	4230	2267	3792	939	438
232	1651	206	1651	26	0
278	193	161	163	117	30
1099	1862	592	1362	507	500
218	465	168	135	50	330
126	1811	126	1811	0	0
1117	521	1117	521	0	0
166	2491	166	2491	0	0
454	883	169	883	285	0
481	1232	481	1232	0	0
1363	4399	600	579	763	3820
151	738	151	738	0	0
316	1705	200	990	116	715
264	1278	264	1278	0	0
610	2134	610	2134	0	0
2871	1183	1571	577	1300	606
38	1692	38	1692	0	0
416	415	416	415	0	0
2723	6055	1084	2223	1639	3832
1135	917	1099	917	36	0
363	2713	270	1888	93	825
421	811	421	811	0	0
183	1653	181	1653	2	0
782	4052	181	1653	601	2399
1409	2914	719	1272	690	1642
1163	1896	868	1456	295	440
478	1206	303	799	175	407
823	12	823	12	0	0
1466	4076	852	2237	614	1839
911	251	856	246	55	5
285	404	285	404	0	0
344	3703	209	2817	135	886
955	3073	182	496	773	2577
117	1094	117	1094	0	0
461	527	226	362	235	165
552	2215	301	2163	251	52
1190	2149	740	2008	450	141
400	575	400	575	0	0
525	2869	525	2614	0	255
1224	494	1224	494	0	0
353	342	353	342	0	0
1150	1216	818	754	332	462
109	669	109	669	0	0
434	1487	284	1487	150	0
852	166	428	166	424	0
475	1175	134	374	341	801
586	719	586	719	0	0
489	1448	489	1448	0	0
1114	832	1114	832	0	0
624	1160	624	1125	0	35
2009	7830	1897	6781	112	1049
411	2826	411	2826	0	0
42	1978	42	1978	0	0
449	629	449	629	0	0
808	947	420	947	388	0
823	12	823	12	0	0
2625	1949	1223	1086	1402	863
791	1771	495	706	296	1065
248	912	248	912	0	0
427	679	281	679	146	0
657	1195	213	1195	444	0
2477	1964	774	1034	1703	930
318	1761	252	1272	66	489
1089	854	1058	854	31	0
2475	1170	670	436	1805	734
239	1012	62	1012	177	0
590	735	590	735	0	0
591	4549	491	4359	100	190
306	314	306	314	0	0
625	467	390	467	235	0
295	1625	295	1625	0	0
1198	591	1129	561	69	30
1444	682	969	416	475	266
109	669	109	669	0	0
747	422	656	307	91	115
2504	3523	1337	2902	1167	621
1093	224	798	224	295	0
1734	2613	1734	2613	0	0
3629	2872	1442	1697	2187	1175
123	454	123	454	0	0
790	712	109	669	681	43
523	1596	194	220	329	1376
250	3621	110	2767	140	854
453	745	451	745	2	0
697	151	697	151	0	0
1048	3920	657	1704	391	2216
590	3511	555	2746	35	765
572	5616	330	4788	242	828
805	2512	805	2512	0	0
2092	1454	1981	247	111	1207
390	909	303	799	87	110
157	4395	157	4395	0	0
911	784	697	784	214	0
553	4638	0	2263	553	2375
385	175	385	175	0	0
16	1238	16	1238	0	0
864	2264	311	977	553	1287
