30648	75292
25690	68105
29797	82716
48960	82185
60040	113566
25748	78500
33546	91550
33896	101565
30264	99861
29582	76657
69160	111873
29974	86975
73768	118792
22317	56170
19404	59529
44054	95569
21366	64714
33218	86875
23060	64305
26144	72437
21602	65212
35807	118359
25540	62673
27303	66481
33309	91577
61930	91544
33518	79164
36313	87492
41016	92926
29897	85518
37006	60499
27340	69261
38243	80732
38133	86371
55702	95091
20817	58427
70690	102380
29624	63260
19127	50888
28155	68130
31491	92490
44429	84814
35714	108583
29864	67918
22563	69550
25872	55130
34935	77047
25170	71092
41992	94391
81557	163295
27711	60700
23850	49379
25292	65856
63845	149431
24389	67856
23172	53289
42404	90737
30798	84529
40445	84118
26598	76122
21454	56664
30869	66091
28434	81676
29754	81341
24035	82669
30076	86641
41382	128106
34594	106762
39442	91919
47505	99068
23523	64624
62009	120423
22119	69277
28868	69372
72634	104600
26155	85780
32804	95597
26263	59391
30987	67903
52107	92599
58516	106129
26992	71540
47170	83924
34958	65522
30433	65864
91932	142994
27994	76277
18794	48894
36995	82350
40619	74496
26310	62283
83113	132263
59202	126745
30657	84898
78372	108425
37385	74513
28760	76310
73122	132151
35326	94375
24428	75665
24333	59512
67521	142190
38306	99019
32098	105721
19667	43657
23589	69953
18389	54207
38434	83092
35657	98778
49923	105564
24523	72811
40731	122773
22781	67802
24943	60607
24937	77403
62295	86903
21444	62229
64802	99829
33528	72849
37163	78157
23481	61819
23139	61062
41504	98275
86700	155949
36541	53783
88278	165159
39521	82991
22562	45804
18623	59664
84224	146160
34362	73856
35916	100467
25545	63537
30697	48825
27698	74748
35944	73279
35023	91923
30717	70779
31619	67598
24129	73598
22305	63815
22705	65505
26594	70350
31409	69819
74477	139134
40153	88435
26667	63431
36223	105496
23631	50111
23251	57832
80457	130698
28743	79702
25971	63481
29193	56564
23605	53884
82317	129469
24131	54147
85605	163717
21245	52170
27337	70677
32551	78639
27309	71182
30706	81145
28836	106467
40083	69581
23698	58845
30686	61888
24069	56538
33453	82692
25075	54370
47962	89295
69147	116082
26609	62052
24870	65493
24821	77120
36268	116533
23891	65930
22651	74502
21624	56561
47656	143727
32514	77703
22993	58798
78140	150471
27791	81058
87084	138260
33988	89970
65957	124338
53165	137018
83470	138640
86376	150315
23792	52767
34583	80742
26977	61416
33878	100411
34770	93666
28974	71217
72975	135035
25960	64273
59490	117035
45342	96335
80163	135288
38290	120139
26519	65738
29058	72005
38041	104621
32997	65764
36047	99173
20818	55514
70642	111993
26087	61511
40909	78938
38669	112483
44152	116527
24206	56318
23697	67032
24097	60909
26715	59495
31676	93757
28740	105244
32822	81139
39501	122581
28095	74930
30008	69306
32543	88848
27589	88262
60005	133559
30806	72459
31965	75810
84719	152223
35575	80463
33576	70148
35033	69445
33874	70132
25433	67904
31947	79621
46026	85357
30234	80474
25958	61203
64284	134805
25439	53499
31760	72250
44762	107045
81677	130749
67678	115100
27254	62352
25408	74881
79642	142368
26730	53357
48967	111346
74049	145644
41909	88451
31938	93444
69635	113978
82968	175551
30049	73365
34884	82233
19933	56265
63864	89016
96038	186254
24920	58802
40444	124817
62507	125204
26605	65066
63406	119015
23429	72089
43173	106613
36450	81922
20836	67652
27302	76467
22990	67730
41475	109161
79453	139431
31554	67148
39357	129495
34555	60238
26129	72515
40544	72196
32859	94318
22790	60526
26590	64264
26852	55603
25223	62803
22350	68308
20947	71501
31571	69079
83049	150459
23002	60005
26873	79866
27087	62358
23809	61318
34180	76859
40570	84528
29336	90973
28584	52692
28916	71646
66059	123332
21709	59386
70026	113129
19699	58199
41372	146852
34820	95689
37147	74183
89517	146407
71093	110301
35070	80502
38040	95723
25288	58403
20967	69422
25563	72039
38939	91496
29450	72206
82948	143181
87547	163489
34443	59028
26822	82520
32996	81604
41813	124107
25152	52059
38576	125596
34481	72924
59218	105701
79241	152346
79446	141094
27601	77683
23839	67211
28063	72334
36888	88501
25093	59133
19726	53885
34126	81086
29579	59068
30737	75144
40679	124292
36979	103074
36770	84856
24585	76157
28319	81385
20146	59102
34939	87411
79202	129202
29772	70639
34431	72272
29564	64888
37236	94333
42551	79689
26591	70819
25442	70780
33512	68135
20328	58866
91845	160549
32233	65816
24076	63823
42222	70152
35456	111988
35427	71778
28760	68243
59926	102279
77488	142937
21967	72602
22108	55088
28095	62104
41541	84358
34691	80748
85678	163177
82894	147958
26050	72377
24717	62514
69407	120326
27757	67510
32988	80768
21836	58427
27016	90953
28011	86842
31775	66703
41760	84144
77258	161480
48827	127254
60784	100106
27758	76913
27900	73723
27112	87569
38187	105729
41046	70964
30286	67651
33408	77069
30746	67695
21574	74962
27119	71140
63555	93204
53476	101671
31852	75909
35615	80687
36256	86910
20734	51132
80576	131228
37322	123795
42431	82123
78152	112388
30121	77325
25215	66916
22584	63239
22342	64080
21490	58001
41270	71103
34375	75824
28795	63628
36838	105503
27554	62187
23252	70458
56767	87237
19797	55340
76686	120152
26748	70527
37456	97779
26400	84980
22309	69684
22326	61070
28055	88867
77360	123972
32586	84501
23545	60940
74955	144866
28906	78184
21544	60633
55739	124140
23302	72465
36152	106630
26183	82760
73612	125968
18357	52557
23851	62376
29177	59224
61019	98964
18643	48920
29592	80816
34240	75699
25065	66259
31016	60133
38960	89549
24377	62926
30280	59359
55016	136652
62430	87194
31956	53234
30925	76105
22417	65183
28447	69982
34048	79647
68713	113936
31673	82751
26979	59601
43048	118214
29205	60849
34044	104339
28085	72151
20669	68338
19348	57165
22092	60129
22086	68035
76212	149909
68099	108289
32829	89501
44064	81982
25127	59923
27288	74121
22164	61311
61053	104687
68935	107985
51172	136542
34459	81459
33999	72326
36818	63823
27688	57295
23119	60129
26687	75750
60412	108427
71932	125500
45947	82592
78968	133881
31572	62704
39544	74466
35628	62197
22826	59372
51770	82052
37996	81726
29568	81039
23615	65514
22491	58490
33386	90073
71682	133811
25053	66355
29343	76156
35759	72793
23103	59637
18207	62608
35827	79206
47617	128983
25267	52653
24552	65198
37863	107563
