46600	118125
41915	102354
43844	125475
54291	129681
47171	92400
37615	91989
48116	111134
48554	126954
52694	148865
45592	114038
80717	158064
52404	147996
41757	104684
40786	97013
40416	107144
40760	107778
36483	108082
44345	115764
38573	117340
39089	97331
44169	95204
44272	119148
48299	111108
41945	113508
68486	155931
107161	196150
55800	116005
42779	119880
72842	163703
49461	114047
84961	146695
42286	104774
42777	108653
44470	101036
59778	122766
42714	104756
71131	119833
45520	125604
44300	95524
43174	111716
43247	122255
51133	114008
39442	105142
48298	127513
45239	106147
40463	88535
51686	108803
43356	108686
59413	139372
87667	161171
50015	125784
43349	96253
40690	110499
65264	139813
41778	119765
34634	89719
47442	139764
43583	114746
51468	129522
46238	107625
44241	104575
45766	104042
82307	130278
35554	85932
42948	98709
55594	123956
58173	147004
49646	132721
37381	95339
45277	124021
34868	103217
75282	141290
41552	103642
44321	100109
87050	163348
47035	121767
53762	120156
41433	109446
40870	99175
55282	112124
83771	143689
48469	128924
48349	128465
63344	152951
36555	96846
98847	169144
36608	111825
40661	107012
44702	105453
89863	169469
44124	110144
73522	151469
55841	127692
45243	94862
106325	185893
42374	112067
44838	108433
82814	156966
48633	98634
44612	107283
39282	103406
58472	144436
50214	129189
43014	116782
47302	100079
42215	94802
42949	112504
45279	108582
41654	131078
66337	143398
35815	97966
46089	129683
47101	92321
37295	99986
44428	113493
101214	166896
40355	100195
71489	132994
43425	113707
54578	126264
45288	115850
39407	107978
43203	105855
69977	125425
68332	140441
80907	155063
53386	125305
43725	91491
44628	109428
101160	186692
49655	104112
41339	104213
41614	101962
43200	92105
37706	114065
47778	114403
55925	145216
41361	107486
40232	103973
39468	99281
41057	101136
41504	100909
49845	96283
42653	106503
49449	108901
43367	121790
39199	102716
50782	127057
46393	111278
40589	117705
79475	159790
46064	119676
39879	106065
45369	93222
47723	109361
83694	134397
35053	115536
63980	137776
45963	109890
41028	109415
41550	95347
37794	97596
48966	102347
54805	129762
50120	109771
46123	121741
43192	102043
39860	110644
44282	96093
42280	100260
43739	112062
71641	131922
43371	94655
42563	108931
47841	106570
52215	144246
45633	114498
38821	121136
36230	92870
67341	173714
40277	100725
41426	110379
77549	150910
41884	116471
66560	113162
45730	100304
75178	142185
93200	181728
81302	162214
85668	151789
45416	101654
42369	100601
50241	123642
43705	95667
54019	130498
47092	102371
80063	158800
38758	103581
68317	143133
49281	118497
89244	158371
41558	106291
42312	102492
42228	113659
49970	150987
68930	145907
50532	106487
44769	101415
88105	169169
42572	113906
43710	108544
42278	93127
48033	131728
59187	147790
46505	106249
40949	89688
43096	106775
50173	120143
47316	136509
41537	105240
41314	119390
44757	90555
38527	94385
45002	100479
49706	109588
49018	110178
41047	101373
45598	126104
85015	203061
54549	113120
40716	100436
50683	113455
61257	123402
46416	87854
54827	132956
59667	129093
51024	124327
44414	106596
47784	127600
41088	107074
44819	104783
58416	165264
73226	146011
73964	141268
39112	103930
49249	109128
74240	151740
40276	111694
44097	91624
80050	141506
39509	108280
47343	122124
74884	127085
104427	177039
42652	120112
43825	126027
42982	100993
98559	191395
93252	171538
43369	94612
47477	125054
81108	150347
39200	91206
70941	134087
37871	100640
61701	160477
44337	115073
47450	110875
45869	119103
50538	122790
55812	158501
81765	132969
40549	96908
51618	161595
42754	95138
42159	103027
48588	111990
46973	128214
42748	103930
40281	106896
39397	102273
44812	109449
46868	104503
46133	102265
43530	106272
77035	137826
39531	124183
47845	114814
41188	98154
39015	108085
46604	118494
52104	120712
42641	111600
41541	101303
39576	96335
76413	137848
44508	108311
78076	169017
43159	107385
56193	149983
48586	121660
41758	95892
79493	139000
80611	150253
46732	107668
53521	104456
46547	116199
45269	100580
38236	105481
69168	149620
46167	103339
81452	144108
41468	115294
46024	108457
48925	101096
42186	92970
50098	119451
41630	90614
62583	160045
47144	117432
77984	159565
54959	130607
102731	173321
42888	104097
44563	125515
78679	153770
73410	128124
42686	122715
46924	111298
53514	109437
36895	96675
47884	118439
51220	116623
50810	144186
59594	116599
39776	113114
42183	115738
49800	105702
50980	135183
90454	176465
50274	122114
42449	115132
41996	104886
40850	95560
54554	132387
91043	182473
41333	101341
44883	110124
66003	178999
78602	158563
44705	105227
41485	117446
53753	126418
96625	207339
42353	113836
43193	101504
80087	154389
81049	137021
43392	97405
45887	122388
41432	106787
49216	108280
37160	104670
97965	185367
66806	123881
41812	115971
46094	103869
77204	157785
49375	127225
51131	123437
46479	97327
43198	111428
48814	105224
34669	97332
93454	156418
87208	152746
42374	98280
100080	181087
39583	102274
41583	104938
55357	133450
95612	156676
51012	114149
46516	120213
48016	106092
38922	102997
42734	100157
45280	117102
89717	158948
43561	114478
61510	117931
49828	96031
54655	124190
43203	99909
87100	161993
57924	136902
50198	127109
52984	115309
47691	125858
35911	111322
42720	100795
43257	108754
41990	116422
64035	136298
52582	118841
48372	97987
48262	139311
50156	115840
39082	103921
85166	154038
42803	99958
53611	132875
41691	95400
57179	121182
46884	120789
44691	108729
43997	106121
52019	142894
84111	158991
42758	96515
44030	103196
68625	135185
86188	155768
43645	110200
92148	168060
48260	115719
56444	111548
45992	110333
53165	127182
45957	104926
46401	110891
42995	109112
72083	133274
38800	104737
107941	198605
53334	118797
40535	111434
47689	112512
40566	106677
46117	121075
44343	110392
71183	162137
72039	140533
49255	122152
39022	102153
43963	112237
43171	101019
40121	103968
60656	127448
45964	103225
45804	93766
57273	147273
39860	98453
52287	141642
45796	106610
55623	140265
43875	106212
41275	98825
45861	116420
79207	140330
46914	111213
41376	117702
87829	145832
40332	112474
48654	122993
40328	103947
54786	111496
73665	132877
70282	169758
37070	102914
38978	112320
43621	96768
40153	95545
36618	103167
40752	101941
81407	146199
97492	174445
52020	122033
59093	148083
42144	105588
100584	185387
51344	103360
37124	114571
59223	119228
63352	130057
42127	101129
40233	116743
39487	83018
52233	113064
73462	148231
43238	103171
49261	120400
44087	121413
39495	111203
44480	116565
40912	99889
42883	107256
48332	95995
38608	107387
52393	154337
