249725	620694
255608	600954
254034	619399
252243	627015
251646	611343
246562	592892
245224	612002
261838	634321
255229	622596
257103	625784
248361	612572
255902	620964
250264	598405
256377	602646
243963	604353
252870	617634
250753	642583
241032	604941
255688	602352
254216	626112
261086	593134
244896	593742
257958	624602
246100	621950
252899	618105
256153	617365
248773	629054
247277	630241
249010	630174
253411	597357
247113	628503
252168	595999
251151	623778
249274	614912
253039	600816
247270	583982
258340	595958
248519	614120
252904	602869
257526	633740
247067	632537
246766	600004
245864	610007
258552	624051
253343	639303
237462	593475
257512	627722
236200	627695
250309	598218
240094	605821
250740	614908
252674	625603
248339	621620
245896	617032
235817	630355
256096	592319
248538	615953
242053	604584
256172	627072
260088	622843
249966	606085
252727	618951
247149	595430
248220	631846
242790	596554
255023	612963
253753	606999
251976	597536
246082	608936
249811	642350
249577	621796
251648	638276
244308	613661
251647	611938
256547	632128
243946	606029
248638	617074
254005	621596
256843	617059
267144	634113
247800	632654
249022	612498
250047	616160
250642	626422
247768	628740
253271	609574
246060	621791
254201	627321
253486	634643
246996	619264
247316	593296
255549	622956
255534	615903
246246	599979
262789	629471
255546	639442
246269	618021
252911	649975
251861	602204
244776	604825
252068	606372
248353	629331
254158	609231
247236	619154
257365	597916
244841	607876
245389	602164
254064	628988
245277	612038
243852	604428
252383	606012
253958	642919
256410	609803
258057	599278
245234	629225
256022	622296
250670	628232
244601	607023
239253	617195
262460	596724
250306	628688
251097	606217
251324	611879
244346	601562
243062	603273
252728	609400
251042	607192
242187	596370
247452	622180
259340	656663
265421	608136
252474	594439
252974	604552
246346	583356
248455	633196
243777	638328
259208	604333
252799	595537
254860	599841
245499	607424
248342	621836
252639	595672
259638	620879
254112	621142
249967	609496
257123	610570
247136	605901
250312	637300
259865	607157
246510	626847
256219	631274
260803	618528
251721	611740
249060	605876
246591	596774
250546	623652
254884	609002
247329	629213
256472	613891
248188	593123
257688	643655
249503	590079
257466	614059
246637	642954
252498	607102
250956	616117
252028	612125
245578	609461
254965	629347
248485	601626
252190	599633
256243	622224
243357	614360
245172	615214
249857	609812
253920	640681
249457	606375
242016	609147
253209	586110
252349	612903
250620	605896
246961	600264
244894	612479
258563	602543
255987	593556
253089	601974
254901	635309
253039	609302
252834	627665
251689	613057
258015	582362
238847	602898
255129	612455
251582	642306
245566	604919
250256	604002
258275	631254
248151	606855
255475	623481
252593	612186
253261	609145
252792	606286
251572	640515
246310	605914
254066	613390
251899	607369
244518	627722
261051	600413
252684	631777
262983	624208
254500	608745
253120	586759
249625	621499
251766	601941
259487	640008
246158	595464
250002	610487
253595	609092
241333	611894
242818	603514
247149	603287
244652	613670
244278	609199
247194	597451
251562	621325
250258	610628
254903	618011
243681	630636
250403	603767
248311	582243
251390	615935
253913	610474
262243	604118
250693	622313
250589	600492
259130	611523
256863	601106
246182	620346
257794	624110
245567	594914
251380	588277
259357	625666
255063	611303
253799	599477
245693	603027
253684	600962
252988	628380
246568	623580
242094	619212
252431	632255
255440	615731
245508	607900
253198	600504
250816	608693
249854	605679
251082	630834
254045	613305
251571	630956
254862	611436
242336	598514
246181	611012
258643	609437
253364	604822
243945	613146
254781	613162
255667	625862
253800	630555
260824	599134
250085	609624
247411	628307
252246	623670
243949	611985
259225	619278
251652	632384
252133	629891
254721	624655
255195	596678
245685	633760
258295	614026
253796	615307
246122	612460
257266	601485
251183	616256
254607	595941
262660	630920
247931	606427
249123	602478
248371	610995
252536	602333
242397	604021
254000	621176
257437	614218
243870	624371
245101	592607
249527	605779
252866	610296
245300	590302
252835	621673
245040	621432
252500	629782
243133	616953
247404	620896
253961	626215
249108	605394
262955	613202
255687	603880
245575	596797
246657	614506
255235	607084
255314	602368
254404	601937
248252	611412
249890	628714
251424	630627
245481	613638
246407	613739
258381	624110
256958	605262
244219	603987
261940	627515
245147	638874
250678	615847
258475	629550
252448	599592
249613	611009
250247	620472
264732	602928
242597	607835
249506	638398
257334	628400
253755	594672
248115	600837
251877	588199
255585	608972
251138	585072
242299	637873
249016	620463
251549	626773
247571	628263
250926	609768
262901	646734
243426	609994
233985	588187
246603	614858
249650	625016
242709	622609
255069	607829
247695	602579
251218	622133
248055	613177
260177	609947
251282	610645
244385	609418
249839	617809
245092	619020
247622	590321
257607	624679
256026	600968
252523	609775
253951	632958
253252	621268
248133	578295
254743	642997
246409	632829
255375	627036
260396	590509
255337	611787
245673	593236
249317	619617
244954	603198
243997	604245
254371	622831
247697	619259
248225	631280
256318	608572
257975	604456
250925	592854
248959	614726
241285	603311
249474	642863
252467	613898
249591	617265
244072	588591
256692	596681
255775	600218
244179	600344
251475	623462
248589	613181
260929	601376
253476	601650
249889	619166
259340	623520
251915	613515
241606	626145
259182	625799
252078	625308
248948	612472
251495	599218
244517	620124
243320	622577
246477	608769
246834	604260
249725	613533
247901	611680
250100	618619
260106	605143
252638	620307
250297	621358
245287	595829
254740	620086
248191	622461
246133	599181
249493	617752
253516	632623
245513	611343
246124	612951
252088	614630
241696	614890
253309	603086
253682	618298
242445	599009
252555	597067
258389	632119
246213	628429
255587	620125
253437	628318
257376	602733
253657	613116
248787	625553
248020	627739
258495	609152
245946	606751
247700	622415
238043	610320
258062	615125
264330	587838
250852	641083
250582	605146
244286	606408
246244	607643
262688	622595
251971	616639
248448	618380
246940	596711
252408	617503
254393	599736
254709	606208
245429	630663
258079	625204
253022	610731
249334	612698
249018	608795
244295	611624
259577	618863
247711	599595
237550	592313
249619	607588
247765	616133
251157	607428
244194	602655
249541	611674
244497	611668
248851	603535
252204	604470
251353	614304
250188	625801
256197	606324
254971	607753
247853	620243
247003	590284
246347	604013
252342	602393
247904	590368
258180	612533
250648	630198
241117	624271
255065	618205
258875	618178
248031	590794
243362	601396
252310	603828
247826	595272
245979	634005
256114	603607
261897	628664
243384	623833
252366	626897
253747	609924
251673	624894
246810	619117
237742	602455
256103	599793
238676	601095
249884	625075
244962	624072
263629	605650
250637	600654
260038	601720
248278	613269
248835	608238
