170367	420218
167551	386271
165917	414935
171725	426258
170507	412695
156747	404595
161574	412079
177994	442144
170973	415970
173145	413707
163094	427013
172964	411167
164140	394055
171656	393932
162892	418138
166353	417135
168832	443486
155920	399285
171562	404849
160401	410833
172878	396150
162851	397116
179798	401636
160015	405132
171548	421426
171874	420019
172536	435285
162900	441857
169998	424071
170598	396962
171664	415818
163583	382398
163236	396881
166824	391162
170989	400137
168680	392279
171814	398023
164006	415338
166578	387655
160080	416154
162333	419340
163875	406512
162375	397997
179092	410675
169039	434347
161987	378937
175953	420552
156974	408883
165727	405850
173295	423436
169000	424869
175300	412659
168636	422195
163026	413026
156040	423707
165762	404764
161625	422386
162222	397665
169705	435895
179644	433516
173571	404462
173941	425971
164113	369345
156229	415663
168690	405766
166391	398952
170110	406786
171130	411850
163850	405761
167776	432800
164227	405615
169381	422437
163670	405160
167663	378601
183754	438913
156001	419792
169075	422983
168672	416678
168926	393021
180283	399874
168391	442029
168898	421881
167398	414667
167020	419673
164809	435243
181040	423261
157451	425300
178032	390331
169642	423233
163669	422398
168229	404133
173803	424476
169609	420846
161372	399291
178473	411591
163423	421409
163327	408542
176968	452120
167100	396873
162474	391889
168440	401761
164883	405197
166683	413114
163422	413154
168320	393989
166649	381914
158222	413104
167245	447347
159242	426134
164477	403632
164065	401078
157598	410093
169985	395933
171509	401375
164196	423828
172533	419550
164103	411803
159107	400486
159617	383554
179993	400205
168097	423404
165934	408880
165071	414768
167705	409892
155105	377673
176482	408171
173141	410970
170671	401155
162934	420310
174389	451254
182705	409510
165680	385592
176991	400953
161666	387155
168617	425290
158623	444039
169359	387129
167750	403141
164852	402503
162033	394480
162632	418530
170740	386318
177712	415472
170130	405076
166683	391740
168001	407901
159815	387799
170181	425924
173333	415980
169242	425480
180818	443749
181416	407070
167223	413533
165692	389690
164312	394918
169697	408564
165394	403743
167189	428365
164225	417091
167773	393421
166934	416743
156744	394297
165532	404942
173323	429748
161376	405839
166001	424143
166453	427730
164652	412782
167480	406562
170198	409598
167342	406323
184627	417712
166838	392603
167301	400866
163960	393314
170787	446975
164824	392849
162709	426779
166063	384234
174184	430800
171645	404082
161938	407833
173083	422139
166807	410043
181907	408105
172373	399633
171097	431332
167756	421531
171199	415844
166635	398750
166103	374768
164135	413065
167336	398482
168334	403032
167096	393065
171207	405585
179276	432087
167437	399842
171964	413174
162103	415289
171963	401187
170751	386366
164573	427315
156365	410093
159125	413575
172598	435929
168665	419475
171916	386524
173574	441159
177388	430508
168124	401233
163314	379486
166617	425667
162960	401212
171278	431046
164588	380852
166303	398471
170086	399734
157876	422275
163336	402699
163319	406415
165170	389565
157267	414177
170223	393626
166819	405111
166486	418528
169859	416990
160937	424310
169104	410056
168546	410141
166552	421831
176196	417488
174083	410643
175599	409101
174502	392005
172905	415514
170618	429633
164545	404104
167394	412346
166309	401743
164280	396191
173144	411348
176396	417816
170852	407116
162577	407684
163160	395225
177507	444737
167510	403190
165801	417003
178326	455513
163698	409298
165970	408674
171366	415124
172842	395213
161853	412494
173816	439320
162410	406999
174717	419423
169915	426725
163305	379702
161657	404803
178878	419499
168130	402796
173754	415384
167889	423493
169055	413676
167475	430383
174730	414884
169734	417521
163395	400144
171992	426685
160124	396261
178125	430454
173544	433441
173929	418358
174225	418986
162516	399091
155482	406092
176180	411859
169695	392551
165800	409646
175212	402602
167052	409644
165234	381805
171454	404773
168978	386118
166316	412905
167183	419280
165638	398265
149950	395359
165289	405570
174922	410666
162611	442079
163453	400494
175334	390879
167531	411744
164867	401923
176566	427363
169588	408699
170228	414402
159200	407225
164230	397536
164384	428717
172638	410905
172390	419264
172707	402488
165924	412675
165868	406606
168078	393693
165135	394378
166342	379664
167313	414090
161906	431100
172525	424490
165995	411410
164946	413185
167039	398688
172475	397141
164524	407513
176849	416670
168174	439912
163171	408248
174258	415232
168809	402596
168844	414085
161491	417776
176970	392398
165053	412584
164674	434598
175930	413126
167836	382416
170591	415676
168848	390274
176572	410111
171213	400136
162465	445517
165872	404834
171808	423133
156248	414206
170507	433330
177017	415547
163868	405087
154330	391183
163652	408856
172126	424983
154564	428837
166601	424172
164242	410272
174153	416353
164002	425564
172675	409311
169093	408968
160838	396271
165945	427474
160934	418547
170489	397304
173861	413358
171526	385776
165328	412912
167491	424663
164625	422434
163204	381466
169754	423302
164263	424029
180747	424341
177446	387459
171633	405478
165272	412169
167909	433269
168982	403698
165247	389330
164787	424149
167160	419931
165719	420695
179934	413642
181160	395734
164717	401257
170064	429352
159057	396082
163803	431142
172851	422300
162530	419170
157550	383543
172539	396408
167117	419328
164179	402077
165569	406517
163215	419524
178149	405104
165915	409811
165302	415857
173111	405238
166192	411523
161543	420041
181574	426693
168821	414087
166391	402560
169842	410574
165300	410190
154742	426462
168222	388859
162168	377017
169230	397365
168276	410426
172322	402688
176330	402182
173189	433272
175879	417763
162050	415189
179243	395399
168990	407152
162745	396728
170696	398633
171431	427665
161680	411535
167936	404084
171977	412254
161255	402382
173120	407512
168752	397786
167077	397009
169725	400205
173657	449451
165873	439387
168170	401866
169075	415123
172508	395449
165441	427516
162884	422995
165028	404533
176802	416662
159299	393661
172052	420685
156387	407115
168985	422663
172216	402691
176178	414878
162156	410874
160034	416564
162164	401254
174037	408680
171038	417856
171209	416370
167018	401230
170058	405784
165712	406587
171197	407136
158179	427959
179503	432418
167958	406873
169941	397105
170361	410971
163690	400939
172333	415800
166744	386480
160791	399595
170507	405055
169934	406486
163254	414348
167754	420135
173616	412134
165977	425589
165006	417988
161381	401391
172386	418556
166349	425727
177000	400435
171274	404085
167710	420680
165904	401325
163974	412564
170889	414097
162139	373870
168233	402927
167196	433666
158052	408281
167522	399197
170316	423544
160060	396890
164765	399886
175521	417948
171879	417024
171130	436002
171100	409168
181778	437362
162220	394036
164916	438507
169533	393781
174719	421774
164949	431702
157876	408133
175736	404997
152323	408483
161932	423885
168272	421935
183212	410893
164099	405381
170938	417637
165305	397995
165805	425298
