8768	15360
7935	15217
8091	21364
17421	20778
998	917
801	2067
84743	86905
28527	57033
22539	47435
6991	12860
15928	30803
14182	33506
601	2304
282	3442
668	8418
9633	9204
202	560
6514	6651
2303	2931
1332	5573
313	2245
17355	51116
443	66
40575	118594
32639	80077
66803	78724
2418	5653
9767	14475
58191	46330
6330	11241
64337	61366
2689	9084
23259	24500
6590	7780
30005	26812
331	4065
88288	81468
10295	21343
139	3687
128	453
5390	8847
9670	23686
9756	14692
2832	7574
1092	3274
153	197
13520	14538
8671	17426
86505	80996
102553	128140
4691	10597
1339	446
3202	2737
110610	116879
701	40
178	3677
41773	75177
6591	19454
18538	23465
3243	3298
263	2087
729	1789
94640	101326
2409	5431
3355	2116
11492	16919
23498	62121
23366	68711
1310	835
3985	11237
2289	6607
48607	33083
3992	4548
7284	8520
102107	90255
1580	7379
10402	34183
3019	3517
2199	6235
67937	67823
80020	68991
6399	26460
3514	2250
15365	16576
3698	2120
93044	100886
7556	13191
207	1429
2061	4972
700	3165
12593	22953
99230	110296
14648	16749
4282	4063
89949	114844
755	1467
5965	24686
59688	74680
3019	7888
8167	15290
623	5383
30566	43760
6370	6593
11341	35099
146	1187
2327	6535
16	1238
87400	94767
18872	37408
56177	41588
471	1310
3380	11779
3804	3798
3967	1799
1728	1072
4821	2724
2729	8266
86235	86076
7917	13626
18200	41596
228	3405
584	4438
6712	10384
51940	44777
76135	66309
27030	28139
18191	24141
301	458
16	685
122899	132394
668	27
1194	7426
1172	6098
1343	1150
648	1012
3567	1707
4046	8882
1939	5943
1024	1033
23	173
183	1316
949	5522
6313	14522
7057	16477
79060	86880
4980	7919
3935	11932
20312	56639
282	3442
845	947
74017	68020
9958	20046
1656	6551
1440	767
5736	7729
68889	59759
555	1187
91239	75051
344	3327
3204	7374
4	83
4423	10161
8453	9699
26846	61217
6109	2649
681	4260
516	414
855	1448
10360	18420
536	183
1746	1488
66209	56198
36	199
252	1770
7688	8326
16226	50245
1913	6235
2561	3576
324	1277
24284	67827
65558	61619
1138	3543
86108	84999
25472	55652
44458	31061
9688	12380
48345	30493
77715	73966
82827	83642
1091	4187
171	140
8775	12721
3583	10094
8246	18284
22275	47142
5324	15827
70172	47878
388	1839
37597	31361
16815	13158
84791	85025
752	5200
8064	14105
3605	6236
27337	52515
53877	41855
2109	3517
378	804
87393	79109
1211	3041
9632	15553
7507	15395
24323	53800
1664	2069
972	920
192	633
962	3000
14457	30637
31438	71256
3949	5956
7184	15769
2525	9086
1123	766
10045	18323
8579	16730
103008	91029
6682	6514
3769	9218
65659	97060
8327	8527
1360	5179
2767	7372
18630	25622
957	3244
13256	41385
68928	60109
18134	43113
4907	9929
8924	22242
2556	2703
71987	65097
1438	6397
76437	82030
55834	52964
2982	2924
8485	20586
84383	81971
6864	10157
4262	8448
57218	53816
1741	4106
18262	30844
68527	74287
74392	71288
8043	13081
4526	12715
316	2499
68570	75303
167536	234167
2510	3343
40083	52773
117729	108089
708	2124
55570	44242
3556	6412
32891	68067
7252	6678
428	3562
9235	12683
912	1669
32402	81264
72462	56163
2902	1172
518	4365
1249	590
1774	5850
22521	22780
4629	13040
279	489
2475	5624
1964	0
3345	3877
340	386
1475	8041
6943	8441
83771	84249
225	2902
849	6615
3414	4288
4423	3731
20604	32138
22789	19505
4672	5518
986	346
2678	6441
53055	39747
1650	6057
112686	113135
396	3138
30999	64321
21475	38484
11115	4362
48702	38719
82768	87317
6397	6493
11456	16081
9590	13087
909	4678
1328	5603
18358	20593
8864	12169
70560	70239
705	747
6032	14244
34839	92076
91562	97483
13813	28317
202	1097
37236	104754
4392	6537
58212	37685
94240	123652
37090	52271
688	4449
21701	61300
67783	53780
35132	46368
546	3353
1067	895
3009	7396
237	2376
9539	20515
27590	66283
11646	23671
12099	18899
623	3726
6898	18839
16	685
13201	29223
93959	105078
9510	15122
4784	3878
122	453
347	537
17022	17450
89736	87295
387	2221
4359	3667
110564	173928
72637	64700
1032	7931
693	2310
87136	90551
27524	62764
4587	2651
7465	13200
89485	81844
78589	57408
145	285
6658	12949
156	155
2504	1790
1001	166
18766	21365
39272	29385
786	2565
656	4504
86458	103924
11384	15718
11867	24235
6635	8601
8646	23496
4685	3464
93	27
61298	72094
2239	1427
14991	31017
106267	107687
3066	8071
201	463
4163	8474
99723	105853
20878	17909
1245	4428
14451	18307
1355	3873
374	1698
6029	17445
54379	51210
2401	1940
1411	1372
1772	4458
21968	30338
158	1559
97556	88579
22277	51123
3752	7170
27953	21361
45029	67014
1853	1064
70	1843
3620	12934
266	773
62434	56775
12898	24125
15298	28353
8578	20570
1379	1080
387	3790
75367	72832
609	4833
62237	58518
1221	3766
12530	8025
6929	19391
632	3403
807	6261
5959	10575
44311	43680
6443	10415
1533	2391
130700	181562
87325	74160
363	2713
80261	82616
1727	12254
22722	68493
3627	5170
6673	15592
1492	3741
1343	262
10663	16164
81513	72593
285	404
1145	6151
11814	35207
453	2577
44141	22223
839	3593
4681	5500
1387	2869
67244	89177
46871	38677
11502	14648
2288	5649
4972	16486
1836	3691
582	239
14177	10453
558	1190
3739	9323
33054	88216
5710	8245
10561	28498
1474	5009
31515	94693
2048	1764
864	1047
935	1278
80954	63847
8233	5098
8408	11629
16888	18870
9092	16853
9791	16468
480	2023
70465	67160
2948	1558
28060	75627
4707	10405
2521	6455
3349	2720
1294	1049
295	1625
5630	5324
114881	111107
100731	87491
24021	31890
42774	45318
128385	115201
28656	27949
5513	3012
123	454
85869	72762
20809	28309
1424	5144
4528	10604
755	156
7289	17508
71553	62860
1773	5971
3853	10787
7093	6188
1521	2889
178	4874
1235	784
1488	10482
385	175
16	1238
24220	64601
