165119	246774	157251	234578	7868	12196
10684	24873	10496	24079	188	794
18569	43792	17727	39054	842	4738
33488	50152	31473	48740	2015	1412
200290	256675	192739	243863	7551	12812
4598	10274	4598	10244	0	30
206494	293799	196841	274000	9653	19799
45681	106337	42657	96984	3024	9353
191651	268155	183382	258052	8269	10103
184923	239035	177395	229075	7528	9960
149361	162809	143451	158968	5910	3841
34884	81007	33412	74668	1472	6339
139587	137418	135834	131449	3753	5969
282	3442	282	3442	0	0
565	7950	565	7950	0	0
139219	155308	133757	150896	5462	4412
247	1690	247	1690	0	0
19426	37956	18399	35272	1027	2684
8012	11472	7777	11472	235	0
106177	98488	99790	94512	6387	3976
313	2245	313	2245	0	0
23956	62037	22650	59420	1306	2617
443	66	443	66	0	0
49602	132016	47463	125162	2139	6854
51025	119272	47764	109688	3261	9584
211096	304883	198722	289680	12374	15203
10650	13639	10558	13284	92	355
15760	25562	15670	24087	90	1475
104589	98660	99621	92792	4968	5868
17905	35377	17404	34489	501	888
116385	124251	109332	112695	7053	11556
9099	14760	8841	14760	258	0
185404	273021	178122	261704	7282	11317
6977	9027	6652	8518	325	509
193183	268464	184928	260579	8255	7885
331	4065	331	4065	0	0
124441	129097	120369	127724	4072	1373
15092	35847	13940	33585	1152	2262
139	3687	139	3687	0	0
128	453	128	453	0	0
32399	80708	31287	78260	1112	2448
40319	55618	39893	52661	426	2957
35450	95783	34882	91818	568	3965
3964	9434	3850	9072	114	362
1224	4573	1016	4212	208	361
153	197	153	197	0	0
153557	188861	143515	177199	10042	11662
14591	26089	12572	22316	2019	3773
122762	136469	117407	131462	5355	5007
154756	185377	146075	176396	8681	8981
12813	24642	12673	23870	140	772
5072	11188	5072	11188	0	0
17498	31829	17366	31608	132	221
205233	281193	197031	266641	8202	14552
701	40	701	40	0	0
178	3677	178	3677	0	0
168052	240044	161560	227228	6492	12816
8891	22929	8243	19431	648	3498
24615	30001	24401	29965	214	36
4865	8505	4865	8505	0	0
314	3045	259	3045	55	0
1553	2940	1458	2581	95	359
142779	147334	137526	139001	5253	8333
2463	5909	2443	5909	20	0
4040	2937	3990	2893	50	44
23358	46529	23029	46115	329	414
39629	117467	37992	110058	1637	7409
202722	323651	193594	294608	9128	29043
192772	272722	186323	264339	6449	8383
155276	160741	148914	155625	6362	5116
2480	7745	2480	7745	0	0
135403	132838	127894	125427	7509	7411
4565	5814	4246	5814	319	0
19986	41635	19341	41235	645	400
141333	140212	131717	132293	9616	7919
1580	7379	1580	7379	0	0
166085	239509	160894	232374	5191	7135
3643	5630	3643	5630	0	0
2772	8191	2772	8191	0	0
137779	215678	131952	207140	5827	8538
106528	103582	99724	99368	6804	4214
8231	36682	7876	35488	355	1194
31446	33218	30369	30699	1077	2519
161688	191471	153459	185578	8229	5893
3698	2120	3698	2120	0	0
161811	182322	150515	172975	11296	9347
59482	91959	56435	90332	3047	1627
207	1429	207	1429	0	0
13248	21012	13248	21012	0	0
700	3165	700	3165	0	0
21681	34460	21098	34242	583	218
184460	221928	176472	213342	7988	8586
66738	84749	62526	83566	4212	1183
8186	9731	7214	9091	972	640
155691	212069	147302	199597	8389	12472
40088	39371	39518	38654	570	717
6249	26124	5232	24424	1017	1700
192042	268663	183497	261199	8545	7464
176623	260727	166284	244911	10339	15816
11039	20542	10350	18680	689	1862
637	5383	578	5383	59	0
170011	244315	159798	230167	10213	14148
15068	23925	14468	21428	600	2497
16518	46243	15437	43872	1081	2371
146	1187	146	1187	0	0
3091	9268	3091	9268	0	0
16	1238	16	1238	0	0
18587	32541	17340	32230	1247	311
42313	84602	39283	76763	3030	7839
119686	116424	112467	113896	7219	2528
919	1671	919	1671	0	0
134278	143042	127341	139199	6937	3843
4873	4152	4268	3381	605	771
10191	10384	9827	9773	364	611
1947	1991	1819	1991	128	0
148796	169327	141828	166369	6968	2958
22215	25103	21467	24755	748	348
167961	246012	160772	233889	7189	12123
15085	21654	14453	20646	632	1008
173770	257143	162805	240074	10965	17069
228	3405	207	3095	21	310
1124	5940	1124	5940	0	0
163922	177590	156546	171805	7376	5785
192127	264779	185545	252397	6582	12382
122727	130399	117329	125934	5398	4465
101224	104008	97123	98922	4101	5086
150770	158507	144451	151566	6319	6941
301	458	301	458	0	0
16	685	16	685	0	0
204853	289364	195618	266748	9235	22616
668	27	668	27	0	0
195535	278228	188547	266123	6988	12105
84564	88911	81791	84415	2773	4496
1343	1150	1343	1150	0	0
648	1012	648	1012	0	0
128498	128604	122974	124087	5524	4517
18852	38337	16586	35219	2266	3118
2568	7749	2470	7232	98	517
1024	1033	1024	1033	0	0
10512	17161	10239	16488	273	673
183	1316	183	1316	0	0
1030	6779	1030	6779	0	0
7787	18437	7522	17821	265	616
28913	65703	28051	64667	862	1036
173213	200613	164472	190641	8741	9972
158641	182717	150937	171056	7704	11661
5272	13478	5046	13478	226	0
208852	300727	199281	281923	9571	18804
282	3442	282	3442	0	0
1252	1047	1252	1047	0	0
91684	82247	88135	78798	3549	3449
13571	24676	12832	23556	739	1120
2067	9074	2067	9074	0	0
1440	767	1440	767	0	0
21102	50910	20006	49549	1096	1361
185853	258161	174296	245924	11557	12237
555	1187	555	1187	0	0
142903	137357	134525	132703	8378	4654
344	3327	344	3327	0	0
3250	7820	3250	7820	0	0
12483	25889	11574	22532	909	3357
5743	14432	5717	13322	26	1110
9354	10855	8399	10317	955	538
34563	78323	31966	69872	2597	8451
6109	2649	6021	2449	88	200
710	4455	710	4455	0	0
108607	108985	103847	106108	4760	2877
1394	1788	1248	1788	146	0
17396	37586	16694	36578	702	1008
536	183	536	183	0	0
44059	37305	43865	36986	194	319
171040	228751	160962	213461	10078	15290
36	199	36	199	0	0
252	1770	252	1770	0	0
8701	8535	8701	8535	0	0
36593	106897	34616	103164	1977	3733
5816	13762	5249	11639	567	2123
5301	8624	5301	8624	0	0
324	1277	324	1277	0	0
179675	266277	173307	257075	6368	9202
110752	101705	106679	98441	4073	3264
1138	3543	1138	3543	0	0
158203	175853	151742	170280	6461	5573
47527	110186	46743	108382	784	1804
196343	280278	188893	267802	7450	12476
20947	34758	19559	32637	1388	2121
96995	92474	90689	88974	6306	3500
151802	171230	142572	163246	9230	7984
140100	169582	133164	159296	6936	10286
130820	137144	125083	130662	5737	6482
171	140	171	140	0	0
11408	18769	11032	18087	376	682
20908	39680	19957	37023	951	2657
19939	51217	19135	48939	804	2278
54352	122378	52608	119459	1744	2919
18691	35857	17786	34340	905	1517
145130	147509	140038	140637	5092	6872
388	1839	388	1839	0	0
140570	143231	136221	132874	4349	10357
116861	146000	113914	142187	2947	3813
172727	270549	162475	261231	10252	9318
107914	191255	105375	188168	2539	3087
17427	38531	16645	37416	782	1115
8343	19587	7582	19330	761	257
38243	84580	36554	75705	1689	8875
63937	58759	59924	57061	4013	1698
2252	3667	1941	3380	311	287
378	804	378	804	0	0
177226	260505	171996	251259	5230	9246
22475	37280	20430	34885	2045	2395
11996	18321	11813	16671	183	1650
23759	48142	23490	46398	269	1744
45177	113025	42456	109307	2721	3718
1712	2106	1712	2106	0	0
972	920	972	920	0	0
1440	3615	1440	3615	0	0
1483	3000	1414	2785	69	215
20947	43523	19879	42693	1068	830
42265	101389	40884	94856	1381	6533
12608	16801	11161	15613	1447	1188
156119	237250	151305	224589	4814	12661
4920	14138	4873	12469	47	1669
1133	766	746	766	387	0
15168	30374	14982	30317	186	57
119990	133981	115400	125999	4590	7982
225907	307589	216141	291573	9766	16016
33927	30714	33398	29623	529	1091
5505	12381	5184	11624	321	757
178898	214009	166262	201446	12636	12563
17936	37206	17075	35236	861	1970
1450	5424	1450	5424	0	0
2880	7372	2735	6875	145	497
112514	124069	108485	121228	4029	2841
957	3244	957	3244	0	0
40502	104370	39736	101192	766	3178
159660	221121	151693	209841	7967	11280
30719	74215	29102	70446	1617	3769
13701	23370	12951	22720	750	650
189497	284951	181534	278302	7963	6649
5186	5783	5097	5760	89	23
136579	140868	129258	133590	7321	7278
182974	254806	174446	244942	8528	9864
152843	173709	145001	165306	7842	8403
157025	212585	151975	203859	5050	8726
13848	15656	13665	15246	183	410
8724	21156	8166	20865	558	291
170867	223970	162067	214529	8800	9441
18663	39121	17279	38336	1384	785
170878	224114	164561	216592	6317	7522
133836	142557	127862	138002	5974	4555
35067	35009	34503	33634	564	1375
28988	61979	28142	61039	846	940
127666	155368	118955	145308	8711	10060
201491	281860	192062	273558	9429	8302
9479	16503	9197	16232	282	271
24738	62782	22977	60207	1761	2575
316	2499	316	2499	0	0
126371	150517	117802	145789	8569	4728
213442	324531	201625	306492	11817	18039
2793	4039	2780	3990	13	49
155284	232307	147476	223233	7808	9074
178025	185194	169278	179699	8747	5495
859	2124	761	1934	98	190
149772	162213	142921	155158	6851	7055
3760	7172	3730	7100	30	72
48039	125202	46566	120085	1473	5117
25566	37164	24333	34906	1233	2258
755	5737	706	5737	49	0
13317	21950	12631	21340	686	610
7151	19548	7092	19548	59	0
47539	117544	44895	108987	2644	8557
143769	140724	139556	135516	4213	5208
3056	1172	3056	1172	0	0
205292	285898	198533	273455	6759	12443
1249	590	1249	590	0	0
1956	6147	1643	6147	313	0
162029	179091	156273	175711	5756	3380
27308	60763	25830	57156	1478	3607
445	2189	445	2189	0	0
2421	6285	2405	6050	16	235
1964	0	1964	0	0	0
4876	5759	4438	4817	438	942
340	386	340	386	0	0
1612	9302	1583	9059	29	243
139536	153245	130004	142978	9532	10267
131243	156760	125638	149742	5605	7018
225	2902	225	2902	0	0
1834	11113	1766	9982	68	1131
3529	4288	3529	4288	0	0
5611	5326	5415	5326	196	0
160808	192565	154691	184301	6117	8264
160848	167252	154942	162193	5906	5059
136379	148476	130002	143003	6377	5473
2242	378	2242	378	0	0
8194	18772	7315	16816	879	1956
118385	111402	112961	105884	5424	5518
1879	6329	1879	6329	0	0
156236	169786	150892	159762	5344	10024
504	4792	442	4792	62	0
171959	259964	159323	242430	12636	17534
29716	53112	28775	51270	941	1842
26027	31624	24899	30323	1128	1301
112944	116778	109314	112808	3630	3970
130421	153297	123015	146088	7406	7209
24328	17193	22942	15244	1386	1949
16462	25066	15685	23676	777	1390
14577	23836	13306	19521	1271	4315
1106	5733	1002	5490	104	243
25080	53186	24357	50386	723	2800
158068	213551	151172	204893	6896	8658
18710	26505	17854	26319	856	186
136519	143417	131525	136815	4994	6602
162946	184323	154997	177539	7949	6784
145810	158417	141460	152035	4350	6382
199241	307225	189342	294875	9899	12350
153266	179879	148864	172134	4402	7745
165544	205342	159022	194388	6522	10954
202	1097	202	1097	0	0
188649	277145	180901	262602	7748	14543
10580	21972	10329	21350	251	622
73798	56717	70267	55280	3531	1437
216488	317019	208901	304875	7587	12144
121564	134797	114561	124725	7003	10072
688	4449	688	4449	0	0
152524	220709	147323	206568	5201	14141
131784	141185	125735	134068	6049	7117
135955	146548	128919	138555	7036	7993
992	3992	992	3920	0	72
13235	25312	13235	25295	0	17
147392	142798	142457	139150	4935	3648
439	2376	439	2376	0	0
11516	22740	10606	21033	910	1707
201644	276131	190993	258396	10651	17735
12767	29802	12608	28750	159	1052
14892	22661	13056	19352	1836	3309
623	3726	623	3726	0	0
13322	30859	13093	30167	229	692
16	685	16	685	0	0
20621	42650	19496	41479	1125	1171
190502	274805	183337	266350	7165	8455
11332	18219	10618	17039	714	1180
4784	3878	4726	3739	58	139
763	741	763	741	0	0
12132	23650	11322	21700	810	1950
25133	38713	24066	38049	1067	664
186882	246267	176099	234504	10783	11763
387	2221	254	1639	133	582
4359	3667	4148	3278	211	389
197379	294489	187824	281101	9555	13388
162961	199304	155759	192277	7202	7027
1658	9722	1658	9722	0	0
24357	52004	22906	49321	1451	2683
154219	180063	148369	172467	5850	7596
163718	228592	155920	216947	7798	11645
5036	3661	4929	3661	107	0
36078	80259	35077	77242	1001	3017
145969	153900	134968	144002	11001	9898
126724	128211	120892	121245	5832	6966
145	285	145	285	0	0
17330	36386	17258	35899	72	487
156	155	156	155	0	0
43299	60260	42615	58645	684	1615
1001	166	1001	166	0	0
165306	249118	159588	240732	5718	8386
161243	238930	151502	225488	9741	13442
925	4513	643	4513	282	0
1295	6482	1295	6482	0	0
130030	146809	123399	140907	6631	5902
24046	40465	22691	39319	1355	1146
16274	40350	15106	37861	1168	2489
8453	11075	8323	10779	130	296
12015	35743	11985	35243	30	500
7474	8715	7319	8459	155	256
93	27	93	27	0	0
103933	121072	98482	115804	5451	5268
188256	254922	179231	246025	9025	8897
181911	248938	173497	239445	8414	9493
143902	150894	137238	144066	6664	6828
3360	8292	3294	7817	66	475
201	463	201	463	0	0
30828	55298	29765	52807	1063	2491
154649	167192	148431	160815	6218	6377
135722	144490	129166	138877	6556	5613
1245	4428	1245	4428	0	0
138738	156189	132251	150953	6487	5236
1479	4835	1479	4835	0	0
374	1698	374	1698	0	0
190699	273016	180778	256204	9921	16812
135362	157734	130857	149519	4505	8215
167269	243602	157316	232797	9953	10805
1411	1372	1411	1372	0	0
144915	152918	138419	143267	6496	9651
179306	214255	175043	208155	4263	6100
158	1559	158	1559	0	0
123924	120630	118109	114547	5815	6083
40479	85600	39831	80951	648	4649
167259	193838	160195	184996	7064	8842
101954	108761	95431	105958	6523	2803
169054	222874	162200	214685	6854	8189
5778	6631	5413	6622	365	9
70	1843	70	1843	0	0
4253	16342	4050	15928	203	414
266	773	266	773	0	0
169761	201355	160445	193939	9316	7416
38472	81341	35631	75598	2841	5743
21721	35263	20946	33504	775	1759
46905	115928	44298	111886	2607	4042
1465	1080	1465	1080	0	0
387	3790	387	3790	0	0
100295	101423	96084	95367	4211	6056
861	8044	861	8044	0	0
117600	124476	111159	115153	6441	9323
1525	4252	1525	4252	0	0
23904	25590	21846	22586	2058	3004
14249	30076	13236	29286	1013	790
1277	7286	1143	6406	134	880
896	6985	862	6723	34	262
9805	23248	8751	21806	1054	1442
206624	320711	199537	305745	7087	14966
14632	29972	14412	29223	220	749
1672	2453	1672	2453	0	0
185412	279248	180995	268179	4417	11069
141377	149406	135533	144960	5844	4446
584	4048	491	3223	93	825
138547	171387	133669	167619	4878	3768
1929	12254	1887	11954	42	300
35949	96985	34108	93110	1841	3875
5039	10720	4339	9078	700	1642
156718	199583	146367	189865	10351	9718
14006	24339	13364	23816	642	523
1364	262	1364	262	0	0
13408	21598	13254	21255	154	343
211740	280383	204379	270629	7361	9754
285	404	285	404	0	0
1228	7324	1228	7324	0	0
30302	76768	27230	70701	3072	6067
516	2946	516	2946	0	0
194954	274193	185297	258627	9657	15566
197733	270391	188484	260194	9249	10197
5599	5827	5092	5686	507	141
1387	2869	1387	2869	0	0
192148	283474	184900	274480	7248	8994
152192	238182	147147	224432	5045	13750
22968	40330	21644	36442	1324	3888
2754	7979	2754	7979	0	0
7408	21157	7185	21157	223	0
2059	3691	2059	3691	0	0
32528	65421	30305	60724	2223	4697
101501	127784	95822	123766	5679	4018
1016	1424	1016	1424	0	0
18425	37185	17725	35418	700	1767
52727	134452	49519	124370	3208	10082
7309	13733	6918	13296	391	437
31090	59608	30101	59456	989	152
14044	25320	13993	24088	51	1232
44383	130471	41962	124746	2421	5725
6874	10049	6874	10049	0	0
1252	1047	1252	1047	0	0
6426	10123	5449	10123	977	0
113413	104834	108370	100865	5043	3969
195075	259674	184813	237801	10262	21873
25401	58815	24240	57247	1161	1568
181053	234551	173484	227262	7569	7289
10114	18904	9380	18542	734	362
11487	20540	11383	20540	104	0
487	2023	487	2023	0	0
115498	118391	108495	112852	7003	5539
167393	206850	160723	199672	6670	7178
120984	237256	113744	224997	7240	12259
7461	19902	7461	19902	0	0
2719	7027	2719	7027	0	0
4411	4544	4411	4544	0	0
1907	870	1907	870	0	0
295	1625	295	1625	0	0
31332	38991	29497	37263	1835	1728
204247	278749	191641	264516	12606	14233
202432	297422	195719	289475	6713	7947
150140	157892	142489	148143	7651	9749
140935	154422	136312	152220	4623	2202
165062	178991	157370	173267	7692	5724
143496	171047	133880	159828	9616	11219
30306	37468	30087	36896	219	572
123	454	123	454	0	0
144762	139625	139255	132939	5507	6686
148188	161619	144233	158258	3955	3361
21791	40180	20854	39480	937	700
8235	16881	7351	12148	884	4733
764	237	764	237	0	0
10241	23356	9865	21846	376	1510
97198	95635	95142	91370	2056	4265
3302	9899	3070	9042	232	857
21873	48633	20967	46390	906	2243
9813	8875	9499	7414	314	1461
2367	4804	2303	4590	64	214
178	4874	178	4874	0	0
1235	784	1235	784	0	0
151603	229561	143063	223092	8540	6469
385	175	385	175	0	0
16	1238	16	1238	0	0
36753	96401	35266	91683	1487	4718
