103624	223137
95897	249737
93406	242255
88873	218764
94738	205304
90183	263703
129657	260839
101263	263039
94196	234660
90173	240892
101670	235844
98605	242311
95149	250900
81189	205176
90194	219500
99960	224536
92929	196893
107543	226075
84964	220393
88727	212355
74251	217269
103177	269702
88365	221039
96134	221380
97574	261185
120506	239584
104121	252139
98495	217978
113848	234561
95362	238011
100317	209315
92718	244302
89587	193860
89522	229067
107254	218922
91834	220270
94823	231971
91965	216523
86772	223453
90779	193967
95452	228925
82461	211058
100875	257120
85371	218770
84774	212176
100453	207760
100956	239337
104765	216510
111125	251558
120113	283412
101180	228010
88200	216592
91149	208070
95483	228771
100025	217128
78326	221637
116187	236115
99028	251785
98876	236647
89170	220808
94816	235206
95450	241276
97100	242490
90794	209710
96236	224151
91976	224066
92973	242289
96370	270556
92618	227660
104282	230142
91411	228980
128532	245144
101416	224091
96807	222288
125073	242295
94197	243819
83261	205975
83573	215461
87224	230444
96907	227574
111441	228479
94336	259282
100762	214665
89431	208861
91867	199725
123242	242705
99091	218411
89415	213167
97247	222844
98772	232903
100573	247727
121767	238631
92386	253152
106694	243379
105609	219290
97932	192646
90041	196759
130354	227526
96144	223361
90558	230269
89242	256231
101418	233833
93433	244021
90721	239658
83543	215756
95433	213062
84812	206815
100136	225487
106668	252613
123240	267103
80814	229177
104951	269945
84221	223875
88264	215308
89374	210848
94653	218478
95307	202750
132835	238129
107882	230869
94767	243233
88325	226933
82694	226490
110196	231667
122523	231161
108441	204493
98274	242337
113251	244547
96470	207987
86702	217669
114056	205979
86942	218633
92095	245787
79877	243383
94848	231672
96554	209055
104283	215319
89876	247613
97936	254863
103202	239461
99449	229122
88429	205697
85109	222568
81307	261012
84496	211526
117744	257359
99987	231293
98943	238981
104033	272323
82438	211654
90316	218403
136353	277247
92409	222232
81786	222454
95325	229883
93996	239912
134244	252910
91363	214205
134837	255559
86992	226227
90631	238220
94002	216303
96459	235696
95753	219359
105369	249152
97612	216987
93679	218644
99414	231896
89243	214358
89423	217198
85452	208999
104143	233579
97985	206743
91785	218819
85865	211482
88597	225907
112155	292490
98278	246187
95929	256173
85752	216974
99853	261718
89466	242198
89513	216786
126477	254999
89107	230991
110552	255157
98930	237723
121356	247556
103256	247379
107722	226562
97614	249299
87626	224292
107405	259297
90641	212033
100575	238685
106078	259549
93800	245411
136770	244893
89090	220973
130304	246422
116989	246553
120082	260591
101313	232267
94595	211148
104241	260120
109418	272139
97126	221548
110162	259033
79126	215157
106942	232504
83329	236033
95184	226835
84913	227704
100627	220695
91877	220251
88796	197503
95296	233759
84014	211536
104296	260774
96576	273947
101593	228171
90622	242474
92633	219619
94380	219694
97326	241742
94512	240657
96968	243351
97055	233202
106509	226319
106690	253421
108793	260902
96735	230180
86722	214376
100860	230887
86613	229660
104971	273919
97752	223102
94931	245265
92786	232169
89025	221708
91647	239742
100705	262459
88715	222530
123764	232160
114313	248177
86367	218098
89468	251802
124167	221692
106482	221831
102020	222316
117673	242418
97430	240711
101386	246470
125321	278797
125267	252050
92639	223882
88918	216934
86545	204649
126710	254564
107642	238665
91779	229959
106349	245100
111551	254048
83803	226807
137027	264840
92848	223404
109324	263827
87962	204442
83787	252430
94249	241610
92927	209078
87781	240833
139218	287683
83022	220001
90648	219182
94486	206081
87856	213126
112449	245649
90784	227655
87724	226730
85613	212035
94798	232568
94796	215475
92330	221914
88059	257490
97835	220468
117976	241073
93742	213405
85506	239811
88291	219851
90419	223538
92337	219744
92492	219178
95267	229692
98018	205937
94231	222711
121982	253474
92622	227079
104656	251519
84396	213873
99376	235997
113062	264994
104964	234814
90952	186260
111007	236133
95725	229213
110440	267569
98898	232123
89690	216613
88046	237682
114564	293114
99730	243826
119503	262233
89948	192682
105877	246610
95086	239851
97882	220025
94704	241737
82647	196307
106000	241628
87194	220898
115570	243574
108126	251259
88348	238259
96077	242833
89266	238470
93993	217078
103192	281625
94588	230018
90632	188934
105882	218867
84106	228274
90568	241805
97029	255996
98477	280096
98569	261047
93474	222700
100567	222457
89377	190127
99162	220955
117710	234504
86030	205143
107318	227595
109696	244927
96650	229001
107025	236213
94336	196625
86628	219204
98218	251664
103356	242661
135559	249748
91420	250243
81658	210902
106317	227948
105000	242694
102455	218595
93553	224558
89869	255286
121907	299727
92080	218985
81268	229597
79411	222836
91424	233151
101875	229556
88628	224208
145307	267899
81231	238496
84612	216447
104329	237932
92403	218198
99089	238969
99812	243303
98109	253676
88372	216174
95981	199713
96445	224157
105721	242358
98011	244544
118979	215757
94606	247295
93293	200570
92170	235189
111585	238251
98069	225955
88342	222009
88487	226003
88808	224212
89986	222060
87925	232994
111225	240409
95852	229518
92342	231846
84999	216520
92625	219512
85590	213619
122527	214902
109621	264869
101773	240836
124245	250924
97486	224626
92889	234519
86867	221393
91701	238146
86956	223143
103676	220468
92600	222857
87929	223470
111842	282992
93774	201557
86249	230065
105406	230612
88485	211516
113238	249017
87425	230519
108827	228018
98642	247253
86644	227027
82360	221977
101329	254595
112764	215590
100491	255532
91106	215827
118287	265502
101490	241658
83975	202769
106936	235371
97358	236792
83592	225687
83919	222485
99982	238295
92471	213703
79217	221495
97990	227541
109731	217511
85223	227971
89324	240666
87225	245072
85910	209488
98740	226784
102656	230601
95194	224347
86245	226584
107837	249968
120895	225353
89800	242580
88405	229875
85583	219875
85648	225835
97328	229976
101395	227769
99380	236141
91560	224172
96102	252993
90623	226120
97487	253986
108173	241850
97126	243202
91944	209173
93680	222128
79383	208995
121016	212916
98474	241263
105475	226799
96472	222173
85763	228816
100912	235520
94934	199393
123537	290781
115314	224881
92210	230479
93443	227808
96494	232722
98803	236958
94703	220232
80524	218751
101010	220635
101304	210087
92323	219122
108793	232915
139279	294456
111137	219416
108083	252334
107699	250153
82730	202779
116576	257673
93282	232047
91817	197745
92885	224618
82049	216750
86177	207438
98006	248528
99717	229695
88733	227964
108339	250573
86589	211484
82803	198216
98986	237801
84214	251286
91402	210426
95371	231136
91646	266651
