2963	3630	1352	2822	1611	808
3681	1685	3434	1394	247	291
2373	7130	2099	6142	274	988
559	3566	537	3566	22	0
1678	1070	998	917	680	153
1164	3363	844	2369	320	994
6932	9361	3342	4362	3590	4999
6251	12947	4723	8538	1528	4409
5158	8364	4718	8364	440	0
3529	1900	3034	1900	495	0
1290	1540	1131	1440	159	100
4967	16656	3663	13820	1304	2836
4318	9675	3527	8802	791	873
282	3442	282	3442	0	0
439	6371	412	5919	27	452
5600	6101	3727	3772	1873	2329
247	1690	202	560	45	1130
4912	3811	2879	3035	2033	776
479	996	479	996	0	0
1543	7884	1317	5573	226	2311
207	1952	131	993	76	959
4228	13808	3317	11236	911	2572
443	66	443	66	0	0
1255	8146	1123	7491	132	655
6227	15737	5378	12313	849	3424
5753	5504	3347	3667	2406	1837
2634	5231	1834	3109	800	2122
4230	3968	3875	3566	355	402
8626	3597	6824	1997	1802	1600
1251	2540	1197	2358	54	182
3506	2387	2473	2387	1033	0
2832	9050	1699	8125	1133	925
2283	1331	1202	318	1081	1013
664	2424	618	2423	46	1
5671	5489	3446	5028	2225	461
331	4065	331	4065	0	0
3618	1551	3335	1551	283	0
680	4832	485	3839	195	993
139	3687	139	3687	0	0
128	453	128	453	0	0
3196	2584	2855	2584	341	0
499	945	499	945	0	0
6147	10871	4519	9692	1628	1179
1895	4584	1643	4049	252	535
376	1438	34	842	342	596
153	197	153	197	0	0
3419	3657	2637	2577	782	1080
629	3059	264	795	365	2264
3531	9378	1688	6118	1843	3260
1251	7822	977	6294	274	1528
4918	12450	2301	6713	2617	5737
2329	3949	1452	2986	877	963
2016	662	1342	477	674	185
3219	1893	1674	1201	1545	692
1075	679	713	40	362	639
178	3677	178	3677	0	0
4997	4559	2699	1813	2298	2746
4254	11247	3907	10798	347	449
6431	5502	4524	4577	1907	925
2977	1974	2772	1853	205	121
310	2994	114	1970	196	1024
1158	1797	761	543	397	1254
1712	2520	1259	1882	453	638
1359	3579	1359	3579	0	0
2302	2333	1693	362	609	1971
5350	7295	4440	6451	910	844
2510	10386	2002	4195	508	6191
2531	10581	2423	8281	108	2300
1310	835	1310	835	0	0
4220	12400	3631	10184	589	2216
137	2563	110	1850	27	713
9618	8864	7266	5913	2352	2951
3043	4235	1284	4225	1759	10
5090	5399	2303	3920	2787	1479
16072	6286	10084	3668	5988	2618
898	4667	852	4221	46	446
3181	14756	3181	14756	0	0
2715	3538	1911	2098	804	1440
2175	5763	1394	5763	781	0
4864	1888	3209	1780	1655	108
2996	2346	2996	2346	0	0
4753	18350	3709	15856	1044	2494
3121	2014	2522	1520	599	494
3903	2595	3769	2595	134	0
2127	1333	975	314	1152	1019
9897	6495	4504	4757	5393	1738
936	2597	934	1642	2	955
517	3832	325	2529	192	1303
3301	3734	2811	3344	490	390
2542	12267	1571	8373	971	3894
1866	3579	1219	1504	647	2075
16857	14613	13742	13576	3115	1037
6486	7726	4242	5960	2244	1766
2467	4165	1832	3086	635	1079
5183	3341	3797	2258	1386	1083
2380	1553	782	1366	1598	187
775	4611	454	3540	321	1071
27308	19601	22355	17037	4953	2564
2973	7136	1713	5711	1260	1425
2642	3505	2603	3439	39	66
849	3450	240	2459	609	991
8759	8936	7055	8798	1704	138
5444	15616	2701	9507	2743	6109
3404	14073	2522	13254	882	819
146	1187	146	1187	0	0
1736	2782	923	1954	813	828
16	1238	16	1238	0	0
5854	9308	4761	8418	1093	890
2454	3962	1565	2367	889	1595
8699	11063	4400	7430	4299	3633
335	1446	155	1085	180	361
2455	11744	2049	9228	406	2516
2820	2669	2314	2591	506	78
2829	1273	1881	304	948	969
2197	2491	1600	1072	597	1419
3038	2165	2673	1857	365	308
276	91	184	91	92	0
14777	6256	12233	5081	2544	1175
4382	7573	3622	6714	760	859
7094	18086	2301	15441	4793	2645
219	3399	189	2514	30	885
625	5872	377	4038	248	1834
7203	8301	3397	4040	3806	4261
15062	10076	12240	8052	2822	2024
4218	2788	2453	2261	1765	527
1712	776	866	539	846	237
13593	16030	9597	9382	3996	6648
824	543	671	512	153	31
16	685	16	685	0	0
33054	27823	24111	19152	8943	8671
668	27	147	27	521	0
5617	10817	4439	7397	1178	3420
1368	9278	953	6131	415	3147
1343	1150	483	1150	860	0
648	1012	648	1012	0	0
927	958	836	843	91	115
4034	8610	3528	6946	506	1664
3064	7451	2575	6348	489	1103
1997	1063	1736	930	261	133
23	173	23	173	0	0
318	2320	253	1460	65	860
820	5223	755	4259	65	964
2018	4068	1824	2872	194	1196
1307	3188	1248	3062	59	126
5287	7430	4103	6594	1184	836
4034	5633	3173	4358	861	1275
1188	3845	1002	2482	186	1363
3416	13582	2294	10833	1122	2749
282	3442	282	3442	0	0
1215	1047	808	947	407	100
10774	14753	7903	8886	2871	5867
3429	1935	2226	1585	1203	350
1664	6198	1437	5920	227	278
1108	533	1099	533	9	0
2033	3431	960	3094	1073	337
3155	3128	2136	1475	1019	1653
555	1187	305	1187	250	0
13640	6873	8216	3707	5424	3166
2017	5804	1747	5492	270	312
2604	7209	2191	6984	413	225
3451	6587	1976	5587	1475	1000
1643	6031	1001	4808	642	1223
4276	4874	1647	1205	2629	3669
6084	17649	4948	15016	1136	2633
6023	2574	4987	1927	1036	647
683	3814	629	3690	54	124
1718	3251	1305	771	413	2480
879	1572	534	1041	345	531
806	4506	480	3351	326	1155
536	183	536	183	0	0
2254	3712	1787	2611	467	1101
3132	1466	2959	1383	173	83
36	199	36	199	0	0
252	1770	252	1770	0	0
3860	1717	3543	1370	317	347
10884	31876	7347	22218	3537	9658
2231	11336	764	3862	1467	7474
999	3235	648	1144	351	2091
324	1277	324	1277	0	0
6651	11027	5902	9742	749	1285
1875	4700	1854	3065	21	1635
1374	3826	1007	3543	367	283
15111	15337	11233	8810	3878	6527
1555	5576	1089	4749	466	827
18831	7816	13009	6280	5822	1536
5449	7256	4043	6389	1406	867
12143	4336	8542	3805	3601	531
4267	8110	2678	6439	1589	1671
4523	14537	2566	9285	1957	5252
2117	7431	1327	4997	790	2434
171	140	171	140	0	0
250	1081	250	1081	0	0
2013	5531	1238	3464	775	2067
3974	8525	3220	6736	754	1789
7302	13317	6906	12454	396	863
2410	6123	1525	4677	885	1446
19153	6572	16386	5723	2767	849
337	1839	337	1839	0	0
14930	13138	10891	6659	4039	6479
6612	6643	5304	4970	1308	1673
6780	16140	5781	15023	999	1117
1314	7296	642	4660	672	2636
5316	5705	3932	5149	1384	556
2280	2445	2179	1625	101	820
9891	11737	8573	9402	1318	2335
3941	1648	3697	1553	244	95
4928	10688	3656	6303	1272	4385
890	3682	847	2951	43	731
22576	20975	19178	19575	3398	1400
657	2175	319	401	338	1774
3417	7253	3417	7253	0	0
3448	11016	2249	8011	1199	3005
1581	7600	1031	6243	550	1357
102	168	102	168	0	0
972	920	972	920	0	0
260	1575	133	633	127	942
962	2807	559	2289	403	518
3098	7984	1969	4312	1129	3672
5373	18176	3754	14009	1619	4167
2412	2077	2012	1407	400	670
3885	11246	3709	10023	176	1223
1679	6096	1251	2843	428	3253
1056	766	669	766	387	0
5103	9613	4664	8957	439	656
2228	6149	1178	2043	1050	4106
1522	3834	721	1952	801	1882
5643	4768	3807	4156	1836	612
709	1878	353	1170	356	708
5255	3551	2537	1444	2718	2107
3288	4071	2250	3180	1038	891
817	2222	511	1767	306	455
3352	8161	2370	6883	982	1278
138	176	138	176	0	0
489	1031	354	1031	135	0
7651	22056	5802	14857	1849	7199
4236	3026	4169	2851	67	175
1020	5917	922	3434	98	2483
1231	1191	1208	1191	23	0
292	649	285	42	7	607
2374	2127	1797	2104	577	23
3676	7201	2113	4845	1563	2356
9057	13065	5194	11618	3863	1447
13939	8349	10791	7579	3148	770
15657	8244	11791	7372	3866	872
1367	2533	1012	2129	355	404
3307	10038	2596	7951	711	2087
9765	3532	8210	3532	1555	0
4669	3482	2122	1948	2547	1534
2167	1048	1007	642	1160	406
16127	13508	14136	11658	1991	1850
2710	7522	2045	4205	665	3317
9526	23227	6636	12186	2890	11041
7241	3817	4264	2549	2977	1268
15552	7865	12171	4863	3381	3002
5451	6504	4065	5707	1386	797
1564	3146	1314	3092	250	54
316	2499	316	2499	0	0
6474	11779	4241	5931	2233	5848
15782	14446	13549	13239	2233	1207
3082	3059	1521	1644	1561	1415
4167	2311	3540	1719	627	592
13985	11152	9372	7026	4613	4126
649	1196	400	1006	249	190
20023	13835	17113	12139	2910	1696
2086	4983	1666	3461	420	1522
8404	20881	6459	15435	1945	5446
4811	4495	3700	3707	1111	788
309	2650	236	2333	73	317
5772	4660	4797	3432	975	1228
1655	4873	1209	3760	446	1113
2305	3739	1657	2671	648	1068
9231	12357	7302	6804	1929	5553
2440	1172	2170	854	270	318
3499	11505	2751	10938	748	567
1249	590	1249	590	0	0
1048	4825	545	2353	503	2472
7796	4861	4552	3341	3244	1520
2484	8690	1557	5642	927	3048
445	2189	445	2189	0	0
2296	5600	1976	4286	320	1314
1964	0	1964	0	0	0
3619	3450	1736	2189	1883	1261
340	386	340	386	0	0
740	4445	550	3485	190	960
4536	2875	2943	2145	1593	730
9511	5342	7498	4791	2013	551
225	2902	225	2902	0	0
1231	9368	650	4057	581	5311
2879	5782	2649	4288	230	1494
3009	3241	2104	2517	905	724
1862	4395	1545	2965	317	1430
3082	1013	3082	1013	0	0
1266	1384	1172	1173	94	211
687	346	534	346	153	0
1830	4694	1036	2753	794	1941
15939	7464	12764	7049	3175	415
994	4921	865	4534	129	387
5980	4526	4846	3567	1134	959
98	1283	36	1283	62	0
4384	1752	3268	1077	1116	675
5434	7851	3034	4238	2400	3613
6156	2705	5296	2459	860	246
2208	505	2118	105	90	400
5761	5426	4586	4476	1175	950
7147	9999	3982	6526	3165	3473
3579	3793	2212	2591	1367	1202
2951	3006	1354	2165	1597	841
1085	6002	764	4188	321	1814
979	4620	741	3041	238	1579
6895	6879	4480	4107	2415	2772
3870	4599	3126	3228	744	1371
6367	8912	4905	7856	1462	1056
3561	3408	2001	2497	1560	911
1670	6021	724	3684	946	2337
2639	5746	2177	1865	462	3881
4930	2800	4015	2752	915	48
3479	4911	1778	3175	1701	1736
325	1121	253	1121	72	0
1228	10874	531	4746	697	6128
1568	2549	1568	2469	0	80
20972	16191	18339	11301	2633	4890
6689	9824	4958	8949	1731	875
2269	8683	1357	5570	912	3113
688	4449	662	4187	26	262
3155	9526	2857	7474	298	2052
3696	3061	2169	1989	1527	1072
4888	7868	3682	5383	1206	2485
394	2552	237	2114	157	438
703	895	703	895	0	0
6579	10859	3922	8516	2657	2343
556	2676	237	2376	319	300
2586	8096	2492	7797	94	299
3972	7308	2838	5138	1134	2170
4833	11341	4104	6572	729	4769
1483	4852	1212	4139	271	713
623	3726	623	3653	0	73
3504	7824	2445	5528	1059	2296
16	685	16	685	0	0
2166	3173	1415	2837	751	336
22520	15544	18838	12490	3682	3054
3087	6616	1360	3967	1727	2649
4680	3400	3637	3027	1043	373
763	741	149	453	614	288
347	537	347	537	0	0
6172	9157	4425	5337	1747	3820
1510	6368	912	5381	598	987
387	2221	254	1639	133	582
3693	6133	2653	4919	1040	1214
2105	11087	1996	10761	109	326
15158	7951	11243	5376	3915	2575
143	20	143	20	0	0
291	536	291	536	0	0
9143	7381	8007	5842	1136	1539
733	1812	615	1074	118	738
3887	3244	3092	2903	795	341
4848	3693	3413	2588	1435	1105
4054	15415	3088	11599	966	3816
10500	9962	8945	8884	1555	1078
145	285	145	285	0	0
3433	6276	3004	4754	429	1522
138	155	138	155	0	0
5058	8915	2913	6086	2145	2829
852	166	852	166	0	0
3185	6096	3066	5773	119	323
24034	16081	18935	9452	5099	6629
873	2350	264	1968	609	382
793	6011	301	1489	492	4522
11453	14992	7047	10944	4406	4048
881	4182	475	2302	406	1880
2804	6087	2179	4236	625	1851
2741	2852	2511	2096	230	756
4207	15626	3325	12469	882	3157
2388	1946	2316	1946	72	0
93	27	93	27	0	0
6960	16217	5941	14784	1019	1433
21904	15148	18040	13493	3864	1655
3957	8216	1945	4897	2012	3319
13090	13426	12476	12747	614	679
2600	6137	1510	4456	1090	1681
155	463	45	463	110	0
3713	11235	2740	5082	973	6153
3646	4369	1753	3841	1893	528
10654	10285	8983	8341	1671	1944
2285	7408	1332	5587	953	1821
3363	2547	3150	2511	213	36
1048	3670	978	2760	70	910
374	1698	374	1698	0	0
2609	6697	2442	3062	167	3635
8527	7809	6812	6658	1715	1151
1454	1542	1305	1542	149	0
1668	3884	1502	2117	166	1767
2072	5530	1813	4466	259	1064
1343	4881	1061	2958	282	1923
158	1559	158	1559	0	0
11509	13585	9626	12149	1883	1436
8820	13454	6330	8618	2490	4836
3818	6978	2763	5222	1055	1756
5025	9097	3918	4544	1107	4553
4532	12885	3963	12085	569	800
2490	1735	1793	1064	697	671
70	1843	70	1843	0	0
3646	10999	3082	10469	564	530
266	773	200	284	66	489
8725	6287	6852	5598	1873	689
5579	12119	4225	9764	1354	2355
443	475	196	445	247	30
7715	21673	5435	15004	2280	6669
2906	2616	2084	1783	822	833
387	3790	387	3790	0	0
10004	5035	8544	4669	1460	366
642	5099	541	4290	101	809
4575	6854	3518	6298	1057	556
1272	2079	926	1709	346	370
5138	5312	3629	1066	1509	4246
2014	9004	1887	9004	127	0
886	4965	518	3719	368	1246
643	5288	566	4321	77	967
2692	7305	2398	6531	294	774
11113	4307	8991	3326	2122	981
4039	7548	3526	7065	513	483
1918	3569	1533	2391	385	1178
5914	12379	4102	7825	1812	4554
3396	6494	3234	6249	162	245
363	2713	270	1888	93	825
4928	2618	4577	2523	351	95
352	3162	256	2471	96	691
1899	11007	1174	8007	725	3000
4777	10442	3196	6187	1581	4255
2058	6384	1295	4394	763	1990
774	1510	449	799	325	711
1364	262	1284	262	80	0
1736	4985	1020	2759	716	2226
20634	16529	14888	14294	5746	2235
285	404	285	404	0	0
855	7471	469	4765	386	2706
1985	8674	876	4532	1109	4142
634	4539	286	2231	348	2308
6487	4628	3383	1107	3104	3521
1438	6271	947	4278	491	1993
3729	4538	3123	3955	606	583
1198	4776	1086	3141	112	1635
3258	9682	2707	7200	551	2482
5432	1801	4466	1753	966	48
4469	6152	3767	5525	702	627
1758	3069	1367	2225	391	844
958	3845	783	3256	175	589
899	2657	416	1814	483	843
7369	5378	4578	5215	2791	163
6562	7801	4233	4173	2329	3628
1282	1075	540	1074	742	1
2263	5085	1462	3153	801	1932
7964	24848	5301	19408	2663	5440
4102	3927	2426	2913	1676	1014
2538	12521	2146	9331	392	3190
2396	9410	1692	7477	704	1933
1181	8930	448	5092	733	3838
2367	2302	1904	1517	463	785
1252	1047	864	1047	388	0
935	1278	823	12	112	1266
24826	17201	19801	14295	5025	2906
7484	3561	6382	2168	1102	1393
3261	4598	2959	3921	302	677
1642	2988	1300	2988	342	0
3765	5507	2816	4033	949	1474
6940	11053	2618	6032	4322	5021
462	2023	359	1534	103	489
8246	8026	5207	3230	3039	4796
7645	3171	3245	1975	4400	1196
1897	7121	1628	6582	269	539
1117	852	1117	852	0	0
2624	6789	1471	5866	1153	923
1354	1338	752	1071	602	267
1485	717	851	717	634	0
295	1625	295	1625	0	0
3318	2282	2572	1264	746	1018
4918	1915	3957	1345	961	570
3512	7898	3226	6608	286	1290
4240	4902	3495	2984	745	1918
18805	20691	15574	19467	3231	1224
1561	224	951	224	610	0
6506	6311	5033	4799	1473	1512
9005	9377	4791	4671	4214	4706
123	454	123	454	0	0
11113	8525	8071	5508	3042	3017
1425	2598	667	974	758	1624
1279	7940	583	5967	696	1973
2725	3851	1657	2941	1068	910
1330	424	751	151	579	273
1899	4142	724	1704	1175	2438
1840	5285	1367	3345	473	1940
1788	7506	1444	5009	344	2497
3024	9471	2609	8121	415	1350
5729	6104	4742	4116	987	1988
1502	1658	1240	1111	262	547
240	5924	178	4874	62	1050
1259	784	697	784	562	0
944	7215	230	2635	714	4580
660	300	385	175	275	125
16	1238	16	1238	0	0
2707	9611	1667	5025	1040	4586
