78771	186561
77495	183776
71408	176191
66683	160073
79701	166034
75591	180698
76918	196632
71758	213104
77424	205648
73467	188764
83324	191937
84828	218520
81199	164513
60705	176622
62057	167447
86925	185217
55190	156301
85818	202474
68223	196058
72236	198750
66408	190652
79628	212018
68108	167612
84546	177704
72564	202522
96030	192429
78936	166868
83521	197941
103867	198609
74396	188748
91380	164105
82561	192618
82616	177569
77606	177731
79607	198951
64480	183744
70883	160860
73898	190740
59409	158040
78446	150812
74551	175062
73131	175317
87454	198965
71659	185258
66846	165490
67041	179487
81315	155261
81634	199551
88221	216336
105709	237861
72191	193071
73083	151612
74991	174715
79448	199825
83433	183891
63506	165869
103272	199648
80477	190161
91356	198583
62596	158680
62369	164522
75067	172869
77681	184153
77747	175492
76019	180656
76654	196112
80103	212915
74305	211153
75206	206941
87151	179174
68039	153466
109109	182073
71825	178029
70946	194581
104736	172130
69467	175557
72528	189128
76724	168103
71256	184275
102871	201621
69876	175447
64403	169972
77896	171993
82064	169593
77607	176354
101815	203910
71215	196093
61072	166318
74771	170447
72449	162849
71942	198856
112772	205192
98723	230971
74493	180857
91372	163985
73988	169892
70928	188776
97612	183006
74779	183413
73240	178686
76011	205220
99115	215483
86747	202049
78932	203370
60703	168214
67985	178899
61463	183084
76728	190725
90634	232483
95930	199255
69444	151651
95541	210667
74859	175654
69520	195025
74712	165895
83763	174323
64279	167571
108826	181218
81785	192595
74774	200916
63485	160110
66814	168055
94134	202852
109028	196924
81222	174862
79040	157618
90784	213217
72338	169857
64989	155191
93463	182328
71561	162488
76838	188677
74753	156108
87634	188067
74616	188610
82418	161975
70355	194321
65553	162056
71905	199496
73204	186456
62527	156966
63854	179277
75581	174127
61544	161971
104071	214505
83815	182272
67314	188310
77426	211196
57570	168044
66297	151900
97777	222878
61770	173826
69822	166407
71188	162801
80042	175652
119951	214645
71500	176281
110447	183376
65049	170835
68477	164117
73380	171933
75367	189491
77490	190795
77722	198513
89310	207630
65731	160906
85408	168507
64582	155136
70352	169916
74938	166905
85859	191932
81117	187102
70682	158796
62312	161124
72074	179635
92416	242410
72909	187011
76013	163535
64508	191329
81241	206805
66928	176959
69363	183136
104273	212279
77275	208651
98060	180706
77115	181594
115450	199879
90933	213619
92898	183246
71594	182277
74761	182972
70315	181443
67391	185276
75797	200127
80476	229391
76874	179505
106215	185899
67729	175588
105542	190637
93574	184785
108863	225207
80634	224034
69487	160902
75078	194125
77523	206988
75889	162449
88325	240049
66174	173635
91716	182203
65315	173972
74002	173462
85787	228678
67356	184741
71914	183848
63114	167773
70290	184093
64204	167732
62857	155527
72880	195686
79477	191228
75068	176685
71948	185625
82170	185831
69042	194752
75232	170039
75455	183982
83967	195902
78086	195996
87703	183190
80371	195762
79111	187216
74462	167244
78446	172624
61341	173661
78311	225235
72074	149954
62319	193070
80308	172646
68157	170618
73174	183247
78238	186103
80596	205351
97608	184350
126804	209163
79599	173558
66347	166803
113872	201786
70379	193283
80319	194646
82828	167228
73396	182250
85151	206207
110050	209068
103987	185533
71748	174520
75587	178525
57698	153748
94284	168074
120613	203721
71602	172306
69566	197226
95990	197149
73923	198589
107235	200263
67996	187261
86696	225785
75637	164966
56570	153151
76051	181042
67872	177762
70122	175199
132027	252848
69183	156790
63333	163007
80609	168264
66424	169795
75947	177712
79134	187162
62238	159970
67771	186002
70916	148044
62258	177011
65834	173835
67251	168869
76303	200800
89708	175043
59144	175117
70323	180340
72311	177365
77955	167907
74764	199476
70113	159758
77999	163959
75087	171706
64168	174499
101192	184359
72092	168034
87528	162466
74382	154331
80443	215400
88347	210399
79579	163450
74917	172677
107326	215498
88637	201786
78708	203134
70599	179870
71389	195097
69230	174542
92279	239790
79363	203615
88329	201676
77699	186432
89460	192778
78297	188738
82267	199885
79648	199546
61411	177627
66868	201625
67543	174318
120078	209631
90099	216994
73583	167655
65418	168304
68393	181432
81975	167746
82952	209032
73010	165425
67001	150324
76770	175383
66700	184354
72428	180585
81493	220614
83563	258637
70781	197892
70924	170633
69488	200733
53482	176300
80637	177916
123153	218878
70816	166005
80905	177067
87120	165924
62452	173123
90926	177791
72418	190008
60110	176126
71051	200544
62755	164380
95538	183669
60876	161991
70225	195767
84461	164432
68025	182455
79124	190787
72015	178252
82433	179202
107006	233770
61338	164541
70313	154511
66068	159906
102354	217710
67045	165964
86008	188648
117967	187953
64717	182240
66649	179295
101651	220973
70331	193705
72935	174057
70564	166587
72869	211642
73614	165319
66736	143789
90440	201354
96845	199658
82626	224467
106114	208304
72711	169669
66940	179790
68584	171827
98689	224944
105690	204444
69863	199761
76690	185674
73021	173235
56023	168031
78241	190448
92558	192242
72691	203915
75597	183701
74963	167004
65469	180024
68645	163040
99803	188722
81496	222018
77223	177358
113900	210141
71547	185679
71744	161058
66285	162225
68247	192879
66758	160050
86695	164671
79972	189762
71100	181718
81894	233255
69000	178964
67287	179329
90443	195914
61469	173288
83397	200656
66966	177081
77407	180540
73250	173106
67425	183848
69211	170996
75918	186293
98511	195352
69859	168401
74223	178507
106146	239392
73053	174777
67608	151606
89656	192813
71047	194475
65889	172085
75148	188034
77373	185700
70681	179047
72925	177910
74056	178401
108511	208430
71274	148376
67179	175753
73748	190401
65140	161905
95043	173211
63556	167752
68422	161688
70108	176903
87684	206488
91123	171085
78050	175993
68698	182197
67916	183053
70534	175633
82200	197759
97128	191632
72780	177509
72131	164888
74456	177692
78752	169821
69154	186005
77143	184001
67682	186137
63952	169318
65296	152880
80255	176712
91632	189433
92723	206604
64561	163019
78795	202919
70295	158272
73049	188327
61776	169523
107766	213835
107676	181958
70178	192512
64612	168421
69677	187321
76367	176565
72838	177195
62227	146809
83950	197639
85608	161073
78187	190264
82273	197961
99069	213719
75789	168160
84839	198650
89393	189146
67757	147034
88414	186464
74652	173914
70906	181887
72201	177981
71422	165055
71891	178921
78396	183155
72622	175324
68962	218383
88460	170185
64811	146678
70153	153593
69179	180903
77014	210002
75467	168111
60477	151757
72494	204434
