208128	493254
202733	514117
210993	524391
209692	513081
207798	493372
216131	515509
212343	509998
201266	483040
208773	508678
210456	535333
214754	507158
212752	505657
214169	515116
198553	510959
203297	518469
199204	494089
198409	472144
217644	517114
214384	520752
209151	504913
198024	527952
218823	495829
200568	490758
212164	503380
204925	497192
224881	553943
211288	488871
209116	492374
213050	495372
209833	526129
205848	501263
218374	526288
211346	520205
202787	498543
214023	521793
209516	533270
198605	513711
209570	513479
202812	517741
205369	493301
213042	479090
211733	523662
209198	493485
202428	516750
208665	480495
215259	519941
199347	485693
220763	498058
212721	519813
206774	511141
212661	525736
207616	485890
216465	516344
211182	509037
215299	508377
215574	516896
216845	491626
211521	510129
208259	497056
209890	496211
212634	526017
210397	501443
213587	523362
213539	482791
211463	513588
204988	498579
202399	512964
211756	551547
213252	513806
211310	494850
209726	497282
216228	492640
213019	506263
207518	530509
202221	514530
220475	543470
212027	490059
213509	511374
199646	501977
208824	519412
206600	498837
215091	495783
205587	503597
211525	505557
205176	505702
212113	543013
205641	511459
204999	511477
201974	498359
208077	484990
211910	506507
209254	478075
209080	515783
216201	516154
197199	493925
203077	489622
218214	514106
218114	500969
215703	511078
212698	512201
214386	525968
207300	537674
208560	517211
212601	506890
214601	541164
213122	513160
204466	519617
209167	501590
212478	510766
207347	519016
211133	504390
218200	511397
198524	513743
200338	514171
222489	490035
203816	519910
211582	481142
218213	506068
216882	523606
195080	497684
211723	511073
208400	520960
204333	529086
227965	520505
208830	513288
197699	486890
211663	536021
204918	508080
214355	477683
203819	485110
197564	501267
209836	544410
200683	496530
220733	534348
211006	489956
214504	466386
207342	516135
203641	512972
205937	518726
216891	516416
208677	482506
202283	527134
210922	514475
203702	499581
217220	507249
209208	517417
205915	533000
210466	504424
204292	510184
204649	522117
206609	508577
203351	511405
202039	519011
206136	479813
214185	529719
210158	510413
206322	518070
224518	508063
207542	517451
208754	505395
216196	509827
206800	494900
213035	506007
210426	476831
211518	532483
209306	490246
223468	501465
207623	503985
209205	502536
208755	491517
216933	521398
201427	512807
218969	517742
201873	503788
207312	538134
213723	511028
216983	538004
217753	500514
208394	535961
209976	506273
196446	524251
213427	540460
217433	513621
216773	521912
212519	527523
206503	507923
211775	508525
202911	514982
208880	500180
204175	498958
216568	534254
203399	498286
200637	543992
206573	502021
210230	530248
211681	503841
203302	472851
217452	495464
210287	515806
203535	520222
210752	508118
206695	525113
212169	483921
208718	517372
211332	514360
209529	504581
206675	505877
205493	512321
209093	507247
201995	517901
206632	512872
208196	522677
210431	519507
212810	499244
207328	507309
215717	504000
209887	516234
198755	523963
214296	527384
207533	501045
207791	500452
215229	504622
211841	509190
200494	509185
201583	524969
207785	505664
210117	507534
210837	506302
216485	506678
213842	525493
205172	506365
208336	505430
200918	503692
197117	504910
214947	529810
210582	519281
211377	512659
207533	514402
209271	512102
206997	531414
215560	519678
208078	496623
209578	504788
226460	509216
205857	524004
213963	488279
207621	502117
202583	505375
205431	512353
219900	495575
207164	521367
217289	534245
209535	508938
213300	532158
214791	504351
208809	520024
210388	500566
211528	520055
221883	521396
213207	531000
199365	500907
218470	499629
199485	491347
218247	522886
207608	505264
205289	497773
212721	500151
200728	515223
209912	516481
215566	525686
203695	497309
220333	523324
202541	502093
202866	465272
214303	505701
195818	491317
219250	513502
209465	511519
201520	494911
199364	522795
199187	529202
204622	500261
206803	516483
206907	513438
201702	512150
216312	499620
214840	522218
212905	511819
205741	517737
212718	506396
212081	511374
212775	522191
209767	510428
212809	512073
205774	494607
220157	516995
210786	530410
212224	486449
217338	520966
200387	516367
211587	527128
213202	518144
210450	494607
205200	509461
206703	503458
215584	520798
220910	522207
208399	498856
215623	502203
216911	523538
203290	514409
198319	487512
208611	513831
207984	511545
215587	506199
212388	526811
208359	491050
202969	507510
210805	511033
203755	500019
211460	502511
218859	499075
213127	510830
205868	508909
214648	510912
212715	514076
213047	520888
203658	500679
202957	496859
212478	502169
198847	511859
209078	518053
207121	530669
207926	537704
206351	524588
212774	483625
207231	508841
196566	510517
210548	498822
217114	528177
212267	499506
214936	500385
216776	508926
208731	511679
207443	510576
207720	497985
205220	491367
208320	510463
201242	485913
208189	496004
202796	519018
200492	527930
213713	505470
216833	501611
205255	517479
204481	513534
200606	509144
200488	512455
210498	521651
211112	498751
208212	505338
212136	534010
204363	510015
222519	496810
215106	513865
205109	527323
212866	508708
213345	535404
207463	517671
209430	520425
212960	502127
212992	509265
207535	486103
196329	477157
207142	528108
209147	505779
211901	528909
210597	495257
213995	508207
215885	498803
208980	502209
216538	505566
217421	512723
209703	523467
209702	519144
210491	511585
201048	496862
211953	513916
215069	518766
204873	526176
210300	517230
205907	491131
203022	504909
210098	494243
215665	519781
207859	508168
209692	494177
211640	531335
214839	491176
201956	483462
213884	518963
204376	535813
211872	508390
205233	511264
213984	515900
204828	510596
207045	491860
202247	492877
215733	513853
204657	524883
210374	528766
212338	518808
193837	502288
211548	488126
206339	506728
214710	507245
206826	505574
223077	516592
206055	527894
203859	514883
213923	522891
208250	531970
197243	500544
213223	491342
204482	517226
210303	512123
210147	509452
207771	520545
205370	496958
204524	499556
203722	512396
215075	506867
217728	516715
203699	491963
205574	522336
206252	520449
208407	502227
218842	507297
208087	503719
219491	513314
197038	506963
219999	533648
203789	496890
207835	523204
197939	512755
206989	499039
200661	504200
209701	485061
195907	487899
202723	499998
203102	524135
210802	522514
202559	508336
204683	517544
212274	522481
208463	530038
203474	518151
208029	509163
203258	466952
222855	527115
206227	499903
211565	511649
208825	519734
206595	507820
210097	535133
215113	502180
203633	513317
215748	526265
213556	532054
201873	497810
206929	507615
200846	502933
207011	526935
201814	490261
208381	479523
207150	497381
208018	538551
201642	529712
217730	535964
216422	528969
207180	515379
209990	511486
200833	486376
203084	491682
206180	517234
208401	492993
203532	518428
203184	506436
211728	489143
218056	509961
219157	500905
206767	517313
218400	509478
210470	492597
211988	519282
199029	508006
207377	516021
211724	485642
211167	511303
203254	514210
