143233	332763
137285	349299
138906	352152
135531	323231
136054	309636
144070	356138
145240	342669
132758	345772
137707	352477
136116	356112
149930	344467
142116	339635
147721	344528
119045	330785
131081	328912
144435	334984
124747	292188
154303	356060
132252	358007
132188	337877
119916	363050
145605	359482
134491	323516
150841	340216
134066	369169
163429	354923
144307	324622
146585	329952
152801	322491
137454	357862
155947	310551
150653	370575
139772	312284
139394	332596
147299	346812
129811	360470
136657	323527
142143	344615
124630	328101
139995	288268
143439	321842
135748	333803
150022	350811
129761	343237
126615	305407
142413	337771
139843	318395
154428	339128
147463	360666
137046	354455
137387	336013
133067	300059
141187	323610
145758	348303
148810	330001
123948	334162
164727	341548
147532	360365
147953	346994
127864	319755
134137	337886
131515	323747
142704	350943
136320	311392
144474	331356
136336	343630
136088	364436
137954	377602
143489	361253
159839	332172
135236	312768
164894	318100
142493	331231
133285	340077
167729	331664
140894	362660
129653	323894
137929	327170
135048	351496
150979	348470
140407	327706
135887	336563
143806	322872
143255	322553
141468	322609
170667	370777
132181	348306
128043	316396
136182	319371
140699	319813
141570	353256
158260	330962
138530	347030
145937	351280
142614	308114
142784	296394
141801	337388
168352	300599
139274	326757
135093	336331
138294	371458
148708	335718
147973	355794
136389	347974
125530	332399
136291	334532
127285	334769
139527	333606
158210	368125
165436	368634
130386	330189
149352	348311
129662	333322
129354	348177
143111	316126
143919	320627
135419	303609
166868	319555
149496	329810
134138	348277
132531	319876
127365	331918
151762	363764
171871	343125
153313	314772
140690	324568
143139	356194
137815	320528
130213	302067
146541	299882
136121	331099
143946	361468
133635	332782
155817	358867
143264	333711
155050	304805
127116	331469
130454	336220
144831	357689
142559	354379
130200	308566
126455	351293
130810	340065
125706	323123
157291	347437
149322	344975
139598	359277
136691	339408
116411	323914
134376	320357
160660	351757
125358	331754
128597	326525
136970	315061
138122	346486
146466	333871
133983	329130
176603	332491
127784	339245
139323	347211
138346	319071
140238	345701
136202	330398
141026	329072
140454	356116
130859	317516
149958	337304
132154	318915
136006	329195
135715	313942
144741	347811
138451	328844
139580	330059
122846	299560
128194	323244
136569	332623
137248	333921
142329	326627
132614	359917
144415	370128
129164	350937
133313	339828
160355	329391
138850	360279
154366	345081
138588	339866
153108	331624
142502	375352
149314	323929
143429	347574
142466	347284
141541	351006
131386	343695
140476	338269
147716	386175
143584	348971
156764	321855
138264	338688
163778	337971
151767	340339
162163	356816
125512	350122
134479	308764
141521	353939
142453	356998
141424	315017
150549	378136
125768	326986
153870	338896
124638	336004
138821	342226
128764	351350
137730	334449
135298	327707
132104	313025
140449	338982
125145	325677
128247	327168
134105	351388
141714	336943
138004	353763
138461	344839
147761	345097
137215	351581
134009	331632
142725	340355
147083	354332
143643	315092
151325	352299
147693	363880
148374	348826
137505	322182
144787	348132
123381	327753
142752	381099
147542	316947
130883	352831
141673	331551
133698	325763
138293	351457
136443	351536
135143	340668
161982	334076
167468	326772
138449	330527
130165	332334
160908	348672
136129	318283
144201	352845
151825	321685
143815	339892
151331	365021
159547	367363
163217	352680
135831	329793
135586	328382
121785	289258
157152	325730
158864	334509
135402	334856
144257	364175
164810	363871
133268	334908
175795	375562
134502	347764
135797	347130
133970	311477
119231	337315
138149	339628
135874	335015
131605	331159
175557	395825
130236	317831
128014	298486
147119	313645
127671	317901
148130	339267
135113	312554
126962	322527
130373	344902
138313	318313
124586	320093
134616	339744
129429	352017
132714	332444
152604	331239
129515	337129
129621	347841
133555	339081
143782	326039
132025	329314
134523	314621
145327	334585
148600	324264
136196	337798
157060	333147
138613	339017
155847	333420
134769	308754
137780	378818
153926	360109
147170	322998
144387	306657
151018	357566
143505	339245
143171	345569
139684	343065
138970	335081
136793	339945
154261	399532
142221	356809
146341	335265
148487	330893
149085	335952
145575	355791
152125	356386
142471	356961
123977	326546
134233	345385
129917	327209
162882	331262
158543	386135
136631	319858
132167	341718
130611	338782
148380	329536
142990	380885
135452	317539
127529	297924
138719	318383
128984	351344
138378	352709
145032	400554
127774	362803
133140	357883
142448	326601
131557	321726
118591	305991
145155	331361
165188	340959
126996	308743
152223	328369
164529	333985
135395	337313
147483	326866
138396	328989
126100	341169
144344	356547
130592	323445
167664	345631
122685	331661
130202	347032
157292	329253
140283	340810
149688	354240
135188	335381
136528	327767
171161	412148
128904	336891
130104	309543
126900	317699
154677	375940
140855	347190
149523	329545
164400	329076
127160	362821
130771	334970
149480	359185
137535	339384
137721	336212
137725	330734
139321	356307
136968	315816
140382	297266
146608	340764
148911	341794
148712	389581
161622	333549
141081	352076
137381	308604
132781	319159
166868	373451
158825	353518
129366	339466
136249	351335
136587	334903
119508	330843
137009	338755
158560	352120
138339	361300
144367	350578
137075	323447
133327	334617
135564	316107
156400	323575
139666	357437
145919	336869
173965	372121
145672	331320
131687	307316
132621	347894
131108	354247
129722	311594
151033	321503
143022	328722
131859	342360
138267	351481
129635	315720
134863	347238
147880	346755
125957	321279
147949	367625
130644	338341
143890	331592
140962	332649
132947	332645
128300	323213
153204	361518
155406	342796
137297	342812
140506	339475
166044	382625
133188	320409
126301	293010
150862	344508
135098	340237
124774	338990
132530	339305
140225	333583
127566	299745
123368	328644
137854	323571
161533	328842
132787	325470
130181	359625
128824	356854
129813	316392
142848	321849
139986	330865
136192	313549
125528	327645
155259	362713
151015	317521
137679	346634
132955	351444
124976	329044
134293	343123
147405	346289
147866	340653
139436	330175
139661	323379
143223	356446
140071	330146
134416	346312
145031	344587
141787	348999
127403	314949
133116	323645
132231	312933
169642	344397
152173	354078
140071	320509
141733	348102
130000	323969
141380	345443
130377	300237
157753	364064
170714	335399
136977	342597
130437	321784
133492	347256
139314	336791
138542	346021
119177	307259
151480	324205
147987	304728
140563	345624
147059	348654
160927	366388
155073	331788
145487	341468
154007	354409
131370	303393
143128	319282
136251	331664
132425	319514
132044	329891
130190	325560
136081	322541
151635	355571
148839	344537
132649	352553
154115	342847
128457	306110
131950	305928
138156	348579
139213	370801
140192	322184
133118	318517
132920	359042
