230020	559133
234619	545669
232840	564859
226793	580415
232536	562917
222224	549459
224815	565554
239486	586161
234896	562932
237880	584462
228366	566011
234097	573154
224672	539423
234295	558723
224726	556412
226338	567382
229697	586103
219981	552204
234504	550083
231660	566911
237139	542814
223211	535120
240273	575076
223973	572898
230304	564301
233855	567667
233076	585825
228054	582493
227730	567748
234379	549602
226518	568216
234536	547500
229176	569555
224821	558263
238305	548825
229310	529667
230945	543364
228879	565607
228337	549141
229382	586591
228250	571646
225221	547656
229914	557968
241706	571158
229749	589639
218576	544936
242058	581635
213172	567904
226373	542861
218391	552905
230627	573136
230174	559303
231217	563013
224393	564376
213098	579923
234819	539451
224201	567785
222461	560625
236171	579455
240919	574771
230717	554279
234572	574971
227721	543963
226362	573246
224407	553982
231567	559248
231117	559670
234739	551859
224105	563406
228640	579890
228391	578627
230636	579762
224669	564198
232714	556842
235927	585411
221671	564032
229938	566792
231430	572186
234455	553926
241020	578577
225142	588910
230290	567773
230833	565055
226294	563762
228111	575045
236001	569360
224422	571170
236310	566018
232125	586333
229894	572274
228739	550418
239358	570558
237055	566507
225531	549532
243723	573453
227785	570069
229290	562746
234038	597208
230761	550292
223004	552625
229934	546803
224981	580712
230632	561263
227860	555629
234899	546033
226161	544949
219826	551713
233186	582513
223953	560899
223147	555664
234170	562698
228643	576849
231750	562140
235198	543603
225128	575688
236677	574836
230164	566269
223212	558009
218777	569619
241270	540867
228744	569551
232763	559944
232087	565880
224810	549527
218412	549189
230194	554973
236517	553600
223192	549059
227263	560991
242581	605807
245369	561710
228550	553897
234957	548755
228275	535758
230765	578900
224727	592980
237244	559572
231050	547694
230822	550813
224572	544684
228925	572499
233500	544879
236742	576014
233881	575019
228817	548867
233604	555846
223519	552484
233770	575733
237140	557844
229299	582824
240323	587540
239783	559629
227426	553215
228285	553007
228348	543821
229768	564638
229503	553109
225148	578845
232382	558934
226355	536212
233934	589838
223552	537550
232017	553970
229033	588601
230255	562193
228232	572389
236414	567424
224109	551038
234631	577007
229452	547538
231890	549983
235804	572810
224946	568404
227599	573196
230627	571973
233457	600534
230339	566237
223546	576084
232876	538085
229940	566215
231583	556650
226370	560696
227057	561160
239000	558219
236484	542858
236883	552194
233989	585255
235093	566917
231911	566229
230124	554549
236691	538544
216467	554249
228610	557885
230854	582009
226536	557133
228520	552315
243543	583706
226215	553330
236674	576847
225948	562210
232927	559298
234025	560484
228763	591571
227118	559485
232975	566621
229378	560908
222928	580563
239419	545149
231993	585773
240325	577067
233177	559145
227740	536461
225889	575294
228470	554121
234957	585362
229932	535077
233153	560858
230732	556822
221311	570941
220798	552568
223823	553919
227527	557220
220476	565310
227317	548743
229708	565763
225568	564525
229619	563585
220597	573578
229551	561970
227498	537705
229343	569843
233725	566246
239436	560340
228510	568759
232744	550865
241267	571391
240357	564194
226970	561673
238875	580041
223302	552073
230379	539463
235466	560720
229832	557142
239108	563600
225682	550029
236589	546794
235703	586361
225004	568468
222939	574554
237805	592034
232720	569386
228049	567324
230926	553063
232394	563244
228654	549511
229270	587410
234063	558874
231398	584654
233339	567009
221876	545204
219756	557118
236492	558746
230131	553048
223495	560548
234448	560479
233057	568376
232996	583695
242532	557346
232622	564326
222227	563706
230386	571008
221987	564879
240141	567857
229440	577294
232647	579805
237717	572562
230207	548436
222242	584303
239302	558212
229302	557996
223207	566149
238865	544657
231066	570744
228839	542693
235714	571451
229640	550387
227607	546961
227049	557851
230361	550514
220329	559651
233380	568921
236818	562872
222254	582596
223659	546527
234888	549548
230513	558536
220818	533630
234410	574289
226087	572491
231327	573244
222882	575795
227745	570450
228913	577151
227497	547373
240967	561528
231708	559742
226243	537697
226964	561688
235190	551561
236102	550867
235473	543725
224557	558859
224155	567425
231096	587547
227927	567652
228877	574535
235210	562573
234515	562715
222801	549107
238556	573269
231532	592613
231444	552524
241832	587625
232496	542367
231406	571246
227372	562780
247341	548366
221677	561059
228335	577381
239889	577012
232105	546554
228648	548432
230220	539869
237199	552960
230175	546466
222409	580102
230423	567016
224680	577360
220767	568999
232977	576714
243761	588590
225603	549700
213005	533309
225738	561442
232446	577596
220077	567335
232769	556186
225224	564718
229549	566905
224806	562118
238922	569518
228050	562277
223573	561632
231395	562753
222044	562633
227622	536640
236290	568197
235880	546844
233305	560130
233559	583654
232850	564059
224649	534048
233102	594505
227765	584001
237901	583104
240902	550033
235384	567529
222211	544370
229875	571558
226202	552712
224240	554763
226608	573053
228170	571168
228671	581446
236961	559485
234909	549644
231032	544874
230189	570729
220672	554950
226971	589962
233079	575398
227218	565521
222944	534267
235997	541258
232299	555150
221312	555958
230419	569854
229144	566037
239519	547123
229359	541931
229536	574415
239044	563252
227972	568861
219678	563398
237634	576272
232221	568776
228643	558039
228574	553123
224689	571498
221995	581307
227774	560269
225296	555635
232828	554704
227673	560844
227590	569752
240514	551936
232719	576605
229365	570255
227585	557430
236163	571756
229656	570928
225901	546882
228923	554564
230488	572973
226036	572108
228008	559584
233295	558158
219074	556223
234813	559191
231600	561172
225152	548895
233174	538514
233656	586995
227403	575416
236532	563894
230043	573847
238825	545988
225311	555560
230699	573925
224656	570930
238370	559624
226549	559912
222802	565692
214926	564272
235797	569776
242269	533202
232457	586447
230546	549308
225137	560758
227485	559998
241452	565497
231007	568697
231249	559327
228580	550099
230216	567329
235007	559536
230321	551392
224650	575908
235901	580474
231123	553137
224511	554503
231742	569020
222964	559349
240867	565429
228412	553711
214072	546474
234225	557256
229863	558959
231578	560503
225969	553931
230153	557856
221135	561722
227369	546789
230458	555225
232063	567674
231007	583800
232876	553767
235755	554086
224741	569659
227906	541632
226414	551031
229629	549426
227106	524022
237071	558014
230979	579809
218567	574349
231576	565350
233528	583864
228454	541918
223491	548348
231974	546445
226719	552849
224407	578412
233181	560289
241781	589505
224994	565190
230113	580277
235723	562851
228485	571036
228186	570406
216054	542445
235496	555068
221112	553462
228617	576088
225401	566976
245274	559124
230767	548437
241773	545832
227873	557157
226983	563167
