131892	320597
132129	324753
131384	315249
123050	334678
139968	297410
123986	315701
137516	326089
141556	357775
142144	348929
144880	367574
135095	336203
146561	366869
131444	318651
126530	303454
116096	301580
124407	318601
114814	307762
128609	327884
135055	337505
134855	336399
128104	308183
135671	312772
138571	326708
132185	317061
128156	309940
168810	386562
143520	337950
132369	339940
145650	342860
139441	318902
136797	329818
141068	327817
128451	330721
124622	311251
142084	316358
125415	306002
132949	309167
131854	334170
124378	325915
139917	344721
130724	323032
126932	310187
131662	332337
134162	342784
137227	346305
123698	305728
146618	313103
122155	313033
135872	329416
126281	325250
137232	343776
127796	311740
131296	325819
131818	321960
125874	342117
127400	304634
138968	339722
133367	327605
138842	322108
138970	317159
129463	329498
132515	318319
128513	307178
133586	303709
127546	310530
132523	319982
138741	353808
131464	345480
126732	326297
138736	331053
118620	331882
147791	328615
130417	321657
131615	312509
152776	353255
129861	341838
129184	314487
125563	315770
128780	315487
164118	353811
130673	337469
139133	332114
137488	328777
138680	321831
127322	318429
140311	330855
125368	312328
123596	329065
131536	325323
137731	339466
131095	310221
150830	340729
144528	347528
135453	316960
142750	330334
131387	329718
128335	330942
160822	382332
131838	307631
133325	316861
128294	317917
146737	395436
135151	327885
135945	323857
137276	327837
132888	308456
120341	308565
139006	342884
129142	338396
140007	336849
123024	302046
143795	376055
124651	295665
126061	297745
129238	322298
136167	325041
127712	314477
155343	331114
131172	356329
137336	300048
129108	329877
126135	321980
141202	328257
157966	332868
129401	326004
129006	296034
146414	345969
123817	295562
128678	293761
149030	338038
140405	309035
126034	315417
126567	313614
137282	305934
128985	329185
133782	324224
138130	323515
128188	317822
136685	332713
133866	316024
123068	318133
124727	316230
139984	330028
125630	313141
146102	337111
136715	324234
118366	335017
131543	330464
134845	322622
121943	337083
157971	366841
133952	310031
129696	334430
132291	300882
133704	317279
135109	329627
120413	317473
147453	342649
138151	341004
122363	309862
134475	329184
130297	298802
139351	317044
135114	351406
149632	332039
132862	324156
143453	313911
125340	315984
129725	327379
130208	298672
141537	319193
130422	320862
130018	309290
119392	313872
133888	341246
143305	367922
134386	339718
133340	330498
126792	310778
142063	335168
122819	307760
131123	342078
148971	340484
138389	358377
165584	327431
138787	326238
140768	323048
144439	323628
144621	331724
148910	333517
144900	322080
118866	313124
127372	327228
136761	357199
130638	344462
128629	302535
162046	341017
130317	316469
160511	354090
139719	335124
160989	355152
136421	334359
133217	319750
128031	328657
142508	363934
136595	323992
135861	362616
136248	307809
166957	366437
132894	334556
139704	305413
137429	324818
133336	339501
133832	313541
133381	316860
132428	302651
131042	310551
126102	323014
131972	336410
129821	313511
131399	341621
136410	316830
123353	318803
127534	320206
126999	330071
134608	337458
134810	309024
124773	343122
136303	311042
137808	317341
127275	326534
138201	344957
135973	299423
123691	332230
138479	345854
151758	340107
138033	323142
130440	337450
135335	321122
128276	324770
137560	301708
135548	340519
140013	331422
171071	367182
126436	313938
138607	309723
152945	345398
119753	319241
132332	321792
166781	349197
137503	331459
141049	331996
139862	310036
154567	333657
131940	320562
127628	345881
130617	321640
135739	334960
161896	357512
125313	322048
130225	347347
160682	335418
120499	300112
152278	349066
127220	296538
143466	346482
144884	334580
138479	325321
128948	321467
129606	334336
124138	336753
153390	338784
127593	306529
127593	304695
136323	327183
127659	321009
148625	315563
127559	356895
130475	319512
121250	331022
124888	323102
137256	317698
132870	327146
133031	307263
133315	322981
141672	316438
131597	324240
136010	338200
127043	306620
122848	325612
132044	307594
136848	327039
129592	323473
129707	288963
127816	315348
159502	336911
126696	305784
143707	345485
127476	346573
139402	345092
129964	351151
132531	334848
131710	305715
131998	333857
148616	320015
144797	328738
128290	294138
131146	321166
136124	326998
149318	342555
137105	337035
130335	322648
125383	329628
135155	350244
135883	306704
143226	342900
144234	355937
127524	302363
130240	317404
137572	323902
155881	363389
143356	336461
145369	351292
127549	305577
131608	332717
140462	324635
155715	342374
119867	327281
129316	325694
145533	327455
118232	300721
131389	316715
134298	325343
133213	334984
124722	312603
118694	323830
128354	336655
129854	320709
131996	333917
161929	376661
144216	339194
134744	315962
134152	301327
129246	313710
136571	333272
124894	340231
131157	306043
139299	329415
138786	328217
142272	328853
136033	326267
118869	346195
147382	326422
136664	316288
125527	350008
120101	297850
142799	364169
149986	334875
131154	320512
133170	340129
123686	300764
134960	316950
128437	351539
132857	337725
163545	336860
134782	333319
131397	331622
146374	337448
124847	332306
136090	325712
131240	281988
136861	349656
132937	316798
124258	314254
149771	356467
163506	327682
134409	321868
146879	331173
128105	320818
134286	339633
130396	326830
152633	326146
145235	327174
135661	316963
142407	298253
127135	317934
128200	292689
135854	328457
149027	324000
130679	324651
130551	329048
139188	308307
133484	329282
121976	326427
145740	341889
136771	340582
140339	319548
146615	319212
132410	327113
119364	316765
127572	312826
124003	322218
127508	312114
133147	321819
141518	359601
137502	307104
139112	345190
131761	312884
122476	309311
140987	336906
124420	328039
147482	332143
125500	313597
140064	333917
131396	343195
127640	324584
126822	317140
129881	335958
152699	345732
131827	327740
127663	321121
153207	339035
149576	364716
127087	313911
141221	333823
139359	355410
147777	312260
132423	328152
138531	342959
127450	331294
138811	322132
133228	316197
157046	339128
114580	312818
135286	324181
142849	309191
127348	326278
151605	326167
124498	313593
133080	331160
129875	323186
149418	331801
139889	322768
128463	320228
114443	323043
128180	310184
130023	311161
132920	327291
145087	327246
131999	329199
128515	329502
135354	361573
114782	313793
139256	336764
132511	311169
114105	316356
128373	326355
123032	309444
127390	297550
146293	316421
136900	321721
127795	339745
129633	311918
127782	313443
132746	319091
136105	337382
148985	339973
152267	319987
130437	345440
118514	292419
130700	312098
124291	312970
125470	296150
128378	312177
134756	328113
125596	325831
138912	345387
139425	332143
146554	349069
138281	310602
134644	330994
135160	299645
114142	332240
148889	326192
141251	331880
131877	318836
118161	330343
126582	307327
126022	303563
134548	336773
117521	288387
136301	338308
135461	325107
125613	313841
122546	329028
138946	322095
120338	310329
146483	282436
121752	318721
126113	328008
