339923	810936
340406	823597
335618	818408
328515	825517
341323	818297
333865	841450
340837	826258
335019	827998
338259	817115
337556	844595
340390	833714
341599	823558
337616	819907
327350	808455
331302	837167
327375	813442
327788	792968
339377	810973
338014	841527
333429	821184
334178	833783
341299	807417
338663	812263
338470	803114
325762	816716
349846	853645
345776	829955
339192	838019
345248	825648
340246	836826
340001	805373
343668	834143
335301	824431
334160	801755
342389	816732
338062	823156
331761	827904
340630	813674
333588	819370
334378	811044
336328	798916
337123	813409
342357	818776
342059	827482
336816	824997
342254	807364
347411	815397
339566	814018
340889	817845
340002	834458
335685	820903
339007	796707
338650	823332
335656	829082
339039	831427
331923	820732
344836	809415
338936	836269
335961	828801
338325	823015
342690	818063
341788	819035
338161	809886
336920	815856
336347	833793
335961	823202
334911	851174
339546	843005
341970	839454
342389	814707
328484	820800
340904	811112
338678	838957
336862	825212
338841	828218
337631	856114
333106	819130
330451	817277
325837	809856
340340	824462
330314	827550
338717	833937
336584	824838
337661	807680
333126	815280
344854	837567
333977	835981
338951	808565
339981	825326
334952	820130
344585	833719
336948	800340
336187	831550
341724	830525
337147	806115
333413	809108
335338	807108
347903	826131
339768	825784
333750	824989
336108	832857
338068	835742
337504	812409
336778	799710
337695	826774
338999	808863
321988	817371
342426	851431
334926	828209
344389	826441
330778	808576
333050	827949
335642	811283
331959	812146
341621	825719
336612	836011
336189	801122
341340	805580
347485	825360
332621	810687
332246	817238
334812	826002
338164	837737
348883	828892
339611	812699
343250	814363
338605	835095
335255	806383
335114	806206
342686	806677
336921	830917
331829	824724
330071	811464
343730	831398
341454	814377
344918	812691
338130	817586
330026	817077
339846	831447
342816	836711
331554	816418
330085	827841
341998	836422
334987	803569
352003	822028
335182	822618
337209	836536
338574	796464
336825	824459
336045	831037
346615	826172
334341	833333
331382	830287
336268	790363
341959	826437
339901	815734
332828	814932
343190	834382
330224	819466
342387	829807
346128	832187
327279	806147
335325	812096
342849	823448
336201	832397
339955	817996
345696	828773
337997	828627
337175	815052
339853	805729
347692	835548
330816	820553
341298	799476
333876	816585
331506	843937
328584	820367
334836	824444
341783	844026
332026	816024
336422	831922
329624	822844
337071	838165
347380	828965
339076	829687
347510	838466
344250	824419
340609	829763
331114	845691
339604	810547
332923	820746
335167	832719
332114	820916
331304	823747
335666	826539
342368	828551
335085	809184
338531	804497
339577	810949
344554	816712
333367	829503
342987	830945
343190	827377
337672	808513
328808	825181
333751	843905
336543	842640
337269	839143
333785	807646
338678	838599
333130	850827
336457	812543
335973	831349
337724	840208
335562	825189
336668	821792
338552	800889
333761	831735
332876	814596
334053	848450
338806	832092
335642	831497
343914	823551
334841	826385
332563	833732
331553	839473
340703	848300
337273	833079
332031	822374
337579	825700
342408	844457
337659	816987
340853	826140
338965	814638
331151	820796
341177	818958
338260	831983
340778	848477
338368	824928
334867	810787
335971	849508
333975	821653
334774	828291
338865	827658
354675	821982
336310	824002
335411	811592
344323	843239
333132	812555
338139	828113
345607	820149
329600	828151
342737	821347
342389	826036
351737	834659
334185	820877
339981	833620
333750	819024
340563	822423
341623	830682
333388	824665
328953	831167
346474	834527
329484	822207
348047	831019
333710	827417
336453	805931
336285	817173
329829	829732
334748	836797
335104	822395
336390	816532
343213	825781
342318	820956
336099	800525
345668	829136
330944	804200
341065	819940
332964	818629
334613	808877
330643	826959
331922	822168
337057	800600
338145	825703
335391	822334
327639	822210
337648	808067
338688	822622
339256	832929
332517	814901
332077	805901
337894	817198
341165	820697
340273	850710
336227	818087
338875	803267
341129	832777
337784	834913
342809	837632
335504	823103
336401	836283
338858	841050
341595	831569
337162	808483
339557	831793
336812	809235
344309	848851
337285	827101
335590	805020
338641	822886
341772	840773
330188	809039
335182	818799
332771	820661
348526	846025
346508	821824
343541	837902
338113	825074
334069	806573
340204	820065
335292	811351
340902	829346
343096	820817
338573	819032
336491	819568
340543	838229
338250	830139
351848	829204
335033	837010
332729	808868
341748	820905
331701	802307
336454	826670
337881	838143
332952	835274
336054	841988
336970	833616
336476	814281
325341	824544
330746	799498
345893	848520
340045	802861
338129	826270
339979	823716
340261	832695
341466	835559
332141	816836
333786	824601
340501	835708
331060	813323
336663	813935
332733	844090
325029	844079
342158	814151
341139	820349
335410	826609
338407	820800
325322	832995
337330	813197
337253	833910
329570	826278
331611	820469
335931	829217
341769	828327
343698	822299
346197	818712
335267	855626
340007	840584
340371	828756
336352	837066
336471	829438
334084	813811
337539	839372
336712	819323
334275	801769
347663	826883
342321	817485
336735	835495
344136	831603
343177	841339
343357	832747
331692	822756
340071	827787
344058	820904
336254	809254
334932	807772
336467	831835
333915	820397
329743	826488
345884	824531
333225	831611
336246	834595
336656	781286
330842	821473
333074	826718
342792	830501
337528	826375
341612	813871
343993	823345
341169	799485
327467	826286
339192	815161
328351	817327
337318	819058
335275	805514
340804	839139
338171	822710
338368	848895
335622	800186
337077	834790
336134	818110
331642	826949
338476	823014
335603	806410
339312	830420
338276	837672
338183	826706
338272	834611
341162	832935
345702	832469
331304	815103
345850	828700
339719	830129
334826	851073
338834	816932
336449	819752
340894	831223
333435	788937
331211	833797
337640	832795
327248	806266
335128	825137
341625	813213
341837	806323
326672	815943
342159	844477
342621	838767
337720	809231
347045	826152
338216	827857
341156	813230
330952	816449
344945	829014
344978	824864
339155	829891
329090	820974
332286	818428
337602	823010
338906	821093
345571	818423
337604	830030
326398	814627
340495	841876
331365	807155
334145	841013
347200	817897
330562	823024
333633	827360
342489	823887
333941	813130
344728	826204
343212	825392
339440	825274
342624	822942
330527	815947
335232	829542
345276	818170
340978	829222
346330	824320
337640	835878
334900	829588
338238	819882
337168	834066
335209	808878
336415	816771
339969	810826
333474	811192
339922	838813
334147	840420
345298	841493
351434	837444
337080	814185
338796	828672
332156	812843
334125	813547
342649	837276
342998	798112
331508	839965
328153	823032
336178	810145
339757	834116
334788	810881
331215	823044
334591	818402
331675	810410
339519	816545
342846	839134
327464	834722
341699	799035
336835	824622
326723	839638
