277964	658250
270465	673442
275733	677807
272582	677899
277371	647193
277231	684510
284252	680208
274935	672363
280156	683723
283060	713645
281841	684915
281695	681484
282326	672084
265731	667113
263446	659208
265055	676219
257006	639963
285623	693068
277228	703732
272666	686372
263274	688420
282654	650225
276054	661600
280652	665643
267976	659031
298553	732448
285865	660887
281747	674559
291010	682914
279234	690054
282706	655887
286445	694054
274508	682630
280997	667320
280367	675658
273310	703145
268498	672578
279657	682350
266102	680168
275267	673354
280595	661360
276086	672935
279622	679666
274730	687951
278247	669271
281233	660650
283514	652298
282146	664277
282710	696192
271638	685428
276651	679815
274705	641001
282459	682800
279512	675215
277008	689267
272155	674735
290953	681785
279721	693569
279260	676481
278879	672975
279446	682950
279615	664567
278191	671490
275541	641444
278299	678413
272348	669614
276373	703370
275955	701134
280292	686728
287350	661454
267177	666397
289066	665995
279160	675591
275424	682159
283178	679011
282363	720702
272323	649924
275022	670490
272053	671088
290748	689624
272705	679335
287046	671392
281248	683125
282719	665308
275927	674218
286089	695549
266501	679722
265228	655775
275359	662900
282327	673287
279065	669458
284497	654548
277483	680200
281014	680646
277519	672177
271925	643251
278830	668487
290723	674212
281602	664596
276577	678319
270794	682897
278165	693500
278751	682297
278519	676219
280698	690352
279956	664780
263875	675963
280464	678875
283605	694542
281772	696878
269949	668675
276475	682397
262760	660594
265855	670147
284001	674289
281547	674991
273859	656233
290640	645719
286575	686852
272972	662080
277812	663216
271374	680486
279136	697778
302840	688394
280719	666797
276032	656273
281218	710357
272398	652264
274270	632929
283796	653462
279742	687799
278698	690746
270686	659746
290445	681566
277136	677876
285853	655116
275805	666831
267058	661211
278572	685548
279576	690336
270887	655187
264485	685705
284709	683421
270202	653634
295103	686795
279962	683907
271523	698946
280119	661969
271849	672331
270898	683012
290945	685710
269364	676637
270229	688681
277747	628961
277833	685508
283252	682201
265079	671506
297109	676482
274127	691336
277448	675959
282143	673322
271161	660283
279532	673474
279657	679352
281719	695999
275243	668097
291484	675721
275029	672703
278287	681437
276844	641961
291088	693734
268067	673595
285070	668487
265916	661747
272996	704336
273560	685496
281208	687754
281430	681635
271627	684314
283878	678208
261306	676513
278913	703022
287021	681151
280015	704144
287806	681405
280253	676051
283719	687947
272894	703118
286694	664515
276048	663413
281041	681389
272942	677040
271617	700263
279943	688879
278732	697671
276004	652853
282195	655683
285361	669149
288711	681890
276667	690010
286206	687049
274595	687361
276124	648669
274591	685677
281775	686237
280972	683645
282549	706880
269195	663801
286449	692509
270826	684895
273638	659184
275738	678021
274645	683831
277423	659808
274406	670434
280503	651473
273297	671697
267249	677490
273698	694513
278147	664544
267401	680177
283660	668227
273586	672467
269329	684935
264657	683531
277330	682956
275454	664480
275562	681010
283539	675189
285395	692065
271835	671089
283803	672043
275132	661895
265787	672923
280807	689293
286022	692022
279922	679322
278175	669991
275340	673125
279701	699864
281315	673531
277344	682913
284131	679388
301730	682988
270606	673469
279541	653465
281792	697583
268776	663884
273756	671988
290382	666701
276029	682656
288967	689464
285606	679019
288126	688388
278798	673089
278444	699553
272013	658435
282676	668651
284131	691097
274704	684855
271489	687689
296546	706504
265752	645408
296294	706190
272900	674182
277339	682930
275461	670678
273642	692949
275010	688919
275038	686454
270497	670804
293581	695262
274094	660483
272189	635471
285505	667444
265373	658011
289102	668661
274695	677552
267696	653956
265847	684441
265967	670053
273123	663466
276944	699156
270546	669568
271031	670375
280665	658289
279515	683705
278381	687318
272726	667990
275515	668834
283192	676092
278457	686010
281450	693213
278513	654124
275193	667835
292562	684540
274676	684124
291256	684631
277612	682443
272161	705006
278741	706672
281474	677109
278426	651304
279900	706405
281994	667742
286645	680744
279307	667137
278182	660478
278514	678938
288450	711201
275775	689054
271962	647607
280577	690536
284511	684287
285147	671780
287026	690479
279119	690659
273360	662825
276517	678843
278302	671029
284349	688994
290623	689990
278339	666335
273728	680963
278635	687797
280947	682561
287382	692432
269750	683382
268476	663532
282468	669406
264047	665616
281514	686006
280716	719089
274286	704184
272585	685882
276048	661485
273546	684163
266478	668754
280352	675539
289407	687515
277262	660028
284924	673015
289774	660615
279054	678162
275638	674186
270343	679683
272475	667743
283108	677603
270032	657153
285355	681202
276929	688878
264917	705963
283357	663330
281572	670219
277913	706385
269074	663869
266236	685926
279140	674370
272577	701838
270634	655897
274100	658082
281723	692342
275278	691258
287666	672934
297120	677552
274806	717576
276294	689549
281644	692196
274585	686659
278005	682724
274969	638746
278539	696291
279906	668548
269917	652912
291125	694550
287737	679848
281297	699565
285551	674319
282311	687478
282586	672089
271953	660176
287880	673083
288205	682132
277473	669813
271907	665000
279188	678995
266527	667009
275711	674880
287450	675988
276030	697616
287038	701969
277225	644579
274218	687946
273102	665860
286955	685442
274088	685235
285144	666277
291206	688265
282638	662037
264251	654959
277366	679985
265576	686579
271948	655562
274111	668455
281690	683022
280300	681249
279604	679502
271569	654271
274683	683499
276771	681579
267393	682658
280783	685670
267102	663980
277813	683845
274493	692214
276223	674351
273875	671089
281285	674555
285585	696834
271064	677471
281104	686073
290549	703050
279370	689279
274200	660012
278968	678250
276945	692286
277649	666424
276010	698764
277097	688750
267322	662302
272471	674591
283237	665859
294391	665852
261533	650334
275483	699286
276638	674651
274157	660680
286602	670283
275627	675004
282994	677978
264803	662528
286159	690652
283678	673509
278508	669518
265974	680710
269257	669514
275740	679064
286580	673450
279031	675904
277331	676172
276628	671888
283382	703622
266164	667537
273893	701991
277768	669329
268561	688241
266440	676785
270837	667407
270250	646520
292504	683434
285693	676359
273412	673496
278258	677239
269125	668739
278986	690125
280231	668266
291068	686365
294948	679587
275740	698216
270178	658606
277772	677398
272724	673933
276076	672969
268205	663202
277808	658949
273972	673729
273992	715452
281765	697957
291679	711579
289527	688041
275439	672324
285640	674213
262418	665513
276064	645027
280812	686390
278018	652613
260125	682133
264024	664032
280741	663428
285270	694285
278961	651866
273446	686748
279733	679912
271926	664183
271553	675937
277319	693791
270688	697619
280202	642875
276360	675698
267157	690000
