2298	1905	485	1097	1813	808
2499	1351	2499	1351	0	0
1078	484	699	237	379	247
544	2334	430	2334	114	0
1270	670	590	517	680	153
1013	2675	693	1681	320	994
7013	8819	3056	3751	3957	5068
3419	7494	1721	3675	1698	3819
2763	2490	1677	1327	1086	1163
2816	1573	2321	1573	495	0
1374	2047	1131	1440	243	607
4207	12151	2196	6246	2011	5905
1134	3119	847	2246	287	873
282	3442	282	3442	0	0
353	5598	326	5146	27	452
5222	5064	3237	2762	1985	2302
247	1690	202	560	45	1130
5073	3632	2696	2741	2377	891
2220	3432	1946	2943	274	489
1543	7884	1317	5573	226	2311
207	1952	131	993	76	959
5218	18577	3172	11687	2046	6890
443	66	443	66	0	0
1044	7423	899	6768	145	655
4487	12654	3172	9028	1315	3626
12035	9893	3555	2910	8480	6983
2361	4731	1687	3111	674	1620
1921	1237	1566	835	355	402
6861	8134	4608	2710	2253	5424
487	1038	193	511	294	527
3228	1866	2070	1866	1158	0
2757	8817	1624	7892	1133	925
2751	3163	298	988	2453	2175
513	1471	368	901	145	570
8411	10095	4599	8779	3812	1316
331	4065	331	4065	0	0
1257	809	1257	809	0	0
676	4812	481	3819	195	993
139	3687	139	3687	0	0
128	453	128	453	0	0
1978	1450	1637	1450	341	0
337	208	337	208	0	0
8928	13243	3407	8177	5521	5066
2327	6281	1633	3898	694	2383
376	1438	34	842	342	596
153	197	153	197	0	0
3806	3963	2275	2418	1531	1545
2789	4660	1305	1242	1484	3418
4862	9853	1909	5245	2953	4608
15241	23899	9652	16562	5589	7337
4381	11549	1287	3775	3094	7774
2143	3596	1266	2633	877	963
1299	652	625	467	674	185
3948	3655	2062	1201	1886	2454
879	679	517	40	362	639
178	3677	178	3677	0	0
5593	5311	1351	1425	4242	3886
2643	5755	2296	5306	347	449
4907	8790	2295	4035	2612	4755
1405	1351	1231	1230	174	121
355	3111	114	1970	241	1141
1158	1797	761	543	397	1254
1806	2731	1259	1882	547	849
1501	3972	1286	3531	215	441
2861	2380	1342	972	1519	1408
1094	2973	688	2129	406	844
1767	9417	1347	4092	420	5325
1172	5900	1064	3600	108	2300
1310	835	1310	835	0	0
1598	2636	1009	420	589	2216
137	2563	110	1850	27	713
16133	12049	8271	5961	7862	6088
3236	2750	1112	2731	2124	19
4435	2984	1648	1505	2787	1479
15331	6000	7241	2572	8090	3428
191	1762	145	1316	46	446
2287	8278	925	7108	1362	1170
1980	3288	1176	1848	804	1440
1875	4718	1094	4718	781	0
3886	1751	1735	1183	2151	568
2769	2954	2415	1201	354	1753
4826	14768	2399	11957	2427	2811
3376	2250	2522	1520	854	730
2866	1558	2732	1558	134	0
2428	2885	1098	1300	1330	1585
12176	5385	4666	2813	7510	2572
2547	2813	1057	682	1490	2131
216	2442	24	1139	192	1303
533	694	43	304	490	390
1720	7516	585	3192	1135	4324
1774	3653	1008	792	766	2861
15949	11369	9522	8004	6427	3365
5062	6484	2773	4718	2289	1766
1149	2394	312	1315	837	1079
4619	3037	3041	1954	1578	1083
2515	1745	782	1366	1733	379
1196	4598	337	2564	859	2034
5879	3398	2521	1544	3358	1854
1642	4317	382	2892	1260	1425
1264	2746	1225	2680	39	66
1017	6608	393	5378	624	1230
6173	4347	3150	2830	3023	1517
5134	8623	1565	2420	3569	6203
2001	8528	1101	7583	900	945
146	1187	146	1187	0	0
1736	2782	923	1954	813	828
16	1238	16	1238	0	0
4055	7792	2962	6800	1093	992
1825	2333	652	535	1173	1798
8991	10890	2945	6623	6046	4267
554	1671	58	1085	496	586
3947	9774	2983	7927	964	1847
2302	2413	1755	2335	547	78
2831	1461	1794	304	1037	1157
2133	2491	1536	1072	597	1419
5014	2993	3930	2480	1084	513
543	580	337	208	206	372
6704	1989	3638	782	3066	1207
2033	4754	1019	3035	1014	1719
5886	8259	947	4456	4939	3803
226	3591	171	1960	55	1631
694	5241	355	3407	339	1834
7345	8820	2613	3196	4732	5624
6834	5111	3865	2971	2969	2140
3807	2294	1690	1767	2117	527
1977	922	866	539	1111	383
8950	9504	6123	7212	2827	2292
454	489	301	458	153	31
16	685	16	685	0	0
3703	388	1816	182	1887	206
668	27	147	27	521	0
1852	10415	562	5946	1290	4469
1003	7605	588	4458	415	3147
1031	140	171	140	860	0
648	1012	648	1012	0	0
927	958	836	843	91	115
1478	4197	837	1974	641	2223
1900	4932	1308	3332	592	1600
1997	1063	1736	930	261	133
23	173	23	173	0	0
248	2176	183	1316	65	860
538	5223	473	4259	65	964
1204	2160	1059	1807	145	353
504	547	445	421	59	126
3120	3320	1945	2318	1175	1002
2844	6154	1602	4312	1242	1842
1176	3920	964	2482	212	1438
3698	9595	2113	5919	1585	3676
282	3442	282	3442	0	0
1252	1047	808	947	444	100
11603	14075	5645	4831	5958	9244
1702	421	499	71	1203	350
1265	4464	1038	4186	227	278
689	533	680	533	9	0
2480	3684	1030	2529	1450	1155
9386	6597	5585	2776	3801	3821
555	1187	305	1187	250	0
11094	7025	4899	2928	6195	4097
2206	5303	1487	3813	719	1490
2088	4616	1675	4391	413	225
3088	3605	531	2158	2557	1447
1372	5590	710	4339	662	1251
3839	4960	958	786	2881	4174
3584	10690	2390	8057	1194	2633
6023	2574	4987	1927	1036	647
612	4128	506	3434	106	694
1621	3251	1101	771	520	2480
879	1572	534	1041	345	531
707	4364	381	3209	326	1155
536	183	536	183	0	0
2099	3552	951	1767	1148	1785
4999	4437	2764	1277	2235	3160
36	199	36	199	0	0
128	745	128	745	0	0
2813	1708	2496	1361	317	347
6586	18032	3207	10239	3379	7793
1886	9030	307	2956	1579	6074
2043	4335	1298	2244	745	2091
324	1277	324	1277	0	0
4417	6627	3173	4580	1244	2047
274	4565	177	765	97	3800
985	2900	618	2617	367	283
12890	12105	7502	2802	5388	9303
1467	5472	1001	4645	466	827
11927	4873	5200	3952	6727	921
2438	3152	938	2436	1500	716
8526	2660	5071	1903	3455	757
5468	9834	2860	7679	2608	2155
6255	15338	2813	8657	3442	6681
1173	5272	534	2007	639	3265
171	140	171	140	0	0
273	1413	250	1081	23	332
1536	5607	716	3311	820	2296
2307	7536	1509	5381	798	2155
1731	5530	1463	4528	268	1002
2563	7833	1109	4409	1454	3424
5173	2122	3025	1233	2148	889
388	1839	337	1839	51	0
12294	7930	7654	4321	4640	3609
4082	2071	1805	1387	2277	684
3151	8138	2152	7021	999	1117
4816	17517	2155	13188	2661	4329
3277	3728	1893	1920	1384	1808
2182	3042	1476	1419	706	1623
4380	6273	2608	3757	1772	2516
3715	1500	3196	1280	519	220
3269	8185	2010	3666	1259	4519
421	1535	378	804	43	731
1877	412	363	224	1514	188
657	2175	319	401	338	1774
2757	4192	2585	4192	172	0
3664	10782	2106	7028	1558	3754
1031	5022	481	3665	550	1357
672	1666	317	610	355	1056
972	920	972	920	0	0
260	1575	133	633	127	942
962	1844	559	1326	403	518
339	2267	175	1291	164	976
2512	8006	807	4624	1705	3382
2085	1844	1685	1174	400	670
890	6905	642	4660	248	2245
1679	6096	1251	2843	428	3253
1123	766	669	766	454	0
649	2875	574	2630	75	245
1801	6047	751	1541	1050	4506
1149	2467	709	620	440	1847
4425	4726	2029	3944	2396	782
2620	6641	1518	3367	1102	3274
6163	6371	1675	1116	4488	5255
2890	2105	1606	1185	1284	920
892	2559	511	1767	381	792
2586	4442	1707	3661	879	781
1043	598	776	540	267	58
616	1779	353	1031	263	748
6217	22627	3308	11588	2909	11039
1613	854	1546	679	67	175
1202	6112	948	2805	254	3307
1499	2414	1100	1835	399	579
591	981	355	42	236	939
2037	2206	1219	1833	818	373
3732	8053	1634	4738	2098	3315
3678	4515	2176	3158	1502	1357
7444	3849	3743	2452	3701	1397
14741	11943	7530	3794	7211	8149
833	2480	478	2076	355	404
2047	9969	1331	7817	716	2152
8779	3075	5509	2518	3270	557
4131	4050	1295	1416	2836	2634
2544	1803	991	507	1553	1296
1931	1700	1406	959	525	741
1561	5564	888	2247	673	3317
5136	15304	2167	5678	2969	9626
14914	21560	7079	15346	7835	6214
11958	5738	7787	2608	4171	3130
4324	4505	2743	3113	1581	1392
1204	3146	954	3092	250	54
316	2499	316	2499	0	0
5756	8329	2103	2287	3653	6042
16017	15273	12027	10897	3990	4376
2120	2261	559	846	1561	1415
4593	11553	3854	9349	739	2204
6364	8572	1842	4446	4522	4126
796	1544	400	1006	396	538
7449	3859	5721	2104	1728	1755
2086	4983	1666	3461	420	1522
7037	18327	4900	10935	2137	7392
2794	1901	1938	1583	856	318
357	2648	173	1272	184	1376
3404	3141	2283	1913	1121	1228
1053	3970	607	2857	446	1113
2646	3872	1613	2671	1033	1201
5844	10477	3088	4445	2756	6032
1847	1172	1272	854	575	318
606	4469	518	4365	88	104
1249	590	1249	590	0	0
825	4101	322	1629	503	2472
4720	1719	1463	313	3257	1406
2154	6433	795	2492	1359	3941
322	1921	322	1921	0	0
2028	5740	1708	4286	320	1454
1964	0	1964	0	0	0
3214	3435	1331	2174	1883	1261
340	386	340	386	0	0
1001	5473	442	3333	559	2140
3182	2787	1324	1911	1858	876
8615	5568	4591	4459	4024	1109
225	2902	225	2902	0	0
934	8168	353	2857	581	5311
2167	5136	1608	3642	559	1494
2941	3553	1755	2829	1186	724
1880	4470	1083	2281	797	2189
1985	361	1985	361	0	0
1465	1602	1124	1100	341	502
1139	346	534	346	605	0
2036	3948	823	2007	1213	1941
8379	4971	3377	1145	5002	3826
718	4042	589	3655	129	387
2091	1629	218	670	1873	959
156	2731	36	1283	120	1448
5356	8204	3331	2399	2025	5805
5074	4055	2437	1873	2637	2182
4154	1927	2378	1681	1776	246
6749	2228	5570	1345	1179	883
4573	2820	3542	2494	1031	326
7064	8425	3657	4635	3407	3790
4651	3718	2235	2365	2416	1353
5312	3699	1869	1051	3443	2648
857	5169	507	3108	350	2061
580	3088	342	1509	238	1579
5432	8508	3101	3820	2331	4688
2777	3183	1231	641	1546	2542
6297	7083	3609	5132	2688	1951
1070	963	705	747	365	216
2333	6534	563	2412	1770	4122
1585	5523	1123	1642	462	3881
2344	699	1429	651	915	48
2840	4522	1139	2786	1701	1736
274	1097	202	1097	72	0
1332	9824	297	3421	1035	6403
144	167	144	87	0	80
12216	10222	8882	4860	3334	5362
4765	3115	3034	2240	1731	875
1836	7070	773	3010	1063	4060
651	4449	625	4187	26	262
876	5951	578	3899	298	2052
3881	3627	2354	2555	1527	1072
2888	2417	1963	2108	925	309
536	3190	150	1756	386	1434
67	495	67	495	0	0
3683	6910	1194	4259	2489	2651
556	2676	237	2376	319	300
874	1729	874	1729	0	0
4129	6647	2083	3746	2046	2901
6313	13587	3536	5095	2777	8492
1537	5726	965	3732	572	1994
623	3726	623	3653	0	73
2679	6299	1885	4619	794	1680
16	685	16	685	0	0
2157	2879	1391	2543	766	336
16880	17623	10646	10080	6234	7543
2688	5697	938	3048	1750	2649
2092	1066	1049	693	1043	373
736	741	122	453	614	288
272	462	272	462	0	0
2113	4770	366	950	1747	3820
1576	6342	852	5355	724	987
387	2221	254	1639	133	582
3350	2353	2310	1139	1040	1214
0	737	0	737	0	0
5240	6203	1315	2296	3925	3907
248	794	174	77	74	717
291	536	291	536	0	0
4115	2345	2899	1309	1216	1036
512	1609	394	871	118	738
4711	3244	3056	2903	1655	341
3457	2266	2014	1161	1443	1105
2090	8548	891	4236	1199	4312
4983	1783	3667	1689	1316	94
145	285	145	285	0	0
1829	3913	1380	2735	449	1178
156	155	138	155	18	0
4589	5220	2444	2391	2145	2829
577	166	428	166	149	0
3078	6096	2959	5773	119	323
12620	12097	7361	5407	5259	6690
873	2350	264	1968	609	382
794	6329	301	1489	493	4840
11313	15353	4760	9743	6553	5610
589	3141	183	1261	406	1880
1403	2381	778	530	625	1851
1722	2284	855	777	867	1507
2832	13301	2060	11354	772	1947
2524	1580	1921	1354	603	226
93	27	93	27	0	0
5214	8149	3606	6948	1608	1201
5867	2619	4349	1120	1518	1499
3252	7299	1180	3771	2072	3528
7197	3935	4396	1733	2801	2202
1485	4787	395	3106	1090	1681
201	463	45	463	156	0
2300	4404	1344	2422	956	1982
4153	1805	2137	949	2016	856
6452	5386	4503	3337	1949	2049
1344	4851	391	3030	953	1821
1072	2112	777	1844	295	268
608	2743	440	1316	168	1427
142	1518	142	1518	0	0
2609	6697	2442	3062	167	3635
12637	9762	8232	6399	4405	3363
212	341	189	341	23	0
1822	4371	1506	2156	316	2215
1469	3595	1210	2531	259	1064
1132	4760	743	2536	389	2224
158	1559	158	1559	0	0
7426	5252	4608	3773	2818	1479
5755	10361	2810	5066	2945	5295
2763	4889	1613	3011	1150	1878
3437	8078	1458	2543	1979	5535
704	508	704	508	0	0
938	1687	443	1016	495	671
70	1843	70	1843	0	0
1438	4201	858	3671	580	530
266	773	200	284	66	489
6390	5027	4517	4338	1873	689
1616	2948	1064	2361	552	587
443	475	196	445	247	30
6670	19975	3707	8627	2963	11348
1877	1761	1055	928	822	833
387	3730	387	3730	0	0
10255	4680	7303	4234	2952	446
585	3967	439	3041	146	926
1150	2855	640	2518	510	337
1298	3639	823	1709	475	1930
6065	6246	3547	1155	2518	5091
379	2100	379	2100	0	0
697	3151	329	1905	368	1246
537	3996	436	2772	101	1224
1524	4656	1125	3337	399	1319
4796	1453	2334	577	2462	876
439	2030	296	1692	143	338
1093	1593	708	415	385	1178
7042	8638	3249	4808	3793	3830
2727	4280	2219	3439	508	841
363	2713	270	1888	93	825
2408	1564	1194	1469	1214	95
1031	5375	256	2471	775	2904
869	5015	268	2616	601	2399
4082	6619	2801	2647	1281	3972
1790	3762	1027	1772	763	1990
1342	2527	948	1601	394	926
1364	262	1284	262	80	0
1703	5033	987	2717	716	2316
13510	9483	7696	7071	5814	2412
285	404	285	404	0	0
828	7371	442	4665	386	2706
1296	5224	182	496	1114	4728
634	4539	286	2231	348	2308
4886	4157	1782	636	3104	3521
1286	6271	795	4278	491	1993
3531	3896	2768	3313	763	583
1198	4776	1086	3141	112	1635
2227	6346	1106	3884	1121	2462
3031	599	1529	551	1502	48
995	1149	550	669	445	480
1284	2404	893	1560	391	844
785	3149	582	2560	203	589
899	2657	416	1814	483	843
3219	329	428	166	2791	163
5571	6121	3112	2493	2459	3628
1254	1190	367	719	887	471
2096	5082	1080	2709	1016	2373
2871	6713	1746	3976	1125	2737
2523	2432	847	1418	1676	1014
2232	9454	1680	5815	552	3639
1856	6059	562	3119	1294	2940
1311	9346	427	4782	884	4564
2078	2302	1615	1517	463	785
845	947	457	947	388	0
935	1278	823	12	112	1266
7705	3143	4317	1332	3388	1811
2642	2294	1540	901	1102	1393
620	1536	362	1039	258	497
867	1033	525	1033	342	0
1903	2267	1089	1471	814	796
6136	8535	1900	4068	4236	4467
355	1761	252	1272	103	489
6702	7342	4360	3354	2342	3988
5978	2908	1718	872	4260	2036
1281	5166	1012	4627	269	539
1136	952	729	852	407	100
1911	5801	758	4878	1153	923
1676	1097	649	568	1027	529
1485	717	851	717	634	0
295	1625	295	1625	0	0
3302	2147	2556	1129	746	1018
7284	4084	5025	3171	2259	913
1527	7086	950	5046	577	2040
2872	3115	1658	602	1214	2513
8632	8946	4972	7776	3660	1170
1760	224	951	224	809	0
5365	4992	3892	3480	1473	1512
7198	8541	3650	4140	3548	4401
123	454	123	454	0	0
3018	6287	733	3157	2285	3130
2057	4791	863	1204	1194	3587
2093	6404	521	4431	1572	1973
2134	4107	884	2523	1250	1584
1276	424	697	151	579	273
1899	4142	724	1704	1175	2438
1722	5204	1055	3264	667	1940
1694	7466	1294	4969	400	2497
3101	7503	2123	6153	978	1350
4831	5219	3774	3231	1057	1988
709	1478	447	931	262	547
219	5445	157	4395	62	1050
1259	784	697	784	562	0
1011	8482	205	3363	806	5119
660	300	385	175	275	125
16	1238	16	1238	0	0
2031	8361	719	3625	1312	4736
