7618	11404
6966	8980
7174	20024
20640	38679
83681	83458
1160	3613
1273	3866
11950	31489
11113	22229
4466	5737
51908	58812
11426	21219
32922	34805
282	3442
439	6371
17500	21163
247	1690
10560	12073
587	996
1754	8274
207	1952
16673	39061
443	66
1372	8146
13399	42486
26983	14577
4222	5981
10642	12849
7700	4244
9720	20390
20396	27326
2607	5539
41597	41611
2750	5552
77421	83862
331	4065
63192	50160
676	5068
139	3687
128	453
1788	1642
17693	23267
8749	20690
2607	7993
50	1077
153	197
5075	5698
601	2920
13793	20515
82804	96309
4873	13319
2942	6487
5775	5513
38699	68803
1324	679
178	3677
8282	6068
2807	9108
12152	14319
4358	7869
268	3045
1403	2395
6169	8384
2443	5909
3902	2172
17611	29275
29833	81768
14490	35585
6729	7663
1765	2599
110	1850
38481	27427
3039	5684
4782	8124
37491	28940
1490	6162
10599	34932
3368	2894
1991	8191
10259	17031
68336	66766
7025	28520
3002	1756
8535	6304
2079	1375
77717	87629
6626	10265
207	1429
9798	13321
578	3165
1396	1349
65727	58946
20585	33656
2371	2946
52437	49237
12541	10785
4301	22375
50029	42597
5085	10916
8594	15217
578	5383
51241	79689
7361	14037
10872	27262
146	1187
1834	4171
16	1238
11131	24105
4757	6081
29459	27856
919	1671
6372	19053
3926	3381
3952	922
2332	3169
51309	66043
521	580
51575	49227
6826	11685
10985	29146
228	3405
530	4089
10906	11210
64205	54662
3395	2261
71729	74153
22145	27671
301	458
16	685
68248	53401
147	27
12414	21112
53732	45195
1343	1150
648	1012
2094	1461
5096	13617
6188	13646
1024	930
236	777
183	1316
1030	6779
7267	17345
3642	10543
68673	64382
10388	11923
3848	11896
13210	41711
282	3442
1252	1047
51429	51113
8324	12202
2067	8865
1099	533
5406	6802
73546	60075
555	1187
61333	61633
344	3327
2616	7534
7275	11130
3003	8499
7777	9063
12369	34374
3322	1422
710	4455
1836	3331
1248	1788
434	3390
536	183
21292	19817
56608	52055
36	199
252	1770
7031	3963
16142	48059
3331	10101
183	1089
324	1277
29214	66796
3644	10622
763	3543
84325	88124
1597	5628
60281	48832
10790	12593
45542	28448
48985	56631
73906	78717
59759	55401
171	140
3992	7851
1945	5093
12025	32531
15373	38514
8847	19919
54125	39764
388	1839
45416	33898
9583	7137
63210	76930
18734	40860
6110	8247
3301	3212
18586	27010
3626	1513
1761	3300
378	804
58243	56280
1707	2394
6830	8473
13688	21318
16211	46462
237	858
972	920
627	3169
664	2513
901	3736
10922	30309
8409	12191
17378	35557
3733	11332
746	766
12333	26639
7184	15229
90365	94471
3155	4385
4338	9193
11781	10406
13435	25198
1408	5365
1472	2626
1682	898
301	1031
11334	32450
8577	3791
6206	21794
9307	11744
59946	123616
5036	5526
9396	16214
9893	23742
67471	58510
53188	53761
8969	10470
3967	9740
45459	31796
5338	4539
18427	34399
75099	69545
16241	21029
17612	31643
22143	27500
76331	92450
7781	13082
11433	32690
316	2499
41991	29641
95096	117035
1848	2969
22543	57699
59287	51163
796	1544
57774	45956
1242	3021
17406	44965
17285	27095
696	5325
10897	18121
1236	1929
10448	21337
89350	78938
2836	1172
12170	37976
1249	590
1654	4279
19922	22125
11170	17762
445	2189
2279	6050
1964	0
3666	4201
340	386
1480	8356
6957	4353
73250	72157
225	2902
1347	7698
3188	4288
4882	5326
5913	13424
57990	47110
3456	5795
1931	378
2743	5705
55149	57906
730	2769
62874	65356
504	4792
16326	30427
15845	21542
18599	23761
66056	64429
48010	30391
5573	4119
9198	9218
3658	4303
1012	5490
597	2657
1968	1238
7144	5286
18687	18350
27337	28197
2181	10453
2457	4006
1809	1914
10403	20177
202	1097
25684	64567
5313	9536
42625	25919
10624	10937
49837	46769
662	4187
3155	9526
2622	2358
6276	8410
677	3206
1703	895
3394	12154
439	2376
8870	18830
17817	38189
9908	22007
6759	12212
623	3726
3309	8100
16	685
7453	15513
78299	84838
4176	10033
4715	3739
763	741
8206	16129
15986	25389
485	3946
381	1639
2954	2269
145	2437
79594	75815
1132	4396
304	883
1881	1094
6791	10677
4713	3320
6500	9415
17817	26597
65465	55434
145	285
2789	8712
156	155
14039	14362
1001	166
70855	67169
61433	50593
504	2565
604	5565
63705	60655
730	4182
9040	19871
4559	4488
5506	19988
4721	4351
93	27
57608	63876
59695	49609
31128	84011
30157	22857
1687	5410
91	463
4748	11365
10089	10532
12645	10420
999	4380
19192	22222
1479	4835
374	1698
2609	6697
37101	31128
20346	27559
1411	1372
3280	8800
17981	20895
158	1559
69564	65664
22489	40176
23913	25906
35221	36281
2913	4853
2420	1735
70	1843
3890	14785
200	284
11811	7255
10145	21282
443	475
17842	54559
1465	1080
387	3790
24776	11912
861	8044
52958	40582
1525	4252
8319	8673
4959	15172
914	4035
862	6723
3891	8703
68710	67549
6144	13474
1672	2453
53338	46334
27060	32147
270	1888
18667	21046
749	4330
10487	21606
4568	10328
49460	47931
10698	19688
1305	262
2023	4985
54554	44151
285	404
672	4898
1949	5184
453	2577
68144	65246
786	2369
4219	5031
1387	2869
54365	64857
24719	14579
3035	4361
2553	7487
374	857
1376	3225
852	166
35589	32789
1016	1424
1659	3827
32212	72396
5079	8660
14384	35601
4689	13854
42	2139
2944	3396
1252	1047
2775	4947
58767	44966
41912	27812
12182	22809
17937	19547
6848	13327
7852	17237
306	1272
20004	28028
38072	42642
31268	88034
5862	15001
1341	6539
2549	2226
1437	717
295	1625
5209	5453
2718	1675
76276	79427
34694	43082
77856	66841
1150	224
10351	10367
12293	13228
123	454
21806	18388
16541	13525
5058	13402
4486	7246
882	232
4235	10056
48045	39493
2550	7203
3935	13252
8045	8600
1736	2924
178	4874
1154	784
18179	58830
660	300
16	1238
16518	51248
