62687	150387
57714	136102
54897	131163
52155	124252
63208	111675
57693	146807
60965	163394
56957	180163
59549	160253
60513	154614
73074	161741
73069	179561
68586	140786
35533	117645
41743	105797
68458	144089
42577	101163
63220	152548
48884	145286
51522	157621
43489	127506
70343	178879
54414	128430
65669	140991
57430	181471
85916	143183
68860	142120
67859	159215
82591	160853
61124	159169
76077	114779
66077	152639
54833	116623
60124	156174
76213	148421
41274	140329
65421	118353
57022	146926
47321	130022
63425	109668
64931	161368
47370	126353
71634	185022
53313	147718
41645	124985
58557	127281
64200	130143
65398	147682
75720	169225
84064	179926
57629	131512
50045	113021
60943	143251
62376	149148
62032	126353
47177	131195
88442	171336
63255	157620
74477	147966
50099	120488
49009	142636
46996	128204
57637	126644
52310	111470
60507	131820
56546	159239
55713	170093
55692	177492
52661	150236
77552	143352
45798	116426
86527	147193
61625	128498
51551	126420
97556	160169
53523	144984
47624	124571
48649	119312
54390	146562
90239	167597
60088	130417
49857	135262
68722	133123
65817	131536
54907	128917
92832	159066
64261	146782
45429	135066
56052	128869
59936	146887
54815	143693
115036	176403
58457	141494
60441	162335
83219	118948
62909	117921
49819	143119
93239	142264
59499	130463
59075	125226
62732	162629
87141	200470
71924	182639
51852	150035
41403	115538
50653	131800
41451	117420
58711	150022
71666	186032
78530	170623
51779	133924
87485	199445
52044	123229
50716	134019
49691	122257
69777	115562
48587	113434
103345	150496
71499	157814
67216	174887
51682	127909
46318	119702
80499	170019
90815	144413
67370	109199
65368	124879
68664	145147
55092	111222
46999	128318
144382	220019
59803	131036
56562	156618
52723	131980
67616	151551
59120	129936
64692	145894
70200	204276
52996	115721
64299	158591
56266	148402
44714	114694
42350	141547
52566	175777
42261	123240
83971	165612
73099	143319
59017	149122
60698	185229
44458	120297
48763	117551
91776	177031
47105	104571
50251	115134
60249	128521
53660	132721
121190	185619
48433	113744
110983	168362
42848	128693
55437	142120
53121	118285
61465	150994
59781	145754
60921	161274
82547	167867
51150	125795
72225	131766
50417	104372
57779	138729
51607	123273
72157	133821
70437	137239
50264	125163
39135	110986
50801	153722
78015	215246
59882	141799
58501	127982
44138	136487
66419	165194
53479	157901
55060	150830
94504	167071
62606	172827
87928	155213
65445	148309
87422	155013
87107	173614
84726	144481
66276	150642
59846	133058
54695	133158
54150	124529
62868	169768
67994	177692
59025	156926
97081	159713
46535	134378
101460	151786
76030	140260
99173	186013
68044	188341
52851	119266
62304	173096
68603	180810
66683	114182
76211	191581
50255	131591
75281	151588
46686	113831
51632	130928
61809	192763
60448	146075
50332	131909
49581	117220
56652	140509
44864	130386
63010	164819
48232	159011
62396	159557
60608	141566
51714	148053
68166	140715
53866	142493
55087	146641
53606	135963
65628	146184
67751	146652
71898	143994
64097	170050
65115	151653
59325	123674
72339	154809
42013	137294
68749	202539
77891	138923
54090	160384
55055	122218
59537	126908
54286	143284
51674	144189
68095	174872
83785	151369
101763	145663
50998	127370
48534	124107
91756	156664
53858	127363
71811	151639
86591	165275
64760	142290
64974	166253
101555	197410
96234	145133
48465	127041
56687	132001
47225	109037
82901	144699
104625	161485
48071	132137
67540	180579
84751	159417
54893	140598
104322	168564
58634	135000
73041	194358
61593	125488
41282	142313
64236	135343
53285	122060
48498	145058
127528	213531
46799	126194
51056	132085
61768	127275
52218	141155
73990	149618
56071	151522
46921	123854
54015	149718
53970	116351
48888	118754
51306	135485
49610	144047
65168	151975
71096	113237
43621	122677
48285	152478
49192	127400
54262	147184
55623	156533
55503	120787
56955	131085
62388	106708
55522	136051
83969	135707
52174	121672
79375	129190
48574	121481
56756	180710
81345	186998
66840	143135
55521	114750
71111	159450
72451	153693
58956	135695
57144	119835
60641	146084
54294	137449
80863	205496
64864	171104
81323	177137
56898	126285
78668	162629
62989	151332
65831	158316
74534	205082
43353	117364
51818	156872
52282	131025
84609	145516
73221	172278
57309	130524
46494	134657
50061	144547
60453	125292
70534	207847
52802	123000
47263	96858
71204	147392
51753	142893
60125	146008
64786	180240
73545	224067
48129	147290
49021	119160
57039	155577
41667	111604
60928	133563
109363	178098
55050	140485
71338	128606
78634	134551
50950	122380
75437	135123
58563	137080
40736	131559
60971	157892
47794	139180
86847	153117
47812	126662
41298	132895
67414	128714
70332	149110
70738	152417
51754	122712
73123	167358
96620	219331
41361	107883
50609	137046
44286	119683
81416	168654
60983	165164
60944	140328
121316	183747
48548	151091
46487	132338
77783	159905
51450	129761
66035	165510
53406	134166
59279	180210
52140	131036
55528	109634
80273	148602
84919	153768
73194	180713
105014	158309
56919	143927
48748	134642
57258	162322
87465	176581
89662	152127
54138	146202
58619	133994
46208	131082
39429	119057
60347	138800
80819	159805
55237	143589
57490	151656
56372	139692
53899	123131
53933	118954
83965	144493
73513	203925
62116	148661
97570	165015
53708	121232
58660	117040
50985	144784
48880	132873
45779	119127
75040	140037
58397	130989
54441	121286
72007	199511
51367	116941
44920	139098
85329	164126
41192	125529
72967	157886
51751	133051
65378	139130
60045	154377
44606	126510
46268	123073
59280	156570
95209	146006
62497	151547
55931	140851
89153	179769
63279	129727
46989	109554
75975	157183
53565	155705
52816	145756
51263	121753
66487	163219
57923	142908
49381	136982
56795	130881
97622	159849
47377	124956
56256	150894
58730	143024
47030	121579
77094	136693
54142	137472
46722	109159
50398	134410
79822	176842
78422	123886
61007	148632
52908	145705
45165	122353
56869	130771
64038	165875
72735	140231
61139	126850
61350	143547
58911	148093
59261	122683
58490	137003
58364	135975
53539	130930
44949	140663
52463	120123
51686	124575
83775	136358
69265	149812
59294	118412
55075	137793
49946	115021
57585	129827
53302	121972
91994	192816
92800	125850
57139	156206
50592	119005
53955	149232
58019	140525
54719	126419
37898	116020
64777	142391
73875	117016
68906	145212
70391	136308
86098	176735
71605	125714
72177	152430
67194	141387
51177	102802
87106	149243
62375	153736
49306	120319
49417	137263
50634	119039
51199	127651
70137	162512
50608	129760
52213	172588
66282	134987
45334	107486
42355	112628
58218	140511
52541	165595
57692	113438
46381	115988
54572	181842
