253149	615660
257653	599809
248285	612324
245780	632162
252226	606658
250280	602091
252835	617497
246827	613998
253625	610096
255025	641173
260114	631605
256691	612698
256179	600315
239824	606900
237368	604228
250485	621121
233683	603411
253184	621084
252571	634448
252666	643012
257173	632406
255414	579756
260256	607862
255602	603635
239759	591064
265201	651914
262104	604048
252644	636721
257792	619696
258736	626700
254175	602149
262006	611283
252384	631652
260849	612315
256344	626925
249578	625688
250398	618858
253082	624495
247355	623356
251922	631076
253101	609995
259251	614670
258120	612032
258256	626331
254805	631524
249729	604600
260100	597380
251642	615219
258061	625707
252132	611771
247103	626324
251915	579308
264311	638078
251769	622272
249117	630438
254637	620543
256918	625005
252550	629910
258736	606496
259352	620553
252233	624555
258730	624053
252055	585058
254194	610622
253304	631010
247025	619487
251116	625962
256585	624794
258308	639136
263139	613441
237320	610164
257049	614592
253450	629687
251269	609905
250567	617358
251551	637661
253524	607812
252982	606476
244934	601802
265029	631588
247849	630788
255177	602832
256010	635596
257706	613047
249822	629790
260974	640371
249439	632651
245074	603334
253082	611414
248990	615544
249411	626223
262973	618627
254422	620324
246192	623338
252346	607110
247897	616627
249644	625327
255635	630914
255934	604858
251268	611614
254594	618170
258673	633609
255568	622783
253750	598279
254704	630102
249448	614421
239958	619423
255988	653412
247960	618354
247135	621189
252845	597204
246740	618212
251308	604491
251921	616993
255002	622189
255016	624632
242609	615702
260101	608222
263334	643634
252324	604397
253946	619437
253523	611638
250781	630510
268760	627977
242970	619875
258674	592198
256982	639226
243798	608831
251834	588561
261927	612575
257473	629315
254248	621375
253334	586991
260776	624616
256817	625844
255075	628712
250987	616891
243017	580756
250585	625028
251022	635256
243238	618346
239544	606145
263754	629790
250174	599264
262259	620611
255440	619040
247378	630458
249010	599960
253348	620312
242824	622587
259336	632258
249836	625724
251757	621630
256179	586353
257568	619685
256333	619258
245071	605006
262147	623372
247619	624413
258832	611309
259888	614345
247159	594175
253597	619814
253064	613377
256046	641159
252108	613852
263682	616175
255461	612574
255945	609522
255356	596449
265925	628712
245649	624114
257933	601874
243364	620772
249738	647858
252383	636139
253145	612862
251395	611584
246542	620790
257654	615838
244011	609072
258503	646896
259823	629812
261994	654201
262071	618930
261618	605607
259558	630718
252901	638400
262329	600441
254423	594589
252405	615034
248489	600628
246289	622966
247784	611989
255847	624987
250288	591165
258465	611243
255878	622619
264829	610454
248500	622101
261962	633626
256190	638504
252909	602131
242656	612147
250072	635689
256741	626857
253977	639616
252320	612456
254939	634347
254696	618833
241884	599248
257119	617896
251519	631247
247486	613496
252612	623118
249658	589943
251476	623596
250944	601304
248002	629958
251529	620216
248255	609133
259576	620930
258204	620059
242449	634057
247230	621484
249164	624639
257530	616477
246649	629565
258431	615282
254822	603041
246364	612832
263402	620403
252763	600783
243365	624389
255919	613454
250776	630511
253511	622868
255513	602263
251889	605515
252192	639623
262405	608675
251455	635598
259486	625833
274735	612736
253501	614274
254849	569020
261494	637971
244394	616132
250467	624957
259884	623495
251304	624636
253108	600707
253711	612988
262469	614957
249199	618985
257854	643861
250849	630314
254990	602292
261943	622187
250620	615101
241567	627783
260715	628419
247236	601551
255916	619863
251864	614180
252799	622407
258805	638593
250725	616057
260149	632362
252431	621568
245664	600885
252601	631808
259397	607660
250637	601796
259349	640620
245191	614660
250982	599339
249453	622061
246565	583867
249251	627439
240757	603998
252187	609398
252665	631150
249933	588043
248614	629740
250736	587922
251119	607843
258652	627483
247449	606233
247532	619361
258868	638677
260282	628314
255413	630022
249708	592819
249736	593965
256590	614227
246916	613400
259972	606625
254888	620856
247173	638508
253043	645824
254413	616601
253169	615401
249891	626532
256198	610464
259523	612490
247436	593696
254580	604547
255266	601860
258765	645443
247227	617594
245404	597141
250598	637122
258398	630596
258576	607932
256726	632463
250634	604463
256058	619016
246820	612124
258104	616684
258967	640284
258154	613217
259210	605961
248602	611364
258091	636673
252602	618126
261448	618236
248473	619421
247418	619046
259681	625075
245024	605556
261168	628260
255996	631876
250842	627009
244554	611732
246793	609106
245275	616600
240893	630476
254242	614186
260175	638308
260347	629175
251228	618798
254291	599211
253223	610167
258838	616717
245078	613731
247418	604794
249181	625821
244221	616249
250596	610009
255080	613141
241088	651642
250797	605368
254865	598473
251872	641816
245329	608503
249751	637428
259046	603753
244077	630172
251149	612749
253305	606066
261266	631181
246049	625894
263349	623579
266271	617305
257951	639824
254254	613563
255943	632052
251426	635944
247257	620378
250816	589297
243731	623582
249770	606804
243413	614432
265767	631418
257712	602243
252848	631640
262318	644810
259337	617258
256137	644700
250199	617986
254869	622361
263557	623053
257366	612694
252418	604784
253778	625704
242955	600419
249913	617157
261344	619036
248441	633418
253401	638059
253073	591275
246101	624351
254089	616477
253524	627754
248691	617363
252825	592406
263566	620606
249385	605269
245695	597953
256264	623155
239675	605137
248338	606267
245218	610217
258545	635202
259581	605007
253860	618581
249267	597474
250781	631265
259435	615478
244149	631009
250619	601179
245312	607702
251850	630809
246325	626099
251924	616948
257668	613195
248304	601169
264548	642704
247784	603378
262851	640292
260521	624062
244344	621600
258425	620262
251140	611057
253119	631379
260433	597623
253669	625749
252391	631219
245229	615574
255224	612194
257331	619874
267028	624145
243903	606580
260101	613124
262764	609461
254070	615418
260847	612624
244566	623869
252149	614756
246779	604812
259011	637867
252393	609916
259433	614863
246563	607728
247255	609109
256091	614087
257221	618071
258138	611364
252661	598105
248394	611668
254688	613799
249585	604511
254402	636580
251294	607735
239232	596558
246807	643277
250080	606889
254114	609022
255361	620644
261196	612217
244204	624075
254707	625955
251108	603978
248185	623755
258156	624449
257139	597839
267345	629852
253847	641334
246797	613289
253591	616463
243184	613112
250297	600801
253670	610757
250148	613998
246049	623821
252153	649986
244123	630511
255117	628736
254306	629750
251000	612625
260456	622911
248586	607436
253705	593711
264224	638675
255543	611251
245564	635285
253037	618416
258185	621130
259220	631338
244841	603254
249797	623529
247102	589648
248952	606773
254860	623996
247673	620625
251883	626691
258107	591297
248058	605925
244761	635945
