399093	957478
398976	964928
400207	981198
397783	971349
396110	966605
396947	967004
396525	968148
396666	969541
396111	966381
395685	969420
396846	968027
394428	962452
395427	956337
395927	964358
393887	967997
394645	960766
396015	965670
395104	959321
394809	964856
397597	967215
397196	964594
398780	953574
395152	965016
396771	962618
393154	964981
398702	975265
397381	963390
396677	974061
395229	961101
397009	971330
392409	969509
397716	962665
394999	964326
394731	960662
396764	962075
400833	966483
395083	971381
395675	963183
398544	965068
398196	955162
397084	964070
397696	965270
399840	968328
396515	962134
395847	965737
393343	949452
392742	965910
396805	973355
400549	961158
397329	978276
394370	960782
401469	968375
397683	975260
394872	972666
396790	974244
396128	963657
395564	955770
393249	963631
396469	978640
398232	964831
400382	955136
396735	968938
397800	958649
397480	971842
394372	955390
397077	966685
395230	968491
397006	971447
396190	971817
398424	976506
397551	960057
393113	954929
395962	968629
396315	974980
391008	965692
394898	971208
393406	963823
396889	968286
397324	973984
394930	966055
392238	968917
393498	968131
390395	963838
395420	968371
393001	964534
395981	970429
394741	977756
399312	964520
399192	975412
393107	964060
397827	971542
394786	942089
394481	968252
396518	961950
395857	970427
395261	955418
397329	968146
399124	966451
399200	962623
393976	966171
397358	977305
394580	965880
395736	956145
394752	963497
399488	965960
396313	962306
389896	973016
399729	973446
398023	964225
396110	960777
395829	961887
395566	968908
398435	962955
397863	962661
398754	970089
395340	978481
399920	962589
395079	957907
397748	961709
395298	967405
396024	966556
395508	969870
395697	967715
390460	957401
395373	957004
395621	963068
395544	980059
392815	960011
396378	970863
397648	969387
398477	963199
397501	961699
394975	968755
395187	969966
398000	969660
395220	970464
397815	964103
393920	958087
399021	963504
398279	972770
396470	961667
394145	967037
397747	975459
396547	967097
396426	955263
397013	963250
399173	973613
394409	963515
396725	962271
395162	968923
397073	967927
397263	979838
391595	964532
395829	963491
396632	972719
399080	971259
398512	963924
392599	972760
395441	967366
400323	965029
398383	977841
392434	953318
398400	967812
396710	968396
395240	971644
399521	961828
397289	969490
394919	965180
395221	964886
396586	958400
398103	972620
396082	971325
396171	968470
391568	965774
394871	972431
395693	965499
398186	969808
393240	964900
397602	960006
395282	966116
391367	966972
397656	963630
394381	961912
399934	956735
397236	967876
393965	960364
397043	979119
388860	973946
396770	970995
390668	966210
397048	960573
393319	968759
396991	975427
393846	972926
397754	969561
396315	964601
394594	969955
396320	955574
395502	961182
394984	962954
396258	962530
396297	958889
397513	970690
397140	972160
398016	964158
393721	966307
391316	968959
397035	961873
397443	977400
398715	985282
395713	973387
397776	961244
392843	968450
396193	956597
398016	978555
397054	959736
390734	969471
394979	962124
387461	975704
395574	968858
397577	961604
394983	971050
393338	961897
394116	971721
396127	969715
399202	972018
397517	979711
394739	967602
395379	970639
398930	968477
395402	955397
394784	957263
401129	954491
391849	963565
398289	962986
397664	960688
399139	963944
394305	964829
394795	965361
392797	975647
395916	965535
400286	973062
398648	967377
394499	952120
392118	966548
396051	967296
398482	967470
396215	976789
391515	968834
398320	964788
389952	963931
395581	976312
399477	969282
396845	978680
394104	955496
397440	976332
397801	960579
395699	971706
398306	968517
393754	971268
391607	957092
398313	968336
397596	967397
395870	970440
400470	969882
394362	965842
394296	967003
394145	956200
397967	968739
396465	975779
396504	965634
396716	967718
396790	965674
395461	963103
399075	973207
395368	959478
396643	956392
394314	960235
397092	958787
396486	964270
392698	968993
397137	949376
397758	964894
400798	962998
399027	978204
392610	963515
397746	958882
393822	971039
394934	959447
394927	952635
395379	966618
398816	961870
395719	972956
394738	961471
394957	964799
394169	967111
399850	965925
394468	971307
398973	955056
394437	969588
395738	968791
396200	967196
397510	967608
393759	963742
397351	967356
398695	973357
395241	970728
395425	961958
395739	963998
396473	975957
394147	964602
394475	960400
396922	976742
399099	971555
394262	968802
396742	968557
395437	971091
398250	962336
397462	959294
395156	966552
394651	967696
396890	970814
396270	955418
400153	967667
397376	969949
396033	961950
400541	970103
396403	971059
396830	965032
396838	958333
396170	959320
395899	971337
393911	969114
395917	973833
396919	965299
398631	968521
396761	961832
391931	975728
391764	962098
400733	965209
395831	961058
393521	972013
390978	964460
394027	979907
395471	976274
393206	957944
394080	962596
391726	967270
394057	972510
396520	964422
393583	967574
394309	967473
394926	965921
397623	964688
392579	964147
399003	968602
391031	967300
391023	956285
397969	970956
394201	968765
394645	979780
396302	961248
399188	970949
396313	964676
394010	963622
396240	975451
398434	966111
400024	966167
395137	965556
393399	964527
394323	969863
396536	975570
393014	961051
393079	956604
395664	964944
396577	957222
394298	965115
396222	963645
395450	965909
395119	968422
394585	955173
396142	966660
398113	956879
396787	957103
397609	966498
395167	961732
393160	975709
389977	960305
402404	968252
397781	969387
395378	974755
397725	955655
394384	966358
392510	969403
399869	966075
397214	967449
398138	965272
394425	970273
398004	965641
391762	967149
395428	960383
394040	971679
397321	970378
389241	962130
399293	975446
398444	977755
396410	972922
393565	960032
394971	969451
393782	971329
394589	974395
391510	962509
392368	963353
395504	966904
395396	960845
393800	968729
400217	972261
398265	973550
393857	968698
395692	968262
397986	961906
392342	961914
394164	965659
396790	973535
397510	967956
398751	970795
393013	955365
396807	968548
392856	967245
392589	966160
392573	964418
396869	966070
392636	976773
390966	962086
401341	976977
399950	968178
395407	969203
396698	959921
399639	970827
396643	958095
399637	977878
395134	974408
395373	972179
394545	964330
398509	970097
396997	956207
394067	966088
393419	971782
397089	967740
396550	961684
395360	962358
394655	958377
395565	973115
393942	972159
400294	954448
392952	963589
394394	964943
398692	966148
396477	960611
395294	962395
397119	974900
397831	960458
396879	969065
394183	966654
399114	981427
397975	960155
398317	960723
399032	973337
394408	970015
395748	959700
393607	966698
399639	970773
396608	959563
398706	963771
401036	964818
391366	967162
395942	975257
394506	975848
398476	959466
398749	974522
397021	963665
396159	975641
393441	962917
395844	954038
398562	972293
395288	959410
401613	977726
391731	967605
399375	975965
399033	965977
398047	967062
392867	960761
394113	968993
396156	969248
396860	958407
399129	965795
395551	977727
398767	965565
401036	968105
389403	975292
