126176	317495
130552	293036
123067	308194
125750	320732
127808	309965
116535	299466
123913	304898
137559	344442
130115	315743
126451	315757
128287	335955
131499	318178
124374	299490
123819	289345
126143	321730
126432	315529
125102	332651
119479	294457
126076	322179
118368	314069
135253	302147
122967	309393
135565	310917
124128	305199
130154	333954
138043	324537
130031	330477
122054	331248
134884	335788
127897	301589
132407	302613
122507	295834
127654	310651
132600	290287
130518	305351
125834	294157
145212	306237
127729	309409
127137	290240
119090	318284
122396	309657
125777	292225
125303	301314
142453	321931
129259	336471
123158	281817
137353	308264
118108	311358
128978	289385
139363	332293
126321	306950
127687	300485
122303	317287
145586	338120
115626	325914
116398	288052
127020	318055
120305	311148
127740	330237
131286	331707
129428	301043
129630	312055
124984	272841
114377	319074
125061	316029
130508	313235
132774	326155
130008	296689
127208	311710
126311	326310
115853	311618
129017	332758
122228	322647
124870	290680
151184	334245
119506	328039
127609	326548
121116	309896
120397	294559
143745	319289
145052	348143
128301	323162
124668	318077
125224	319220
123112	319551
159717	345118
114284	322439
133324	297836
132678	320698
125246	324236
124740	296473
136605	333518
130880	325142
123282	302767
156521	342864
123713	317706
118850	292191
134363	333231
129221	297727
116997	308320
117339	298159
131876	313854
124213	305776
120260	301954
128237	286029
121868	288643
116700	300923
128600	340430
122739	333059
138846	316722
120719	295912
118843	326949
135736	298571
130375	302386
122385	327143
127970	311813
121419	313877
143344	326137
126276	292951
136486	300757
123863	314674
124915	302852
126640	317087
136772	326336
116762	295024
144810	325195
127871	306477
124528	286924
121671	320977
153401	360755
136488	322657
124871	283277
136475	310534
123964	281650
125529	320939
125129	337338
126127	283809
121932	298221
122590	296768
119455	314250
121085	324463
124959	292649
135942	308515
132724	308702
128000	303794
128361	313724
124025	292680
134080	318212
132985	310970
128606	319656
151035	341182
132684	325431
127245	313515
127146	288727
125231	292038
142403	318923
125654	309351
142587	362085
123225	302696
129990	306885
130687	315820
112793	297861
123100	299361
133831	332166
119114	299678
125983	333112
122632	324768
128732	322895
129702	305018
129986	303279
130673	320173
142998	314829
122709	276126
127557	304936
122872	306528
123359	332057
121293	297678
122518	332811
121926	270439
130677	332248
132512	305235
121796	305268
137163	340498
121718	309918
141550	309157
137245	308144
128732	323511
142815	364785
143246	332224
125571	304020
122182	284194
123158	307857
129482	297712
126643	295076
130674	298034
127273	307640
138368	332749
123056	302345
134394	322033
123218	313945
147689	323884
130266	297070
122638	326201
117422	300897
121663	326769
136978	344761
129708	309587
128187	291661
143835	356863
129135	323563
124881	301751
123948	287771
126563	321082
122272	321320
130472	324418
118214	278459
124366	313430
133206	299766
121914	335309
123223	317063
125334	322538
124980	298823
118574	303018
127262	299153
126700	310949
132384	326941
120853	312832
119156	322513
127962	311351
128964	300266
125543	302803
137830	318687
138813	317153
132406	302315
131116	297015
131270	321599
127678	337911
128506	299425
120927	301356
126340	308752
120624	297644
129772	325545
142066	332203
139491	320013
126210	304074
123324	293891
145950	357962
123671	307739
125398	307284
143900	348944
122175	305902
125062	306656
143717	325852
148304	310645
120742	327340
133153	330828
121323	307210
137376	321308
142630	345767
121523	278463
123621	318457
146529	347544
123230	300286
134719	320807
120643	325522
130990	319889
124644	320986
130638	317398
126762	328131
121184	308565
135978	328483
136608	308109
140410	316891
125294	327966
129795	310251
128260	307759
123596	302149
120094	313563
132282	308133
126994	302331
123986	287350
130013	296634
130989	317334
122385	292674
123859	308496
132986	309506
119817	308531
127153	312980
126563	293517
115424	296006
129085	315113
133226	311033
127582	356119
120911	308895
131702	292478
136240	322981
125296	312667
149774	371331
118097	310058
131528	336159
125220	319906
126324	300319
134842	316180
147559	336213
134676	315560
133492	313734
123303	317740
125883	295565
123096	302548
119942	309551
123569	282446
125786	311823
122137	312696
133602	320485
126868	305332
129358	311075
127196	312690
131395	297994
128341	323326
135965	313535
131143	331446
141122	339654
129279	318087
125099	301328
128586	325229
123170	323052
143968	306988
122814	330582
125284	327557
125858	316370
129097	276483
126399	308387
132255	302662
126393	315466
136311	309374
120879	345168
126295	309806
130047	313101
119365	301138
133015	341998
133572	323395
122404	318590
115536	292811
126013	306559
129421	324147
125414	326730
126294	319642
125026	302316
136697	341918
138776	335766
126976	312384
125589	315653
126027	310812
130476	342668
124222	310602
131188	297427
147753	336358
144082	312797
122706	308289
124685	330470
124594	311172
126471	294513
129162	315239
145432	349301
137996	318922
131544	309579
133747	325260
140007	319452
129376	327691
126356	306344
119404	301555
122497	320109
129815	327759
124356	315216
151973	313042
152285	325086
121192	295792
154213	369199
121606	310419
125535	330202
130509	316502
148250	341239
120614	292134
131964	299248
124771	302201
121554	310666
127673	315298
119127	318524
145834	317323
122174	309187
124276	306213
135181	291851
127787	313727
124433	326386
147329	338374
129758	326893
131390	315641
129240	306193
124585	306708
117714	330067
125302	295371
120179	289051
124068	307940
140209	314957
132288	318598
133769	302707
130081	351081
133912	314447
121765	308036
143832	308459
124059	305052
128226	308218
136401	295239
131794	333751
128915	324586
125030	294177
131655	318732
120913	305358
139713	308552
125031	294763
129067	308933
135176	306078
133887	354282
125953	326642
145987	323112
131149	317719
128567	283832
123747	315559
129270	333363
121242	301391
134573	315397
124464	294894
136914	304173
115357	305437
131462	321513
131949	299815
126442	310479
125512	316619
122757	317731
121937	306003
129941	295858
142813	322836
147139	341630
131820	311238
127052	305797
122021	315193
133099	303022
116942	318631
147944	332166
131572	313205
120974	278482
134744	328898
121057	279638
131457	331527
131557	300108
126350	308959
126425	305465
130350	307441
127365	329634
132330	324639
134605	313094
119681	310138
127388	294476
120004	299393
126076	303704
126074	308882
140080	317970
130545	292619
129519	318126
124424	307579
123239	305226
128616	316671
119371	282302
127124	315234
123265	326429
146038	335793
128863	305877
132851	322962
126984	311978
128733	308762
137082	315172
129023	305211
129070	321401
131144	306635
142367	333883
125999	292481
122348	325012
124409	295866
133761	316259
123912	333436
117570	307173
130464	308592
113061	299313
121730	321845
130126	317247
134812	313189
126800	306941
126273	306347
124054	307551
127465	332472
