2269.93582068991
2275.235911541789
2274.384261701228
2276.592943377588
2272.1495801688684
2274.713998850648
2272.465999757794
2275.5866450381172
2277.1931498123495
2272.5675073559664
2275.3392806497122
2275.8430557056327
2271.837841551096
2271.678537941622
2264.8750359253554
2264.6342769736825
2265.297815168251
2265.918171111558
2270.951372723915
2268.29027759605
2273.1502213060576
2269.7108825280047
2275.932651095626
2283.5133200004107
2266.6615453417544
2275.788731483111
2274.2569687603595
2274.1639672268902
2272.0397904692327
2285.840045308564
2278.458497551972
2274.3786520354124
2270.41134645668
2279.5039515365106
2273.852865279785
2271.668272266094
2268.4770973377294
2273.9522266207664
2265.74629362593
2273.460703536668
2272.790557659586
2271.697703453815
2273.4605031911
2276.6054849019492
2274.953126219102
2274.6181637371947
2278.9798439346587
2276.5174146184045
2277.914634224365
2270.094927261781
2272.703209619648
2270.4053053552007
2272.4514720491475
2270.3992745630076
2278.8818268234454
2272.29812938038
2274.077149842068
2268.993039879585
2279.8019192781294
2273.1761727855564
2269.1812109705647
2273.807099082259
2283.2522446631133
2271.1981045257207
2264.973764917808
2266.8557330477315
2263.8882708253996
2276.472218928012
2274.037099538179
2272.0775542729352
2271.193039890545
2274.8531102900797
2268.7949366698313
2279.6515630050962
2259.7215797347017
2272.5064273845214
2261.8279256037904
2269.656744810901
2275.409251771795
2283.384056596184
2271.767521321558
2271.5577348879915
2270.8092593931383
2270.681157064785
2269.5638251595547
2280.9179728294803
2271.6166828917303
2271.0622449234293
2273.2001037493337
2266.4755032060575
2280.813436290704
2282.753603580611
2270.3866633310927
2271.768373272728
2280.817756847999
2273.899995684613
2263.7678201236977
2270.1114871142245
2269.4769888841647
2271.9240867432063
2271.7947256044117
2271.3859807572007
2270.1752922503565
2274.373805551583
2275.319950280109
2269.3325810773613
2269.6006059626825
2264.8805475695417
2284.895503198177
2262.60280083645
2269.6173901358434
2268.857756848525
2268.874115063095
2275.0883685064164
2267.608175460713
2269.5953988154406
2272.53374660566
2273.4323026496468
2279.59721697344
2273.490502544749
2273.5382400739536
2270.120218247782
2265.030647604264
2276.743496362239
2275.5088732062413
2273.219055082359
2261.961335226659
2267.6200875623526
2272.636545060249
2276.955743931082
2271.146182385497
2271.584605197435
2277.9478648523964
2276.8781726765274
2278.0792400760674
2278.2411220510526
2271.6221744299783
2274.895801430598
2277.282137368246
2274.4238319960614
2271.4775748372435
2270.426466585549
2272.475031057888
2270.4084616309747
2277.1426708276517
2274.1223537304368
2280.6302334754073
2264.9340727649537
2268.6034083777404
2270.291772818053
2270.919808283935
2275.077926075879
2274.2964405181283
2268.6419122168263
2275.6649498389897
2275.2967351110037
2272.145466783584
2284.1668113705023
2274.3524900244147
2265.5450348133318
2277.1810093874465
2270.786579719378
2270.1199956896007
2271.702290919001
2267.852262720553
2274.4681319567126
2279.3678199055876
2266.445557182577
2273.8478448027954
2272.6435139730374
2272.8765241806664
2276.979865140738
2273.8251504386344
2271.871841499433
2271.1088458691106
2272.267163663596
2275.4956664189235
2274.3164427284264
2275.4355361718
2267.859635662603
2275.9434765086203
2269.8403576882192
2265.10034797983
2272.3489164264574
2276.3993017690254
2272.4799947354013
2272.3804237866716
2280.243393678364
2269.1302278842404
2268.1119378587546
2277.8663481375606
2270.976198834599
2272.072401089301
2273.124812614967
2276.482569280049
2271.3235699260626
2284.7774599347754
2267.8597008400425
2276.5788272213745
2273.8650393554053
2263.793527018087
2268.799585055178
2272.5395753447438
2269.5398015510555
2275.4157506634942
2280.39242975997
2270.535934571555
2267.3793716069595
2275.6047709364293
2276.5449798420063
2277.099460824191
2278.624697005175
2263.3344387483608
2273.577989583695
2269.4858364404695
2274.364430556826
2264.4228622742285
2268.808990857145
2264.3150081310673
2275.8214473654025
2270.9973642712357
2272.679378540604
2275.1652404077904
2275.6418720300544
2271.3791680773916
2273.759815159092
2269.5841508454637
2271.367916860624
2272.035597551717
2280.1113990231806
2275.3305818974522
2273.8419137806454
2274.324105039514
2274.7066273999185
2274.881477760251
2260.224016135354
2278.8751545971086
2286.9316551852608
2270.3028993213193
2268.1426674073546
2266.1100387685315
2270.7363176552303
2263.70054112645
2266.129916946917
2270.31035693961
2277.2457911561023
2283.4960153675697
2266.6962247535516
2269.4510000213095
2273.5218268465646
2269.7349636605395
2269.5053626256295
2275.427612252846
2261.3133324375667
2275.3054364620625
2274.7986028501373
2269.731253482419
2273.954940600781
2267.9823427240326
2277.45832275642
2271.8681600557
2264.339473163665
2274.4558803971677
2274.228832453207
2279.527581120079
2268.1904802768913
2268.414131565076
2270.799364225924
2275.724445943675
2267.3929325365616
2275.5429191411836
2267.6645481687433
2272.8101201607697
2270.85216131891
2273.6304741437266
2268.5219512286717
2268.440734775933
2274.686559857643
2275.3586242776746
2267.3725535808094
2270.213135250986
2266.3071716894265
2274.0689954324434
2275.7287900748397
2268.5607005030006
2269.514389041834
2270.3210113674427
2271.8319970785196
2271.469178725455
2263.1375821939696
2272.654981263558
2269.5807293312682
2273.0459870700943
2271.0217930026115
2264.7336259020203
2283.7860940996306
2272.6888080976473
2280.212632333317
2270.3703153780225
2269.140718435061
2264.5678739659893
2274.9715004931923
2268.18963640033
2279.285120209079
2269.622238930212
2272.648409874064
2273.5983469181515
2266.6185754905737
2268.798730182074
2278.301065327797
2276.3420682103642
2262.6209866922154
2271.6923332940014
2274.948944089705
2280.468825630215
2269.8995238775587
2270.665644485628
2267.35981562119
2268.3710027513002
2275.5798630796667
2280.6748837529008
2267.731512960669
2273.047712945943
2271.4933958210295
2271.447575892502
2271.7734920372636
2283.0149315378353
2265.445665322144
2266.5039644965564
2270.3273838007217
2269.4438221529663
2280.8360491008734
2277.2514462895942
2270.1957908624977
2280.8574284361357
2271.7831959045534
2277.7960074690473
2271.679777841969
2267.188887148147
2275.0928833596695
2276.7125079643374
2281.736000025544
2279.295306295997
2281.9969847708617
2272.142090864538
2271.8201282013806
2268.675639938941
2272.678740852325
2269.2862019298186
2273.4902289686756
2277.352716125715
2275.970687593009
2272.229940063539
2278.2690229507225
2277.1251266664062
2267.6470799480057
2267.881194654595
2273.4710946145674
2273.373037356707
2266.0006418317744
2268.204360208214
2273.1834658155935
2274.521637799605
2265.0875768883716
2263.2843621598263
2275.239078309222
2270.0416921523756
2279.5349530717085
2284.8327924377645
2274.721354523552
2268.424392256252
2265.070525717773
2267.8870324962772
2271.947028096901
2268.8528070411803
2273.270221583767
2274.4630506887925
2269.211647839826
2269.9092796316027
2277.1306165501255
2272.9157390477785
2272.8290080278744
2284.0264828607483
2272.473181414889
2277.6685069545015
2269.3070355631453
2269.4844178467247
2268.0336171722684
2279.0190555580393
2267.8498357126814
2273.750385067604
2270.610175452021
2279.469132784421
2269.652430923078
2269.368638389332
2266.3298581417835
2277.6620817635057
2273.5151880212015
2271.1589184424197
2275.956979391557
2274.942356448062
2271.6523502671275
2269.3670069989066
2269.9974211902368
2277.409734635823
2273.5882886513095
2272.699547099751
2270.746157965639
2271.139961707576
2268.462559833596
2269.6197242649932
2274.281237872134
2270.9701368430847
2271.813519256805
2279.6833581719525
2274.037076682292
2269.6363884491893
2270.6319119291716
2283.295953668895
2276.5548926747733
2266.770982602816
2281.9068233009084
2281.865685039653
2265.0375540291698
2274.589336771087
2272.3764091898724
2275.754218179826
2268.041395824139
2269.697555457782
2262.1500629818734
2275.9878714902725
2277.858281516567
2276.2412483299613
2269.7262662235426
2267.5766284475353
2266.171538713912
2269.503160336234
2274.710057553092
2271.8854719267188
2267.4705236824493
2279.880938271446
2272.21480464216
2264.7501802710904
2272.960653762848
2269.4420473769082
2270.555545031656
2276.8651054725433
2273.581773092579
2274.773041439008
2272.6725298358188
2278.840166792947
2264.5331473943697
2268.527339016635
2276.6051396828652
2274.9195693480196
2272.4971643154777
2275.1193209702324
2269.3961346304586
2281.2105868575427
2276.2047944537685
2272.917665067727
2279.5716859748236
2276.5417857299435
2265.4374650604127
2276.4936268878782
2278.2892391864325
2279.098461549376
2264.20967240346
2267.7952559727582
2272.3668793404418
2277.6203865785155
2267.7052645313825
2270.06312812462
2270.712986551227
2270.9840047704442
2271.0688974985887
2266.959107580566
2274.0895658867294
2261.620655987536
2268.8956087257593
2272.3240528509477
2267.435718083131
2266.470372045564
2267.3232028670145
2274.2884381492313
2265.771396708654
2269.420183543727
2273.0387771873498
2268.7801186545
2269.2109823888886
2266.814342729716
2265.3741374707197
2276.1689848206383
2267.8759783901064
2268.2968303644802
2275.682573788647
2269.697810060451
2271.858497907311
2271.464292024033
2264.2959381434343
