2297.3079976615486
2290.3927878010927
2287.526449696732
2289.308386827365
2272.9938168146273
2287.6243730674696
2292.4557097559223
2287.073418045695
2300.711337797633
2286.2110508283704
2288.3113716979688
2292.5510662826086
2289.5484319427665
2271.5197324058327
2273.7363065213403
2281.0471236039984
2273.4128068888604
2295.823776718738
2280.1035282655084
2276.967749219575
2277.119725713732
2289.9224519929253
2287.1222360386237
2292.1823736519623
2283.6931861317407
2314.3642062533986
2299.4618244500234
2292.2582942618446
2312.9805570850713
2300.719027979908
2289.9266200637217
2297.908626858815
2280.5470129289033
2299.810968249232
2292.588240137402
2274.4932114491726
2278.3380967259627
2292.856645881512
2267.742276921701
2290.3968524653824
2282.708244553365
2272.875499139061
2287.1413198340515
2276.022500936462
2286.8400164567183
2281.480527790359
2294.8239658128837
2298.8246457224973
2298.785770706191
2275.9222594704356
2296.150656060166
2269.5397281709793
2276.0172864345286
2298.174697039427
2283.645222297566
2270.961926350549
2284.5967465522735
2288.260499791325
2305.6873609304257
2290.4858826743484
2281.751125961503
2284.565843492991
2297.080151464226
2287.759307420497
2289.4682172034154
2276.045045454579
2273.8839033411623
2293.510191827963
2282.432622240352
2288.0428282548755
2279.8173052306056
2302.2922511031534
2296.898757098007
2298.8089324631624
2303.774355612729
2286.4168651098626
2279.4982543178985
2281.3385666199265
2283.3670258060756
2307.054612159673
2284.449991551352
2283.7835169070368
2285.1989811759286
2287.450923223965
2284.631491212832
2298.482557456144
2278.110567125523
2279.3663429313074
2287.0120659746544
2284.747177011872
2294.1448602215046
2299.0614684893826
2290.3698105073254
2289.6618729227953
2297.6549536246694
2295.8620031587543
2272.7977392645835
2331.751701451133
2289.098004300405
2287.7886013191937
2293.8002496426543
2289.8207597199553
2281.367916721664
2291.128000515965
2283.353481869346
2272.9435419937363
2277.4899007578683
2291.5536334631743
2302.411085111985
2294.0229186571487
2278.4713530429376
2279.235209217356
2291.9117434397444
2297.9013005759093
2273.2623087114653
2281.891089664699
2283.2409515183026
2309.81318325982
2292.150139529471
2279.600364833038
2277.720838621061
2276.644188075634
2285.887344765617
2303.1352477223772
2282.946817540089
2290.5100671336713
2305.833736025904
2276.5125183217465
2271.549443963103
2281.0382130239846
2285.178808847214
2274.2146603467845
2273.4189523803766
2292.8437409890316
2289.882747521836
2288.681861952218
2274.256537021395
2297.169617670631
2304.9935421093414
2294.1643130062857
2275.501805100065
2279.692703289882
2288.957205559679
2276.653160691118
2306.677124467089
2294.434008691576
2296.188870716748
2284.4757798119053
2271.5291331833155
2274.5974099844557
2311.3784607033986
2290.4170864675534
2278.6546917546852
2291.5032891704686
2292.3958327830323
2295.119568933293
2280.594129418014
2315.7361160571786
2292.0598455957897
2271.875883785831
2295.076863350683
2281.1746629690997
2288.6465815145634
2301.2687332679197
2302.927692600898
2295.330152034946
2285.8948207704225
2273.2051168682046
2287.991575465474
2281.318379870475
2278.304126147569
2279.782628851957
2286.280730979529
2278.915676932821
2283.5711156866937
2305.191503268272
2294.748349957942
2297.810391633827
2280.2899092077787
2278.7790351826843
2283.457213300425
2283.9786407153388
2306.260908113368
2301.1734232453964
2306.3185401007204
2302.7320027035003
2287.9324034612523
2300.9081442288953
2285.0919565158456
2288.9369892081972
2289.9996196342286
2282.703515732039
2293.793431844506
2295.724561389576
2294.604084470392
2301.4312664777367
2310.785878208405
2276.4091340619507
2298.1590205003995
2305.430727654035
2300.2740576429032
2274.627382096923
2297.9950003069544
2294.7066513037853
2285.4647225549006
2286.2708097633026
2328.5602663667687
2286.8799554039797
2294.5545554290334
2289.0942600601834
2282.573265153672
2271.4237484918203
2278.4654196147712
2287.2044681563857
2276.86880336245
2279.890798256642
2280.402657011027
2283.5753330919465
2287.384580246921
2281.6427199147543
2282.5613882928983
2287.715250328999
2298.5713170374775
2292.888936423162
2282.9730832592004
2275.444688757725
2294.6520883006706
2284.05020837164
2287.595950898244
2291.8591892959466
2295.2472660192734
2283.015031170475
2284.922761086167
2288.89260874814
2301.524684576193
2288.582699205292
2284.4476429909564
2307.8318382763973
2282.470423709522
2281.2331486683393
2291.9434683997342
2283.4501473780883
2286.6728709786175
2294.5898150240205
2280.8494169858104
2285.1786793029282
2310.4654652650433
2297.6102111335244
2273.509107875846
2288.279392105901
2290.6297094484294
2297.295363895274
2292.177294316892
2280.431631529022
2288.970284875032
2291.9270232701283
2275.726209840673
2287.778727489168
2293.329553115273
2280.2971388745373
2281.6406822265562
2287.993879579
2287.0638858531674
2334.6000362121367
2292.8433474365534
2287.736809740775
2275.5317662859434
2278.4562217333696
2296.14976075391
2278.655303604216
2277.4755043666073
2327.350382583255
2280.0617102598453
2278.0244410414934
2291.5923440996926
2276.8448170868414
2299.758865338937
2283.8421779533473
2286.280857100396
2282.8645106513623
2277.8075838186905
2278.534107656313
2285.130635204198
2282.726680112365
2302.544056836003
2300.2131814206605
2273.3804866945966
2280.956829414373
2290.544268043662
2275.093409858638
2276.7359027491566
2277.3809104048187
2293.402647740976
2281.672044457652
2276.5215037431662
2295.537144101624
2280.00774485813
2298.533796517651
2273.6508247787533
2285.7529412506155
2313.7674645058933
2288.888032059236
2280.62694568204
2295.7590264298165
2305.0519409110516
2294.012309434128
2303.2371529371785
2280.476536153173
2279.6480137458675
2316.477054882117
2297.189085867927
2287.7223920151578
2283.2251894278966
2307.275982575032
2286.0665687374394
2290.4698486802113
2283.474118091987
2272.515798305596
2280.399551005862
2287.653441928033
2297.2003463369683
2299.621601141017
2283.0139343697583
2284.4796951331164
2280.699603869778
2286.6462834575423
2314.702084743586
2281.424019569198
2276.3398914182126
2288.717436910273
2278.6279207229973
2289.9382862651505
2301.2871257550496
2268.5124654563124
2292.4098227622508
2286.4922842902997
2312.4968016005214
2275.5784632596824
2299.281016703715
2298.5718436736524
2300.9035090473244
2296.998507546493
2292.330217245356
2283.7658437187392
2289.9885302171815
2285.10171050838
2279.0235281628006
2282.6115415470877
2280.161978867134
2302.7996813980417
2290.4989552272773
2288.592028354833
2284.8648491827953
2297.9410975814444
2288.9839459541963
2286.1912853855047
2286.2781827950375
2305.7943911728325
2285.3773994384064
2276.7818949374114
2276.208864752358
2295.713584024502
2281.675158633643
2282.1743899033436
2312.983596006177
2281.788392944074
2276.212156304884
2287.001978633383
2298.3597863326304
2297.029930260684
2284.376131876409
2282.4603108449264
2277.00220528397
2278.832356521461
2286.7064396239566
2295.6132741102024
2289.9556417334825
2292.631045902004
2276.1330587647226
2296.172942912187
2286.4704604247363
2293.7860953392155
2298.231556942048
2285.4030414180897
2291.6432882185045
2279.3662990678654
2273.4996994210555
2289.596545922357
2297.617400756946
2283.449674082972
2292.558008658836
2280.91964358624
2296.9237080919875
2270.683689254315
2301.5616900744103
2286.6691011366447
2284.228709242637
2309.219905557153
2284.441487035536
2296.493318335215
2286.128027168518
2285.2503350502775
2283.9391741585778
2284.8280547271506
2302.2044906394412
2291.406632122463
2293.7482727057895
2293.3535360599153
2277.2581229348543
2289.561388026882
2280.1646470107044
2298.338536533557
2297.4881339280673
2292.313909335764
2305.2842425287645
2282.699232783352
2275.4682894881735
2287.059115106743
2296.312600561442
2286.8975135529618
2272.7124884420173
2298.555465888953
2299.4855991891736
2271.9012136051647
2296.5982686573216
2296.345456006224
2277.548884719914
2276.934014691349
2298.9094249985937
2269.0033986719473
2305.5856742969618
2293.4113821967894
2300.7892675262624
2271.7539487338536
2273.872616945052
2277.2124991389082
2271.3145935257676
2281.357708479448
2281.854284331882
2277.600369447223
2286.004031008092
2295.625830797838
2301.488466167449
2287.337101274723
2279.5901169690464
2282.7607644185828
2301.3769111262636
2291.2706069576134
2290.0148261860672
2294.8595345690524
2298.2798498142474
2287.451199957723
2292.3743889788475
2286.5255696346267
2279.0086613543986
2285.3490793378132
2285.5584628138445
2275.608036706821
2294.694732828808
2308.5690668727984
2292.1784196623707
2292.7359969393747
2292.606962446801
2276.191443307149
2301.1868740424193
2286.473239220197
2326.428431704113
2289.3941264768164
2290.0121878776677
2285.677352125033
2285.2039735432945
2286.448645609882
2286.485504450203
2274.5915432445827
2284.4421579259
2289.0021035331606
2279.638668541615
2291.9057143957316
2286.9342110639463
2289.4829834162524
2287.8760986793154
2288.0681984563703
2273.5947987653735
2289.9138867825186
2282.400614799517
2276.1413436097487
2275.2204393035754
2285.184546937064
2273.7286404659744
2285.420265265468
2264.61793553264
2298.4349755517865
2288.0237681724393
2268.1966580140397
2270.927613961695
2288.2345533351026
2285.5351117441305
2291.7176542358984
2280.4906269780777
2286.4073764229684
