1515.3832751714922
1518.0466082273977
1497.964842177183
1508.0736602411303
1459.1923571546495
1522.572132057764
1514.7674347213147
1505.504261999669
1512.7728265094474
1524.0792408453285
1477.6873489944219
1506.3988842237147
1524.3617600576458
1517.723769534875
1513.114433520222
1526.0387217973393
1516.4078775015487
1507.5922182626932
1529.6685083713953
1524.4572828103428
1523.171375917153
1486.6462609201806
1523.244313689885
1520.0193138528166
1514.5752598075358
1525.21744162562
1519.978227881234
1512.256109908604
1522.9893258509394
1513.6237562958952
1523.127870290086
1515.0835558079011
1516.5134545839423
1517.2558883320787
1523.5802943178762
1515.303961807794
1475.234717861372
1519.7587466892496
1515.949482351725
1523.4890456127462
1523.14584621268
1520.5628696612926
1501.3113850439927
1523.37136353572
1515.6387214204665
1519.3131260016116
1529.211311346849
1524.8755506310517
1504.7543046557148
1457.4610330308744
1504.5860327798746
1514.239104843737
1520.350303804466
1520.4142353006955
1522.4276991696997
1517.8632795403814
1516.7994724548387
1523.4961944010452
1500.5580489822305
1507.7855619684287
1519.9176826256082
1514.5934730420122
1517.1189091076812
1520.358668598541
1513.5032886696677
1503.5091920208242
1514.5339265655716
1498.9076367821026
1520.666362833973
1517.3487557325636
1511.589838714718
1490.3140979252353
1513.9126826888612
1500.276732603618
1481.400749629946
1526.058692582581
1490.5235074537345
1516.3012879861753
1524.7456605118673
1514.5239445572906
1499.4876137083797
1500.1703965511435
1522.9303114302877
1518.3250561618229
1516.0212387024621
1517.3782434580535
1514.1770372518472
1518.9427786345054
1519.118530394016
1515.7996520758966
1514.468119675069
1469.8412507195158
1520.065206901359
1516.0366536239708
1527.4182787332466
1525.3986484355362
1521.1050324077478
1452.8369377734632
1513.4847990543365
1510.2328199123554
1521.6272059655075
1503.4997134491227
1518.9086532367749
1497.1920839862714
1515.428574264589
1516.3787349496433
1512.7859559447793
1501.3195052414158
1523.3048360230177
1483.462351046198
1517.7971910293868
1519.9094355802235
1506.4596838925972
1507.6764995143585
1517.786302043834
1517.9124173233572
1518.2256886082428
1518.825341373556
1514.7414919219786
1505.7419581757013
1520.293304628031
1516.551111647364
1515.5282961250311
1529.1025694473847
1520.5833762814825
1510.9507917910084
1480.8955465894803
1514.7897587670484
1517.9416745629587
1535.0003579332301
1524.42658567854
1525.226303699183
1452.2203289932695
1521.5335432704674
1523.3052674710937
1520.6786343983074
1526.9585810408316
1521.8044633024322
1522.9914956898313
1520.834212377923
1519.803108519095
1511.6825852039287
1521.2881211954282
1516.2074676507027
1456.2762933502445
1513.7044699681367
1521.8898486329244
1493.3852182084183
1514.7229200867114
1516.1885167695932
1511.4459817049997
1502.8687366064728
1517.1993898838464
1523.6023564169213
1512.2237339338187
1456.3246467178176
1518.1886983585962
1508.2541858706713
1519.0986895395322
1515.3570473741752
1501.7150221773422
1517.227261972509
1509.1108935318302
1488.316407386722
1524.4553120893843
1522.6478076667308
1525.5865819845517
1511.437081664567
1524.0967443727282
1518.2731132023728
1524.4244790189557
1454.343427458903
1522.6920261713135
1513.3729073511959
1505.61360650094
1484.9476333801863
1523.2373035041787
1514.8565908579635
1519.8937935953604
1498.0777489554166
1519.985510000074
1515.2954946591267
1458.2407383697375
1511.0990905942094
1500.606806168699
1513.463858101778
1523.2141759848842
1515.0460788049145
1452.7072194594
1476.0080178342864
1519.1101313785437
1521.634120039278
1518.9763379109227
1491.0047752993983
1499.7833538577952
1500.1540789465398
1475.0931896645188
1518.2750372784562
1477.5682054156528
1504.5116772556407
1486.305035929584
1518.969707005672
1515.0454699331167
1518.845310885346
1504.0952781416086
1515.179559130646
1512.1053044160344
1516.8338618350522
1448.1590929870297
1517.9634358044545
1521.7594554213097
1525.39789284205
1510.5622417222187
1521.302933790709
1517.743044236137
1522.8272049331408
1508.3653849184366
1516.487581749179
1496.020776944133
1508.8996355072732
1518.2187798713703
1514.9256064066117
1528.7760527723408
1497.6177766013764
1515.7043720278564
1520.0241890191965
1517.06886849787
1517.2030418251077
1516.5386161019808
1510.142716983591
1514.0213199254106
1518.8518859587464
1525.3096811333266
1516.8579887874062
1489.0857849623044
1516.23101081441
1513.308314899646
1504.9195341152372
1515.9435592195637
1511.290661856168
1511.088950992862
1522.8946576222356
1497.848761911247
1476.5908807487972
1517.463716165351
1520.584996062595
1500.5796074721727
1513.532919386229
1516.9677235500594
1504.5579691136581
1500.220285221511
1498.9451119846551
1523.2025382898541
1460.6081619528763
1510.6601676735602
1508.0910351036673
1512.2002595229621
1461.3304290652827
1456.5127275968348
1514.3769249916693
1480.9200000980313
1466.3854211229905
1517.0581186606553
1449.1036611590002
1522.5363733346023
1508.4913218968131
1520.4258914049092
1516.163154721261
1501.2871404476468
1523.1136012713364
1505.843890141742
1433.2550809143718
1521.105385317566
1515.3386463403233
1523.4554464620737
1512.0550218352944
1508.59963637177
1513.938291968746
1524.574021414089
1517.393833987579
1518.6127349463013
1509.1610860872402
1521.5464447673116
1510.7988003172977
1514.7580274276186
1478.9285073420315
1516.6482648503538
1515.224279443439
1516.471334225666
1506.1296428284645
1520.9038478129182
1506.593338611207
1519.069342508962
1515.0302861984123
1510.8253275082814
1464.0245597177736
1520.4281023780354
1473.054355675585
1515.408624230425
1496.3263264113582
1519.1674113802765
1510.4754954209961
1509.2546515115278
1526.13734211146
1514.0851212503235
1511.4799970090285
1512.796886008464
1512.5295622472154
1518.9437361353462
1522.6624736672597
1525.085848383967
1511.564400234647
1516.4720249163165
1526.6630560742997
1519.7240707887054
1516.1419152326407
1529.3173123081435
1512.5189127955214
1513.1875713795998
1519.387476829355
1479.8869597033283
1518.5568995292747
1525.5192664256372
1517.9441536672866
1511.611739440054
1521.0357768464837
1524.4683074721975
1518.5935063520158
1517.552297098101
1529.061390223468
1516.0185624439582
1514.807735323772
1501.8776169207604
1512.3166126572623
1510.2810381237512
1520.437206631685
1522.5995013521506
1516.8763840630581
1514.4774948622417
1460.4715031972216
1512.559879340129
1518.5661819315721
1525.4800658481859
1526.6866729498386
1512.741618505581
1514.9604097148117
1518.3832310026544
1526.2927188693538
1521.4048678867407
1469.165225252701
1519.115582866099
1519.0699079889528
1520.8949989275843
1517.7926804481763
1526.0696081350136
1503.9176493657098
1521.519429615245
1488.076721811909
1520.690822323715
1513.6539430826303
1521.4177907053363
1513.4616050591076
1521.3430450880765
1524.3333643850099
1482.4715230407965
1523.265370730739
1517.7488978652118
1509.7750363278892
1520.8638658010323
1523.0531205967686
1507.9116238862198
1516.5405775182649
1515.4256030635133
1521.6268352162301
1512.5928463593405
1518.786991224557
1494.3228653279848
1471.0899676893064
1514.8472734729457
1522.9315431153377
1515.0244365621966
1520.4910310401644
1520.8179424390219
1525.565390481568
1488.8295409212947
1526.6736429618413
1518.54568643828
1512.001746570728
1466.1802350446387
1518.2304986806434
1520.4843790909267
1515.905503083087
1506.501152128534
1515.3815687562833
1489.5221464567119
1506.5284468945279
1520.041225576033
1498.911073428908
1516.7352883185636
1512.5660844340928
1523.4939005423769
1506.023624352247
1515.1078914873983
1504.8553522605678
1501.5481600694181
1515.8407103086872
1500.6280603472992
1511.8168859595157
1514.2156747789036
1512.582012252516
1511.2307818569761
1518.1512756064387
1518.773513475625
1511.3757065786072
1492.446835024124
1518.631317967466
1511.1316918780121
1521.1009911934893
1481.13597493398
1518.2943364638231
1520.7835787612885
1510.7643980757682
1522.078804133445
1512.399960243646
1513.5164187267728
1515.3528993036573
1518.7002313171802
1518.8797454711594
1500.140856314053
1516.7326472931086
1514.207169103136
1521.1018982164187
1464.1059442809933
1517.874570204872
1521.504361704116
1514.8898909169689
1523.5884439854308
1518.8823872751834
1516.8374591857232
1507.192479946517
1531.846757739671
1511.9051588592033
1517.1792041294843
1518.6878968071685
1519.606216425077
1515.5037305396147
1518.59802946099
1523.0562185472331
1505.2583738223302
1518.6311221023998
1524.3238474653076
1487.298374723675
1513.317636537608
1516.2339664267015
1509.9540802116974
1521.0268772867914
1513.8172219865191
1521.1459213196308
1518.460286972423
1475.0567314617972
1512.883786207084
1514.2869623821764
1512.3565937344747
1509.1813224726138
1495.9104861760466
1517.7331755028763
1514.1051914096442
1505.2802023339696
1480.5509231117094
1513.5766272291519
1518.6580095477768
1520.5827809002672
1518.57553610775
1512.8821505652181
1517.9276970247504
1522.1289223578528
1524.1230032328613
1497.1211167244705
1409.8973783480892
1518.5980524736715
1517.6160671886794
1513.9197876733851
1512.60802939012
1485.6372008454882
1504.2922356776044
1516.5819212592933
1516.2311447964194
1515.0293034747665
1512.343406981628
1475.7924269452542
1514.141816212765
1511.8492295188894
1519.0748638731147
1517.2843654111014
1514.7254885379186
1522.1151585371695
1512.2603699656215
1518.7852828407508
1518.71731514333
1506.9604660331984
