7458.615157957362	22857.90630467553
8025.074659791035	18717.41367572108
8533.031163947788	30252.556667911842
3223.347632078929	11288.709669959659
8883.980011947197	3651.9342640087457
3444.7519193260573	18896.671360312615
20483.69616011116	30981.468930188497
7118.020358302005	33816.07839732233
9615.482820154084	34138.44819237492
6272.261426692201	31470.665966176093
10554.546995895123	23809.52837710154
14107.556749225572	37111.56903742848
12854.573895431473	30197.94788526537
438.7557027909745	4926.9542551761015
600.4728561925651	5311.273404093674
12681.022443329115	17073.379101250564
492.2810322317181	5777.194967063327
8642.805450571434	19320.322884375983
7759.61442753466	21314.50256558365
4979.318652804775	19547.12273392405
1077.8567289461225	8459.255716227977
7939.771150009494	33022.22978053983
3621.2448324868833	11276.946455140123
6203.610820025802	20941.814987598515
6204.388065484108	36168.27735052552
36948.753480899846	37568.0423243435
8748.584995771693	26601.7689222443
9718.782676451821	22967.741067933155
20905.486240355094	34161.82008257861
8714.5624157118	18001.34578815076
38999.697125068604	61727.17202897235
6696.378113190323	15816.144355088494
15251.863316740586	25033.88088992509
6902.670210527113	21147.521026642295
15330.98926393632	25769.8292475169
660.0788856461766	4009.3091583353203
21661.3012792631	13629.977024403053
4973.984217482752	15178.829017372113
336.8356438697851	5339.417893246462
4754.473971222846	3953.0672413406187
5721.377569765789	19588.423228638887
3366.951416854169	11235.335499594596
8170.650092400336	40635.1636289738
5192.181074205355	14509.45568026124
1931.4138721220545	13908.39862093375
3422.0079805943037	10018.222219023377
12044.211004554969	15543.500743528764
6037.1432159197575	18702.872952354162
17058.6761593052	40042.1144120984
36258.47613979867	70069.1345428464
6144.165196547585	17367.819564584268
2799.334135120352	7932.217342272772
5304.182493667093	11723.645960743052
6093.566550269484	21636.74725538599
7226.246139421855	17841.835993890272
342.37907992667056	4214.041954080301
14795.384921175173	22692.847242362892
7186.664245440736	16802.513778305765
15547.957055327077	26479.634305041338
7885.130497788887	23361.07295984005
1408.568846936755	13293.079066097553
8493.800295048712	19764.296016132634
6914.737818131512	12484.968575577997
4406.132450865952	11157.693238576896
4294.934886521884	13909.964814587354
9843.081957755321	28733.745502139634
11889.587363774326	32821.14150495073
5824.483126183574	29211.171358837015
5248.946182554527	21098.92915687422
13042.05004071511	23167.934372041287
2943.8443305990822	13239.829427434224
26186.641833329806	24380.306919369923
4744.007842710827	11063.25578692166
3634.507898905325	15147.833853142589
22199.517974396083	19975.18615098144
3619.1701793308735	17712.741745037376
2056.15002024796	14877.767759601209
4086.9020777551455	10314.36187296253
4916.645888836488	14475.19884272229
19470.870247038714	28935.53665489185
23058.444929161287	41443.04869993861
3465.0345443676133	22683.808870585694
9902.51825644223	12816.332216865285
9213.00694107861	15152.613425453881
5794.712662128135	10463.88579547918
20201.446231685255	34170.68990641427
6929.3021251717055	31743.604140313953
1680.5076107099242	10822.776212773504
7498.237834505492	18324.00755669216
11056.182800403545	22298.406510679313
9471.160529186513	30178.731280276108
31537.050550695974	50122.22183076406
20849.534249724486	46903.946670818186
9383.481177483805	23838.844041695676
18518.607848803465	10639.83723377153
8033.916072429537	13990.394908405931
1975.1684431672145	10429.010287857429
32351.3833701417	54166.48798620447
6531.381682412673	15418.653804386166
4803.478568757615	15565.632060893671
4097.113480128598	18821.103838725692
22501.237276823063	64409.43037100508
9851.685287324251	23941.338534821392
5756.465300944747	33691.2860512581
715.9366431424568	5476.279918148463
3032.370447876162	8144.8047334947505
496.73103320498427	5830.280301557928
6533.151084100707	18249.12891646249
13394.543828495245	44920.46211487492
14177.221451584823	31260.103815739265
1139.1655144950162	6131.753789519462
24268.230247039814	60743.562159374065
4163.489544502528	13487.083935555374
5317.719825524215	18008.4694774502
2342.276017241245	8763.108138050831
28850.052179888837	31830.484707311938
2269.9703393018663	9679.437004525014
25688.756864378833	28175.567778253822
6826.543583223271	22757.19098883143
8421.129899798878	19658.21228881756
1656.7868720448296	12263.993677907176
1159.4241595991925	7654.658283338571
13776.823729350745	23566.97682270176
22792.38969942348	24051.605422259287
7151.624829123222	6792.869920109635
8207.092223550786	15001.66916313431
19762.15696471838	38327.52786457276
4385.388042762932	3028.513375420866
466.48665383939283	4615.484561917012
49535.18111006594	76140.5145967523
4548.2945962836975	5292.143573711049
6552.666374860261	21147.390724697038
35025.81156138693	50066.269224290314
9459.46302039101	9009.532135575906
4565.504651789825	14420.461780955804
11385.011557748181	14484.212993578762
10959.162258125803	40804.62675697075
5822.362258989118	19994.49893283612
9452.706016407781	20407.147324213667
6123.779504640492	14744.41238611434
660.6704964980863	2840.059095314865
1087.4944911599873	5900.232547500296
5854.032077430911	25555.478973639136
2259.9685148831604	12033.106504374493
17527.505424903353	31782.374349139798
11412.988232058007	24041.229467642668
4067.041531803684	15713.511478613204
10801.69802867227	52279.35504754732
890.4582891822616	6487.821559184099
2073.8571694224975	8321.343289345672
23117.86661282983	44006.261275854595
5144.707814647634	17066.285899456478
3339.6548027478116	9811.136873736132
6824.104014589571	15107.465186537098
3756.0383006995844	7500.426330214177
41820.24523795144	63550.47635987494
4085.9203651127714	7637.826307496893
46454.16858545234	68600.94249737634
5415.315719675451	13862.056362642072
1334.2935033785793	6929.510913859818
5493.232863095246	16866.704457328287
6225.079837466907	18124.747964721624
6146.38128417838	13369.555563412552
6144.2113116740275	33625.53653868191
14642.50228812469	18164.11903133009
3045.3284560003162	14715.323434322081
11345.677498529298	10313.300046981585
605.8526010213805	2816.2843924113595
4823.25107950137	13807.13848411436
4332.414877900144	5008.006732800361
15473.932297281837	21368.211320537564
11041.204054210199	13402.03776480089
1863.0556476296597	6251.88403291271
697.6451827069354	7741.029012422535
6105.331877233238	16663.28760754959
16957.25741972046	72299.1348344571
5027.3923040286645	13697.691150912902
6000.5036154466725	15936.091334866589
1665.4122145181695	9059.763085482002
15397.023222323074	55014.743377499195
7530.105723400449	21969.584248720323
2137.554704864182	11333.536590300671
38427.8657273143	66331.70348758857
8164.797971167899	35591.34748592791
40291.4096646032	44712.490360772514
9755.063414558577	28055.08914850066
41666.72119213116	49886.39472207878
22176.36018186937	35068.90305975437
15178.177977936199	23788.30687601375
33814.649065766804	41845.71233007982
4388.445875823951	7853.456965174788
10685.009710369708	29183.171690820884
4578.328965463053	8262.0918700989
9366.072173404002	34351.642359038844
6539.875169136987	33896.42177162764
7589.460613524076	19623.861615777023
55256.547253052966	72595.67793229695
1239.632644911288	11330.155898119403
39096.59228090365	51178.958127394886
23521.190938657754	31523.073244572286
33731.49374317075	59428.90550356633
13887.841555421928	51507.93913749647
3990.4101705973007	16392.711273609246
8015.087271210241	30350.822455069272
11324.726131936259	57274.813455554664
23302.266101593807	37270.460516945874
17429.271134389593	57663.77685713769
3776.3783522224394	8303.031092878009
41371.53540435231	54498.27753015106
4437.03566441237	15845.104721124235
10519.840617400752	25585.56133232134
11569.354237113996	33139.45980845507
11466.89705869718	38765.6208834789
6634.835461047575	17469.847331502442
4166.762085735675	9160.795616784344
2363.434849304518	9705.531736729541
1861.770606503022	6712.129099228548
11667.436500088232	37194.857048193364
6435.7967502287265	28053.55992758297
7440.166850746433	15104.017826562265
11041.244773963916	36929.5188568472
5256.5292184443815	14762.005914009871
8369.55605555715	17267.196759893897
7927.117886474037	25440.124262235342
6429.0393121536945	11870.807913209443
7065.495903651876	17112.337525458373
9603.696524905856	18844.585293106844
10319.920041308354	27097.855760248935
10875.753400231004	19113.27520192465
13053.442759672444	26100.853330000253
6467.058452492677	23383.133808832852
9905.08242274143	25674.703826842604
12360.901062553105	17411.461590181832
1842.8027754633674	19574.915097527533
7949.674074638599	42787.30548397245
17543.989092038002	12196.553634300955
3659.1533872393	23603.124843582267
6631.227866958492	15141.23183208154
16684.747711445463	35455.12693846463
4211.037174275034	10135.551680665807
11366.368279497878	20129.559954665274
9900.94070489941	28761.955422724473
42042.08375344855	53108.00960498282
29153.008808038277	37191.073622845506
7332.930949985059	10301.707642545005
3342.539087709913	17220.49452831912
30325.537012254896	25863.73814940796
5153.373328033687	15059.755946344083
10922.70412241634	27078.197003229114
51638.4177620806	73551.33144315315
10625.098334718508	17933.954478021245
11276.864551472374	45650.924003192835
25807.736282935362	38369.73285388899
19004.09881411321	17946.073576611336
4964.956934664097	16569.596027012136
4818.446885280673	14423.426836444849
188.24587414649582	3775.297498000188
26005.15587872008	36498.13571782722
48532.46518871791	70453.76405656722
3051.523170044911	10013.583686290081
8071.593169171468	33077.10319366923
25579.74208870381	38427.932272738624
3393.2322841502173	18916.565942011486
28902.565382896883	35760.88768015011
3898.9600311865897	12429.171207128167
18376.79667460318	39823.56902485845
12932.01203385821	15133.435142687691
1689.9995980005062	13016.403812216518
6299.301737950255	19497.217551211525
4113.683474017422	13734.533052383582
4487.45472406943	28072.926157402686
74273.95604169002	106944.70846451473
4297.619957220673	7948.62037635878
12165.478894220209	39132.45102918514
5930.931597174843	6527.170532179677
4340.249158782847	15041.473721989303
10860.016138774674	16004.978549824942
5346.106004182244	24271.31560927114
2459.4531904224414	10663.791369932995
2183.7971731419275	9690.18885988078
3663.339320137876	5991.15975383414
2948.680187089302	11007.412991610408
3064.881372233004	15653.630069811068
1649.6617576916524	17428.244961769175
9557.326485597581	22123.504220551302
17981.75438675711	21429.388444284643
541.8424482257802	2859.6052578020217
1387.4773834357502	9973.873392962267
4224.227613114741	9519.06849210061
3095.184748194165	14283.017522273223
8337.037622369484	27709.250526342494
5597.200215992488	8773.956975922147
6094.543303713945	13970.99439632618
5363.679527737344	2058.6490903475037
3477.9072106844487	8549.529936284027
23934.730768985904	28684.20977816705
2007.621420188019	5205.001482267519
21076.42959611353	24455.2337210677
1454.9020590693951	9464.675864847855
10222.646589483003	35806.490511994794
10360.793308283137	28598.51106894503
11360.92884865612	17816.01851857999
25003.938487163683	20792.2219223337
37164.31582468135	37486.2635319893
13725.111590090142	28978.16641006397
15137.106852125717	39794.77465429577
6070.468149313338	20573.79873893498
2349.6004037810394	15350.034134250418
6111.379409498239	19376.424019663988
18777.301576194037	53591.34664275985
10866.705226368742	24586.334153650147
14808.653213024789	34265.53841185348
35493.64620412204	49564.58206787093
21255.135786344195	36579.86602830648
5216.307405116529	14109.795395900659
13638.485386511384	27531.261660009844
12874.218132690099	33671.15275851236
669.1608757134397	4821.997034303045
5209.968393656718	22594.39089030736
7048.794252628496	19397.938604485174
30965.439250362968	50102.13872419708
13296.056220944192	32277.511258276874
31611.02655635758	64569.49143372803
3381.3253838029905	11544.78328776429
1373.5159678021234	13372.45855979649
8436.550028278116	13372.873159868303
13598.356727565235	39663.58732875082
3630.6046726794057	9376.017254348402
2880.7593552599146	3571.7240716254814
12335.871361754696	24240.23105404882
1233.2831855926663	6699.360535200478
4937.012626287142	16337.746818169835
14612.92523046523	49302.16898998873
9699.313227087856	47361.70929553723
12202.755006373052	31540.415029674863
1699.6952241419133	18650.416391908377
8009.597644024631	35120.59647799158
503.55306381408093	2524.644307358187
8713.392797769908	19235.579243777207
48020.958316327924	78012.43734762978
5433.9993716229255	12756.231121107336
9480.219122300981	9789.825523576485
7915.161512011743	8205.882147313607
3617.1526479327804	13180.353729652948
10446.939450308488	16926.517495670803
4843.1365415058435	18950.77381143887
1332.9100313247818	11540.47171425645
6326.644774311702	22906.741692096082
7576.809917111846	18519.47083973391
39889.24363357769	67498.28524995106
5267.834679040704	13936.762300825938
2869.3327087007424	17839.919730452286
24202.33839659246	30121.613976889203
9759.916050143787	26023.102844275938
8634.083702264745	22290.856618603044
2483.9677600554414	5689.685079858264
28747.331435113098	47036.695515541636
29262.826933068205	64833.165992010865
1777.1858046336881	6196.858182138877
5813.951887101043	19550.533817227784
488.09313745927363	1647.0870353166133
17088.544353036694	27755.79942935428
6349.758587193218	23842.172845227775
6018.825386645653	23350.018578249546
27917.134208021143	31213.159400590725
1719.7019151426648	7538.536542923826
1118.086920632826	6672.979443261496
25300.04184388415	37387.28350079394
4718.061576720168	17100.365342785248
10104.478184892583	31969.060577212946
4712.049564715874	16166.27510860307
9326.235796791885	36813.32631987534
7677.619197143666	17692.17615682714
4317.30381417929	2411.223022856669
17558.270512953874	35179.50911536357
36821.954635234055	84414.60795421344
8702.51847936625	23863.85138147205
24555.76470483123	29055.55349467163
1539.5647467214264	11239.002722327903
4990.147229714712	21263.875359463007
5944.853406887269	28498.50908915871
25081.78740242667	41463.341678563986
17768.009619241348	21428.84271576521
6962.826562318902	22139.375174150486
14278.50895007408	25834.169589401285
3398.3536669092405	12945.059711776315
1133.9332988255799	13532.53106756563
4611.3852767095095	15136.160779590738
23502.3577741221	23643.010766495972
7753.741747850375	22134.516048592835
24137.607110634188	34071.16156764174
7690.50113747453	14519.721432512393
6008.277980642344	16537.562839072747
745.9707378194923	8919.132050075736
19111.155448598867	23244.30013743044
12555.423717415795	52797.70308193929
9460.67593329279	17330.150417342316
22642.65995011291	24929.174179870446
7506.953969542873	29498.64100459312
4847.397660062407	18511.307417130174
1200.9058844220033	7536.599512433473
3165.060480260855	20646.563821232343
2148.373330133256	9852.42395302378
12616.507853846479	11309.846463118685
12036.116315974643	25766.61858378528
5557.144658962105	9070.54305890825
14318.181685619269	61716.12414282831
4474.598797502887	13368.198093999847
1157.147566488878	10847.292760195991
44115.054140487424	66904.49489777735
734.6485351285212	11541.053718237159
18850.845385366145	26839.591445979582
3015.4484540872713	18570.413325416037
14665.315976737378	21951.180879117048
8353.761340656545	24201.693818976746
1190.1007079654735	14373.956780281784
1801.7836027215653	19529.702431088142
6343.393861029535	26283.65346304127
30203.517353055868	37140.3389737911
9057.240067936096	24668.447381754166
1732.5175503357307	6341.718701189439
25876.52483482304	48628.23780356657
14597.708364529371	34770.52867321739
322.3389602181888	3067.0633832131125
17189.55472151327	31866.67112953108
7833.969651844561	33901.768390551035
10261.65380025491	32870.76921073474
3816.1774548932585	16083.602020153341
8116.565595704404	20309.78232768432
4395.238607152465	13064.773460831751
4763.554786949026	13294.295595716269
5066.482134708693	12522.820280558086
26506.56940986799	36847.31342332429
913.8207481717036	4440.087004269212
4436.1274431807005	13810.097051790972
8520.988201118642	24865.172167108278
801.9772931258076	11226.059553481986
15186.124628165822	13329.576591139587
3201.8696371033766	9774.986337737402
2101.15565257472	11797.79471864545
6119.14237284174	10032.34334716687
24555.588562897035	48536.89828415631
17590.712658295364	12073.35369664156
11574.672821592647	40366.675680745124
2162.191753778858	12761.870006926314
4893.93901995166	21030.96561171401
3921.20295853413	10434.676320126948
13981.6428566526	55884.271239073336
24390.174212265894	41364.766102306356
8016.042032492816	18269.243798674135
5403.198957194754	11866.796618756194
14985.102862406304	54872.629886749244
3721.8532225789877	10528.358110226143
9155.528310724014	24014.44586919576
9097.606591638307	19401.355525238097
1914.1257755489528	17755.278624953782
3413.5177615149514	6766.705662033485
1468.4927903574587	5989.072610557636
4529.936650158273	8151.105480772623
31963.55133426831	47872.34808139658
13876.134878694442	22904.5956694831
8128.265725813965	22373.22346108038
7209.933304464716	18659.081595563723
5371.343470194066	19272.93743074759
6932.995969252028	21115.40092842311
2340.3730032793947	10667.103905213684
24803.20021740885	47794.19990051689
18529.00619358758	13151.302797119652
6138.129932647349	26126.265248890726
2822.690399662386	11350.914990147241
5055.980558940098	17696.197972138518
8260.01688497647	12847.68593525134
5060.733676157326	7304.190713248206
400.78758893591004	4060.164355279877
9531.028932556525	22278.679672610557
21711.16710252477	21907.230730142564
35901.11179168922	49485.48995493241
16197.448457135168	24793.17892429222
28310.774413336556	50836.373873740995
8818.282330899536	4844.528832393387
25049.943241752688	44975.583590907285
10475.989235580002	13332.658694978807
465.91919574095994	4059.2718635175233
25098.249004501675	34432.7603390908
9965.186304415423	17139.293736921078
1998.4138261473568	13393.597623441296
2685.9427292249925	10338.34735644144
4245.402511489245	6187.064465363867
2248.6466003848873	10717.172270434925
18518.427196904486	48557.04047542471
3520.043519829883	10698.259803016816
4978.580271890319	27949.438935006972
16087.758135147134	17033.596103484768
761.4478613067398	2762.9292847531915
136.27298534095283	5132.958020599506
6322.862511651715	13328.245815697821
4342.297726643204	21799.005539393864
6368.426219788922	2805.3641887058247
748.7795768077123	6822.102152371588
4385.26486757349	26493.394537406777
