748.8797782419791
751.55242000023
734.0654847289949
737.0814900312976
652.1530086552191
751.0251888392172
662.2163823493555
729.0591102360323
745.5546315218917
736.7584367281419
666.238581946417
722.3242141502311
702.5333930764374
756.9703698487978
752.271694657064
668.6096484536163
754.6146926429495
747.5584892234496
756.4746479439744
689.100445314342
756.5832590204707
727.7240983904718
756.7119175577242
708.6697012353686
722.7887317914402
687.8241545141112
754.5156949274518
738.6494558083372
697.4023873352555
743.0082944098381
732.368879248725
752.425310397209
674.8396534098389
749.6440357017011
662.1692709432858
755.9235898938703
667.2499079624416
743.5923982229169
756.9802688178113
755.6505870673712
754.8653980949786
739.977488672161
749.3160937338909
755.0503983983718
754.9606379071607
756.5514172464002
754.4636554541111
742.024377978694
660.5657922764402
666.4765037310372
742.0930748342284
754.1485395250552
748.9610287528229
704.146630518994
758.0693875264178
756.9660629697948
707.989138949313
747.7897112596017
739.244709529035
752.915867115817
755.4934966298617
754.4440223545315
753.7153882640821
756.2394645407556
754.9429034650225
739.4409820286699
713.099430493275
741.4168737583884
711.8203136253541
724.5834379834483
753.8600484044364
671.1300197131083
752.8373665489999
754.8157378400707
644.1230054463621
752.4397463924115
734.7734940041237
755.0632625323552
757.7134497284088
703.1991326088248
681.1063879623011
752.5434584632283
756.1270458574072
659.633410065653
751.0161172210833
655.9332389650699
748.7802064822325
756.7886182688203
745.4814969557407
753.7276280580194
753.7508123025898
680.0970119887883
728.620620283836
745.3158360459527
649.9076661270856
747.2829913668058
751.411042740922
682.0706746393648
749.7656276872731
745.9810701874687
752.5758899969778
648.4152595324307
745.1050643287483
740.0915951806259
755.782877371754
756.8335089678083
754.854635531194
740.5963930902902
736.9134974730978
664.5224342386064
757.0037882673297
670.6217547151158
753.6389292945325
753.7747812645437
756.1855733718656
653.4735155018695
754.7290871947181
700.503772655364
754.8137273773154
741.6082908689347
756.5357245865187
754.4134459706133
740.3385593452512
657.9550452060541
677.5256160317348
690.9871003413866
726.1019885230958
755.0119888974274
756.9874055232424
657.4445128243742
755.6241010857829
732.2489967042586
685.0249015022924
756.2734900270061
756.8377725827185
749.1791790086422
735.1569342211452
753.4986413835449
756.3654157931228
754.3548298621008
755.8733334262693
757.3467918395995
753.1407626294497
744.1210047808033
652.7871902194657
734.6343156223236
751.468802213028
742.0608233536749
755.8158949072979
756.6514479494869
675.3929984157426
747.6710463010065
756.3272933556367
755.1211618192324
740.6266741246036
650.0275093672891
755.5310559827038
668.6112871272047
755.168214649359
755.2170143032444
742.2140952546938
754.2776304119941
742.7397895959622
729.5825835675773
749.637113249813
755.9624230439482
754.7271487871398
753.8658066699451
734.8701388655171
757.3501219193392
738.8424448812491
705.4473013796169
756.867466010443
756.556219820293
748.089396417579
745.8112497847302
752.5370279837625
752.4287907348564
756.8398979507275
634.5071493535759
746.5153929985283
753.2022888291341
652.1875572610049
727.4551190480627
673.5293760079712
740.3827801070812
702.254710852043
654.6609386915111
664.9852952939617
655.735370066052
756.7629989862195
749.0197240766493
743.8206173654464
725.6037802511602
722.1286324091149
735.1992963629446
677.2537906200673
756.746345089529
697.7576095501495
724.3170099944246
673.8009157151288
708.9181335313324
749.2435308323207
751.1334764793955
726.6900079959092
720.773679489024
749.7965328841101
754.0616964322145
687.6494807400896
737.4612118414012
748.9368551110603
739.8522344890055
718.4051896038054
755.6574356295988
754.8993970026538
754.9133903570203
751.2605742858492
753.046149362859
720.945235737727
744.3523276358374
732.3456768909763
751.0568643489149
755.8544271134414
735.7207197809047
752.884889788456
653.5018414225079
750.7165031829977
749.7547366233506
740.3267892491443
739.6597661144529
754.5711851852886
752.8165662826733
755.4157630232603
759.4383739273932
741.2970188578443
661.285643085382
739.1275267681704
748.0700698692871
611.5899005759658
753.8407383756012
663.3912134457714
668.4040322059416
674.5292877311017
697.2754265715595
739.1841543883761
754.7246425949606
647.9599507129112
748.4965689962705
720.4878793890977
664.2869910208359
729.3449284820034
736.5879706949272
684.7741374284378
664.968598900495
753.5156739108256
751.237341152568
755.6574624261741
664.0415383054889
609.477513973236
756.6672267966268
717.3213825983835
638.4578871627722
753.9894752459691
699.3263516824655
760.3195925024928
720.8823677691016
731.0088972661925
757.4111067718263
746.1902152370847
747.9012547434926
745.0422482007824
664.2165993179309
753.3956245746845
733.977227134022
754.8969291163104
751.5621066717471
632.1139945219788
737.5525273989065
756.141685494074
754.9075893196223
756.8446687794211
749.6307402983593
754.0415725172012
755.2240188898453
747.6626832342934
670.3471775732713
755.8169135272836
754.2764832285949
752.4574139541079
751.0183026555701
640.0202615339276
655.0527052921791
655.5774610617542
755.508640502152
745.2528923164436
678.8008516327653
753.4367861839653
645.6798854992271
756.2076565625476
716.0569137676641
730.167818263759
732.2448699635513
670.2815587246544
670.1692250420035
745.1771493824971
745.7380317680523
752.6307479279359
754.2997415465801
752.9558303648782
687.1524558121322
748.1191972534004
695.0317317128361
640.2760861206763
748.8882418631913
745.7236951157081
742.9082409679866
739.7129079725214
755.6420364874318
713.5175238808114
747.4150174697139
701.8436731342152
665.2536706958218
681.9094716329698
755.2060556023908
754.871751577368
752.325275128109
691.7981231635978
752.800197431541
743.8670216325376
755.5525923342893
755.743045820464
748.5539379025657
740.7917611670379
742.4235477155189
744.1399213193732
756.9222588781676
754.6791676529223
755.9189509955711
732.8812178091714
667.0264775347465
745.1561518372712
752.9557081052587
756.3031636058085
749.3318997402589
727.2540477799638
755.0872564039504
753.8964203150164
753.758193060329
754.8558605503436
653.7354864534952
755.0122409295209
756.5867631154232
681.4738119261775
731.0743860054415
752.200443482087
748.7913235838471
668.6252059999342
679.4936327122587
754.8762789311538
749.4497718841839
757.8457370891119
732.2000164209265
758.416010433167
679.1218428911319
648.3263536628608
758.0455746037579
752.8001893926897
681.507203062837
743.8046255540838
748.0166022578088
755.4206186074024
743.476861128504
752.4704031177614
756.7778395667074
675.0208638802334
751.8087558758778
715.5062191494108
657.8643800595513
757.30021719495
759.0730968677408
736.3077324340028
671.7104919347648
660.1749036752478
753.2682485167563
731.9757867986187
756.963184650862
755.815952721321
751.030668089527
666.4415960851845
642.4367613326718
754.7040568877499
747.6071617432666
635.1210244210781
755.4124537221347
667.2973188977816
731.1860915000741
643.227529838705
680.9119030481019
750.605047999651
751.6710610164095
755.7467535363837
754.3843834488487
756.2567343757679
672.9556011609927
730.3697390596387
740.3831851026198
724.047093164548
751.5448949584315
756.7398667223775
677.9280192369738
754.9060805716155
680.4732989921425
753.3407804666618
730.0885010529731
747.5860411428918
753.6165849227386
752.7978296834664
751.3088752497287
665.6082938169163
741.5048989078795
753.8035436135076
676.3092099868537
663.5674800026914
755.5726157571946
726.5157355781973
754.8228358360655
720.100873297246
751.2696244905363
683.7156966757296
741.1317945755542
755.1845909122493
748.3810765938466
699.061613967002
755.9269142571434
754.6020923815144
751.3367802318453
754.5526043348476
660.0353330931347
743.8663672305755
752.8813807990181
754.4437072947318
658.2191304361112
670.4591639103047
744.1368928799351
757.352565201185
753.5484526364513
751.6747960806753
731.6656297910031
698.3649209619174
754.9786205110572
748.7723649834398
722.4774836646405
743.2363316863626
746.8819662686093
744.197343014606
755.7565596440629
757.3021005152373
756.0214717565358
753.8018734693192
675.9148145636614
613.1960254914491
741.2308048698711
732.8943942645269
748.0711225217075
746.157632225227
755.8622329273616
729.9875208828787
664.327831146569
683.6314896453189
746.8327020982159
755.2491523893123
750.4081171904235
754.891674326449
754.9463340946792
731.2034139660539
623.0486581827595
617.0967286993316
654.3104204641954
674.0715248280258
754.9430658955713
673.2074192370278
738.1733852680247
754.7070442369883
653.0433896492809
676.650009453901
746.385896716162
754.34680228743
759.2991789562863
749.8899453264664
675.6139287052055
754.47491594404
749.6899343015787
754.5968155847365
755.5241626385971
754.2671822016873
756.0512011229922
719.3364914168338
756.8759636418175
755.8911908049078
725.1661880633598
