125115.53691444366	306106.060382747
128913.19194371041	286827.6485869053
126021.3822176801	300767.0303327153
118393.25349976597	302574.5225223739
106010.57903617702	307044.2670424663
121380.50884007395	306562.85719107196
116098.9652536722	308522.3830407761
127729.35452419048	318495.8557909814
122831.67137760285	291433.89004131977
122985.21643785108	297275.34507193026
104087.07363453502	284831.58123486955
120245.74998285688	286543.56723822636
120272.24769891165	284336.82713242254
130045.4624390357	310982.4896305159
128758.95327680216	301058.08768427605
124938.39426963284	313106.86556084995
136260.61797275464	345058.5018047667
114842.77568262968	289032.0162576867
126917.07799122191	294459.1580938578
124223.68911373286	313751.3300826343
131800.2948246414	298415.4112137282
116997.37429117318	296438.0710068832
131986.74971003193	313026.3710040461
119151.42062060445	305217.1368605931
122332.27147263184	319045.9175366046
122712.0811102693	276447.1507613741
114044.42791496597	321021.5854705683
126298.62719820738	315680.0105585753
99211.07684376571	290276.27936988417
121875.9560390426	292651.61960403214
115773.81319813078	297578.28097141045
124133.28695552438	290661.9406331172
119121.94629688942	292993.7331931052
127815.02789251032	306455.1766622689
115936.44262285053	289488.3778380614
128808.55180828246	285271.8108646535
113799.52061764034	289237.5687554811
125113.90505595558	302318.6944119448
123654.75970316588	290301.4990495788
116567.78716661253	306800.37286774477
130252.72387385015	323920.02667549974
119624.62041779485	291501.28465861833
129086.27226258791	314560.1252341073
136501.51326976588	291923.50377513084
120853.12569705141	332275.3399030835
117789.97014962017	294900.8154304989
130804.85092225285	329392.39211948967
116321.77624601644	318702.61683206784
117992.1529570107	274570.4844459378
104369.67937987005	291956.8101941749
119464.38288242786	288471.7308137224
126353.36826600219	311732.48380851187
124673.34153137852	302884.2799226452
113552.24823189378	297093.38981120934
112547.53127524405	307702.60475520353
125180.4224979258	292394.6573790923
120653.4290747602	304886.9154894509
122078.50835913373	309647.53673075256
123852.1436053215	318588.1540370963
128263.71562364663	322537.027565994
124870.30445037858	289579.2931277897
123449.7794092992	321002.9780886403
125383.62901653197	299307.5148176647
121635.05093129336	338408.4685657122
125963.37701252147	305507.50321571296
116847.09317883303	293078.41917775245
121383.89397332464	284715.3051281709
126265.26703319052	278715.565146027
123759.5987900527	316883.73528884596
124331.33649798963	318251.3156475101
131696.81428794994	317555.55745767854
120070.33467026427	331398.2921324776
121056.61525395562	307792.20600184903
125573.13052832769	298850.01374636014
120332.88356305193	288033.7138501324
110207.36607225184	291045.16237777285
119097.25453504741	314005.4355718655
125058.36987998159	308452.8137934049
129588.82335485943	305998.271561477
118771.7605334717	296334.18032400706
101319.80037774515	311259.42500094493
117427.4394552256	296812.92801251804
126228.65658987686	297053.4443766876
117375.97042135985	305362.33897014323
131635.4092542602	323981.4250066489
100949.94690154419	284128.0540399176
120237.31870278314	315204.54907695926
135643.544429708	292790.50599232595
128037.66882098664	325027.5105122131
129161.92245454431	313892.4871497607
126364.7840326743	311009.43789412477
110295.62466496782	293830.6714272531
121106.20500544606	297325.23835435597
117062.7946598184	303560.0433778233
112993.71418376056	304886.05682922667
124022.72799048698	295277.801507358
119774.53183040606	294225.8432126941
103566.21295142337	299174.7953537915
120098.22792658623	291484.71032301534
109881.68539631076	291058.45400167257
121204.4216310202	290015.5962895662
105496.85923744114	270659.3560152204
121098.33167399708	299666.6105776263
116657.48146970608	304337.30037002556
119899.96914795577	275860.85795567185
120687.83202761968	294349.59972409334
116750.48025014915	298668.1134679101
124372.35860250972	320383.9013505077
127321.19553664111	305948.1273444946
110908.31298922165	274529.61478242185
132764.4190533287	314379.74118597724
117241.39264631286	295797.9111651352
128417.50829777819	318389.2121828796
138060.2274545043	303716.46061075735
117841.13396271878	317565.6281130482
106233.72517720718	288256.1020870798
125702.22875888161	316190.8253755319
104352.48621182176	294738.9701542912
117296.05497363785	280674.48529023316
130235.3932361014	290764.6166474166
121426.79640077378	297994.38473075
129065.83071555002	298412.12672961486
125386.44654518263	303740.3029653712
100099.4821444573	289465.12714731187
122411.23491786723	279197.6421716824
128155.97263821472	311567.04225635354
116594.37597678446	276959.56312314334
125341.34822322248	306825.45795122674
119086.81638942387	321487.38638305967
133612.61265498548	345328.57295063394
134504.7858737936	309418.3762236261
122517.19372918	278978.9826823933
134401.456651163	302647.55190450896
118825.0512765756	285567.0620586193
131899.13819995074	321195.1540565076
118044.55757523316	343728.9897442495
125067.01354848329	299051.74708320276
127233.78443167721	294918.6713287758
124228.21846699089	293980.3485461736
119995.75349834844	303374.3757585342
126319.51532621444	325912.49887261074
130076.3308639339	289680.8221430077
122045.19955209279	318404.9773095911
132086.68787214183	323298.3155882063
104002.85535780512	283710.7556948476
123116.13712960815	283434.9156682025
126653.56627506827	288804.21068613575
124301.27081732816	315597.2393268177
124466.42259588203	295365.55178617395
131559.37283930954	302740.9737555884
121048.01077983937	298267.6308515748
130559.53986279576	304549.1729576936
127229.02751011038	294377.0082259454
124117.77486289109	322443.02130873856
116591.74548441815	280427.2667987238
98716.04947492783	289045.2410166062
131716.92108887847	293693.2401725742
107696.75730930992	304857.2834622285
122027.97456054832	296299.6058616532
126923.79750766078	284498.9556579081
121700.21847640889	321067.8522171801
121027.23167006281	309799.89515500027
116980.40434849553	304314.9241409838
120490.5318237371	320871.58068433544
120108.24477928778	308104.8751487035
120460.23499426708	317322.72258146835
122158.15713003378	328184.11291795195
125166.93366436369	293564.1297954493
129899.27374311136	324969.67111020326
127332.16704866204	305332.1590183417
116092.11689125022	296412.94572686043
114462.00332971704	297740.17402768374
117362.71126229611	310944.6683428026
125035.46065256017	306815.01746471523
121126.95642715585	293105.77375858393
119781.45620169223	314557.77991428325
121694.55476334525	296799.89647505153
119612.72163640133	310840.4974523746
132269.92565411594	281054.74561456434
102900.01822569621	283712.8728410542
132978.88021055207	302628.3275473299
122445.21501180808	289217.79112528113
96635.7136086969	282076.7449788555
125683.53038976502	290883.7380308567
104501.2164557354	277452.4882714251
128301.58745856213	307657.8109435541
104515.34453520674	309054.541245179
123323.96435515073	314116.0489949796
103428.93386660749	292610.75234475336
105950.49319738185	292595.1091448403
121946.14966517493	275819.5964872586
120963.93820396008	318084.7646787277
125568.6194271408	287398.57413619064
124547.00899935761	305173.89399883244
119613.84495786359	289190.44597489724
120895.32521077001	315177.9625687051
116879.32539253625	321106.22983464604
120295.39013771729	297309.3360109125
105092.94975332562	286119.3231534402
121437.21699329949	292641.6022586716
105229.32878789617	286303.68992515275
121783.61572124515	288162.34876413096
120739.9301566426	345677.74835557386
129026.25088529645	316372.0386568579
118097.19636354924	292508.1566408487
121396.05800216662	296932.83304923406
122594.74787901837	328423.2180679856
127804.2138216765	292972.11105154123
101648.07115683591	298540.46127628454
131933.9258927756	306076.6913457606
124830.89561872906	312654.314310245
122580.03415779507	292536.73190481047
118438.75528645304	293079.8879923776
118384.25890393392	312081.3228522214
123425.95549262119	325290.6691698116
121859.59972835734	295565.3641528208
122301.72363962149	300600.0635269615
130171.79218397132	289127.1397824916
111464.6330444552	305744.00969311944
119485.0319570079	306957.80800142745
119087.77073584069	294357.8544463648
116381.65028969194	308306.4405331744
121323.62697874515	315986.00312373874
126248.67778034307	298824.9265616231
124207.38816577109	294358.7765411776
94213.71487783789	278927.9140096185
121101.19228535719	319180.33229456167
116356.59046608125	292537.95508019184
120357.21656138028	311658.7669527371
114567.38601061303	285286.2779339729
130501.62790383864	308048.36458460987
127901.5876658115	304564.80069913296
132521.2068209733	307842.82524768286
126355.44900643593	315042.3174207677
119174.67288182855	275001.0081626007
126978.06215436192	291602.388959328
124085.58509729574	310552.96409116103
123383.3816491969	291662.52304131404
128319.15210801837	317485.57877317525
122367.98774681617	291612.53268945974
117447.7087299009	292986.86964371044
122683.15674060202	289057.6263335544
108650.71714408914	280064.8212470973
102809.38455151835	285590.2111476064
126696.18059489471	292326.0943357367
121840.96693100566	304785.6834928398
115692.98020178456	320727.8240601316
126304.71892801578	307562.90614397527
117044.95008634568	317020.6158675601
107049.57938378426	327395.70724278083
120482.23461653758	292532.11560795753
112913.19221144113	302230.82095223863
118108.8412691357	313548.0450511755
104597.73322185766	275075.83699368266
119580.16690372906	297504.5752536764
123552.5237500931	301135.5119176604
122495.3687053486	296560.53237309307
108278.28186289608	301243.9325127333
95657.00248775119	274612.9845183873
119311.08716356671	285177.37206526275
112145.64454128384	288231.1089297689
100064.109980076	292853.5009011882
131360.7953678583	316669.05172306893
101596.0538997016	294312.8236701037
133250.68162189578	324999.41294844326
110892.6134155677	297733.3317995989
118246.51673386665	312854.7954897247
130506.19522736243	295956.14266657
128219.24039092916	301929.77287700784
112189.6487917692	291700.371795358
126446.12113545429	305699.039522848
91287.69245193237	299997.18653366424
138525.7861705695	321150.148156372
125842.18190680214	326779.1315361681
128638.851220334	317921.5803618684
134722.17310140753	315202.5809459053
110238.75351003215	295051.36370696046
116463.78226689785	300533.05232124875
135869.57081250913	306816.93677757465
129771.03064257093	288635.6202930821
126833.85802706642	290992.7050316664
129954.59846246004	287515.17887360364
125857.23429617686	310783.8874649748
117336.98214238681	287722.34854285343
128503.88582330139	307379.45792992937
105820.96732419301	290512.9866741314
118733.35049255122	277893.1437642132
115288.2616333373	296965.0130542109
128194.06709570868	297919.6738350853
119567.00444785798	297411.8575072386
125220.0612820443	311279.64572287234
124195.68101079087	292565.97936303064
120910.5219925601	330756.6325673908
120434.47223790536	306688.5607090824
135764.21097181246	312291.52109741914
94753.90968788353	281500.35728611
121012.90338715175	284839.7793394077
108709.99193934721	307248.73269685643
119965.22289976673	292180.0443092334
120103.93177576136	292137.46484499215
123499.11584969179	313096.88019349903
119967.21166181736	289544.1040601431
108732.98345747027	319273.78287575307
105475.37792079963	275592.37559339876
129155.21481701307	318113.02961633314
115981.09628684985	304634.95480300515
121298.59271459829	298702.17027007154
122271.5384414406	308491.3786600869
125669.7132007808	296606.97869558225
119124.59114695355	300733.1345909303
129321.61449945606	294047.82500641776
124290.28904798819	313102.38413430203
124315.69403687256	301925.68289198005
132926.81978818923	313340.9909160438
118424.10296607515	322790.0008036701
123754.88878796759	309212.55597717426
124070.95221090247	305921.07520045683
131786.97625083989	321044.7539539983
113797.40558619317	295141.48012355936
129311.3487306567	307352.56518343085
109589.54697522102	299469.213745983
116439.910139985	300759.73169194243
130671.75244722859	328847.28944635234
128943.9243840747	298333.9818769428
123052.03839211728	301018.9886481168
116443.84815969321	299892.6854706404
128978.58306493786	295166.5546959662
123288.29653739507	299002.6988685065
122003.43094136746	311774.2425113332
123543.90963981784	319565.2767296487
138102.97937466763	302754.8776421875
123536.8031803829	293349.5498830222
122203.09156661891	292434.76304337685
127593.23901397799	288969.4889500954
120557.68173163821	290568.82347299735
125446.39344763415	322357.1134003589
129662.80430144751	306592.25902335934
120514.21442476011	310989.7869005783
115991.40949559439	304382.587751646
99499.43945319188	286724.82830730773
123661.11246310142	312069.8035406547
124512.33868027193	296467.7246071655
110922.00593951804	283599.8145045023
119769.90391108918	310386.5378802353
121932.61647826078	300783.092823601
118779.66146555987	299425.6714369148
124841.05683860995	318066.6822331407
119104.46623507349	303273.30696232396
124000.27033463119	310945.1259554568
103479.4217894149	301386.44846129895
125737.68260747209	300719.1619042583
131455.5531506453	285039.1419015806
120697.94399368964	311488.2570144107
117579.12558960154	307064.9381962044
122738.48162049163	288511.5454695169
129529.1162310165	292704.4940389976
127914.27684050512	286036.19169633195
106745.88258191856	288949.5499184693
123616.35600558229	306329.67554072535
125249.5393786819	306962.9088078374
127640.22595594772	311482.8071481488
119055.26632691301	283201.63754810597
134073.36792356262	321320.85166027874
119566.88016482486	316380.97915372165
106343.8419282912	301340.1006668054
134599.66457433323	285266.7831629836
128437.37224637011	310371.23447146115
120208.71774453344	282149.0829610672
129139.00737398208	305214.3012856438
118308.41999446042	285288.81960657315
116582.1389307163	315136.18185074104
121261.93307944018	325718.709440931
122749.6038290202	326661.7301645298
135390.55633272318	331725.69109597756
102359.62469890903	271619.8249748951
125407.44408314611	301462.3928670363
113734.91099953605	273397.93657934933
113137.72224597831	314969.6213150957
115685.92046911886	303433.2510036806
117553.843395932	319390.07417653146
127950.69149561235	306474.80403579446
111314.20454571876	308522.86126178864
114137.4464143625	286315.27540786925
128077.82553773526	280208.6888353953
114323.38226770697	310944.6370155194
120153.55766200874	297837.061645969
123956.73582757777	327616.5141837852
119641.81289276778	294592.04719321924
112737.46014201737	299573.02916903724
121229.02176610503	287093.4764747872
131166.65156034028	315573.4203062346
127979.29819248946	313289.9622876488
114449.27720076196	296652.9246762147
119423.90798311695	310951.0752615645
111276.21568808984	290849.7733055786
114979.75245931828	292939.8876897971
122448.71051464681	299758.6476467246
114451.45257340619	299606.3913447489
119046.12979465656	311720.17590608855
126607.39610974706	329888.9397656113
121437.96671467708	304196.4958023393
122360.18496502086	290531.1388820645
126503.17275719014	288291.0326064343
121251.97928109593	298956.94969446363
120144.89563849158	295096.6243175695
129429.95133016798	312140.0227663491
120593.36374135964	322079.75946045085
125705.14014530537	316918.610679358
124438.91183186593	308030.9726842316
127751.66260777754	308834.09408827097
125684.90796181717	305563.18229214515
103486.6437137319	283026.70120152604
132683.51437586598	309381.2801117117
117910.0376068245	312415.6243692537
123953.9784627896	305833.4745795067
119240.78172594208	288240.2316086173
130867.96087964223	300043.8834532265
114686.66977882985	291047.67457875866
105093.30720298551	269338.96340346214
125723.29072173586	303288.1768829637
122210.45753065957	296359.3322362432
99292.67658128218	263133.42080326757
127237.26693221644	320294.8802945935
121139.05323724054	322352.564163546
124632.29974622023	295456.3431857755
118800.82818687112	294816.2546952994
114240.58906268209	295172.34222764766
119020.0413340524	295188.02767422685
104410.03772904343	302090.4489434591
117275.00413926714	302049.07191072055
127426.99892666159	304531.1802767099
120923.4681753595	297933.56726805086
96603.23987600213	291189.71698827035
119108.36770358139	310949.4189956066
132370.68073494284	316048.31023864757
127962.17850147837	284999.96479566133
127209.05430148152	310709.78367252485
117547.74263122672	293637.8966600581
126310.01859694454	313233.6829261411
113800.11692610645	286168.9010973066
137368.27516705278	302440.07270135183
118436.8808632679	311431.7668591535
129193.79969583839	305189.2184624244
123495.1615473431	292166.7604334505
136473.368132026	309795.3732079479
124400.98383476373	308614.4558132622
127972.04849373235	302486.3893919301
118964.23328604492	326482.93192850053
124276.21822311872	320557.11543488625
129258.17771193979	300790.2602922002
122420.07799143344	281700.91458284954
115467.20973406165	282804.8244278529
128204.45045498246	302621.7295124013
125435.66012134221	288679.99975766067
123367.12839188252	295768.54880069883
119816.1342553623	296867.82334191614
130028.25179906457	288926.5804934556
128885.30613228984	299428.7606695873
127071.3315613807	321112.87881703186
97961.71887964002	289425.60099327995
118101.08063175413	305410.9438187277
115718.32674469205	291362.97761057114
121193.7913201697	293768.5169608785
125157.92996237474	298165.061454082
124956.33635086822	294251.7885461735
120508.24682525253	309271.1279750321
123974.24049720817	293707.83992943086
111969.38731770785	279035.03008618427
106713.80564280134	276976.3043823673
131888.32086511466	297358.7667105601
125492.6302951076	303998.4466353768
129624.44380718278	310568.83785941754
124249.98272336967	278960.585312007
132476.0786038409	310617.92416466604
128910.35926927219	336502.4216079274
119910.9600518486	316010.9119620862
124497.23424530622	291804.7416995811
126403.93552393554	310978.0591277948
90633.96020896712	243296.7958577501
119154.37006482	290350.15094951645
129674.88164468225	288299.2188762422
118797.16632691602	312895.0189699471
133785.1964450203	308455.45299217483
116918.82621178092	299126.15530991636
121901.91331784701	311799.4503278793
118644.40606672106	304472.64299487777
131996.1210639316	304656.88172582234
134150.545314744	318611.1785971153
122062.27714618959	318511.0120703759
102791.5034316844	299300.00988680986
116888.03632440278	306844.06051902386
125181.37660975232	295535.1329635238
116558.25783873339	291271.35258637305
125854.01604940131	322191.35913185787
123642.58015505943	290752.75506668416
139104.92586235848	304393.35131602816
135708.97938105604	309141.12520311575
120289.15548119837	321595.40548407217
129900.74316040587	295180.2745656788
117432.5381596426	290559.21962720784
