36.90842506956809
130.34189365955243
46.07636213949311
43.0300327279906
108.65314961032588
47.41874823367649
108.50430742814159
61.55883880625246
123.83344544800696
43.446171570738464
137.95092162933975
138.30332987723762
93.7227419070557
6.992786980917467
9.87754222190257
101.65614605996119
7.996957377470291
43.36894716886205
113.26749844187232
114.90187783908569
19.976488076097567
38.353490720862055
15.968874137259364
121.04828924664635
127.33807272356682
134.74317533489344
46.297073815705176
97.45370625567541
129.05714947326356
50.01749132822797
140.24472380257546
39.21405136456375
147.87065699608937
56.64024119999025
123.22716753133102
7.9929375386110095
106.61088959826043
30.204789007798567
3.9991909150454497
28.919827366828272
52.08270253117443
47.49641397137304
52.381033114987574
61.87009987443413
22.289432439346843
16.983142807979164
122.3413590553651
27.725650585332232
104.04028337299805
105.24066568974287
28.702262526385063
25.405515356406116
55.552595547941046
115.995131876434
101.46426065695833
8.979560902362584
121.2047974027263
35.867165358869606
57.9968192959036
28.933086676615122
19.94161256749205
39.912847187021455
120.47309352584523
29.875464123972485
23.762187448365374
44.362565925627514
59.773741572512606
141.76314721977903
123.34537049103876
106.12433929791871
43.119365775601416
115.39754193171812
20.824537965460596
52.83521188103242
117.47924719912648
141.93558331203292
32.33560161271393
25.204085760245253
31.56598860135734
159.58313825841822
104.26992784519015
35.98257040789943
75.27371725276328
132.2015464999876
129.35663625511714
115.7375934643107
88.73083671529318
53.11102384058612
48.2495961680526
82.48184004895344
69.6132665626928
125.6763050425707
144.51911655317545
25.97496256397552
109.2839929083604
121.76472059299263
53.13003989361775
121.14409040198305
114.87869758631997
26.49549507926082
35.88797121046109
106.92613250582387
44.00131051201884
32.654845102020765
8.889381856362718
23.974313097930402
3.996861832370777
127.88470027804351
126.73750350818182
96.48708480018395
18.160735585074708
132.6105877007207
20.93754485304359
20.43794002835015
19.0838075828975
118.90291572445807
134.46928621107676
99.23221042928031
41.044569044311785
118.27490277785571
77.73612561413152
16.33504756368726
115.59664872139044
139.93715667726804
110.9334643546539
113.18230734666798
37.58754628942235
102.41691750199807
6.979290213345617
133.55321551381658
23.620637342124738
60.27588481875222
114.63431809915505
24.857658823466288
25.465630196044714
121.72150994463155
180.96087067150714
35.08926051893335
99.25645207566733
27.788153367646725
16.899021018221298
21.474186363363188
25.382900797159138
45.13980826887922
104.5226578155615
123.03514948025561
38.576136883571614
67.80550710080779
5.992751862651
16.39598088582882
122.57331310963184
32.871385845288
37.085586005591196
26.95957589383512
38.10919031346905
140.40722329476688
75.22034531594366
121.77534200890372
45.37401052443766
16.4738367173781
26.898696723778144
103.22156431523752
41.80241822262468
41.48253227004865
115.0178648751898
24.451435411490134
95.46945536492534
14.986925503697323
31.501942875407508
14.838137405696761
113.44590000191032
105.36227418328423
17.948396952690853
3.9175322637981096
17.52995169806102
70.0050625156142
40.30906513387305
129.2169334417807
16.516543546188693
59.39950463838292
112.86174555563859
21.52819930005331
120.20338730367916
52.56369701707146
133.18234207593778
49.733860416836
140.8129089962116
124.46028779937028
176.09083103978554
98.82914287171984
21.895962534161082
37.46532350112778
68.90000214719225
46.44440950337131
137.92090192745664
34.99129713336018
100.79147139424192
13.990906889503423
131.2421082358518
112.72448482415307
124.54587426728658
142.83663628849715
49.28688700653633
111.82138402107793
55.599645645550275
97.52802554254829
90.24698848362696
29.620613084918215
100.46438547337075
83.18206487504267
67.96220632003026
58.02948696778057
145.82984715879718
72.24327173292133
15.98355541363877
32.22653095039442
44.367595773494315
50.450246901782684
61.70427614296511
42.56913248492935
126.03675299232376
21.597058856244008
75.76839931302277
51.90884852358713
51.71164083556063
107.22574003662541
31.551304771334596
59.329670109214184
122.11728583663677
48.53647998284461
110.98955855806929
50.896168736103064
145.09446514927467
11.889288500572317
57.06596257558202
120.10896652633886
68.31629041270715
30.776180536006525
132.20310167758436
20.95198063196724
94.96874792065668
148.15326830593213
107.07302184682402
106.93583822009656
26.398420676445944
37.859909156993005
126.54367081095468
32.92227668168134
172.1454489335892
112.50669759658466
41.37984200271278
47.97614383308706
108.75578339685204
130.7535367695554
37.709807483831035
50.90806369973581
1.9626340371396087
118.88620759144936
123.39937281564136
22.071348664762933
121.05199793589627
146.74515765408103
14.106115753405247
123.35786603847754
17.76166639010201
122.57447039361821
41.946043716999796
16.119382114109342
30.290361637962558
40.72233938112386
133.2692000585012
139.31285812305313
23.37430515879177
149.6242012282352
26.86353966904202
21.104304443995225
144.28452112724855
59.07839755111611
24.87537104764519
18.434516665387036
17.924630547401087
16.823316383891573
19.45953508060726
22.38780347160478
104.83396388543777
106.56129909444657
8.912711803070566
49.0818908289646
21.45392713125178
15.962080567210968
34.877759086032775
138.8068450492396
28.425844707930484
95.5493309227133
29.661958394186946
88.55646457356897
23.093476169922866
119.0723873421211
8.720532084346777
140.90974158398637
59.477729107612234
53.04407935052488
151.53018167688495
136.73123010926398
99.83741180787206
158.37621911377207
64.43242429546069
35.857747109002624
37.82653939426796
65.32139441105444
43.70498095621713
102.21135627575165
88.74723226372598
96.19327480564235
42.57931276258303
123.54499949676598
56.56147300701364
4.984620648931581
115.09320710793614
32.05716188332037
112.60067714237994
149.1881773089318
114.55095435696599
12.78965336532704
21.202983084208547
84.93576348597638
106.42218173562746
22.20657482094737
27.962113683593444
129.8961481598718
21.078247319837715
28.745289180755364
127.52899027483515
47.59904555552054
44.15610598967403
16.480418798457805
47.082468668931774
4.997729139328193
49.931036994794724
111.88852605913995
29.128601326779634
46.53794890420186
30.57408362181737
48.13191816886011
39.78292659545219
138.4433181928939
19.983336532878624
42.688340408757654
129.25910908223693
130.62270074281358
24.96394939824038
30.96424674399076
125.56127161134621
121.17840207519477
122.12854760053828
75.82402650760508
116.92483385143954
94.93149462590304
19.945744602873226
31.8941603626836
14.986824614584183
59.978700490943936
21.50451641575727
130.93275714003943
103.35031825045583
78.55625803034114
18.33547759678642
80.54136191712035
55.88077093903815
85.63821533784895
19.855373739330407
41.89262168621751
31.107579078634046
24.940292980239033
131.84161807319964
129.26613450864983
113.77433133452779
119.52164511378355
47.93567173748437
19.75515633650226
63.26734008682926
96.80132249797215
113.85766735659541
41.19886492049166
34.263761082476
46.660136409166284
11.78216137935912
131.47014399252814
108.63196348377926
116.49010713140417
88.49024507629616
146.68836219405713
41.581627883072485
6.9936569473257
97.58531575073178
55.72135687076637
117.00827040337266
136.81656648648968
117.35964805575294
16.299540068525886
22.87928603565681
129.2350240695569
11.731638868593157
149.692626156514
79.03779209924987
52.451375332739616
54.37371234336527
29.23409646448791
10.824460929536261
101.80278629614948
11.184028759200094
124.84407668943388
52.43088626803653
69.65820257660982
26.46997247066395
22.98853183451759
8.626027631643332
68.8616047507805
130.53816279955478
52.74114675834195
17.200147455152496
132.91340014333338
106.93618306065514
1.9654513442662438
120.49562123710683
113.62973222071882
70.86193649616025
37.12710766368852
142.6089495591431
16.81033356727076
25.33062186652393
41.33754667565986
136.04239101114766
6.995655389944973
101.6027488040862
118.33340564455132
24.901497254552318
153.58127107866346
129.467679341202
14.339301633820124
49.27921338188238
135.1609791144994
98.49599917173853
45.32250586504211
23.61784143995258
53.82762761506132
41.083011136229025
120.66169549371294
100.30167972591504
106.29769001156485
46.181154706948234
60.99158553020128
27.016432978854986
55.15520335623889
113.94620001934477
34.53688104053476
23.032232360664214
18.969179538744253
27.63940686300583
101.58416479870833
130.40050199962639
35.44227258236252
122.82105737247898
21.299668177187257
63.09210046840988
20.75097112317996
106.88203430522618
128.2975967667722
128.98707442291573
30.571817194176393
41.11721507709954
37.445446256514465
22.744324083275927
10.988587021889312
127.640658497671
126.77342425631215
117.12038016568216
112.64908760291539
111.82795642543061
111.5769500770318
107.86549131724922
128.48412806143594
9.996677673727316
108.92224162392446
100.3794644761642
67.29629914559644
26.12110986320564
17.19500337637845
31.60428281875855
106.27362116125583
15.891795436415293
49.390445046596234
40.86393130046118
14.421820148419803
6.511540578687691
30.510699073637404
128.76463970666362
10.69448325798563
9.962085732984203
53.20251220879393
