170448.36651647658	394622.0584838015
170243.23231864788	422961.50605605665
171500.8957948504	416716.42121958174
161363.24182918936	402585.8857384549
168386.5228726976	401722.80064981314
172612.42055273155	425728.46707370423
173108.51900355588	417948.39114706835
158347.57771223004	392526.2802089676
166379.27741448206	403748.7353231529
163174.78495651993	418812.481809441
166564.1289461598	410165.1739604554
161206.11981619097	393600.8104949017
163372.9979688739	405682.31040779606
160001.2541302976	422312.6301288237
168046.59449030727	425723.677667653
159085.91374240324	393803.88474101666
165387.10746799404	369388.61121088837
175254.6040679274	416128.66145416
161428.00203209935	419014.576467459
167145.80340584976	392651.0504031238
160913.5953448254	418559.15013896907
175528.3063611769	405188.72285359737
156328.64798894548	397462.7617041989
175731.40997109376	391640.9443450677
165415.80776220118	402954.7167649245
172689.76145016414	416742.7210714958
168964.76868789352	395259.75913557434
173979.8423726946	400002.85235764197
168385.16186446085	383124.2247930567
167227.1905281503	428150.3759015532
168348.1029317496	396638.0949501342
170810.76174473454	423115.04696201684
166520.59489317995	406946.3575318601
164090.0048734938	400395.4167875659
167078.58198414108	413873.0533550102
173195.40985419654	439169.8506042387
157971.90372874963	436779.26216391823
171280.24852064112	396369.7067450697
165375.33934975945	421274.06306214107
163113.6084427936	375472.0121865454
171245.04916217187	392820.7691793933
171747.0849090675	408239.44255099294
174215.90959888927	412181.8815441991
159193.98964147345	400237.67190406367
163811.92361351062	380504.5154481889
177776.2014189515	407937.91081277304
161202.16265464816	393790.04632132675
181057.98516449833	404570.6059704276
171997.76316995855	432351.7048452153
176545.80340489882	413518.5967524387
165755.44623604862	396172.41527715104
168067.41131376417	390601.9423015782
169185.29414337908	401984.88376765675
169743.6999703712	409533.5999063072
178601.76413771516	409137.34093387827
166183.95160518354	420355.6660739741
170126.7050634568	393101.0602770955
172571.64322466322	415968.9057354627
165811.17584381727	398293.3213188638
156040.1641196529	389354.68057231954
173488.59277832042	404907.71716118645
166602.17476522754	398645.6486840452
174182.0747169488	431306.7787060981
172924.95240327908	391107.9368056932
170287.2840372732	412880.6282327407
164799.34504343616	396933.5401386245
166452.1189006997	429097.4642429721
167957.27222266508	441810.1764765661
168719.33889820488	427414.0160289849
168884.5540852067	390867.1647994914
167421.8604239724	393185.867378938
164814.17657842854	396387.2776457657
172810.5078994456	421610.59008820757
168055.0053782211	423411.75606002065
154303.15581586468	395592.9821454711
176628.13790077227	429748.622508819
164434.3867385937	402077.45287827624
160357.96015439913	395252.0127293754
159600.3267342252	407499.1943081944
154812.67009157705	403110.9381556364
160044.51495144604	386543.37029424915
168847.39665136288	412248.4917214547
160456.72832871182	398924.1997454059
163959.38614013384	397558.9631587805
163887.4983212658	385273.73068567587
161145.8848190324	414110.8025248792
173891.73574903555	403837.37945792294
164332.44882458216	402410.8524519649
164957.96229530463	394016.3470757358
170317.41040288453	398448.2910548344
173022.8449281811	430195.891057385
165678.04484201563	381089.40848542337
162070.80581451047	411541.9620591511
174678.9155880686	413627.3973132163
157917.27930421417	393616.90879147965
165816.9447463284	376257.51925117883
173441.25430986323	402960.7708020982
171123.75846582558	377407.55872490763
170566.9704687161	413455.5854632321
169617.7311090804	419708.0718164202
166340.8741381963	425631.0765022966
167264.5842395863	412673.0913233551
161879.52029441716	386503.3762218576
167244.3176023179	394804.96633062715
165672.50261109206	417844.69032284647
173911.0734815005	414055.5885388268
167340.752264243	413475.95540361997
167951.54508799652	407196.91095661407
177555.2625787959	395321.79806957406
173520.62062938884	415536.2842967985
169249.5968997858	410709.57029786886
165951.7227028396	382769.97687204723
160673.5749351927	405873.49790388724
158761.51111148938	408519.6628060097
173670.05722856356	390997.6336361787
165447.9702628227	404698.88397982286
172920.10913790122	383483.6291625273
176094.71518838918	411272.694206279
181859.5507143605	407332.04481886135
150054.02063472715	409289.5661198293
166787.03568042282	394781.8166790119
166602.94511879567	410022.5681272495
169162.16032663395	415522.3255665619
177025.44513785647	419127.8944201607
174279.90628013902	409881.48188293877
162857.464319698	403494.59220559685
165893.8285577313	420263.8753085878
169840.23935184933	408996.7053548562
169980.63451067667	399415.3125876356
160985.33227191854	357519.63361936586
154713.6636821631	409539.4873969024
167204.04405358445	433379.8832767583
164504.56934481027	414096.65452789253
172834.38816959405	436654.5588672522
167544.9983218934	391033.46817065025
177821.34658614476	383735.22758511244
160708.40080573183	419711.5200345736
161631.01929543974	411925.00683343865
166837.632967825	412331.3946661606
174266.11268745488	418275.6048770237
173640.62095032888	392796.6939804249
159573.85680225247	428798.50199310906
159856.0902152647	412689.3074600141
165483.23450624774	397976.687134624
174720.57171272513	409759.6598912666
163188.22518178972	403417.1458664538
176514.22075357364	433429.51510046667
165121.56565309613	387940.900688495
162196.97733262883	399579.0375230235
166155.37064417053	397787.18574772903
159687.37491022068	382442.0801166637
157540.0797927768	413524.0191757333
158158.97733917076	404063.31777237693
168067.01414958126	403259.16171893233
167879.06881931116	418694.668053018
167289.80768508452	392263.94425742596
163980.87675882355	404734.85254186543
168428.26540015973	400708.5692270415
167311.23410539384	401472.8351035653
169668.3322212177	419413.23117947154
166150.932976779	385941.90370552917
164471.92530255506	413554.00624692463
167712.034259942	414030.4189420236
169850.55902848055	376129.23888704495
164834.05421915743	412512.7502743269
169294.14065956208	396718.8327874191
169579.25699703326	404904.0569234246
169990.88085455	404593.95903423906
164237.26642111607	390468.0742160345
168050.81691577012	406761.8869087839
168771.45662447455	412932.4284630714
162335.33743482485	414540.2245051898
172049.18475554977	401013.61936239584
165997.5407775476	407326.0915586131
167327.03280770735	431150.5614397196
159901.96408392786	380107.9644844248
172475.50404111214	428090.78274211724
177024.16785835655	408825.2500100387
165887.94630203728	427846.9411329166
162324.30018546598	412105.64915620035
159184.89096712024	408523.1581378327
172582.06100354565	421897.9223021624
168596.89644360077	406814.4402933795
166852.20148299538	414903.4843620151
163885.76895648404	428306.74181290634
161488.73270609416	417318.9127545771
166004.33397085057	400960.17698449217
160979.2388598406	418698.3252908735
167238.1320400263	389784.5326821782
158653.04697023786	399853.5419577837
159477.43654612737	443017.5287258887
175105.24914996064	412249.01765424217
163952.4562681914	428093.4884366244
163449.38299517529	397746.0531140079
170275.26323770676	433274.67406630586
163675.2687403626	407829.83686653466
162424.3454847591	399461.3455128521
165299.23167266257	402358.6572802075
166906.64784734405	404863.0720644418
161209.49286991835	399735.81584468123
168922.97084857695	411916.23954405513
167485.05705441584	425093.5918360056
168581.774088304	387609.4619195577
173238.4761394586	421144.4822887296
169339.21063664294	408644.8258620014
164659.2365184041	408330.05358178157
163917.14807893205	400600.0377265831
159247.49506554776	410209.6584661397
172092.02302657577	393858.7313401189
155797.00298743835	416449.759116537
164828.93543946597	414985.37913934235
165589.06186045174	434733.45609859563
165385.1712774571	403477.4109640572
167651.35708897258	409806.95311793464
157938.13634923077	389279.60739583685
176163.47154540685	418835.0757312574
165134.95433809113	417202.83038774156
166217.43032774515	415965.2527497283
168112.3668387156	424581.1706221108
175634.25781188268	421952.9156179031
169824.57999948776	403773.2409260704
172529.21319782714	421903.43319453317
173767.1390478458	407927.20044248994
165050.1825485462	415380.05823769013
162542.8185302872	411986.8816975859
174372.53697471262	408656.67988090194
163667.49667941936	413875.91583103733
170882.63837789296	389472.2854763126
168085.5107422824	420403.45559791784
171333.06071652967	427521.68066654634
167778.5397851774	399885.42185671517
162716.2398710181	389008.1060921722
159929.8987712615	403945.5353762456
158758.17956731076	404230.75191531295
168503.3146928225	417667.6824219854
162998.25458519172	401772.8721075137
171528.42392109	409328.3756629609
167040.5436371036	414646.2359011179
162340.5666624943	395672.0546078873
164175.04548372093	437542.4875472162
169593.33888629172	429133.8540573919
164021.94857106084	399312.4832540904
166101.99592864944	415067.3960003697
169358.92900125246	407118.20447128674
172359.70778107905	414081.17439929233
168162.16633443517	413595.4931043495
170136.8517861078	395194.02819368907
169130.3852088945	406828.8869488593
171144.8928441246	406001.3716398418
167207.1672904822	378817.5436803712
158865.4608244602	418126.9554070662
172807.7251883935	420654.8888232522
167402.91789794186	417168.2943214766
172070.1808665435	423779.5001019548
166712.0407360214	401201.4858224892
164353.51907180581	399036.1089982487
165428.67053286853	403324.8856346775
164448.88974527837	396474.99080910557
165676.60938035336	410244.2283189531
171050.1807742492	425828.91660221794
165620.96937203838	417521.1658115024
162952.05080642438	410296.7132110945
163508.78282646224	419576.57528075855
174169.5746737889	415917.4074417567
166393.54722621548	402752.9139631532
159429.87168612296	393294.2990301008
160304.34540018253	390018.3616031313
153943.1964518673	415425.06523510895
171674.9700753023	408330.36761673295
171586.15063507747	412967.05110932724
162163.40399704807	401322.89887032256
171999.57106844953	422606.5623818876
160614.96340688114	395673.17729763367
162207.90353934915	377783.05552854814
165319.62843042903	397738.73753718165
159871.56382357696	389826.05897679005
165673.57004109875	416823.7348484212
171245.34964103575	383713.8005965621
160012.62279235045	387468.24475175503
164347.3239376468	401741.8076829242
161660.55102165526	409641.4520280011
163795.3321999663	406288.3962560672
168663.2740549256	405229.67262220354
165716.55777220798	424033.7054230266
159888.68982877414	410817.03149137244
165850.4966330381	421855.1521778067
168437.83979182778	395016.0087535437
166388.65795603467	416765.3149137887
160823.94099272462	411647.2506629304
174706.6173098107	403501.7559150562
162290.2458151951	401236.5171911396
162092.01821303333	398843.4174059107
173861.34115843533	398309.66183807177
168604.65464873452	423429.7359500146
167171.96884195536	400062.0172756115
166978.59998909937	419520.3405552874
172317.0952826963	427397.3224145416
164331.70880333526	402252.20802629273
170514.5008490528	391065.65282159613
161582.52282498314	404175.7745003234
170982.85389463074	425529.1209491297
169920.45016848497	409631.2858259928
165803.27927067244	388872.3846377821
164878.61875215895	403332.08083134517
163142.10368622193	400587.7140828028
166245.17088356754	422889.9782315262
171856.8454177401	423656.8262343753
169210.92608531387	401439.2280492856
166672.73301856994	410020.7406065621
171823.12367659243	419913.73878684803
161250.74778254633	418809.80897919624
167485.4973452901	410370.7404066331
170863.06890373662	391838.99749264354
170904.23256324301	402008.87345080054
170407.00160435136	408965.3700607823
171202.92352726907	414174.7628203302
161657.70664804126	403630.50488690764
166218.09990166756	416044.849715473
174686.19947823402	409827.106147817
155984.06853924648	391997.3694838587
169806.45794074069	385368.25570817036
170388.9680593768	400086.2625331832
157552.78279444232	387251.4239699553
167090.00104138674	411083.444912057
166825.27103904387	419421.0604896045
168867.95423152074	398860.75041975087
166681.21029828134	434098.8416242856
171237.05362791778	413859.35447247786
168292.97519045376	373976.29682098207
159641.55003188178	392260.41787865746
159944.81827494077	419320.71678155946
167934.22522604303	423212.8095688932
159567.91129359842	442133.4037867101
162502.51011441695	429581.59151153715
168048.91816769302	438657.2140509481
173793.61761559738	376835.35885360034
168990.54560123128	399214.86984069407
158883.7902113716	394437.22186671064
166890.16405903935	381637.3642347099
169416.79484732496	412809.3076961959
159095.02556950413	374684.40537132206
173128.46314780408	418518.715954178
180335.26422734992	427549.72839934856
170753.9896354581	418458.3592444249
169497.80686410822	403613.6767188924
170498.53852703364	378650.2222875409
163521.20584028715	397672.6811206851
168493.15303763998	417967.2549410614
161235.19449051027	400286.5045059824
170428.95787263964	398090.3556162801
157054.10104300443	417987.0222027289
158576.00471448104	410665.4484407122
174250.1970474533	406376.9165763936
170751.56186668176	408502.26466244535
168339.09510065505	398612.3178433082
169927.4655167114	425306.30909526104
155249.9884840495	407291.75230814284
161971.3019133673	409362.52487659326
164714.45455745253	408567.7854302037
160807.00001456818	392037.39772014564
163369.14223756504	400523.8464954789
168982.80316964196	433878.15341436816
165740.97794239788	383592.47037767444
169976.42553122825	389493.79468813527
158695.02189642267	395130.44644468115
157135.75899406892	444844.7206041872
165464.99011620853	409934.0384174739
178953.52687599917	433238.1042442471
165022.95934783842	396688.80070130556
167864.63359817222	422335.7747289012
171076.23180302628	420714.4290822486
163608.6018172119	399483.2259655205
165672.28878594632	390989.5487283827
168503.38139644012	384697.59193634335
162172.13292115185	411095.7188967304
163118.3089540914	410038.0981457011
167135.3209694873	429187.21849938255
171862.1257192532	395447.35314552544
178586.1158423222	421710.3196446891
167461.60510829167	377712.0536939353
162182.6846942895	398236.5726987554
170917.5164435045	403375.2667658455
175655.76592173585	428272.41528271354
162566.1841722434	406164.3831358608
164375.08787716378	414504.62860799197
173709.9411401087	421214.2147817612
164515.56991845858	406392.4296894146
162614.1354085218	400331.0664810492
169762.40829358753	422850.8608842842
164352.38230671245	419085.2903368244
167063.72875199863	407207.1929909192
158516.88388683234	388772.56118045095
163950.6326474015	405525.40654892183
171008.15410537805	394387.88964050723
166575.34907041106	403730.447113217
164791.9525475799	405489.3157543683
168691.12753388222	398143.4849958052
164799.78601181955	426169.7122502404
175065.37134277745	392015.4626918803
168735.58571602567	394342.8430441648
171010.0965488663	418416.5902459923
166607.12515176795	425862.9344568476
175958.0957807331	415266.3064837989
164872.23154762195	401482.9247127295
166104.05370721663	420119.916596327
157835.14925866964	422458.7122677042
162139.85680752702	401957.35463588213
164461.03990217907	387666.418225452
174257.4038209005	422225.5670185138
156562.58516723284	407568.0890763446
163334.84720407764	404362.1407414987
169837.71537653214	415352.95263392257
161493.08404462214	395984.5807227242
164243.30116359095	392059.35133825475
172701.24848342454	414791.89906570746
166033.7675492266	413843.60486602935
168772.862569695	409029.08646758785
178806.0925091054	418880.7166302595
163696.97795809427	426216.8963533776
160289.7349040787	400610.6682564805
173502.2100561319	419369.9698753611
167849.25252183125	421065.0614828572
159195.71942198632	376935.78518443415
168907.59752856975	385436.0266653164
164051.64916957793	415225.3156628831
165003.4733984952	394996.44619593257
158175.49945171265	408555.4813226001
162938.42760261043	395564.1049626804
170154.62261455227	405245.114057914
162488.1820681342	388224.93558976555
159081.93732646774	400826.620657764
173411.22430609903	413281.49674773356
169324.90991355054	399872.82602362346
174204.92005912305	411212.3883955359
165518.36681617214	416337.37601011695
155618.2014175898	428939.80071691726
162796.3214905734	388273.235117228
172006.78365542606	408788.99485926493
177214.2983039203	412390.72167936235
174180.13519632	397607.2188954172
158867.54127654288	407837.2185944596
164921.82278321305	427209.5391264389
167349.80355845363	396173.55356956273
168564.52757417705	419420.6374224352
162580.10436504812	397831.32948127063
164454.26299662457	408705.8466612826
162888.1334341392	412612.512473876
170855.5466999336	384630.33261029737
157689.08215008065	393567.47753910394
168908.75555773513	409740.84856496897
159946.486526107	409512.2327427097
166898.53027606153	392538.94569380465
169019.88027746443	421501.87058045855
156633.70523236442	412061.92730817245
172112.28319662475	418235.0542460951
172697.43287402685	425276.43357065757
163208.4906081484	412658.9616901567
172184.69623539527	407641.55683577806
166018.0991506142	399136.01341273746
170112.56660179628	411487.6344946755
168350.1815318598	403649.972359663
177185.6400752244	395771.4965214283
170247.36741514446	414065.6506359454
166638.70497527238	414484.98733339005
167911.88914166932	415692.1759321169
175224.43782593223	391275.00843382627
165947.53212163114	426812.8612947329
166707.95810842648	418499.90240014414
169534.18568896805	415353.87254452426
171014.27423529996	418877.9124222926
172111.6582556127	407399.4467665677
166219.68487109707	419286.7801527724
172103.65128586165	426464.91923697374
165916.92463395133	398835.7658518686
171946.34433167492	383079.5145806918
167063.67841156718	395730.4772811342
162479.41568475516	405613.3650805018
158095.16579355145	412518.5963595413
177146.43582052732	423694.0753846712
179094.0427090755	426733.3560305176
165804.54427110392	402347.72119195573
164849.01486775023	421600.50841407175
165276.46199114824	380488.3587939793
167511.37419151393	407323.7482974789
156446.49546495941	393239.47288459714
173230.29922081	376727.7912455243
168442.71763941567	402711.76330236776
160396.54252144974	412749.10203429667
168945.36667037426	411177.0111102975
176530.31348467348	399988.0227876698
178693.15209191665	412232.1483205655
154058.46770726395	410803.06940126175
178380.66844306808	411641.89468623203
169634.41931172236	394902.08908950014
173526.46153281844	394157.099769868
158720.71402151918	420507.0850072842
166896.3601622508	428362.94099046336
162563.21084154723	407557.2871955261
172211.71492592574	409228.7631034744
163162.7824846915	422126.1399599727
