1886.2985451529953
1892.1622899523313
1889.6856262890842
1889.936300551883
1888.3216956020738
1888.2203284806951
1896.0021500347511
1890.7223912117206
1886.790371448721
1888.5694406463
1892.5256977267816
1883.2994043242788
1886.3679073383325
1889.828031451962
1890.0381391363107
1884.619632701188
1889.3512281086903
1880.2675573359038
1890.00883739521
1886.3707365416487
1892.3402982767118
1889.5822707950201
1890.1752775133587
1891.931323475506
1881.5605785680546
1890.9160188986475
1888.254365382845
1884.8365077189635
1886.0315085096709
1895.0757849807733
1885.2403888349654
1889.0614909027552
1887.5462283885981
1889.9337720985045
1876.5277658620407
1889.76585655869
1887.931804299068
1882.6413654124776
1887.7597147203112
1889.6485510470716
1886.6151928691702
1888.7265173921526
1884.6248012183632
1888.6570011967376
1892.8254922305289
1890.7228738257747
1886.183538114568
1890.7443034582775
1892.1759698903988
1886.4800265833678
1884.0440153675247
1889.7740915078634
1886.5848947905974
1888.59492845364
1894.0584754422161
1890.358001725815
1881.7167688277623
1883.224739718698
1888.4861828270618
1893.7531327135662
1892.4873942457193
1888.5846893903777
1893.1834428831025
1890.3338270369668
1895.0176517823513
1885.9001143542678
1884.9764057178827
1889.492671476195
1887.704524899083
1889.5330227525783
1886.772578578321
1888.6639708515436
1886.5195812490786
1889.7479637381225
1874.4201774496423
1894.9450458819606
1887.5215354741208
1884.622210935713
1888.1342695795847
1887.2619531979135
1888.246810649951
1883.9391170391018
1887.685675760084
1891.2355452217134
1887.5424308194683
1883.498878644575
1888.7668491629074
1894.1643916156738
1893.5053464114667
1889.4042559663105
1884.8693812813674
1881.2899439840498
1883.0043294807135
1884.4570820126216
1890.7961914295015
1887.51454794527
1887.3198110066621
1881.5118193846592
1891.028598425104
1893.694914494081
1888.9788520473758
1884.1276899261552
1890.824966482758
1894.6901764780546
1889.5161523171632
1889.6515323055664
1887.6676075344535
1888.2349609479538
1894.556016310963
1871.757963625722
1885.8935298267756
1882.3885359141657
1894.099821715329
1899.5596491284073
1890.1677148041645
1887.9092258056198
1892.5873544079614
1886.3220404947774
1890.4354993447032
1886.1962723389533
1891.851779110647
1888.4948269059246
1880.5714070231556
1890.9284508661563
1891.6101705627589
1887.5307813887396
1872.631062395396
1887.8468647052719
1889.6740775897429
1887.8126467727343
1892.2228090296635
1886.05146317818
1892.7995908898024
1891.1283255370267
1890.7542395919925
1891.6599214687144
1886.9461371993343
1886.5974355468024
1890.5149979012358
1891.7909824128028
1892.5051626290574
1890.111904758768
1884.8416297329018
1889.5490151547097
1887.6815693470026
1887.490584930064
1890.6149088315851
1886.470333479876
1888.6712423816455
1888.7494823149073
1881.5584663001864
1891.8866752163246
1890.5885738115994
1889.8768842691993
1887.1200789159134
1887.167704226787
1888.3116465348521
1874.3610368852883
1889.7777699405199
1889.958964166875
1895.4752392666487
1888.5955061922677
1892.4874834893462
1882.7130288194749
1884.399042469164
1888.8559707700674
1888.7708420522442
1889.690906111337
1888.5947458110745
1890.7150234270248
1889.269679767223
1886.516569324243
1889.9721394338676
1890.0729860278861
1891.7436095875287
1887.7029512237737
1888.8392758489279
1894.6619291302486
1890.6953429035198
1884.0085315470665
1889.0924213613612
1889.1693157444906
1880.091259178374
1891.4186836971908
1881.3317509078622
1889.703266446838
1888.9011221020328
1880.3155228142186
1877.3544234940025
1887.3472317865499
1891.0760888438672
1889.1808735153186
1889.3692634452175
1881.3981570853014
1885.5096671645474
1885.663069511018
1884.8505916561348
1889.9703142338349
1876.4787345651048
1887.5138414055225
1882.7519568791477
1887.0041291491711
1883.8562597053333
1888.5209900161135
1885.7480524645403
1889.759064437687
1888.1993942850304
1891.5735511309504
1889.7044547102666
1892.7572629542
1887.6985307853638
1879.9896538573894
1880.9975381684214
1891.9204754285006
1889.7534293723754
1888.4839491755838
1889.3563055391332
1884.945528756811
1877.4081985257712
1890.2668141430395
1888.2981721238064
1887.2706887590996
1887.7806295177538
1896.332476007367
1885.3940073621902
1890.8966845978794
1886.1270594838552
1888.6325350572165
1890.5718501753545
1888.6574853658376
1884.9042356949049
1887.0014570655328
1891.4490940726148
1895.9925502332655
1892.7964415862552
1878.0101191515303
1893.4635211541718
1891.7397039832008
1891.3707886962084
1885.2526818009524
1885.7245084002047
1890.9740154499132
1874.7096527368062
1877.9941368894688
1887.1900012084525
1884.2452972079896
1881.059082021161
1889.2929539864183
1885.0680958564096
1886.88869275801
1889.1140914724542
1880.0740778222919
1885.9813721241242
1873.7041322933342
1886.6548603893052
1885.281612697383
1891.7741981391212
1882.583956066994
1858.1867407612035
1894.7353500186318
1886.5223593294459
1879.9881735876206
1890.855104967507
1868.7927294003532
1890.5588770988843
1885.6726131907392
1887.3737569269733
1890.8636469072926
1897.6157920973612
1882.7984711886506
1885.139666238982
1885.5505160386274
1884.0741158857452
1891.1848894070677
1889.172010311656
1882.6802999866195
1889.6042893273502
1889.0436571356831
1890.450292140205
1887.976316720038
1891.2819679555241
1882.605258773713
1887.4028882188916
1891.0196324394883
1886.2450213834297
1879.1120928510659
1890.4817023103
1888.3642507997477
1885.643658815865
1884.6231644041277
1888.9984125952292
1888.693667170216
1887.5592032382533
1890.0768662834753
1886.8045077131437
1875.3870500396552
1887.8890451618154
1889.3765929165656
1888.5073415299678
1888.5064334244817
1884.5101864521023
1892.7911929204556
1885.9522574487771
1896.6138221892256
1887.2721072397026
1891.1777198141347
1896.1138951474948
1887.3980442675304
1888.0501673881108
1883.7445381946432
1885.543962127467
1876.7031076420083
1890.0098805213138
1890.7745856993968
1887.551563029309
1891.1698467733759
1885.4133618503508
1889.3964364302515
1889.7152059235264
1888.638324724844
1875.6748293995495
1881.23864415072
1887.8489453427264
1886.921878202133
1887.8407627397223
1887.994379172388
1891.0887606855267
1884.2081779165371
1885.664929953457
1884.794989796097
1887.7318514493236
1889.4941758150574
1884.8448780883655
1883.1072083093723
1890.4300991704642
1890.8798728274378
1891.4882390314438
1890.7244281210424
1885.6484983375199
1864.2308708227165
1890.8802677734395
1894.0682504702959
1889.4246427236976
1889.303188260154
1879.9177376671719
1887.8205685390612
1887.113006005428
1888.158692991058
1886.04661793692
1883.9677214136236
1892.4294363334825
1887.8691883570805
1886.677157091166
1893.4808298130604
1893.7106667952398
1889.544806264158
1881.0235601847999
1891.4594578850495
1891.6014809317946
1887.503839521386
1890.2674848048905
1886.5176215188712
1889.0417712310173
1883.8250019709049
1857.6879694363065
1891.2159143850718
1886.6888898451436
1892.8307123525608
1890.3111664854837
1892.3351044205529
1884.1173152917581
1877.545599808537
1886.5746780359023
1890.0084052815823
1886.8072972518287
1887.271421291462
1882.819149087025
1888.6471731762804
1890.9971256316892
1891.7954076517208
1887.6010797961555
1891.1027173484663
1885.3026566220728
1891.251650756979
1889.7469515133466
1885.9104474996348
1885.6452269557105
1890.0159374356067
1859.051637038268
1888.8901464601674
1890.377188348279
1895.0133629431298
1891.9804708498496
1887.7855816872354
1876.414845629559
1877.9851299788745
1887.1101809112947
1885.3574188544735
1886.3816622025474
1887.5044317087154
1892.0702626109558
1886.4631285131882
1892.5144013755153
1882.1911459725457
1886.3911954163573
1898.011922902003
1882.2365639995064
1887.0844353255604
1890.4164607049324
1866.6084423893674
1890.737238656855
1882.5938898826228
1888.611304178347
1887.3007204538685
1897.205443807875
1889.5517685448153
1891.9665790122704
1885.8764520078662
1888.8124158625474
1888.0642777203489
1887.9921736238073
1890.1247998027197
1892.6153995644208
1889.7042436790234
1884.8809792048698
1887.1678823787236
1886.9106356301565
1884.2855201627126
1892.0503858850043
1885.2188350692813
1889.9928073689127
1895.8326565856216
1886.5831785721048
1889.8081458623
1887.664558352431
1884.1759207468208
1888.6572000777353
1888.683506523778
1888.2430560395414
1894.867004162063
1888.3479753870247
1891.3408604672204
1883.4749973272314
1890.1004354606057
1888.7121917149475
1887.5787034649716
1890.0657624437158
1892.0712535675088
1884.7821916492192
1886.955907764686
1894.5870197906902
1882.3634127032024
1887.1427705799201
1884.175929056205
1892.1128128546732
1887.9107090259918
1891.2033498229955
1888.8035110744659
1888.2341142702599
1851.3165576773767
1885.5804854064072
1890.6901755779536
1888.389415578225
1889.4835342841284
1882.0692017824513
1892.7955891865276
1891.944102195005
1884.4443917715894
1880.7553434541564
1888.4954101702483
1886.1601848598627
1883.066569725952
1887.429006175737
1890.7401168887081
1887.6364245728646
1890.136964804043
1884.2258870605408
1886.8721547646228
1878.022481831546
1891.4365307707747
1882.5256239621137
1888.447786698795
1891.513321319419
1882.8821099405723
1890.361388890789
1886.0978374055717
1882.2070416016338
1893.1256170110964
1889.085123901534
1891.80084759885
1888.9377936923725
1889.682750308708
1887.9878192730293
1889.0742627349764
1890.465473255155
1888.0247952627155
1887.4208197702678
1889.0640610473833
1890.505131953115
1882.3279118790117
