848.0978450435587
852.2419250892879
881.9033046108257
833.5970629868265
836.9767528373255
837.6418914527271
857.8165856179442
867.5721093843107
891.9417829977714
852.1819042923073
851.2955474690963
906.5214532932591
843.4822869648784
774.8076430197964
793.945340178782
839.7733716627059
783.556973861513
880.3765759087152
823.3847602128341
821.6821975517585
799.3702236915865
860.0243241059947
829.6670695432396
841.8127219997118
837.2858296831264
971.7934834147986
855.298472678975
869.7386788430997
898.1418391311286
875.2269873375924
875.0272971857354
890.9437537592039
865.3224446071538
861.1764462239139
879.7147842626632
783.2983164306992
857.2674109873348
868.6444383230403
774.7877228354297
841.3244962984171
856.4053891230727
823.1336290581049
873.6092131856049
855.2595869657582
812.5526783868227
806.0505474391059
857.1667363509495
868.1513792935247
875.1447753711429
1059.4149544273027
855.9642141253115
798.8649817776675
834.3560598861324
840.429084319441
831.279676512283
779.4183751460781
899.1248508778407
840.831956537436
898.6507179242509
808.724233135587
809.5300551182798
829.0911534803372
846.0178584759755
868.2534870749263
824.0623371832745
832.3624453520544
865.9428884828116
875.5394384271302
824.1891727560869
863.8987809661837
805.5050891759615
911.1173901959207
821.9907903086381
822.4577162021764
935.6048418782722
856.1530270348103
825.0335342786537
812.5023050822645
854.1162070465537
927.5519714248271
831.1851209029584
819.1438823726752
825.9425159914426
905.5296111937063
824.4716521090852
918.2868315187841
823.9333453173825
800.1058764675439
847.4666477418781
880.30254346454
845.5684816660574
958.3202129870674
873.3198514844416
858.6162108206156
888.2923212704359
848.7190791907361
823.1236010142928
1027.8946001420281
851.5291246887712
862.3656110023153
863.7765030802342
934.8285001641126
868.7595302412291
833.1820232583781
780.6864003652499
803.012984999539
788.8419322940829
859.2039572597882
884.3697460428785
904.1068052115676
799.2642648433329
917.9584024030867
808.8348109584707
826.5397833251733
807.5177732576484
874.6039426723436
811.135663972124
948.0167998038634
880.7056389826207
819.024964492409
808.6834582458835
800.2620215401589
901.4440922363035
915.2814934916202
857.0755548073658
824.2322095367923
897.8654265234405
841.313183837851
784.8982319821329
1057.1908599468695
838.9068742261088
809.6174175906243
823.9468710159741
851.925398294001
851.1005235713709
863.3955544068456
802.8485664764114
861.2649331255647
861.325921464274
852.4664805080704
798.45129295895
812.645453047451
877.9315237295634
842.9295493921969
883.0269325174619
841.2235879739335
851.2784237608621
887.3660645727039
773.7815530100185
810.0467919930715
969.8018036094707
852.8701521821074
823.9556172574466
869.3846032305684
831.5771259382273
871.4498867773924
812.6383388611961
911.7719499394789
808.0757495954502
813.3614038859533
852.7825686306518
832.6508342493754
859.0097349246419
849.9065847387625
911.1227413971225
828.0935417245587
854.6812482674862
796.3337042071154
886.6301024113094
803.1135454456753
857.7625632288518
855.6325268092497
826.2089424215083
769.4427520440181
823.7836872083537
914.1250493241921
833.4702104793166
845.8937220374768
797.2652239818061
858.9759791767498
827.2603473740768
818.8118944589057
948.951915768469
851.958863143359
1021.7982295564202
881.4918547395705
910.8027478096787
905.6515709300761
864.6815871334205
940.1295213017299
837.3817103664713
878.4205076413903
908.5748589989678
867.2559966917923
851.5303869071971
873.2486258834741
937.3957709257068
815.1522790174643
963.7462960435063
913.4148572443391
943.1066345776331
807.6010271530497
828.8266026750427
882.2417770507503
880.5101523431686
832.7895455909376
896.2738796520887
834.0119548255601
976.7296836289806
815.5275791450298
881.504162083296
908.1749459243941
814.5364251293242
808.5247138851691
816.903453802639
847.3644458696377
808.7701483786236
883.4448660622052
838.0691867362241
840.0832557862511
858.1764345648302
821.7288070200101
857.2966569995257
879.8680042768175
834.3749186483956
842.652568595606
860.7092089927643
881.8298053443112
857.8816767267032
888.1519689123835
856.4639478779942
893.7571129771837
882.7626965533256
811.7953175235184
858.8677653076113
905.6097528910533
841.1877193116375
857.1553517185882
831.1459703974595
799.4744211659741
824.2011049975683
852.2723060421707
900.7961906842435
968.4795105353091
839.8887777112901
829.7466820492975
939.3999592955248
806.4280714761533
835.3208603296953
1004.4122822513522
866.7621703856166
893.3637708845226
868.0026291356312
909.27957467591
847.0688911448028
846.1391793437706
769.5478177129164
911.5679848590669
963.0205682093931
814.5257977466501
865.1866375227016
930.0707877267919
834.5884173898618
937.1455902540877
817.2721509514807
845.6334242067924
854.0701631172922
797.2165658676003
840.4387919768918
842.4459719134225
830.3418579131556
955.4403146382552
824.5174906514758
820.1448906439183
854.4896420961753
843.1010453779377
881.8969331130288
828.3365272450143
822.6361087965904
824.1343562184218
811.7527241944806
795.4778013483816
816.7241928309733
825.9727869906673
843.0948386706903
886.7996507552042
790.6395825662955
834.7469958967303
813.6658998528115
806.4943830215062
800.5089518647212
812.048395592194
831.797906747395
819.6663001439786
809.6513535820254
913.2895962009995
831.6863767174474
908.0447765146706
787.1849388016389
864.982165579693
907.1780256683204
855.4731717626909
846.7176615627441
886.7847755356204
892.5040466662662
968.9273094854933
829.9261123430982
842.7143128625542
852.1761231705871
929.5400961549028
916.0400102345797
881.6628982202952
873.5324190575443
900.9604107239022
818.8377965209685
888.9981172779892
905.4942629647138
799.7678753983107
798.3920456701275
852.6677208604028
983.4554882321875
901.7409390898287
882.3066001099577
822.5163790772641
811.5562300928697
844.423029328887
925.1176463976882
807.7198095454581
793.4091597114478
859.1913279865007
806.0416983566208
859.7578510497736
867.7495384676306
896.9072108160815
848.1898054750587
822.2263933904829
885.2562368548178
781.8049856101542
865.5979287398562
1014.5446597139828
858.9945370290509
873.7497132485029
840.0509510111175
829.4289796909474
876.6553737246596
928.5410272434701
816.5741079335046
866.1732491066525
832.2182630804837
923.7150203764488
820.824148503936
822.2905143421468
894.5173101793558
878.6369712143504
835.6272208912505
811.7342497617457
902.4297514819161
944.8205858295119
816.5590083704666
817.3259585144139
802.603014420231
839.8497010049183
831.8643815153923
842.6086856609693
951.2930276026501
810.5821977817363
814.3646465304536
894.4229202893317
837.6537947216837
943.8309633987411
817.8042218336534
873.9034885451857
838.5031752780992
829.4614883876594
885.6868887278401
955.2594187838014
848.93913120104
923.5564604809143
833.2186484653784
831.1784513486847
866.0144224033747
883.4155403283587
893.0785283419686
876.4560033994221
861.3116694288786
850.3941488339757
782.3785714530331
809.0398862349344
894.4983622336479
877.3746015447263
859.6843354292544
838.4449645907958
839.2601471719626
790.2679487137862
903.1165874695577
877.2678244610457
882.1856929034034
916.9364793296018
838.6557564797747
820.6944011666053
814.5364407245773
811.4738671081641
796.8969492005332
857.5756631485895
924.85543274381
818.9550976700549
885.6273624598424
831.458755207359
794.3781866151427
925.2322733667323
804.1343320481168
940.4805320698354
832.302636258362
862.9596212896627
863.9503140346098
802.0011973460267
789.1791399266815
898.6808102023344
913.0066255497617
875.6285467815651
802.115556913464
937.4396902615078
912.0985292019652
767.4734548731767
905.8234431432079
825.2118707150397
853.2323169618631
827.9262481403799
870.2769023169943
786.6897557095245
832.710026950274
867.1559128078623
938.919676122467
781.8744652107189
839.0990454130014
824.2479596288626
798.8484807919024
849.6408139746873
815.5551804624527
793.2490158904401
853.5672016525573
888.7467563784949
854.3829610299927
851.9455002338232
842.4975353585096
814.2153365341763
863.5801871329716
839.0557388066309
891.987063659228
849.2902047121595
862.6871789622322
871.0534575675268
843.0037541122773
819.1924319226366
856.2856844081495
820.304947430573
815.2381666540547
805.4422898410836
822.4639954432294
946.9570359009687
897.145932396651
862.459587071996
848.3757998059805
822.3879757630147
828.5205778738544
807.1185736652324
951.4948998012279
864.2753513050842
837.6021598815191
811.5555468766046
844.4513155448218
834.1551936532967
816.5420221694872
787.7919933880472
866.5178951896178
849.9982100491984
866.5658730105907
882.9714981284397
923.9206244071312
829.8745012123477
880.3869807808795
844.6590355369549
797.6487633568162
949.2329504466298
826.6877789503085
798.5468878466947
814.3629222297645
814.9879590188206
787.1585808281297
874.6465151031402
797.0714682875567
884.2698782031424
883.3486322853914
794.6321191090208
770.4767137307808
845.3308710537092
833.626690786802
815.5309946147379
792.7099216313089
842.5324515824498
