1327.9461792231002
1322.1706613227202
1307.2656097927256
1321.8968179837548
1284.4767294076378
1325.603318371091
1322.7798714738683
1318.5908164227294
1315.3153196047515
1321.9935306759921
1300.4897107085174
1323.242154548168
1325.4429301097755
1324.7272542527967
1320.0977539987516
1325.0693517123918
1320.4100332489097
1312.8450213314986
1325.7060710648261
1323.4780160979572
1321.1940321569414
1298.9937783085536
1325.2524960903459
1326.0829377045693
1316.694491537333
1327.227624526889
1328.0099463876886
1322.37857205996
1333.7190616321152
1327.8319851567662
1322.6586549826495
1318.5047205922078
1320.21661799738
1315.3104337550433
1306.0004378796893
1324.3036434558967
1278.5407976841052
1318.6919964696385
1322.951499998866
1326.53279044218
1325.1798447680458
1328.686947419883
1316.2890225985436
1330.4391817850226
1323.6642682309457
1323.3303939563525
1327.2886682232722
1325.6086597052372
1317.7724968363739
1282.0757664597568
1321.6685083963011
1325.7914738807262
1321.3305639363366
1321.4872016341892
1327.6446461042008
1322.8705468922146
1319.9749628324603
1321.5684080046613
1316.3026376321318
1319.850224834182
1323.99779908644
1323.6325985759843
1326.4468398970414
1321.4347218775151
1322.5890160902745
1311.2623206014227
1312.3620598216417
1310.4044738892949
1325.7126433629523
1319.6106430639743
1321.6135888671204
1312.2049808912589
1320.896735770765
1319.3212654602567
1287.576256378999
1325.5454437025037
1302.672990169994
1324.3449151535037
1327.0057668582344
1313.2434784623756
1308.193332376643
1314.5614507363075
1328.9066170526307
1323.4879378933097
1319.0749729969862
1323.5150018788836
1319.2879440403306
1324.8683670633773
1321.2331911029219
1322.7617120567297
1323.5866305295922
1286.114932873834
1314.720517599999
1320.8481156519429
1328.4086552874905
1320.4457081002663
1320.320680824606
1268.716998530851
1321.3308453804696
1312.4741506820887
1320.6481981592078
1306.6316344666398
1322.038980177765
1309.2780206134707
1324.429911907498
1320.3912857977425
1322.79120482178
1317.834446798711
1324.3596859456698
1291.8588229855459
1324.835125262664
1321.071415272961
1317.5246038310793
1321.1121292130106
1323.770990327242
1320.2131803608042
1325.2553281302146
1268.6272592744174
1324.5603860476324
1306.6009184015497
1324.3343398505294
1326.5751280830546
1321.6672130512436
1323.1190450495312
1328.7932496148687
1318.1184304395736
1297.9758561799044
1321.7995130216
1324.9469890070673
1327.1174700940755
1323.438760820629
1325.3358404125584
1325.9981102550294
1325.2464995098417
1324.17935950116
1325.75510665575
1322.063896846403
1328.9272347797162
1323.9885018754007
1326.8374827627654
1326.7942428675879
1324.7166365488288
1312.4515517037566
1324.287054159221
1282.7517367920973
1322.8198491560875
1329.355086104495
1310.356134793239
1322.731633192891
1324.1733279470782
1294.2634164666504
1312.4804583509301
1326.088632228562
1326.6220512045847
1322.2469135674226
1279.4033016791154
1326.1635541724183
1317.9438183636753
1325.0205464266687
1323.365809686019
1311.1161809406917
1327.2840613637613
1319.7063969158648
1307.845384820404
1319.6506100353142
1326.6707049833421
1328.6159959958518
1318.822006646734
1326.0126060986074
1325.1787574049026
1314.3053005238853
1284.216793968614
1327.6783606798758
1325.3818769111408
1318.7030164772314
1307.0941273076
1322.986228934293
1327.884051899156
1327.862738310568
1307.3085110208012
1327.0014872181164
1322.3052781549952
1279.2841391339339
1322.226015572733
1306.5153243369518
1319.795592742552
1329.606708034004
1320.7703084757802
1285.798825401061
1282.2636590368656
1326.0812851393011
1324.8046902443816
1320.289341428804
1302.2739081468687
1306.444754502208
1309.875393704243
1289.7869167938652
1323.2776519683734
1299.428005924409
1312.7207076918235
1296.879253951636
1322.9822972289946
1323.8259406097593
1327.4897863891572
1321.6177329080556
1323.0758856383222
1322.2035091675998
1322.7224588682818
1245.7878911400505
1327.9239304940793
1324.8912458296386
1333.1718752584588
1313.6300094940568
1328.3293702929934
1321.774247602391
1323.8616864767603
1319.1613557848432
1323.5222408736581
1307.2420806991204
1323.4635681248267
1316.3223854650316
1321.9642263838614
1324.869893385806
1304.7261447220787
1325.8743704596081
1328.1499889671195
1321.3875463371305
1322.3851496909574
1323.7864676718452
1316.3170787010781
1324.8385319554418
1325.9580214792413
1329.295992203861
1325.864275755698
1307.0951071030959
1321.3378061816775
1325.499186979168
1321.010493130025
1320.95347454655
1320.6192801068373
1314.0256111152466
1320.665084044354
1299.9885556000372
1293.9252508705913
1322.4902917624308
1326.895336387335
1301.895342149272
1317.5468224653791
1316.9288275012043
1293.5134074954271
1314.6322717087533
1311.0726134158813
1329.5406469579502
1262.3918732769584
1321.7526991970085
1317.1578939525396
1322.2099115011356
1282.730998714311
1277.5854977877714
1328.3891630711778
1289.1334914781978
1275.5468320079976
1325.935294623607
1276.066045495113
1327.4964197476652
1314.7994912270387
1319.1350694908833
1320.1837753862221
1322.6522300095644
1321.1708479419863
1314.9981159401386
1252.0918744198784
1328.4483189576663
1325.2643824843585
1324.4999323309503
1321.3760589412823
1313.0293032368636
1320.0484877405172
1327.5506613683299
1320.4153743141896
1323.6416672660675
1317.1893357845681
1329.5609786258879
1319.8487515029751
1320.4441604280762
1272.9338941970298
1321.6208763725267
1321.1708443120187
1319.5219849161842
1317.1411799163325
1323.950306849786
1312.7905085970838
1326.208879589331
1323.043785436936
1316.688482439623
1276.955521745793
1325.489526160479
1284.7347883265704
1325.4218440556383
1313.7704803989473
1319.8556111269495
1316.5856340155203
1319.3476686798504
1326.2641356087252
1315.9551492467408
1309.9549663377875
1323.7782508573116
1321.6039130750755
1320.0757833205812
1326.633397296535
1324.1820411754675
1315.8900354835996
1322.428936367666
1318.1671357431865
1327.9305862899773
1322.1748903446194
1320.8568203004197
1322.5131644845314
1319.2477347158951
1324.529336169414
1286.0222058987015
1322.624431467298
1323.6783979869988
1323.8839260299017
1323.3560633850507
1322.0064730644067
1331.5244478873983
1323.8200862446158
1323.5614114690093
1324.1096109378586
1321.89592459274
1326.9718911001821
1316.4312497786302
1320.4119457828037
1322.07496728812
1324.2878443515542
1325.6116470465122
1323.8778372028057
1316.474673109376
1284.297787754429
1324.42890394806
1321.8131729850704
1329.4629472352756
1327.7284912006398
1321.335434319734
1323.9597118944773
1320.3945186811188
1325.2297268257103
1320.4446948784032
1270.841979471962
1323.173224803615
1323.0890763995899
1320.928692870747
1324.8958474977007
1325.215624439868
1316.0241028297419
1318.7379031908097
1277.887064023791
1324.7063589302397
1315.6397285794733
1325.4240701318654
1322.566044740045
1324.3607973267874
1320.3742261495763
1286.7257157124357
1326.2241083971362
1323.186341126152
1318.9059033175579
1326.7876842325416
1325.5166367686916
1315.9333143171802
1323.3973717822132
1325.4842940357055
1325.591781110837
1300.1120064362192
1321.8927602453969
1302.9231705498028
1294.7914371474608
1322.8725055355599
1329.8613532586683
1325.0701303393435
1324.2178258882238
1311.653938154715
1321.1402004941306
1311.0816183352151
1323.7448246051608
1325.5314884541767
1319.0597564321342
1280.28541199249
1322.2837014634101
1323.5059315939116
1320.9551782268973
1322.9811637513726
1321.3923656071524
1301.1018197373562
1308.4734106705705
1322.2257856747822
1301.3538210858287
1327.8160163743219
1326.5784924004586
1323.447873300588
1320.111438503684
1325.120040107168
1315.3710121393467
1317.2856561690514
1324.2982866840641
1319.8092414082912
1320.8262531519943
1324.2387900212502
1306.1917028650146
1325.243395508011
1315.4482909549163
1325.8176352532073
1316.527730569379
1313.5722036558445
1323.693970923593
1322.0634278181387
1318.1711715222464
1279.6492750163757
1323.4405131014826
1321.776711108292
1309.585117297819
1328.1880762989647
1322.4061748530917
1322.1251374138806
1324.402949183937
1324.5688503442052
1320.8500747416447
1313.525805874831
1317.9389264107526
1324.2741880194649
1326.4565620444391
1283.0940500859342
1322.8796231053202
1324.6146126948322
1319.0797151510787
1320.6570314837072
1327.0447389253275
1323.1430186751766
1320.265601455407
1330.7915146930304
1307.088562127271
1318.201965453068
1328.7816811159742
1319.2157847770509
1321.5242154165614
1325.3051969408934
1324.8845856456292
1310.445758135349
1324.4966421376437
1324.487709044226
1298.4229697448473
1318.02800859113
1322.557526190899
1327.076613421525
1325.0313100743597
1325.1901016757797
1322.1718408435877
1327.43441679222
1292.6381847403582
1307.3063239906473
1323.4524301939268
1319.5394072486063
1318.6697980106942
1307.9015357650367
1325.713323313687
1323.3211494689767
1315.1199061249256
1302.3278430677692
1318.631209478146
1322.7223327877641
1322.6672093146744
1324.4320564795632
1319.9010631954957
1324.938980654391
1324.7509508738572
1320.236003493414
1299.1300724933699
1233.3575774380545
1320.6095345767376
1321.9394229951754
1318.971871619175
1320.6147244967697
1296.402979080369
1309.8864186229816
1319.6533898888965
1321.525448336959
1325.9273154975483
1319.0088662100657
1280.1621324245632
1319.174272468254
1316.941104079815
1326.1922326985302
1322.1779327726736
1323.6681456546203
1323.4355508726173
1322.1890476897318
1325.534439066404
1324.696493858699
1315.0065061453647
