212228.4687168774	520815.50225087977
214002.13857832036	527536.339016706
215393.64957341712	515909.2880125838
209500.15158275157	533715.7930051561
222007.0709265647	505173.2679691497
215521.90101041965	520548.98615498317
217313.65177281463	523279.5555539435
208470.76180052935	533467.9404491449
219930.3770782631	542982.2551226565
221700.22570666502	560577.9904396299
230643.7355985237	559831.9110239644
224382.49756932806	549845.9655029534
221045.0314151626	515579.89442486194
201489.95589411765	518820.6263729336
200653.1877020122	507656.4469302596
211878.78475990245	519600.8792046072
191372.0779051105	490490.21845970216
211914.88712519608	541454.6868743442
217142.5825370451	566417.8268207617
216972.72258641137	544512.9856301879
212788.28401108802	546159.8438204564
218813.39224833687	486129.0225510957
221928.83326584534	516460.7337677892
222504.3730343206	519741.9197330306
204835.50123708346	500916.4254137226
237098.21691495745	575399.0152648815
227140.53364246967	504463.6249771763
222146.1561945964	549659.7695490747
225110.4908239881	524367.9253595937
222461.94405548333	541622.5979482852
226741.32546272216	517945.73668834957
231329.79959215	540746.0250330962
217005.73395237734	534412.7872376473
217851.9997148918	520111.77358189644
223270.69260460348	536715.8895623729
208936.9076593634	541979.3881383595
209526.18366892636	520434.8001139147
216157.20749044995	547919.7518739579
208053.3901069598	543013.6783890944
225665.12546243687	532650.2498255994
221091.34502209464	531921.3155580249
218617.3218444806	527209.2174492587
219015.20384093915	541218.7234731868
212697.0682311973	539472.4117820148
217840.61744481412	540178.7779685105
213489.9586773849	524170.7454887404
226225.8362305336	495235.9988972413
217094.85286140483	517021.2105664468
220738.198003579	545305.6541775113
217051.72477901902	526879.6306799599
214952.91344192412	536308.26156019
213730.44554089394	493805.8717029395
223574.87554740912	547330.6657742084
220448.40549732817	528754.9204440592
218114.4762686625	538154.6233262336
213747.66938885523	527784.8894456105
226476.53631915693	545979.1092103506
217621.56647494505	532251.6419587556
220010.80155260183	518634.55974721146
217665.22198894952	509198.0732970353
212884.34550516747	534841.9774267437
213966.7368106322	525497.6835680464
215106.92176526648	501848.70794040785
216150.67868637227	491633.10646195617
217388.91744182497	520378.691407325
210905.18825345096	531818.7492836709
215825.56650388596	564960.6434837597
214416.44285748407	545259.029568333
213900.22475954032	544727.7427098982
230389.5657712543	521106.7706925714
199078.44157565405	516037.6880156654
226819.15479954937	508983.68441425764
213941.8639055067	525926.9099749505
208764.75478571173	523942.51722493244
217176.4652215616	535315.3321144364
215770.8225050613	552478.9029600085
213159.22890908446	501020.5767026737
211808.5574038602	514149.929902522
207467.27986619613	525218.8855282062
241245.91735449331	548467.7727321628
211328.70098934672	535732.3155126054
218278.9526320059	520588.42091518815
219330.27915363805	535457.1973189015
227515.56505646568	521096.0299096147
209351.05563954602	525586.3635209354
224046.70272932854	547937.5815719601
214207.11727310013	522893.98126750655
203344.51199467236	526690.6991119215
214598.9915262342	509716.6460644377
213694.13105288596	527709.3197492723
214527.95399741805	532633.5733180228
229715.75534226073	527826.564850012
221403.17442366673	540270.698082105
212525.6151052821	524650.3736898982
220512.07345867692	514553.66249620187
213665.75051160596	517474.489000816
212486.55870256774	549503.478193364
226770.48948199436	536600.6324807294
217681.15850984817	510543.6026457244
217880.34889003664	515731.49201389536
218128.56050553976	530582.354447412
228388.01595626172	590202.5242537907
220518.8722293807	541395.1799856931
218812.624781609	514311.96430949145
218510.1801062344	547062.1524804075
215099.68077170392	518524.870265633
204106.0700860025	535402.5080358933
217502.60629182684	538515.1058579372
213672.6564073591	545427.545260431
212947.8608281421	532120.3450977841
212078.97904427754	510108.19861888525
213475.19533066882	528255.9845758097
206233.70113228928	495517.3417015977
205982.97909112362	512011.5844401786
217689.65451855614	518377.19351526216
219842.6729499958	528017.7574601553
207616.7218619411	510480.5726953575
229969.3621666754	509119.13191143743
225790.55264376145	563933.3665340183
210126.93669474212	513731.7225331667
213643.9565531746	526498.6241898553
211697.55350044434	522271.7052577512
213979.70823718735	531137.7260312582
241437.6222793436	531274.9631930673
209929.36455595098	531497.648453413
213147.8719906602	491307.17635354574
219186.61123908675	556826.9178989499
209825.94564942518	508059.2246878542
214387.14245313138	491769.7981585061
226751.9278533244	519933.9813307711
219890.0648794271	511256.7071960289
211260.83338637234	528679.4282593025
213810.46686748578	505698.5293634417
229255.34604941268	542092.6657313877
219915.63880441186	530549.2173109049
222238.2688603611	523127.81673158373
215745.63498241437	529368.76008409
206039.30199549178	503061.8089209689
216732.78308523446	552812.0775855923
219861.30279032857	533809.8649289677
206322.1468050685	516787.809462273
201486.42248184874	537550.8608213891
220186.1568775349	535733.749870705
203456.0966004507	505111.12668471737
231828.9499095162	539117.9058822833
221494.5339251085	530954.4228336867
204008.28865502757	549797.3864324063
207915.3732450358	508964.791020735
212848.07672720042	534938.0079835679
205883.06300213933	535401.3905772996
228539.76607912304	547452.5397931951
205687.53097843973	515327.09855935763
216385.5373307073	535742.4893470539
216300.47873076214	499616.01996172045
217431.84412482847	528316.5147970928
219688.89689874678	530581.0063129539
202212.12288372984	527027.8002082317
229016.5272392204	525790.0170311311
213482.14128838014	544106.6404204086
216237.8153204015	519707.89360347134
217160.80555299693	519313.25323336205
213020.75134567398	514957.8481344234
217073.98963866138	532341.1791563896
213671.50293003905	516748.11794018885
230644.63215043576	558983.6197421282
214487.8720630937	520910.8883144467
232301.83221160487	522490.5483233832
215190.84580466757	520181.1147175537
212834.36826958053	518335.95111761685
219508.5610109373	509397.13189147564
228494.66167732337	542088.3433919427
211676.76104268694	526719.9208386408
220319.1352809831	522642.98556673294
199494.8296977723	511339.3726502958
213526.0317359932	549044.371627856
214989.59983591147	529229.0869740727
219479.1958421929	540335.9785610694
217397.51683739174	510048.4119904026
210409.19615271452	536290.5545364503
221767.49158522463	530912.9722593813
202652.53681773844	519205.43805765506
222031.62116906175	565462.109414187
222795.11636528862	524769.2315208262
225406.12282331553	582974.1169646565
224243.913937147	519364.9184593307
218155.3446156205	519963.75425921124
228713.33445325913	529614.5856347372
222171.71726359022	533460.3381341032
228002.85340144008	521516.1641166707
222220.36324555665	519087.8540937902
230356.38588941577	540526.4432411403
207265.00662079532	518098.7132724369
208313.280054843	540043.9838506198
211207.3606021307	532055.6436454661
213214.7939149845	543803.627246134
210998.943530113	504056.3878038245
231253.98652877533	514851.56432881224
217221.62580513157	533818.3369627005
232916.25752001622	528218.2665097206
217529.67894933932	527644.2602523047
234163.01361135006	547998.6332236781
215956.95412412012	557816.0323876252
212866.95521492412	496597.8823438386
208557.4110050501	533393.0686326546
218993.06040199124	539740.6496340444
218832.5267071125	524931.7482192967
216922.23729612847	559867.320796013
214432.63905665075	523335.99172658205
228225.05097430167	553661.128932694
210459.87111339724	529582.6938434432
209898.95604603176	499917.3902620789
215533.18445438577	539423.6718863863
209909.79287533648	530314.8254183044
214390.5526565875	520534.06636361923
214890.60538776364	516334.82486670953
215828.13687475002	516144.92567026394
211857.91665967467	530281.9874675907
207724.76814006534	520972.6015067518
209794.68916439606	530615.8483461045
216767.61540700326	530414.6321516893
213386.95826070168	532963.8354727537
221038.0695615962	521621.95794365683
217518.50667362387	533371.2518399236
205820.37089675752	536354.1876864543
208423.6477291176	528351.3992201186
213496.65453895542	532182.0252670618
221050.39342479425	522230.8693158875
210549.7946516077	539403.6614599854
223454.6769479601	522537.90763738647
217192.2933824158	521254.8247019779
212958.80832268088	531543.707848548
219309.52062998165	535304.1262716858
220288.56044393982	510565.50050050986
200291.14961177442	528499.4789065986
217356.86184866348	539003.5339520571
219307.94451101255	531140.8015522673
215667.848819112	531540.1508369833
216159.86443182372	527267.6429642077
218065.20797028072	514065.5137982223
212853.77450598867	545531.3628399296
225889.4335998645	512437.04266288225
218613.51003624685	556591.3165223326
223889.92339363537	538178.7385166576
238058.92415733606	516774.52163850603
212495.5563849861	524805.7823620068
218933.90632812202	493810.25043590553
228680.75879228662	552353.4858916067
200251.24977867777	529208.9021190704
217004.82218231334	532579.8589888224
222007.78075707896	511841.5246883767
218277.66984804714	531562.9102764598
220364.79519218384	526526.208892074
223659.21415257943	523801.80268744344
228373.84434027603	529609.6013576754
210071.574793174	523203.3164612703
213201.20430381558	546545.9345247294
212028.1839402217	521445.9678836726
214187.77981073936	523221.68239949597
229803.6845680208	529838.3937324804
211234.54688944828	530268.2163441424
213226.61596840952	557141.6860436758
230105.6468835353	534117.6588500341
207248.4918609168	512942.5509868113
223362.20337556617	538141.4183362765
213117.51872262033	505422.43915550504
214691.01533224253	528294.5055763355
222824.25951681257	534225.4743711744
213212.31542866456	523465.58246201294
219513.2523061157	531214.3845703742
218489.76949391235	540807.0142308476
202836.61097654764	524126.74889343785
226631.79670349119	541248.0847482343
208696.41684784065	501266.1130452885
207873.9411578852	492305.03944752243
226893.8007506288	535676.0379143399
206982.90635133648	522820.92553922127
221404.42102615407	517174.0036727786
214398.68392215198	548945.4944752714
208994.8699740929	504365.0761310011
206332.0813908366	550348.6127964006
207365.3864403832	513969.30737475544
210707.67619591585	520902.3395037408
213520.59228723464	536043.6758802944
216416.03548102826	501129.5252669537
210989.62017219354	530115.0825646298
216216.9079924621	495699.8313218348
212175.32562690877	535838.576316596
223435.97938449035	543802.5918789937
206805.84801856568	513685.1008628889
210384.70371970622	529138.2970358649
215760.39484439426	529070.6372023543
222896.5426143309	532973.5363484481
218177.5893308288	520824.30437374534
216422.4382723606	502860.44190638454
207738.4304960926	516931.3490005215
233114.13207598578	531051.6178338731
214527.91583756372	514524.2509417181
228231.6393304157	523101.48918183555
221112.55947895691	534024.2057477885
217653.33303117525	569662.5896476277
216397.95554776728	555449.6928884902
219384.73639390225	530645.4158183497
215740.654277125	516329.4618324818
215833.28429156958	549588.1707231773
224272.89262289056	514645.6840238716
219460.05431676755	522651.59412047017
206259.77091820212	497189.73808620626
222371.34912980633	526849.4714509588
216961.5641084161	511879.42278140376
227068.21867734543	564183.5624676106
214605.1385882502	545647.3537520503
212261.69049441253	514339.5020508701
215140.21416191274	551733.2144782515
220598.49742110318	541666.9354404986
225874.79347799637	517131.89796443656
226334.1894189265	555396.8443732337
219424.1110551341	531079.0667787776
209865.9469667236	525519.6598279828
208235.65861175145	528502.6876606607
216524.7976180447	525658.1012668273
223978.75146409354	543486.0029284356
223274.1912110292	538966.9173279693
220783.76008825796	515756.310396734
208101.58048888043	518627.72785721987
215697.62608323694	537650.6606145725
223773.93108457763	518923.2025689895
225118.79437950233	537834.0317227457
210013.97790133033	528809.4649400408
209968.1083128352	514335.868006933
219437.48296718614	509848.09861390723
204464.51071920528	520343.5922140385
222093.95502210828	541703.3794130372
217557.72827478778	564317.9756590021
213809.0032982491	543404.9145296814
203423.46408096925	520598.08093244804
210191.42493141	508329.7147838647
204309.56931399507	520941.16611383244
206476.37434635372	536709.051566413
216552.62043035243	529408.6669110623
228062.0468864058	548812.1566388484
220147.3831509357	534157.0976023341
223555.23619143074	522927.6431155411
229220.0676120561	518729.62055464246
211991.92041310226	520027.6519764869
222236.07433933843	529644.6544711073
212544.66248088097	539106.7876682145
205179.12494270157	518312.18935253524
219043.62570774276	538109.5316220568
214047.48520766193	531364.7286253613
217450.80674211239	521782.27381076047
209110.94658006483	512637.23504526936
203675.74091950915	567359.943824078
224353.24958246958	513978.7668426519
222324.9110240142	500861.711057475
216785.00740900688	560920.5475314015
200810.90607428813	507997.16094012384
222130.8683250437	550312.7726996592
228036.5989424408	533726.7156121028
208951.41273580893	524652.5622563175
215128.6560341767	521971.8793353961
210195.86498315877	502149.2696117896
228171.12822319247	544897.8732092826
208739.6451772384	548423.0489500347
226100.2786550409	539590.0462905404
229562.70168889622	529617.2961020817
214125.28041079547	554550.2719108039
213526.37247547292	524773.4125264123
223244.20606243383	546966.4539092436
209402.8452753455	537333.7748616321
215161.69758710646	521070.2754830861
213495.73469803756	482766.3302746789
208789.84544465516	530166.7752427164
213794.37445087242	503322.31973672996
206882.14749461826	507090.04294080543
227260.6599649421	554729.3231726313
224066.5874268401	515487.05831265973
215379.93035978003	541125.187363985
227581.73970222293	537008.3863428598
219538.11991915765	533176.6582463437
214836.68069653376	540052.8641700216
210091.75156052934	511702.897155817
232251.2364105749	520309.67388671334
236706.8447316733	546289.7238912246
215809.40575102918	526877.0385005465
218510.5350846698	505132.74188356387
216122.4239992575	530664.8352765692
202707.34891704947	493532.77441444993
222884.5656066406	519867.3911986451
230334.9178276669	532424.0951222505
210355.04848978095	555144.629830048
215627.11814320576	540281.582964259
218545.521887713	503884.7603211175
212373.01354699125	524561.3187866916
216969.51927562652	527325.0383756203
219510.29017927498	536991.9545066612
216015.11434889183	545936.8492751337
220232.81734840103	505791.0958395193
231985.31186382816	525933.1265670452
217325.65468350914	521321.4146130382
207656.285544379	502595.2047434829
217689.57080834094	535217.4584716783
203260.98587320137	521358.63570793805
211300.84325184062	505245.67818527715
212558.5795411455	525731.5730251266
221313.5135054483	550875.763524479
219389.63935611406	521633.11564423173
213368.87844249723	532638.2732236756
208378.83940603992	506942.9395812956
212180.1555444978	537138.7897171238
219489.5346347291	540252.9669388807
204539.03619452176	533234.6859036884
221060.42999707683	534458.0520641682
206209.16970299938	515960.33825505595
216973.52969547536	529560.2617208939
215915.295056705	537192.4936870642
212335.76503388394	527592.0124023021
213303.04981966747	515827.2498748249
217376.46929410577	528359.0176721462
228382.6786499453	563554.8902704149
213393.74609845283	513306.3530075451
218864.8820122335	546534.3895371305
238192.56904266195	554615.6715591443
212302.4714504228	525867.2220656237
215182.7347746319	511017.54775611317
219807.9227722409	524465.2555295236
219398.59638429506	551953.0974485539
227320.09830118695	515341.2612476728
219196.79096826224	532094.4853695859
222288.2308218034	538539.1144142644
211463.102755301	539589.2786363717
216782.96478109906	528992.4768291006
217976.47019046167	522306.57156991086
235506.6890203925	548317.8235427698
204555.0113043987	517884.71903202066
218334.77391088058	530795.5333888718
225582.80148863903	513402.90695605415
210086.4471564949	514613.1910335866
229933.3023520272	516067.913331312
207956.51316416668	520230.33729525947
211948.95206096987	523452.80946246185
202648.15448501863	518520.60307465255
233646.52677821578	549292.9960976726
214289.909844845	521314.5298758755
218160.26457906805	535246.1719023692
200849.15868847753	519850.2953760723
208143.48187974002	512661.95101261575
213972.03179028793	513524.6608306981
222914.47054534982	532873.6378714687
221419.4702022014	511884.2144170989
214546.3829961054	516437.54837206734
212942.24265606067	523121.7052057142
214510.2593896211	539405.1061011301
205775.06008449488	516900.6914602977
214351.02531113033	531037.6603598731
211178.15588310536	507178.9713681977
202463.2173880188	523109.48845906387
206465.6737177812	540447.1519291073
205391.77172799624	504664.6588248918
218314.2901570177	505402.6787168154
224875.2956423388	531170.0600886748
220788.1254596051	520978.13564185146
208253.12825136934	528980.1563084701
214137.96438236552	533210.0532810051
207346.36804871782	506928.1252032934
212120.11776785084	531566.516370436
216826.89415545913	530359.8692564565
222009.21262564894	516187.02130636317
234739.51496228046	531977.1851611075
215016.7959165756	552327.2462102688
199589.27393473114	495712.84314158326
213351.77562170537	525636.296069181
205144.66062663333	517195.95937769965
211901.56270413107	514152.64855633804
209581.28596337806	516083.79501044983
219541.89480819504	518252.9971249667
213578.1204422354	524339.405140006
219253.60793587228	559678.6644549982
212303.85446581114	532072.271870125
222071.54019074596	547979.3020702333
224628.55895596708	530955.4830391054
209713.89154211758	526246.3286183731
221869.76787341974	523800.58879810944
205519.3311501134	516793.5806200593
223449.68148129928	503691.4745761018
223586.6296745973	531121.040093523
215942.9924585404	522027.3927382621
202198.0681031518	533513.9179505248
212883.22920590756	521558.6477115692
215130.7002218839	515840.8187283904
226624.32877692173	529868.3691996534
205683.59045054408	500451.2148320316
210692.19755660373	553256.7425945008
215507.6047447856	507537.0286912237
211822.07738211576	507590.63052421826
214186.0769719003	525029.8531814431
209323.77704740455	521407.47472170496
211875.58072257138	534289.8974366516
226402.56351855333	493930.0854067718
204329.29362844687	510428.07649507996
204684.42986555453	540343.8942533499
