1899.7112711605673
1903.9203522140538
1900.6635085247908
1904.817544869964
1899.753818503199
1904.1732722148827
1897.9375959339543
1890.078577309947
1908.7687126408127
1901.7463971185236
1899.728491557688
1895.5988199214148
1897.667229743686
1895.7686381520373
1887.9649165214616
1891.500423109397
1891.3883858599975
1891.8792757691272
1896.0625740619148
1898.1678418073798
1900.2685993060481
1889.9772174891946
1901.2644408294361
1906.5149988198164
1897.0501208796265
1904.0593487125525
1901.5573918392197
1898.929001978014
1905.415861806661
1914.0287452374516
1910.1924285882053
1904.2905391862898
1898.6883269497905
1908.2930111196315
1896.0937535536727
1895.122790744751
1897.5225264314472
1900.6420268944808
1890.7598652528004
1898.049648463796
1900.9053079535638
1904.8784989115682
1905.230553211104
1905.2459406798025
1897.0525512788536
1899.7267408056473
1914.7200916921215
1908.7873692611413
1905.039517395233
1896.6203873894558
1897.248967534416
1886.0089100207329
1901.1757663371345
1897.5186445538393
1903.0498657522603
1895.3609900252673
1900.2021146788356
1900.375030841065
1910.2725911505468
1893.291557858393
1892.9800728018124
1896.8466074668654
1906.8538824639077
1904.461995963486
1897.964012195328
1897.674089177764
1892.3331100205944
1897.8554918007717
1898.2785486409948
1896.7497720763258
1894.3817836996795
1905.2097421845947
1897.372517989184
1886.8898984996702
1885.6168629624067
1897.396946798362
1882.5473108683248
1895.421583132004
1902.3146714399277
1907.8379377931728
1895.9543014160506
1899.7213039897529
1896.1500546051875
1902.9648892915197
1902.0722576457492
1909.4093934749571
1896.0093882448546
1898.7587728776
1900.398206270632
1896.9696753217354
1904.2033792103057
1896.101234159968
1899.8357842500868
1901.9661746400707
1906.4677851452504
1900.3425638602607
1888.1114760861753
1882.3923352171407
1894.8825708611696
1898.132182835389
1903.3698104064183
1908.1697048945766
1895.4880253822457
1899.2739610873978
1898.4997100663363
1895.5623596214882
1892.74358667253
1898.6448054823936
1913.0228855542236
1888.9861056521147
1893.952710778929
1900.2721952175789
1893.5661595300585
1898.943770115241
1894.2048179059148
1905.791733514195
1896.2493806676964
1904.718917082089
1912.616131245571
1897.2512123248118
1896.4984919785165
1894.4012613819918
1899.2301852676055
1898.4079767863884
1906.667289949689
1902.7213470498214
1893.2007787723323
1893.9886717516888
1897.816167853089
1914.0373504052052
1897.226355150441
1896.3737628908996
1898.4522207070045
1904.6165403190107
1909.8650167555866
1909.8654031090068
1897.1218024041489
1908.9775030981548
1905.5728441827055
1901.7857913103708
1895.654982333283
1894.727987071442
1897.914608385742
1899.00732995302
1904.2619814532168
1899.4951379959232
1907.9749840188554
1894.4732651711035
1891.6473566839963
1895.4267222829835
1895.2185179118667
1899.913447713181
1898.4860829178738
1901.0809066209695
1900.5831224838862
1898.8417006120258
1897.3658471078575
1908.2505270984161
1899.163217051891
1890.6978859880874
1903.3378140650575
1903.4872898369645
1897.5868277700047
1881.539099852967
1895.9871502013593
1903.4445741032316
1909.643005366143
1889.653564512942
1902.3683297945092
1894.888255462056
1900.0501321900538
1902.1538513693517
1897.1032314734148
1895.3906789973812
1898.8590387215704
1898.9822755565397
1907.7933273620743
1906.9914940017536
1900.9690330151807
1902.1479503767634
1902.4905029887573
1895.0651150262433
1910.2896331553254
1900.626252475483
1906.1585238965995
1898.73621115091
1898.0368840485555
1906.6790425422498
1897.6078876010022
1905.6971491196603
1905.1406353286225
1896.3303856381037
1893.9905701987398
1897.3845181724114
1902.222720846782
1895.898509517911
1905.4308338904095
1891.8860911593163
1918.166881685167
1910.3595330709297
1909.0427638959961
1894.1688187626423
1898.6854547890766
1898.8477096102204
1902.2692640338466
1902.658517257091
1904.2610387530015
1892.9832871205526
1885.0926716593297
1899.7618945370746
1904.261445886988
1905.8398716715774
1889.1795312544432
1902.8016972774335
1896.1187525535906
1903.8289187936882
1888.4377985286455
1893.8110967843836
1880.6160190954834
1903.4455823204798
1897.1457514334702
1898.4958880593877
1905.0818076517107
1904.841482929186
1897.805474006021
1902.664763663946
1897.9060683670823
1894.5209625609455
1898.9142087076634
1904.6936913664213
1902.569240333541
1907.7857606834655
1906.4304738873293
1902.1254892198235
1888.9758741165788
1883.6868885449394
1905.4247036353122
1914.9455544335065
1892.5275635318308
1893.7418554874944
1893.3727937388926
1894.6440171122654
1896.9951704923787
1890.2554372611514
1896.935128217803
1903.2304405013733
1903.4073631599304
1893.8435655433195
1895.5116086843923
1906.160568923329
1900.1151349194688
1893.6000001857878
1904.1019403364526
1892.589330329789
1892.975285207574
1904.0445373884368
1892.3881561729922
1903.4437591623891
1909.637887009521
1903.236736533813
1906.7237902480795
1897.9199161478932
1899.1268935414382
1896.5434785607613
1907.4383921560461
1899.6531685790605
1893.7056696065429
1897.5194160362557
1900.4171185834964
1896.7768618651846
1908.7435157616942
1894.7467301466086
1901.2666038645502
1894.377022942208
1901.9878225883572
1893.5588715909566
1894.5315230703013
1897.586584899439
1901.3889024450905
1893.2758345732477
1893.6615434049081
1889.7411786777502
1896.4155093510635
1901.2303545582997
1898.0010573007548
1897.5853521412319
1894.5710045837252
1893.27982474656
1894.5722725192957
1888.7369014222327
1898.9758648338316
1892.6968373813233
1901.900437119125
1896.262049056341
1888.6591291190402
1900.7348759047436
1895.945061042993
1909.2288509889104
1892.6087803040516
1900.2105822700773
1895.2129930719084
1904.0207367762837
1892.3112452582977
1909.599361522145
1891.328636104493
1903.7844565415253
1897.5318071781737
1893.7968487438848
1903.7962356824926
1906.3870647221227
1907.2585789826376
1897.2263322920353
1895.4366419012651
1897.8524095892044
1897.3465913164148
1899.166251709409
1905.4882628272346
1891.3758212202101
1891.0799493777004
1903.0216091456755
1906.7859802251583
1894.1327434688799
1898.1658744116387
1898.4988659344326
1893.0996600938897
1900.4283584346758
1921.1389338469623
1890.487874060321
1888.8535406221513
1906.2227048531945
1896.0101479446646
1906.187576167938
1905.255427545992
1904.0042188974921
1908.1442419603513
1900.5598365666715
1915.8908402076254
1894.7367218748432
1896.3627667455708
1907.1398677709494
1903.2510303735864
1907.2637075880411
1904.703841082675
1909.162323377403
1907.28371176816
1896.229621662946
1893.8686489164734
1901.0540383398366
1892.3636307111137
1905.0362996362742
1900.53359708683
1899.1863441624018
1893.5703355846902
1905.761012907179
1906.4738446735482
1894.3940459830364
1898.738474687777
1900.6537310917593
1897.480965951131
1890.7168086622983
1893.2859142458628
1902.432464498046
1901.4974840075377
1893.6480402601785
1884.7249423932574
1899.4238042646357
1895.516145005257
1907.4345556113701
1910.5798456679618
1909.4543401255892
1895.7471074963792
1894.0190608859298
1905.5038975048642
1896.0609571558853
1912.7164858700605
1901.0515060902512
1902.6040567647783
1905.1156478910907
1894.532398498169
1899.8521462811127
1903.886049258355
1898.194826958845
1921.766744271254
1901.6834943090385
1905.6763793306193
1897.177933269354
1896.2737462006553
1892.2105621006458
1907.2646836156894
1892.7634989265066
1897.0189875665599
1898.756358995349
1900.5406257369095
1892.7428063802286
1897.5564414636597
1894.5097841644529
1907.622126758828
1910.1540862322618
1891.7771139249617
1900.0848047030877
1902.0763309770746
1897.3163569114972
1893.4476960700745
1895.310725185465
1892.4491148923316
1899.6105255497002
1895.6224406576869
1897.3213105757604
1896.1353372078474
1898.801155813237
1893.7148313023504
1906.448298788685
1903.205230282942
1900.2561263636917
1913.9054232048952
1893.3624514504263
1892.118584177745
1894.2832833263476
1894.0711263563562
1903.8458119333575
1892.3655390367458
1902.6154992735228
1912.0385734557062
1889.1201062315727
1912.8057354846392
1902.4431895789535
1900.7435769885476
1893.398154374709
1902.0580005982135
1886.5389627865982
1901.862597549792
1906.8893114768962
1900.3988473374893
1892.795523305515
1898.5475493785925
1892.4919505401865
1891.812154954584
1895.6703709392175
1896.3914646351154
1889.8195676164974
1910.452234882936
1897.1966609007225
1890.8413491833503
1904.7440589584544
1892.2799892084336
1897.8712953856812
1908.1803616067682
1900.060336625183
1907.7902548412726
1897.1517324823308
1903.324294376588
1895.1073039760424
1889.8448408857703
1897.9672636180767
1910.6059239018382
1902.9398808195788
1898.85370129669
1897.6423225620888
1902.6043721239264
1895.3740560885487
1898.041862791808
1909.4881343003053
1910.7486370041656
1895.1362411602386
1893.7092120003595
1903.7470405246513
1924.0921881068982
1894.8869557965327
1897.3983033125883
1899.1797006737793
1907.7397059347336
1893.9499414458023
1896.0950992725955
1895.7539932675306
1899.3742205975577
1898.6345844568864
1890.29089345771
1896.195300778741
1888.6318966394638
1895.0182490377551
1907.051690947469
1889.8940468761195
1891.4758841364915
1894.5445032957816
1903.9108431238499
1889.1177355989457
1896.0924639376644
1897.0136532472704
1892.7346455198117
1894.7514854405981
1888.1313313835778
1893.8388551720673
1905.3188530518082
1891.577935187514
1890.3621392285438
1903.6370657342336
1894.5131274300256
1893.9294839112276
1896.5583844500222
1899.2482004839821
