295505.8078383544	702955.2758927078
290551.1831460298	724932.3475506075
293851.99422757875	719902.423032444
288391.0566112689	718337.6052346253
299283.7426682146	698133.1002310829
294312.5824418782	738169.0042050546
301731.81446428143	722513.1245069379
291193.48324252677	718223.9275645176
297474.92101147247	723601.15053042
299070.94130491134	748432.4141690533
298846.8576258498	731211.2534370681
293083.28172338917	723620.6711309082
299448.7364387384	718459.8064234917
287261.39847837563	710931.8301215747
283397.42411143467	705202.9448284528
276334.071042582	712613.9997803387
280262.1236933338	686546.3830794145
299326.47022197774	721384.0428348032
290736.1548723765	738798.5427616863
292941.928423799	718079.3944806866
283232.01576443674	724762.1627442649
298783.81059263006	689029.1174542117
292509.7925023701	711009.0019844963
297489.88171534723	701375.2249211209
286374.55353240145	692368.1450360925
306799.07516043214	763266.4983948829
307439.822021236	705621.6771382804
296585.4848390455	714009.6408138575
302547.3288334461	716894.0296607503
298182.91801801807	733405.1311465491
292493.13615903887	705001.1335082899
298557.15355144383	728781.6545251615
290939.9984765636	723610.3314507797
296178.4010528266	709879.0761736736
297207.93351823604	717597.6323842274
298428.6291995053	737859.3841424852
284156.71835341066	734415.8424754202
297747.57287406456	719172.1971957145
288268.55526864954	729997.704716736
292531.7379915888	720396.1041833826
295119.8354191212	702138.9275541838
294700.4241442148	718098.8414230203
296767.7718159289	720674.1363470773
292383.1878841226	715674.1147876396
297879.399586076	714794.6927304462
301858.9749807103	701244.7633839517
296792.94270138885	700787.2272889083
300437.13852406386	706349.6147376465
300264.034398393	733982.2541592626
299404.0740856356	732250.2921125403
294367.9418803933	717478.2194870454
293737.3875854828	689958.7240888266
297785.13294394873	724358.5117594716
295504.44144451246	723279.3537117713
301347.1297995745	735276.2753936454
289660.2748659115	722609.8352186183
296962.208262969	715220.8377440808
297851.32760269335	725150.5630674855
289063.22165627073	709252.4277627787
295583.14885110856	715602.9897941173
298066.01203271735	715353.5323650945
298891.3986321994	709878.3623822079
297117.73680991615	715310.3943434439
297776.1723928774	694372.6958514599
292765.71219061414	724615.3227724324
290745.49807124387	711856.8420741471
294264.5273782562	736916.0401893078
293536.15619618323	742266.3965921662
296900.25081729016	725993.2055644763
297946.4305374692	694764.3661109821
283678.61309625115	711915.0287286119
298397.0032565042	705150.0294869731
295808.9457721831	722377.1212225014
293078.7375954698	725170.07186739
285503.3024212055	719572.3389014589
299581.0370619716	751796.5622269438
292491.4969246835	697584.7679323932
288295.72287606634	708244.346115234
287688.34404601343	706819.9543511113
296649.2694592171	719118.6393573197
290624.71923633403	720539.2730805937
298984.39017475495	717839.7237582881
296444.7607690268	721757.5466080894
295272.56745462806	704987.8438868116
289557.2858794684	704877.2839981056
300290.7952719819	733055.9655298046
293632.036936415	723296.5323652858
285603.11164381704	700965.582215135
295041.2469782373	706359.1358091129
296540.89846145414	716005.6742036158
297269.30753084575	720490.5027332061
296298.4010625874	688471.3934759097
292878.7633816085	724070.3240155211
299445.6799658545	718472.3135383767
290334.7482519466	718799.1428313983
288523.2413577235	691179.3065542837
294914.1190614175	709788.2413545032
301948.85692175454	715313.1624128969
298571.0802212624	716399.205552531
297422.05963076826	727738.1104639485
288356.30091652565	728863.4098949528
292511.9193283317	730384.2066255268
287184.43879136676	707147.0473223897
297473.3601331464	706328.989951574
298244.5911277797	734021.2010219474
301305.6133244951	706870.8826045368
281997.9494500359	721211.7857406894
299685.8066034848	722209.2894720765
297712.0051082051	729345.809732006
293199.63364809536	728315.8667882893
287341.11903329205	711349.1899028235
287878.47162347066	724659.2328880504
282814.91998070024	701908.7549989366
282622.690586511	705529.6105826
298300.7357438855	716133.5588285414
295168.3721182904	723528.3816455677
293409.9988106879	700956.4271435868
300415.6986170385	694453.0625328824
305318.02524600027	736409.1004082651
286220.08396145055	703853.7870904577
295124.69256379805	707022.0237768563
291137.9463930182	728995.0303754783
294061.91328523296	728782.9462078621
308999.5043698818	726901.1495141143
293766.23202896846	718425.1367377838
296048.87744960934	706390.2580329559
296132.4430444692	750070.7150082192
290422.900510311	701043.0490079034
295003.989005205	695127.9191101142
295948.9099458574	682069.598874294
293028.10685003246	728527.0309329438
291581.81097875186	729399.0681395209
287279.30896530324	707368.7716640362
303793.2946522046	728510.5130629614
295726.5080959387	714790.4665960183
303573.33856852463	706162.949440868
293147.72900074994	720393.9388035047
287351.1466524485	712540.239123256
293055.91150500684	723969.1449550197
301680.45267609274	733161.6487335173
291166.6963750467	704658.1260471706
283799.61604399164	722105.809722505
297485.47916663653	728938.9805612566
289214.95020350546	694424.2749055618
310008.0284709572	725272.1111285174
291045.6083535112	723099.6833390724
290041.29212414485	735086.5459006375
296179.0908451834	689284.7283141119
293877.57947202446	719059.8232249714
289430.3722623481	723245.4406310638
300891.9829263516	720170.0817553272
286934.43818329106	723353.3666977342
284285.9378662128	726147.8569043537
298032.8934854369	689779.0317115819
300665.99459196534	735829.8518732727
298760.0274233781	719197.2568564184
283100.2946136592	712077.5462999733
294543.62107695476	709883.6662365276
293439.5756014276	729315.5473886637
294513.7266532223	723859.0288545694
297280.68453449174	715001.4194257627
289361.62968690554	706492.4134099622
293628.3803996751	711381.1922236026
299138.2185974476	716746.4250153636
296852.466648755	728551.5873456132
298750.20195809205	714585.7834269211
303717.23326725536	716096.0491016291
293195.5080070498	714853.702042357
293305.5978459825	716162.4396659058
297013.5647165021	699965.8336207912
308719.0492589867	736979.7883738125
284915.49008550966	717740.1991518632
305565.1372005772	709954.9745614443
290212.9132280464	722808.7034629934
292871.3456518835	754130.4585142727
287553.6628500582	720667.0981378532
297530.8400961928	733353.4581118141
298808.03344103985	735518.1164629199
289087.4298979199	727211.6168766839
302036.8814668201	724571.1180148779
282051.78407191404	719004.5974918338
298750.2114092123	740939.4343785167
298543.0625814559	720250.1418774168
295082.4706871222	744958.1543046698
295154.7183214951	729603.2268361151
295344.6542745285	717958.0904979829
298574.4674014147	731340.6507996434
290528.091538472	740761.2118161663
298586.1033325023	700319.5742888034
291685.5728511622	708265.937155815
295896.1679928736	733418.5204384585
293636.1530333222	722900.1134548953
287312.39397754334	731700.6503348153
292794.90950254904	715199.9103846936
294435.05878606683	732721.703356375
290458.53928168595	694394.5285299007
292506.69214786217	706601.6650535024
300903.7401787997	708750.9497802944
298167.1012139191	711869.0410747407
291170.4796183525	728329.8887903829
301122.6654639947	725969.6979766241
298664.13644591445	718470.3321264703
295229.8059006523	692879.7138430348
290414.18005839555	726196.87382216
299622.20673470054	733770.2375650062
290140.60568229534	733501.7290676666
295567.5622369973	717710.2218184422
285574.5887847864	709134.7215011809
301833.40682518936	729293.6905929192
289670.1083778512	735331.8689358893
291218.3841823475	700569.9723797366
296792.30143693846	724054.5418100749
293396.97716414084	724237.2703062964
296065.36151218007	710802.83030664
289107.6937134922	712349.6821754077
299655.693300932	702426.1740455768
291780.1133505234	715549.6610284001
286600.98585861933	721636.7547990807
289833.397732649	733039.1351231288
299958.1174466283	717930.5788388411
286795.0412938319	713447.5069632524
303369.8100843424	706813.8942788383
287219.1046646058	710330.0453847026
289722.5476535205	738458.8423376987
285819.97163631325	726943.2122418813
300501.3884797576	739138.9247093457
288781.32989490806	707669.9074774837
294904.87815658713	726820.614635245
292316.85172129085	714849.4027248491
301571.92443946603	737537.0742941224
287182.08064175106	703332.5392483148
299102.4521092604	717775.0332121294
290189.8891944569	696972.176552281
286935.960376637	717132.2367763637
296616.9006318011	721663.7652076712
295024.3393965834	734155.853551191
300125.49338774884	726586.8210806032
296906.1460844843	716988.2236299173
293039.6670340298	715647.8158890628
294492.5651000929	747200.0568948637
295777.44549434376	717957.7717427628
292293.3813528868	727296.5520311457
290986.7124351959	728209.4007770233
304148.9710836126	733195.7354931585
287662.8638694314	718968.606686235
297105.3619081105	711927.1089870174
299057.8296284389	727742.7145460645
287999.1742839044	719116.3183950331
297022.7673903212	718641.9027835616
304716.6058180195	703744.4261973548
287989.73180879676	726967.9979770523
302539.57848276256	724985.1971191305
294372.1580041179	715592.6121107101
301304.6057555502	733834.1016478818
293527.3580167615	712820.4139219779
296898.3040927472	738980.9106146595
294109.8761445713	720426.0569851259
295822.11414692074	707340.6116566305
296277.72760398645	734531.674886055
293888.538383656	732483.2327132993
286665.6686386862	720953.1852734501
302735.0686977938	746537.4916255896
284505.34523821727	703257.9963348797
304434.01487085654	736344.6593585981
290801.33682887274	710240.8082453687
291952.7158555125	707611.9595773243
291754.2698034541	709941.3648952062
290258.16923944175	729478.8685886755
294467.60626765445	736750.1152324997
293173.9475479434	716271.5704962596
287860.99906062684	715257.444480691
308334.64967040473	734649.7352625041
286825.17421815975	703501.6289688206
292969.3014498196	690338.6733260993
301622.5195706134	713920.2169047111
286028.9379335828	695683.335125764
295758.9734194469	713099.61960623
292569.32694522035	716985.8135416682
287212.07302793604	705312.7581745647
283624.99131840805	718961.9884807599
287056.5101990693	723781.8248053796
293882.5877219536	712559.1818946995
296714.79589549184	732224.5570654669
294772.7389717626	720379.1624509029
285843.76802559773	713082.7054407427
294415.2706495278	702241.483431394
301411.2197366862	722789.2730674904
298122.58370457205	723631.5333623859
290722.2193036962	709890.2900367535
291165.3266818386	715568.8514534275
297533.0203328768	710847.3090311267
296494.944267269	735000.9661625826
300837.30489253695	734273.786799625
295547.9903672845	705199.8972254538
291096.32959236513	710158.745235305
302735.9212579876	730650.097838667
295094.945538116	727657.7201788133
300694.2696661774	740338.7542204406
299122.90289428463	723567.6712721762
291014.61627589236	723430.8301623955
290846.636925461	730063.8065491032
296859.32310153963	723687.2251751177
293029.31870991655	695573.5680816796
291190.6932038443	738254.5754060152
292550.8762981682	707990.5025377348
299906.80215559015	724059.9198706389
292579.27524622437	708297.1943905633
294710.24413722917	703209.5067319489
294304.9234369679	725515.0370623411
300879.0651502878	752803.5016080511
288719.5203150327	723900.6845502764
293093.3741872044	697993.5131800728
292211.5850179447	726197.4478174939
295351.33891666256	716958.51412143
299727.2605219749	698744.1907166736
300291.91742940596	722715.9857124236
289057.84625159967	719901.1636286924
292923.4378684473	706131.9185640116
300620.47955006815	717305.6548257214
292178.3722791012	710054.756964445
296469.4629250069	724770.1155693945
301053.09984156565	719756.1062336575
290849.6303866092	707620.1645283571
296732.4977941695	732415.6264692734
299060.3850784275	731252.5382931439
296483.671301383	721247.0639983453
300358.2893013635	732210.0133886499
294217.19334507117	742052.186362268
293799.17837708245	701163.6123292027
297834.6251218344	703228.3206485913
282531.73537668143	708074.6159753453
299049.13017240365	730815.2857612665
292945.2065719293	743494.210130379
290607.0296122865	730319.1946057155
292350.48161622894	734252.670552522
295112.87354806886	704005.8685065225
294080.3127864743	719633.1632769597
289648.2228961071	721364.778046654
294473.0104506828	714083.9034328081
300565.7936380042	727826.4355886837
292235.6515542453	691960.259611652
297438.15513752383	722974.8736871894
308540.1911841009	724416.1890001647
297892.11287873087	728407.011018622
295698.4382251615	726933.8257443967
289165.70496927295	706433.4841983764
290747.6507406807	704874.1794869046
295476.81654648075	724376.3027533678
289318.19454422063	701075.0263860093
294641.67271307495	719075.5846472466
296573.92604378454	739999.3496325256
282687.44860523543	743748.8543702245
299354.70470412716	709193.4107354974
299742.8321079237	708316.4210163471
292394.21903151635	738506.1052737166
289449.39262837503	719309.6023117314
281113.29174269293	735732.1813992566
291992.0043132606	710984.3499564808
293521.18984591914	741756.0113624788
285288.7457561957	701215.1898793153
290733.0603506317	710679.4291469015
294474.9183226077	725967.5415512167
291407.80170826096	721157.559251284
298678.38736252015	712030.6900055626
293307.2363883125	704219.9514494514
289828.5413791278	764727.840057658
293752.41600983706	727384.708644303
298480.0772070425	734292.6641818371
290496.5735544248	723203.5500743394
297639.24588379054	728243.3354141437
295658.8043203081	692448.1246245825
291180.1761309748	727041.5449914265
294551.97437278833	714471.9239623701
287355.29574283387	692357.6809849357
300069.21947999584	729698.12502947
296655.9557016713	718566.4041007014
290659.98877757165	729462.885940748
299253.7680855313	717468.9362495525
300973.0164049927	722374.6603817758
299231.4252022435	714861.3805102156
287586.76759690384	710692.271739762
302071.3259774853	717319.9144783735
300773.0030105252	723747.616916764
294358.8366401365	712267.6764970226
289177.5924028036	707698.1795602055
300173.25184902275	728001.2402528923
290634.21512646996	708617.9860313397
289724.31218272954	719870.358593958
301535.38267110323	720218.0841974651
296642.23521002056	736523.0790232922
296350.95915107406	735550.0590417826
292993.19593811524	680165.612203327
292849.357340773	728940.1153521761
290831.70796543005	709540.0655856996
298423.3319491424	724270.3376807198
293051.04639339284	710203.3877786704
300185.61667195114	711718.0728946854
298314.4053813645	715929.8374846517
299843.465433959	708547.0416040397
286105.7494925171	710596.2439924866
296435.7147714221	708809.7682827734
285648.7500091386	724139.923717269
293031.15290150425	714463.7624236769
282710.13501664123	715799.1682294719
298148.3955814675	735984.355891496
297900.1496243881	727602.393707873
292799.907977873	719668.203273708
293123.85535512614	695499.0105008488
291863.937623374	729505.9439041195
289062.99818241794	719360.2268280984
287693.45700029674	720481.0309603901
296460.54420024954	722596.3883575075
287665.8502873592	707585.8185450269
293801.22925933346	719592.830855479
293352.4589722821	738438.9635911915
293800.55406342796	723408.1422901336
295199.01985168736	722246.082078805
297910.97640538646	719003.6400014712
298242.24929188023	742138.1652226511
288262.1741154969	718756.3824767526
299632.17107869015	722785.5702389419
302173.1994103552	741110.4394751809
292761.0771148226	731996.7524533542
298733.4700566591	715099.5226387521
292288.26305429684	720743.5496413402
298732.47886461846	735363.1052505057
295201.9897209891	701526.6460816908
290801.0693360773	732019.1284653032
295369.3291448091	733929.4830330911
287998.1415703097	712983.5868115734
290573.4829297465	722059.8670649843
302546.54590946913	714789.3688232547
299625.51593989896	714447.2730430663
284272.22644060024	698055.5202354022
293820.59269099263	726765.9479356827
291085.8888985866	721143.4524955697
292586.49514281715	694001.2012105456
300958.48459057405	717032.6238470668
297906.5595659214	726881.2777597982
302476.82347057457	731363.5658204665
284479.20001708716	714592.8455995056
297323.40008378273	721841.2339085172
301099.90908529446	722059.5162449295
296829.965289833	715599.1570328975
284060.5367761031	717149.6506505811
290474.6145913491	715602.1060359041
290242.976543968	720043.4617088959
300769.57951534796	712260.3542561955
293413.9620854598	710975.0147556379
293821.73102731025	727976.5330770565
290429.91691666294	716907.458904752
297670.66397466394	741560.3751055083
283324.8394202042	715104.8139856255
290866.01399313996	737683.0743572444
300172.65900517115	710357.8115641406
285368.9441229269	730346.504848524
288039.37669904646	730596.4655462671
292578.744234456	706553.2456218799
289710.63187024894	698281.9162415569
301750.50361117173	719371.6669193157
298011.6617923603	722035.1125886206
298361.319656083	730388.2500453198
298384.65163577104	724310.340514179
285165.61479714676	714412.4572145225
293131.2769166991	733811.1783245747
302772.16419466806	720475.9931998064
303108.3490415431	724440.2324435416
302880.3377309488	727696.6572304226
292525.30162437714	735458.0075505874
292638.9193443189	719759.3941177699
300029.7897823346	722103.6353084339
292819.60925729614	726504.5269345073
294982.6877531617	710593.7712127825
290889.06112990854	714889.8274376447
292682.53698920086	704371.7638768337
289297.6241605929	722973.1477178915
287777.58387253096	747826.8811295126
295186.53535969276	742155.1722651959
303471.5609793806	747781.1387385941
308363.57637551334	738853.7997755326
290967.1760782929	720424.1695975012
296515.72570889804	720806.4842644179
281284.4045678694	707521.4978672307
291649.28992601973	704989.3147572706
296104.37588631996	724157.4103889172
301410.31979457114	690215.8820044922
282173.1434590453	723148.7127256149
281633.7560129222	709460.6219228422
295402.7161176457	706463.2755125132
299492.3070582032	725115.5932967329
296611.6096313986	695826.5571759874
287432.3103425569	727464.4822085444
295447.0977250057	725089.3575506778
291918.2875927394	709416.2096871012
291963.8880081474	717414.73825041
293891.6695902936	742362.1293295468
282419.07919793716	738935.3760713704
300784.32361975324	694141.3007493305
297870.4309408511	728180.8186882315
283268.02884610975	737837.0342787636
