689.1960399683117
681.0525779692616
688.4937162851469
641.9798914605226
650.6794820248276
661.4489438099897
706.5966374104165
715.8835186570235
691.7692785453419
679.6905267347502
675.7866021073571
700.4098215533581
688.6768035329505
592.8051125361002
595.8710287077421
707.9629463624699
597.7128979547393
704.4107232095291
636.4163150192753
652.7250145728361
608.3508343576752
706.4892160073041
650.7725907323068
678.7619987571138
686.8808596135323
841.0361387551658
710.6842254544678
690.0697781709647
741.5832952791856
685.8633025565957
677.5965170058022
726.9740026291697
654.112914244771
673.5586051043509
697.5115853075145
600.1544388073032
635.1508030371796
701.340962194724
589.8116983383964
665.0278971704912
676.7771835268655
610.8684829783145
705.8674462408005
687.9730728374105
633.1183710502099
627.2611772901126
675.2267933493491
703.8371658193314
702.1116812895816
651.7834404220171
705.7706501191719
627.1029595916716
655.9991889125004
658.4951157924944
659.5704685237343
591.5918820017514
723.7223091616668
648.7972774892094
721.5206712682468
627.2315200142135
639.2765553648075
635.4491966582729
692.2323902853586
660.9922004366618
654.3330755583929
741.0904881707611
687.5993536857859
710.6290947124802
641.5059015387001
699.1099197647166
625.5014969386402
741.4825733958868
657.0404488904555
655.0725200738032
780.7742563349793
654.95842939194
646.2555435909409
638.9734818647249
685.6104879160672
780.1709484200106
671.2926316026836
630.2959359875285
666.0259926341937
689.4818660265929
645.365761796886
763.9389306279261
623.703849515324
634.8943611251987
660.7479543691247
724.9929864691537
672.4613052347513
840.9021116941354
705.3233409032414
697.0765269598767
720.1969121419611
694.6590451478489
619.1781602796597
830.2478769721031
663.1158861731014
687.9227324387998
695.9043778929379
766.0773600832526
685.0055913304785
655.6087950943801
592.6610077723607
624.7109228778252
600.7224838938616
687.4838595433472
727.7605836197921
733.0995535978861
606.1785970279603
739.8775584414238
638.1759198441745
662.124811147254
622.096126776379
688.4934842532617
627.2993035064586
747.9644364285334
708.2721186837927
677.4916915832065
622.4625568775649
617.6283400484431
751.4233325015729
742.4026663639967
667.0563452421376
672.8150555359921
792.5584295686577
622.5958222512327
598.820251061927
732.7446250193457
661.9072154985207
647.2363278118809
640.146796954321
669.1272678835791
681.2948085769315
679.9621513940409
703.7386843304939
655.0960860121379
685.3513892012996
673.1023123634365
608.9217880460701
617.0209244135508
700.3631270290832
621.8862876149707
736.606724485156
700.2874156722683
672.326987144239
666.5699327235425
589.7560398161769
615.9637584837552
781.2110030443155
656.614401022973
636.235355106213
652.8368188977136
669.0930440343143
678.1726976550846
638.7443063796582
746.1617524054382
630.5545396663631
622.8797784324548
676.7835357069432
654.5756967108387
695.3568600750693
673.1403173779078
752.2786868043692
642.6147060204516
681.322371974963
607.4080443721992
703.4871615713737
621.191817168422
688.8605698928802
661.5050061161643
643.2465781068751
584.4802270654991
661.1393277770836
770.6768683373346
662.3232732032018
682.7889445345464
609.9145135460316
693.551763593189
682.4514566833633
638.559974226015
740.1326129625292
691.8016829275741
851.2426603612698
707.2161215340316
761.1763339530359
745.2956261609692
709.3254745628652
774.1936346772467
666.2632645207216
633.456952317328
672.189000242954
721.4506420347523
673.2025749826489
692.8061923022804
813.6130782062224
625.3261753403956
794.4772656542059
740.7196582150248
766.1342169205539
622.7557710913225
652.7428344589304
713.6764840539648
706.0979239227462
643.4349331630353
716.7031641433673
658.428103773023
692.5896682818894
640.0490537774222
709.2366175166059
764.2296977821298
620.5186659686793
618.6214299491716
632.3357241452275
667.8720066805715
624.5597125425098
634.7754022209829
666.643985523595
696.1109717368917
638.2386611978185
652.8864228382465
679.1778811186724
729.3208257009594
645.3700108051132
683.4569453983934
677.3640263890439
642.5971880873858
690.1585612068405
736.1428910817853
691.2775212723191
707.4860186447886
677.7174027836958
641.7167998277793
684.9176487099296
689.6326404917145
677.6291912968275
690.1783465508834
639.9028482571176
625.3247373108562
657.1937203921007
730.72483477094
731.8948039953863
747.939331499787
653.1004928069868
656.6381469295152
803.4457618699703
636.6958437458733
654.8547292434284
850.1937096138678
701.5013863558786
719.6247806624318
815.2298041688092
732.1967384319343
657.1136140092523
681.4329941138773
581.0646029879954
714.7514343262325
817.2859827316296
641.2803290796239
686.7762451510335
744.1431849631788
671.1675756761058
800.4489671507126
641.9317632985501
660.6908465871114
665.128042963075
626.3568197503761
692.01606631939
652.9779889851216
649.0742569517411
929.9890529418473
645.0802824826246
646.0195478053047
670.9793314022019
672.7559168476535
723.0988375014592
688.3231469240419
660.1998009063121
632.8262168835288
623.4335360414718
620.0113417981614
650.0880032178333
641.0012195211765
677.7130096414601
711.3648271634385
611.5843738466064
673.1532387521938
649.3486786208384
627.6248088646555
673.6283673696225
612.9861179713505
662.5433753791035
628.6209488750981
625.0563179001808
778.7231099625891
646.1909898879417
736.7158935302862
605.8569466883863
685.1313669025785
763.605756784787
724.1490691702516
625.7941579536317
693.0624644681395
714.548129352057
680.9101498060783
656.2698537475277
674.0746829896514
697.2077221328
743.869166285187
753.2777879126046
765.6844591265998
639.5979127681569
735.4273291033722
631.4273812208003
695.6962643181537
741.6539082897119
613.7007932344492
641.653300720121
692.708552870962
786.5279430822203
730.6288810445074
720.6427044502814
640.6718279225654
623.731681468109
664.5970148131113
727.5488700053581
632.7840430361742
610.8841317875986
682.5952520751216
616.0412469211147
683.4735066426093
694.9936438186513
760.6817714391847
661.0728416339505
644.511663451778
733.8663636476732
598.8176133685887
708.2858980824759
890.7071501036723
688.5611424308628
696.484015628168
684.7396546077425
655.3298557678003
710.4235886638236
638.3552301884827
624.3602853741561
676.238827695946
675.1655177749976
757.4732708323979
634.8027679347521
640.4400780851794
742.4069727033884
679.0096418070854
686.3076134283034
631.7261747736453
725.0722961186947
763.5558414464494
634.5852017013997
629.6917156117695
619.5166385196626
746.4760559984695
631.406134306062
663.3810381689627
824.7399414260474
630.570383445592
630.210123984252
776.4486092605687
661.0422994615527
698.9346400445281
639.068249660729
704.5945664474955
664.6118870196557
636.3078195264936
720.3065365428959
779.2981552451587
694.9824197142136
734.7477222640642
629.2809038633546
664.2647030852846
750.3216915572655
732.9395015918047
745.5146321567316
695.0856688792635
714.5643659639223
671.1583453049228
595.7650289519415
640.0426896971725
728.9310955690712
641.4981112021771
668.7463541802431
666.4967818218073
667.8303758314531
611.0676813774359
726.0381724140769
726.2034764654661
702.1952999888862
752.912996445788
648.2511221263319
654.7224228768179
635.2688525092559
640.185176913943
614.460960088156
664.2861311257161
798.6773636608984
654.4040345677472
735.1045673752038
650.8402267748186
603.4097408009594
741.5939588187592
622.4896415423513
766.2835754913366
667.5759790619196
691.0313374183622
708.9651830846938
641.27240148235
611.5069876072229
686.4559902682321
710.5612667356729
700.1853415471256
616.9467315833372
772.474452834845
753.2583569607772
577.0256624314438
736.8096936797799
646.9741554874834
630.1137203616008
645.1933867207925
720.4253132582767
601.1159549251473
663.1347833329594
700.5867632575834
762.0863281191165
599.8591108415824
636.0682801219973
637.5449508632153
627.9370722194186
695.2113657514452
647.5239512734418
617.374044080088
688.0028468793762
701.7240203637742
686.3627271056255
664.5886036633107
636.9905661006761
692.6161455490274
673.9246262130517
722.3312932113537
752.3921715942091
686.1749640745493
686.0510819590767
740.2981225356556
657.8306415950169
641.7213216754968
680.5671945822265
641.3310986692372
636.4798798467791
616.483196620707
647.4053503537139
722.0188515719018
740.2258792810752
689.3022694810494
690.0308285377746
654.5881797299853
659.7850109524096
620.2021010376012
805.5118833851299
703.9723329133844
662.706919310422
626.1621576850689
673.3346916026472
649.7281651789232
640.9812473346595
595.7855733794506
697.3685838416068
678.7559047287951
680.0037262408249
713.9122536599317
756.319833450684
654.8972315744486
729.7011147381224
685.4471925980533
617.7046686406615
728.773107857553
665.9501161688465
622.915559104001
637.9054638494914
629.0626617679692
605.0265026154701
682.5093820475255
617.3994648958816
710.8918584407785
716.4422694700321
612.4138383887637
577.9608028906847
669.5169761842992
668.9543778002198
638.1113995949745
610.6543293102637
663.4316630453508
