1529.7879652804368
1532.8863884076334
1522.7515483498382
1528.920843032156
1522.9345690243729
1523.8616634536327
1517.3198022258707
1516.6306471412017
1531.8691164565425
1523.9811073647106
1522.9463464592582
1523.5226136668675
1521.9991567116356
1516.7828218110312
1515.074275197825
1520.1677864990497
1513.4309669255433
1519.473482446605
1519.1747730254351
1518.9961754748156
1520.322367995811
1519.587930655159
1525.3308038666462
1530.7731568991017
1521.087227405884
1531.8088969068149
1527.0258509799164
1531.81541153347
1533.8591144951247
1532.684338680348
1531.083532950468
1527.545571044344
1523.4515902978144
1534.002763528204
1527.3846936188093
1518.2708292432264
1522.9340613038175
1524.789204386937
1514.7696130705156
1523.2590399892874
1524.7457420911658
1529.1946438081554
1527.6045519088784
1530.696973480155
1521.0664402947127
1520.902870277298
1532.190124726902
1537.4177670928982
1540.902459967555
1536.7956658648893
1524.5983255160834
1511.0976396282908
1523.3334493634143
1522.818619286785
1525.2648987242833
1516.3697989082934
1519.710116081059
1522.258483843862
1531.167768403975
1536.32942887305
1514.0866516793628
1519.9237926953767
1537.8697865251124
1526.1026139996816
1526.8442163132313
1514.2557022914052
1514.8406359297414
1523.4160132640159
1523.010098769833
1520.287265474878
1517.4776211073313
1521.2589137619443
1526.8986578949307
1518.1402571045487
1526.2424179142618
1520.1229190785996
1512.0634551696683
1518.4338535682316
1523.1033410033137
1527.0036708743173
1516.019361688905
1520.6062833611159
1521.5453062234853
1543.4985189389724
1521.949559068669
1532.0011627596318
1518.981855624146
1522.926052483891
1521.6721879065722
1516.9847882511854
1525.4298721098564
1521.568037669032
1541.0776875765025
1527.3274053620191
1530.9509561589864
1527.5690738557023
1513.0460044410152
1535.6531762860927
1526.4754424978723
1528.32354551742
1520.9124674468546
1535.8885160078135
1517.915751976051
1530.778171525267
1521.5203842605115
1516.6662495133253
1519.7724210194444
1527.893165515149
1541.2730109595761
1521.9408271840052
1516.9867537966084
1541.5263202216602
1521.6530439370663
1526.8418792858565
1514.225939001657
1531.718727269989
1522.1273777037086
1521.527794160143
1533.085392438869
1519.6181566752907
1520.2765148584056
1517.4210054747628
1529.8165630433691
1528.4760389205633
1529.0928916474736
1523.1677608394425
1527.2321439611399
1516.3834313300283
1517.8962105452106
1557.6685813789882
1520.268542095956
1518.4832455699343
1518.6427179434536
1532.9195589716874
1530.062461117935
1528.2410176337185
1519.1907415146375
1540.269788354903
1526.7331927021205
1524.2495267824534
1518.7284629643
1518.0798952488024
1521.891707246365
1521.7324527996193
1525.6746696976911
1526.8970237969827
1534.8437966800109
1527.5011753720148
1513.6765940840091
1517.9971225042214
1530.3517363151573
1528.0904444444707
1524.570114857187
1531.223428105557
1525.7335660925687
1526.4581403652978
1522.327338371765
1540.3927732936868
1520.2008414893953
1515.0542307993205
1530.5082195656914
1524.8368527237299
1524.7834227442595
1518.126840585169
1535.6114626128742
1529.4946501489685
1528.9471143624464
1513.2661806891185
1528.8887798198225
1516.9224413777133
1522.75874377246
1533.556510408649
1523.122582755536
1519.425660050324
1524.8084515104297
1532.3317274213127
1527.995295848465
1527.3842593171855
1522.184281243643
1519.2797975693145
1524.2166614696714
1518.3201766416596
1535.4451435846495
1527.6243232981574
1543.5327363238453
1531.1604904936155
1524.2107252266278
1537.4450248919952
1526.9627816095324
1528.073214643021
1524.2863233979986
1538.6525293853601
1519.955518934814
1528.1943872361871
1528.2345102916568
1521.833599483935
1517.3517958749642
1516.9475124236697
1549.3092621274645
1541.2723583394509
1529.9121213238118
1519.5535064908004
1528.6935938811248
1526.20859100591
1525.2960713206596
1531.3844379228433
1530.8333764671058
1521.876157855856
1520.8838885501034
1522.2740287964948
1531.197714034749
1528.8942989527877
1516.0958433838418
1525.095471792051
1518.736653220395
1520.1468762322202
1514.2411604295935
1518.4785859248655
1513.9617920385867
1524.7204957129575
1530.1846884373344
1520.8926592164535
1530.4515988458008
1535.4876142727358
1528.0224161460987
1521.5551070698828
1522.166050406508
1526.3012611967292
1524.0822246513337
1540.8348882541584
1524.7635368649885
1526.3678696873171
1532.3940342461256
1526.4937282144908
1520.4481276018098
1510.7773867145434
1530.2371050671754
1535.7273663088738
1517.7228706642077
1520.3730256619522
1533.9333068419273
1520.0633514923934
1528.039359487224
1531.2512933464664
1521.1275499120773
1534.7794665304664
1538.139306157806
1522.1489087588498
1517.1755971945054
1539.1777172793227
1524.350153104116
1523.5721403403618
1532.8541288915694
1524.7610198561692
1524.3844024508762
1527.871944600445
1517.4090280592063
1523.5431942102873
1533.1603819360457
1525.8975719646403
1524.2997317925374
1511.6630118502494
1522.325834511265
1531.468031298782
1532.076904925209
1534.393620042535
1514.1165024027569
1518.8422200454715
1529.6643844236708
1516.858775307615
1529.5340904856248
1516.0880086624916
1521.8524687441068
1517.6493779208909
1527.159100312434
1521.0399553721277
1524.5091497306435
1521.6814268690566
1522.4914018184154
1518.3662393875434
1516.7041424238523
1510.694862688171
1520.4691481670939
1524.5134450841833
1519.7802722036977
1523.0230527690774
1515.5933366136917
1514.322460170738
1519.1262702059155
1511.6073423727748
1519.2116045661355
1515.9353547957676
1524.5029704972849
1517.4210664234206
1513.6201197939927
1533.198093773319
1521.2118036510992
1530.4732520858024
1515.140430850289
1526.0752302256617
1526.2748340983555
1526.455749761255
1525.3688880735278
1540.3953981968334
1519.6796212250326
1532.8470878902199
1533.748415246463
1514.8463645382194
1522.0377582462806
1535.3492085618673
1539.6560448949328
1521.4155798441498
1520.7349292671656
1522.439475231974
1521.6972577621505
1536.845531688523
1529.316543077081
1512.4941680990205
1516.4676323724402
1530.685208522853
1547.7941888525565
1519.496621575914
1519.9778042312641
1522.8839739427804
1519.5321000480285
1522.1894433432121
1546.309964434627
1514.64222414789
1516.39434541553
1530.310755491879
1515.0346434364988
1532.6888656670435
1532.6641253670575
1523.6996996743214
1530.3093931042736
1524.037168797878
1543.2144297430432
1517.7668973136429
1521.4749861779358
1535.039584566475
1527.1576408798428
1533.474456313188
1526.8670847974283
1536.4247080211421
1528.4552935586307
1528.5374797425875
1518.2006738680705
1524.2013879685164
1522.4949136924774
1520.1828509137872
1529.599563045596
1523.2058271341962
1538.051707640612
1529.984063097169
1528.1886867666863
1519.5124539862713
1523.2544686211377
1534.2338171392366
1522.5141802719052
1514.1877179885148
1518.4255027642218
1527.7351740940144
1524.846742285768
1516.6135464233926
1508.310147517083
1521.4836484087152
1518.5465308228083
1539.6923284102481
1533.7242823285785
1546.3227485712189
1519.5639829995687
1518.8555299214736
1534.3226530363872
1517.323290425195
1548.1545683982683
1535.8696372602944
1522.3945687754124
1520.925092548644
1518.714642920425
1528.0171541385243
1529.4595508949596
1520.2858425581
1545.6851841642604
1524.9028120245111
1530.1364275905808
1525.6350368226094
1520.3433142058334
1520.8254773267902
1522.9247695276122
1528.2788899315442
1523.8312550000007
1521.4608123835515
1527.7124103927122
1515.125840715851
1522.2615643923032
1518.737813027312
1528.616648711186
1529.9858900552617
1525.4413120950808
1535.0119920684126
1520.40561824914
1521.5833016293902
1517.9035210200855
1517.4973037394
1530.627200379448
1523.7452130837514
1524.322272681056
1519.4743083161984
1518.2986384743974
1520.111957938696
1516.7714753455743
1533.6741456023606
1523.9097567567828
1530.4526177821572
1532.2886585115411
1519.8343481178208
1516.3624089704308
1536.6356611307306
1515.7795790909713
1528.0725789878966
1517.0879598770794
1540.8774081013282
1541.1365270927977
1514.519084176262
1539.5890287889129
1525.7554041739695
1533.971943077976
1513.5117336880558
1528.145545939116
1510.6507501773708
1526.888593006364
1528.0260920555293
1535.3601668445385
1516.8698745718516
1521.9320124605922
1511.5992285605662
1514.725686602066
1521.3410462227187
1521.0462120194984
1514.9579533746337
1527.7587967112454
1524.5978236451845
1523.8802716593286
1520.8925243164517
1518.6379887349626
1516.0177360461767
1534.5555776084075
1520.8353277895956
1530.2539958825091
1523.5768496842247
1528.1138030392945
1520.8597838073047
1520.673738834468
1522.9194225703209
1533.2778054273972
1528.3380386806136
1525.191036332354
1519.7827584909155
1527.382646226764
1519.0904995110382
1521.6122974249408
1531.3821421844236
1532.3433496578507
1517.5884428756635
1514.1789075285676
1522.8072782407532
1550.240991731629
1518.4411843836103
1524.5109685200955
1520.2449831472995
1528.9505128781316
1519.1195958812286
1520.7229336186915
1516.7736489087224
1522.1048437127952
1528.9582696421758
1515.0885697210529
1523.6250491838687
1530.517063458981
1516.4557233615387
1531.7556218946652
1513.4896227231015
1512.522961932329
1527.369656519489
1525.0442060788644
1515.6384884598688
1518.3378038741807
1520.6890341620483
1515.8039666706338
1515.0541253162746
1512.8692501618648
1518.009893251776
1532.5418293285234
1514.5158462135278
1513.7709668657776
1521.7633612788559
1521.437169979688
1521.322237706765
1519.6688017744223
1508.6417485825787
