106004.63171253275	259978.10324022002
112830.05692398129	278984.2064856308
112370.08462211699	267433.0905333049
105412.69067504749	272968.36146883946
112776.6810880565	262892.4471431478
111612.55041312052	267734.5058838862
109657.12077357611	267573.97156496247
108079.42742884034	273138.60390243673
108595.3235389	263380.7231355725
110159.066120945	290879.9354772019
110820.21768920153	258088.15615425498
114479.81873520653	274626.6403450104
106613.98863686886	252492.2710003695
104760.07575256459	264209.19402095344
98883.6624042929	265523.6570004433
108944.36724663292	262982.14613469824
93155.10133435641	243951.26566391243
119155.0159605303	286632.975498322
111751.12456750646	268104.3329251143
113940.49434019225	268845.6377482568
105141.23222059119	287026.3617048636
110433.35178576296	257689.69933794162
105506.34866624768	256712.94451848877
116787.7370686743	265237.52431228006
103608.74361528108	246093.45548216568
121006.45885928231	292844.8333936484
108334.48818678362	249608.3651681295
113277.36100593803	275397.4873427593
114264.49387300259	257565.4539788307
112573.22288524399	273291.4931750331
108140.49424193049	270676.410068457
119874.53292908524	273732.9309658507
120457.72327659618	286355.1226423614
104399.4222805888	262537.80157613684
113346.54459529961	273617.1419246463
102376.35830490464	253873.19789971662
104349.84538263359	269735.21873839357
110676.95164434165	273629.416683388
97802.84295120645	268535.990735223
116053.30750110382	262582.11045903846
110099.8414072567	258026.50291923195
110393.71268318233	265283.7122036494
113397.85430079719	268070.7426779994
103664.56933074346	265631.9997095929
109955.06861667751	261974.66501790658
99303.25658407022	277951.3432950137
112495.2065252967	242486.1478182748
109850.89344274026	269159.97317452927
110151.53340437607	290865.7728265398
105948.79503622583	254739.48622313477
108138.32506803022	287935.3088886647
107434.58231378088	246382.57670690585
113299.17941726338	258143.3205924136
108288.5754924838	278179.462677185
110505.17029553148	273023.9796370084
114703.96098212014	267385.75756648154
119263.93458660643	264947.7785683669
111322.29495376705	273428.0333537469
116088.04063677165	249353.80799631315
109560.0311890484	257264.09187671347
102224.54150301001	266158.2391470063
112635.33646687001	261327.5089082438
109040.52071017158	284020.06902907806
115640.39012786407	263049.0167670411
102879.36573371213	267764.65402167226
108197.2969468125	259496.6659949745
106797.56285785824	268115.93485334626
113502.46014128337	289387.84997842263
114268.29519328754	287628.5539292727
117297.99994582566	266383.38632256817
107409.54448244255	272371.699954888
116912.86888244405	256835.58782121484
100684.8287501315	266912.1731507742
110367.23498897087	285285.3918437026
115521.74195010305	263681.3175913375
107411.68226404855	270237.7757472234
108000.77657925226	265737.03656389
115232.01238277818	266406.95859960385
106297.49166927887	266357.739993141
128763.70261805026	286042.45174728543
104904.21583107344	273795.14051368996
105203.91374055058	267306.9099003024
112801.7049046384	259128.77241081558
115952.69613758501	254804.15622059716
108662.5235402973	266221.7328142753
112760.66045145842	285268.51013029576
109141.4623078258	267855.07883470366
99900.60379751331	271408.1988487695
108286.32915250858	256711.4488721757
106958.7168321572	247952.68991436934
112796.3483917973	290116.2166704539
120551.42853641954	269795.67588146636
116450.64410335569	285051.26258770714
110476.45829826225	263236.6436365474
104296.67838540861	248466.7969117622
105343.48732984377	266005.4703570544
109177.81694109732	285870.47158286395
117889.35579910714	284069.9858276799
108108.97026636687	278334.6505984023
106642.526273543	271302.082190182
116836.8318268664	280826.72544082993
120106.854116287	299059.0948615086
110862.39899881916	263503.29196586687
116079.9679364445	269212.57248744287
108351.661271312	280308.3456873697
108171.78301943922	274610.37669172016
104140.45205553534	265395.3668880535
114498.63978963197	278097.1117796858
109534.6302107291	266522.5388241854
117898.54314666045	266588.86122565455
108907.66637980069	247870.98917119254
118026.87468778511	281696.04876030836
101394.83914087233	266747.66495605273
104975.03898576307	263481.7370441775
111423.38096943678	254957.86708301507
110569.57528466525	282259.9048777174
103491.38750698755	259311.75485911156
122507.36648774151	260097.22019440378
106932.59562712381	293847.44960353686
99396.02679914773	239706.58503640298
100128.04641050125	268042.2147458446
107432.09636045471	261374.00401120272
114082.15720847063	278093.07816205546
128402.37271366577	277562.5236312623
109298.44687674049	279959.3963534873
102910.43935464908	244615.4751375997
117374.50591994968	299574.64338863804
105196.3647386418	268707.7603389184
104752.68814994389	221994.30091747834
116631.43915610897	253904.11837338476
105112.86095860634	241026.58747419808
107259.43068999455	271258.6171171753
107714.86225999874	242495.79600401112
116504.89966301378	268023.44738048693
111651.576313184	274353.22088162927
113988.93434243942	232398.20564883229
110060.12125122942	275717.205304637
104753.11162310856	259769.24129298615
111819.31427649442	291000.57653152675
115366.92471250014	263020.45115980896
102256.61853549458	254419.85337793978
102330.64250898256	260026.7901172867
114894.52093740841	266883.0675960766
101558.4859461855	250899.40515440225
125850.03035317565	282490.68308370264
107658.8470171837	263591.1932937973
98214.21702640224	283614.00361807854
105744.08685214364	261707.38053925816
102202.46166443104	261277.43923203042
99552.39575565414	267400.2674030422
116562.33921636481	274455.5553855743
104303.63724608225	270220.7531801716
106667.18859571886	269675.93477674655
106546.6036867419	251738.07439861912
113482.05070055016	265422.2254876457
107723.27466835878	282610.1521651627
109869.41744843814	268057.08414986037
115264.35220253895	261002.07843093108
113125.96829055368	277669.839580621
104130.75723500477	245092.18462927456
111951.34317797945	275233.3702259406
110659.14576772632	253241.38133764712
113711.73242398124	271294.25326560054
105206.92260145815	271779.7809246453
120137.44797341504	290833.18313562725
101878.7987723703	241171.5514629803
117860.21927541046	250235.27289934224
99852.65534700929	257318.99558315016
105560.59758645143	260152.48887105813
109279.79885356929	245392.44849609703
117471.75574855221	269247.47710010706
105030.31264431542	278786.7526161348
112751.61277735264	270526.10320329864
102048.3214254712	263254.24892356683
109843.69355565603	274881.412711
124711.74759837391	303857.7646832031
104947.70107968885	268860.67294806964
109604.40080559145	258772.3573634259
107578.59424814049	282631.98249376845
107835.52443327065	263921.26629063877
101618.65104403961	258387.29616412838
107148.37605299304	285461.2140637582
118126.29855091084	266399.7526667392
120554.8077205508	299243.85093014006
116539.52335089553	260890.34096690835
113335.71238832122	271553.2598518257
119096.8346642169	262055.99818804697
118547.33765392445	275518.93253753876
111014.10927664857	260269.8857701335
109480.94954218299	264222.78613255353
113423.18926534924	272564.06422936433
98560.0572731288	253483.28801696855
100293.94312985733	281654.1205347612
104271.895117907	281667.8288096863
105412.06311100368	297624.154747812
105857.92452837512	237895.2423654326
129916.58008660766	255510.3401955769
113177.21392723254	267378.07677134225
129251.54126204492	274899.16965736804
121082.40895560972	281080.0216139388
121881.22475654619	290949.4484777696
109327.16130163125	291467.67780327186
110635.88927828171	245583.70063168433
104187.68540171016	257852.22651643408
115494.0086411357	284583.0419952123
107708.71130443248	255538.91396792044
107051.31448381563	307861.17338779825
106654.31331506107	261509.22152338628
116965.43916006168	256730.59135039925
108813.95411572504	284651.30792762333
111829.62004878657	264977.9195605764
115524.55652993915	286689.59872285085
105869.60797213012	275873.86636827287
110989.8695813203	249721.99950067722
107127.80485348938	257897.21771284944
108163.35298053746	270294.78771669837
109466.55926013377	257985.660344605
102295.01288193504	260652.57476160518
113047.07425203771	268152.83431495423
108332.42885845239	256085.9643616867
102150.02496935114	258483.07320242518
118350.43741859161	278199.8903166171
112641.36802641075	276951.0498172927
102817.24472340586	285115.2692582583
104429.79230333668	276214.83763971913
108074.61137458234	270525.22460472054
119914.9840322465	278001.31059438235
105282.0950708983	268926.4431370474
119285.02142625564	271683.1200131501
109773.64549811688	251167.53199180425
108966.76439622682	277386.4294558465
103264.44717161127	269497.122469509
103824.71052868979	246049.64227663507
95230.25302148603	282168.58466687886
104668.02199381468	278273.13698265323
109359.29263135791	257186.47338254875
107112.83098213974	259582.10029244667
111366.12872005522	287253.16437053215
112804.22820005307	270783.91237218346
104174.70964714968	268263.61140906287
117706.53123760928	247091.8980832327
112308.79372222157	287440.6886032292
119280.91241349604	266390.1372136058
128506.21599358231	247513.61665997535
118402.17334171152	269559.06904414913
110464.31763510843	250691.79671069453
123355.2923722266	267267.063058955
102811.80357618433	266892.35493696167
102836.1622741545	282981.17265908123
108580.939162667	238551.79720974763
114058.70454009589	279573.1856829366
112325.53763424899	263094.9582305875
114314.65254006819	250103.354586547
116237.03380081087	282528.01669040223
116295.98743822065	260761.92721763224
104463.53206789368	268938.0246822575
103438.51675845067	262416.989638767
114222.54986761718	265301.37282597576
130141.16531772492	269826.91266687535
109042.56758883371	276560.7131372783
99056.47512968461	277700.87736550765
116907.55577358075	251585.48210928525
105460.43397803362	274228.68622337445
119287.59663163096	273929.1511405064
105353.4188144454	255267.16073955418
112551.32198084469	253031.48624398914
116215.28625411176	270492.47286318976
102341.98978771502	244504.7857861051
104137.18604338798	267837.394696889
108037.87927047373	278415.0864622711
103779.90539726723	258982.1490356507
137158.462428186	317158.84910248994
110129.75960462847	248663.9081659584
103105.71538978044	232642.9032363311
114323.74021875182	274941.01768568694
102463.2525084007	262977.274141348
115308.68835552616	256155.91503349072
110518.50444654428	279768.96287429496
100924.08248040748	248579.28519178336
99378.80693597437	275643.87070242944
103211.62428401431	270289.1076599779
103118.25313185975	264438.06460077566
99600.37021992358	261019.0588388676
107890.22278784754	263175.448328174
110526.72245528104	281156.13174062135
119165.6596135098	272539.1443312417
110046.81249989761	261676.89899439263
113370.53766371147	263683.71147330943
107439.96088850751	268397.3803739236
107646.85772937041	255874.14729776097
118200.75966594633	270864.4816817245
113037.33392111462	267717.51850366883
107322.37499533259	246634.72624711564
110885.66133450273	253249.31733645068
97887.10660940583	247861.716646372
127741.63637963227	278226.0197296891
102836.90486230559	248637.63818428485
118073.297831616	250918.00010753796
111870.32971221622	265354.53116579243
115758.72809406606	293423.13568527607
110017.10128532657	290623.91960655537
110218.12181682614	278069.19723550836
112724.8055099358	265585.8960877098
106027.15289444171	255277.39012086368
114619.87589670916	259587.5932827542
111955.6697928796	274916.7501938297
103743.97460229819	255796.3525706046
100542.05291715778	265792.9768652941
116989.5315319025	261724.05355122365
128496.53967553424	293098.70223937766
110921.57342795862	270205.24152306526
105667.7182635063	269323.80145608145
110368.48794083485	281707.9788972098
107641.83960780862	284132.631324231
107879.64808623947	269179.72409827856
112706.07410547441	292182.61349732423
113268.59474344578	260701.27491070237
103039.34411218562	268742.3522729904
101890.40303140975	263950.3063784504
107332.4030123438	272445.17531907733
124916.98991296324	292615.70650916506
114010.65972411074	268451.03240219457
113302.36735602366	265329.417416663
106062.26821314193	257966.309708905
106301.83105504974	264401.55128920503
113757.29409196877	259547.61526097785
128713.265664912	287272.41061331425
104670.92082031645	243430.48922885695
101672.09195292658	258003.92527946888
117423.17116334272	268263.08707006014
100506.10667764797	265385.6108947673
106046.27074163164	267601.9385185437
109694.32749306232	280004.1004981145
110310.02213955819	286099.3035159782
98310.84694269029	262643.50340095826
104865.335544392	258872.05168324054
102545.51588033732	264090.4972081799
91422.63761043144	282608.8396543451
115632.01362272172	275374.0929327083
135712.2506956514	313295.1499132929
115797.46205410286	268455.47328310984
106351.731707493	256023.7134363958
109118.28014632656	256633.70789093914
103265.72410429675	265751.90793795825
116404.11876709366	266247.57688608905
103304.6238061157	258952.46978909368
106464.74905333479	251138.88946487432
105198.13745702215	276354.78256757616
99157.12105672978	243247.93669156576
110921.50904958948	240239.9725814604
108302.89170169497	260191.4917068959
105252.77949237224	292393.9929842411
115639.00034855097	248316.1292423101
106138.84641976451	255537.09502032312
107368.48577966975	281337.2351959713
97809.2262135238	260718.94003975778
111977.0160748791	279143.59065938886
122142.87238235124	272151.6449944544
110623.31749573458	270260.7204128468
108715.46497735915	244518.0974854936
109120.62482619516	245570.57434739676
113873.26131767721	280478.7384587993
105613.39179132432	275181.7643123839
120098.71926918332	278339.7815610103
127946.76382823053	269204.89057221485
104049.32023215067	254354.50273480965
104272.21978489653	267774.70881819027
116976.20591023721	282717.7765890305
106646.41621716252	287979.3341466054
107246.84762752231	277694.6778683319
108336.26939125243	244332.6980315369
109284.45785671083	270649.2128811108
102913.79992319684	237862.87337677818
100959.09761863206	247660.74086331786
106868.12286701426	294926.40991828224
107791.87718126025	262923.8148934707
110877.92031314396	290637.6133681543
114216.47537259925	268743.62613013503
110158.60191061744	260994.8692387745
113119.48405460545	283866.48238370434
99922.8961150377	266125.60694953613
117755.46967475765	272167.6235469017
128103.29071799168	286044.2839799346
104843.26331992695	263226.8268728041
119370.70278128033	261002.15348024998
112966.8069047748	267301.9251021772
102186.33642571683	254227.09884145565
111385.90464002897	273831.3185271403
121702.5114758161	262875.65692104056
111942.54999021089	275469.89087296306
108614.00931654754	268902.44761177036
109332.60852651129	261977.78305714537
108005.29618315643	278535.4882216824
101380.99160926513	259619.903395204
118208.66421676235	274445.0929406231
102811.01324072815	266937.77645470423
108457.5462833112	238665.27219911653
123686.2438138845	266287.5745159584
110083.48722787533	278393.56329373264
102788.48886303866	248268.76798591303
104635.25606563638	257601.58791511712
102046.24355180393	283261.15753004706
106951.6319828985	249561.48009214195
105405.33308816608	250148.41067385903
108127.11584591874	286385.1540689348
110844.60317294647	268114.62252813013
107079.7906845512	278993.3188331225
98115.91047056086	257316.38379753954
111024.99139377239	267809.0474150361
110299.83824591764	278328.35906936345
102439.25903166854	274752.7024596288
112817.20420908235	276611.91057692014
93649.36815523243	264788.107148386
107657.14917121892	262364.6095372338
104969.45455039218	265209.6679262321
108192.64424398683	281400.0002739576
101496.0644469845	254460.64559569227
111199.57697810102	268244.2618301864
114803.79748245643	293286.37370226893
109865.16479449887	273834.90612632834
102932.78337946057	264176.99753746105
131218.53870279412	294332.8905472477
107394.17997794342	278546.7376063911
104373.17117593004	240574.05186497618
108478.01146557834	279879.41588305135
112020.20533845913	281279.8944882404
113086.17097620113	257262.8121734167
109081.47360811484	278848.8219770432
107755.1331604851	253146.2478383109
99542.31458649921	268218.9163723635
109169.63067941787	254515.8600564432
108004.71737910427	267728.30807448446
119169.67706971877	277252.00852871535
102030.16845646653	251093.1684475266
108058.4863080807	252974.4461792018
113095.53891913133	264144.45014092536
105092.25879095397	269203.11822922964
116906.418450235	239295.54934781085
99424.12412053297	249221.35974854702
111751.62220451649	271012.3157183913
103361.63823824495	266194.18593525473
117431.2868680614	287453.48104912404
108165.14881262448	250648.71020091232
110326.22534415539	264536.6034179176
99041.74254902828	271365.01337104477
108021.26965421613	256570.10349452132
104096.13523564824	261810.14272153252
116997.17273997533	268281.9944514183
114222.56302027564	261742.1177919675
103347.72145240312	270806.7340577356
99134.65822219511	272362.9879750438
107950.3507161733	274500.04808453034
105737.42578960644	277877.90226751537
109622.52287266175	278774.5759909081
108883.4168991457	268006.68333518656
97029.78725511246	279322.4214115806
103172.76799502257	256523.56756786755
95614.6068741478	253212.43507616947
111814.99550528129	245454.28756924093
119906.30973031832	275615.87279341376
113813.07745455764	271587.5776249103
103453.67486986473	275217.7506141995
115287.07077691497	289568.4535873195
110763.48797572445	253313.302196901
101758.12787549288	277119.97388591635
104772.89757961896	267019.0066055652
112885.763521359	265175.5453184369
129624.44604317953	292817.49898200925
109415.98242946739	297195.86948787444
97836.5396332177	257814.85237753912
109113.73437983237	256417.44330726174
104463.9284482779	241455.13550823156
109122.71949155284	262341.4253448868
112980.40874555559	242828.6897973746
107075.87411300474	254362.38762994664
105489.55474078242	267781.7909859163
108882.38711880194	282587.3921416701
105399.99515523734	273221.65455914696
114347.78461062734	280376.71693590994
107557.43104933624	262096.32079705
109802.06024276502	272891.573014628
111281.97791411079	263734.9083132344
96806.29180557877	258165.56188962026
111138.27406558453	263235.94842099666
109634.33539746073	254225.57394792678
108494.14927931006	280698.96705061325
106374.84591231604	267566.39705036965
111895.31207366558	275645.5477546032
101383.58292511155	260463.73037586577
112427.989498262	254823.88409463962
102880.46717877683	248645.18430901747
104988.86737908736	274426.11606997077
118055.56122947499	247416.920745595
108411.47446136973	241817.28587885672
106731.44950209811	257954.89964530786
105576.46129661957	265077.8031014222
104566.14114637875	261722.37310107998
120173.12167011334	239888.46573015014
97856.76564864638	252748.88759229402
108132.16556395718	269083.6393530424
