238739.9008243534	567619.8335967795
236013.69028222075	599873.1874947856
240895.20747971776	596458.5555635298
233958.1831982185	571732.3669432588
244065.423294159	551631.3592676888
243094.75552721933	603690.0309874838
246784.64837938885	596552.9312472618
232278.1081252774	590035.3922744652
240081.22191834118	602313.6745567926
240308.30967537675	614476.3475755751
253896.00926172896	588049.7739931856
244242.08800816775	606428.665422796
245799.6512465957	595109.8678967444
221975.3210712772	572751.7020277494
226207.5912451227	588166.8126929463
228803.13583627227	562431.3165204335
224844.0643757341	534831.0206035669
244703.4467599488	585267.7930658178
237561.66171722166	596079.962553193
241083.13965519692	572751.762742723
222618.50296259316	593494.4750305356
242540.5893416822	572318.5872159682
234342.8484082532	566957.1478731807
247870.37044854165	580893.5236399597
232590.69139783815	572651.3569391667
263134.29352510854	616074.8595428988
249593.44798163802	579728.3243404975
244260.04141110144	575447.7168330619
251931.0534270132	576999.6095825584
241667.58199311577	599058.61649339
245591.3567343591	568411.7996975103
249614.05648796508	610432.1899964837
237575.26478325203	574665.5143158473
230123.05526762735	574008.5439546517
248546.45475643972	589219.9194537494
236361.9637217095	585002.0752827148
234466.64620312906	587568.6898389996
242030.00086964463	583430.6152500239
226952.4774797751	582914.806015193
246459.74835610692	560251.4460860398
239244.92828429776	559881.401615885
233685.38611867686	580499.566618125
242487.21835072569	592224.4406252955
231427.77317543345	581515.2825926127
235277.7843818257	567621.8730255238
243366.74263488766	586017.5182979015
233991.26409715982	562574.0865254854
248745.87384164365	570437.8514304464
252327.57788462978	605771.7367601099
243067.7841255766	584771.9254029689
238468.64698275956	583398.4311036214
234342.25937632413	548920.6998480954
239288.42981812014	576414.4025835501
239863.82983299298	587351.7304149054
251188.32693756543	579309.1853612185
235315.89120400848	578828.4010828398
254204.18979655998	580561.6158083245
244786.03368425992	588124.802305909
242202.85179747056	571765.1802581421
234438.9361807455	554619.4958133977
235373.66027441295	583674.3888506724
238026.98422837196	566232.3253632301
242409.56224065687	596387.042635029
243805.87354855996	556153.4595501549
233874.5126273005	580520.548403817
238112.25967673905	587853.667196311
236839.24366268306	615077.4137923882
239318.84854553203	636559.6167108768
242019.800850507	601419.5979887012
249190.18169585164	566570.8422188486
234774.3026460961	572053.5581808259
249737.46523575136	561729.5053112317
237113.4472027446	579210.0159407607
233656.35509916418	597629.4569816457
246333.394166967	598832.77802919
248502.4022605163	624768.1593051879
236177.665041339	562425.7901956965
233271.99244343681	570460.3416959035
227536.01762014948	575340.1097208246
254455.00984483864	604348.7831443565
237207.93813590767	574144.1770088454
233199.91955060323	577042.5708728132
238000.70914082922	570153.3559008188
246206.51672900745	569188.4189398121
232755.13683766575	559416.4167024133
250930.72509018832	609906.9850800897
240220.4089449423	576798.8302233242
228139.30881955213	576780.344785132
235679.37147090374	569217.1271566792
236513.83160613506	555263.3475736515
242860.59934092098	592392.5075236189
248682.22041523596	555867.1991429823
240771.98340586742	607315.9481699958
248023.07981516176	590211.6174429718
246226.96654455634	563283.7760898612
241547.85870179377	566379.4071309478
239106.87490619574	577212.7401625079
259097.22355692624	580547.5643611012
240962.35729786285	587858.8063532708
242352.13649910694	586382.9357735609
242754.35092417503	601948.2970182733
244767.39542638414	616255.4239683836
237952.07664076833	588452.7845993089
240041.40702735496	580177.9880742488
233350.01899607183	595813.776849574
241556.2717533015	584135.1920922055
224565.0521262216	582477.7839318616
241075.295177007	577552.3637026952
244837.74777600088	601116.9647537662
252097.23460200522	602393.1380140948
232555.74699859455	571635.9857774779
247871.88303317805	616826.6393477716
225755.56033800385	572815.1888860689
226095.76936754893	572431.5191569796
244413.37499209604	555468.7680884041
239680.17579389887	586391.458138755
236445.9550255314	540396.5032588181
260946.3931692965	580779.4528427713
248202.07810490354	608064.3872391407
226728.52432544297	567319.1568005253
234569.10482269898	590307.9947069278
230854.45268825098	588500.1899632649
240871.09970590094	599635.0315615538
264736.1587550983	592123.8234780688
247509.83185455154	579639.6344464341
235761.2973632224	560681.73004723
242709.47472990962	604177.8535374799
238622.6608683186	566040.5423408927
237211.1710295526	552185.3306977442
245102.86123811512	549735.3317168899
238480.599429728	566690.4987035765
235239.32819364793	619932.5250561216
225621.73215885638	571184.9000774412
254333.5370936858	604446.8778224092
247047.06068385142	558359.439583424
256823.00959376374	540825.6541887303
233262.23182441527	587910.1494901432
236550.41964130284	595860.1089736035
245739.3089696088	608816.5465171285
248880.3788779811	586766.9823929037
232493.0498642029	555965.3516824989
228588.42602668895	602968.3333187444
233750.20253743202	599054.2839119239
225164.66543437913	555519.8877710807
264982.3530358848	600935.2275037153
238569.8135311379	588531.4757684668
233448.3273700687	606922.3386298929
235504.0477392629	570965.6511207095
228376.29643245164	572233.8224959576
228629.11774883955	582248.1369662707
253186.18091720456	594627.1144175507
227918.7920398278	572690.7209458544
229105.70258782333	581621.322656067
237420.81214345433	561220.3056182944
243574.00454660723	593503.9081802978
240368.26484107814	573843.9196198301
232053.96308738814	580293.6524086487
258202.5346812319	584176.5495511717
233749.203698167	581735.2822054795
234456.96103071497	590750.0868899161
244909.05731665308	581264.4094767144
240981.15955712594	572176.4355824052
238119.77344239235	580842.7817235657
242808.21787696733	572677.6701833985
246588.07181347228	596636.1774932095
240311.36376754436	553382.3643733235
251316.8328339112	564227.3386676528
231743.8084087498	563010.855805757
237907.7093523493	571805.1061452047
239304.43142175587	568492.4003196389
251592.77043534457	588402.8696029388
231597.13995257998	577288.4238833393
247118.0481501582	588054.8484765395
226895.0556777789	573244.3298287562
232190.19104707486	598799.1084497619
236523.33617413417	577236.9600206976
241115.5872737093	617438.7984371653
243895.82508617532	580355.7036320894
234682.92843188223	599573.4555526087
241694.2067947909	600399.362954819
226283.37637181958	588315.1302253943
240162.0800015627	611224.3681541729
259292.16688648745	582027.0385745799
244991.5712121559	609472.0180588582
252154.2580344428	606503.5378735175
234654.36008777682	579933.9881875115
244633.7220894311	583346.139078968
244009.24297319146	588687.3237790784
244566.98743342696	566722.7783940644
242548.28934834705	587854.0204047088
252412.43164635345	612292.5142480211
231647.26937917975	574235.57972913
225646.30678937014	596194.0058485669
237217.00656328688	597012.1735140588
240590.50482592382	619913.9115853255
236112.24176288862	572218.5174522274
244679.59017327684	559771.9844725997
239840.4024346078	572603.2066076901
252328.6882384981	587323.1007509828
248229.5875099466	594117.7869912966
259763.08488705495	599594.9929374423
238699.78017598327	590706.7236892397
237068.36386410194	541570.3850326538
236574.28848599928	590308.6213909185
244511.58078101996	601898.5028302899
239723.21537858076	574689.314751903
241336.16921117593	611614.5964287046
231112.25288864193	575931.2000831028
249256.52990851804	581006.7003722803
229705.05233112132	597861.8372071033
243263.70390205557	576780.7007932
235923.03043121126	601365.7035780232
239099.45147366956	586991.9662954856
241380.44730180502	566954.656393046
232647.31210193768	565851.8252182258
245133.3477326612	583898.8083449865
234894.07566626318	577332.5139549158
226225.66068983905	587720.1794867145
238650.5372606832	596925.9829691768
241880.62788067432	583023.7975879287
237712.19568324077	588545.1954298287
243004.56876715412	569612.6920080974
242795.20867017424	588789.3050041525
230509.38457244798	589704.8043928546
232168.26351003977	597014.9711442532
245701.43964316737	598311.4964384574
244156.82060355722	587853.8128250424
242262.74800091126	576097.3709472024
241826.63247796125	570743.4935615156
249287.49861691197	617210.36740724
243634.57786920524	582409.1704149065
235801.90191299288	574087.5965809765
238532.04797926702	567938.6697711363
223515.46145726717	579848.4354035635
242014.98035904136	599407.0981398893
244200.4526093194	581749.2338873507
241377.8993520172	593766.4273981189
235577.36596884037	591201.5190179427
243007.71833017695	581805.9578416573
228502.1020694279	593964.1533277859
237465.06932783665	584886.8362132867
232948.61874143436	583021.0460107444
247492.91257413552	582989.9405822853
261111.56683604393	583841.9386769433
233972.46079807385	585491.6092766591
239736.7019777761	582840.2617279609
258152.53554454673	577918.3311745523
228871.71561263505	567957.0160139208
243722.2932540942	586706.132533111
247131.58358798586	556779.4749439962
238661.11216043777	599743.1609571759
243115.90694652067	607677.0630609795
246378.6603571698	582934.4610379783
256619.47932546938	607285.1869554819
236116.79033364478	562803.7895633507
235612.45879050292	582874.0034601213
232692.96242401487	568321.1268744413
245686.72233292524	587068.217440383
256932.32680168885	581962.6004142356
237218.28138687566	597251.4610823564
234947.01442203447	601040.1560999884
250107.02512267724	582024.5218025631
228644.67885195633	584387.9207908792
262530.7334131317	614168.1054588386
232366.61910046113	564716.2171495819
238235.79586017615	567791.1961298672
240194.68421437492	556641.891774405
222557.26754310512	578351.8615342826
237808.06269577294	581692.206945171
241848.34190349243	584368.6463500641
226917.9794435571	572550.8081303823
266066.16568796383	602315.1051018734
224861.17086131213	569066.6734039531
228467.91423881007	540422.9400383612
251142.88552693883	573726.4816873065
224116.54799427043	555609.7022093611
251514.73482765927	585593.04337378
235620.00482763833	589796.2604623501
227954.2748150276	567466.9944919305
225157.67816784236	592203.3859193962
236149.55480096652	599586.0631425281
231483.2601136948	566878.770567534
236319.89218461758	573902.2726861327
236474.3154022542	590426.8216882314
234676.70080771978	588452.9420922666
248041.0167461808	562939.6430487648
239856.83237148786	594885.9448313685
241251.03202311674	589078.7937606412
231464.88626249522	582992.1227392128
236126.83946703852	575135.5714404901
230273.17913100548	560156.8882398963
239265.65798391876	586584.4020506318
241482.2884880235	576551.498393246
245200.11003222794	570259.453556482
230690.66533603918	570060.8620936569
261110.98808255483	596698.6411655097
238625.07066597295	588647.1390437642
246901.94647459048	575824.2388823408
241537.21656033414	581946.3769730185
239253.79034542985	612916.1297960087
241781.03430233742	605094.0825686022
245981.0758165719	591452.4465944757
243454.27863035034	551921.9084004196
244671.84697587014	583808.6244867262
234131.42556454364	563596.4431285927
242424.19242377163	601082.9369576646
240146.22890049248	576318.6618544931
233059.59362170112	576984.2787981572
239858.35019284004	579077.9797517122
256702.83427050905	632947.1393437977
231465.2984964853	597781.1197978401
243113.87370624923	572941.5322320046
235539.08884390094	583219.5927629507
250114.9888849085	592785.8254001813
245134.84393281833	583959.0714670777
249858.71128780989	610774.7683722473
240987.87705826055	592470.8821636346
225065.66142033273	566725.1585666656
241344.64653801278	575172.268247018
230029.49695476168	568864.4301247168
251546.25006178423	573744.2241158874
254550.00696561427	597750.3518536594
243746.46963315413	574269.0848260837
238022.99107953627	587784.9938621684
238101.40573437867	575862.2483194572
249640.22315916306	582963.3362320552
253273.8058431532	617270.85095995
234490.1060372948	569427.391526473
231739.69249655365	539797.864430385
245900.68246920488	561994.2802966214
228238.96371701348	590127.4535796903
236178.2183681603	589419.4825683193
235765.14758952177	610669.8635321456
231469.7362372411	600258.0059808185
235304.78893348516	601896.5170654723
240273.8650369745	564670.4109908633
237991.61545706936	574251.0485515074
220982.35205937288	572726.0042635503
238993.74100783217	574023.0804957685
253407.42633376952	597094.3197865007
237663.35349773784	551652.3257495443
247111.41400428885	578770.7171857546
256860.99356882274	598053.6703580358
236372.67911446793	582330.6499381405
245725.14421972435	594071.651554673
237714.3160934502	586186.0463347335
230896.4968947224	569923.8431866344
242530.324570372	600939.4253790942
231436.42580783353	563751.3438324061
249256.28676143065	566929.8677674854
230430.3534545108	589284.9057051323
222983.50119172412	594356.9850057531
253691.78919777012	570738.5470620058
245117.71522301773	574141.3553126322
237191.16421874793	589354.690904008
228403.1188128664	580562.0351806327
233696.66098207486	595083.2591858984
247689.34943923942	607426.3456853149
239217.16636883776	587360.3211478624
232999.4916304596	566788.1824562501
229643.547238307	571975.8476970294
241320.30305571767	600058.7484276008
240662.67145017488	591104.7557754503
248107.82521432985	585460.7080865783
257612.34070196032	592322.2982403161
229301.83622260593	610406.9078989556
239192.37493807694	581792.789151215
247070.32400309245	609616.175145797
233835.2847779513	586188.8999756639
244273.18972110384	588407.9700837946
239958.38895108108	570780.0115667693
239480.15013761102	595522.3287186719
230847.32785937184	553886.4443692856
236333.52380071487	541978.867319558
243265.4180467496	602740.1174147627
246782.7760691577	593252.4335111211
240027.3276689013	613467.2584464739
253011.16547329462	568838.38864935
243283.27046727404	595329.9084685377
244200.74368078378	573120.3841946977
231512.35972187473	576714.4510646045
255696.93200128066	579677.5708098297
255378.86594455902	589315.2221024148
235729.10850174102	592105.9531856216
243166.07297979435	578872.3649754559
238084.01669635222	578907.3061378306
226773.294986084	556303.0183290155
242231.76614556852	588220.6564204766
255114.58050684698	592559.464851696
239371.95418875114	606196.2727514205
238488.970220306	586934.0742543475
232685.19453074207	551366.7902369949
230509.49933847928	567823.8130796235
232684.9183576163	556146.0427621488
254163.05416436912	584558.0282262454
243207.40093418944	600653.5646303756
243040.12244419887	571611.0921274303
256562.12096810417	599384.2508413558
244815.02607996794	576086.9271901017
228541.64040159358	557742.347156236
238375.15281304624	584402.2547301966
229763.78371128655	601513.4223878679
238232.72332472628	580933.3061990535
240159.69379676	582792.6573094403
240564.04824612368	590262.3361889834
231997.83402615134	583810.5475238906
236160.7797546282	592554.160067742
228137.5243728921	548221.5964292035
238016.16093935695	586128.973340219
240211.6341733941	596491.8269361734
232444.4929647615	579434.3231294437
246207.12687350932	592476.9287544861
222404.59569566033	576935.1912562165
244390.49575072684	566732.11604708
239213.79816889588	593449.8594973015
237306.72063951404	588839.9350736765
230201.15638181556	570111.5629216617
252197.07339518645	606991.2920412427
247596.37519322406	588200.6862446216
237114.3164131053	596426.4913234017
240548.03562033543	578318.3841503279
253125.71546965803	610994.0619108451
243531.6763719259	590058.3801949467
238206.76654312378	552259.7064033544
245711.53322788028	601882.0751846678
245038.2493524639	599025.03825458
239366.67583620368	570860.7226366621
232617.3455854565	588442.5858037076
245452.93695242124	582165.6280819484
229158.18496161554	562539.4084430012
230842.35203602654	585304.6388507157
246497.2591874383	575763.7238489249
253361.64934994536	596110.0045899965
230574.4864710787	566208.6345892892
234533.52878841734	590769.2326319246
236012.37074770743	597209.4446641926
232705.521205191	566800.7308846095
252178.9936215287	575235.0381739967
238082.90340335562	576902.357147927
242980.851709848	582148.0093237101
225185.15769781845	580905.2014805531
260886.79506296074	606695.3069897833
249973.97273935407	565185.0468628365
235725.67494480783	596711.3586678866
224117.5785255491	588373.1472620808
231922.68067366158	568313.8210427205
226438.50980132504	572733.6541723765
244542.41464751103	580476.3975618078
238412.62093138878	562127.7937661418
232647.29393250972	589309.6561137761
227617.81064547526	589879.5382099538
237826.69125493936	605184.4130930072
227209.5959220782	574820.6927546775
233823.20742408722	589123.1587189301
245272.57613770044	587310.3244869984
231759.9876994656	605398.1760118556
228462.26984289975	579732.5504892382
234420.59437397393	565165.5744570564
229484.87533253245	543939.683913142
262347.118667883	587321.7937787854
237263.77813847904	579694.4937292715
248595.0485320049	594245.1038344159
242365.90866705411	595355.9005850637
228477.47010177776	572489.1058803436
231930.48889429338	592401.9480111052
242616.41203224787	572403.61026767
251485.8821182994	604378.8596236764
256405.3000046218	598214.0939527483
237886.93297483632	602890.9095091498
230885.45707719118	574677.2607699883
238995.91139276844	581246.8174376193
237459.80214681994	579981.4736951753
235451.36593777486	584339.6973840231
227129.09154565266	560629.7915760763
246074.95797121435	573726.7921115491
247022.39012507495	562469.729663538
244046.80700285354	599524.2764858645
238094.2651406749	594981.7106426787
257370.34742401497	609007.2658441334
257754.45608202578	592103.4554729293
241042.3393334929	590099.4033376689
239137.59143808714	575442.4443869623
225029.5045402437	552784.1250198772
249082.82590195275	590684.966778293
230898.73926823586	572362.3965756451
239942.1390843675	554756.0899289369
231819.40107072413	578342.4417593183
231452.39004887204	573303.3613814686
232527.51211117406	550578.1244412123
246909.29843215097	585266.0049156179
243629.59492687596	569235.5061911074
235249.54385043719	603768.887412851
251043.35683137045	578593.4180592296
233753.10375448776	547831.0469393542
233768.7143201116	573749.4282826368
240513.24147780304	585175.1556520803
225981.66238800154	589406.1849051199
251576.93002690945	548680.9009381998
235243.5016289244	581681.8991690446
228319.4858403174	593656.5424118327
