104818.61935458881	273217.30754302785
110579.73690276417	253358.55979629038
106346.80591277842	262607.24570357817
101752.63455147791	249263.22086174472
82315.33781977756	254020.85785771383
105936.55532809983	243929.5810445848
97478.39755204727	254765.3574631112
103658.84641506411	256749.517682415
100682.12963252046	250753.3247006206
98234.72126150585	231288.3049511036
83187.85047938873	227510.99897856486
103629.4560313622	252362.0720461138
75909.26825652506	238343.93187767864
108963.86227811655	258900.94516716347
110548.69517406053	264917.4413649416
112259.5146716671	247730.7253583293
116329.78549512927	283133.5250994609
92995.76910749995	241661.33882717552
106771.26210966076	240784.3064212822
83883.54362040246	233344.79261136672
115360.03926061565	251631.22573665803
94310.4650023817	260301.49152583294
108849.42939263093	266382.18116377754
102399.08437726462	269878.3369803225
96755.99896714975	261995.6480071997
90764.96933534843	213673.57278032223
93199.5317839704	269545.4820719966
101643.4290958462	262699.9733266714
96296.46316549741	262349.6119065101
100147.80540479484	242424.34934937328
90395.50899529926	258507.0094447111
104571.05582795397	245971.23836029964
102536.88905221128	243508.35329925932
100986.37008952178	264071.6546311632
93573.5448055923	250513.65759301264
103013.4380644592	232083.4940603455
98199.26425658492	233835.075759417
103819.95073120526	257192.8777995559
110688.72856977739	238385.1873866649
110577.09908121805	238839.32428981696
104779.82300766726	278625.6175362168
102180.50944546689	253215.4531136077
101794.20851467812	255605.45435779606
106250.35431514545	255099.0572839993
98424.4286479574	260177.71129318597
94154.03252555197	254928.97744417214
103039.0173959586	278107.52741363255
100759.05392166978	277101.4435523736
101479.84601994127	235886.94077583676
75307.94811689033	228651.43626185547
100550.83875934499	243316.15179222933
107760.02240577513	276762.3339973371
100606.4046744063	252555.259080824
92727.99490990274	249825.9062931663
99940.98278981113	249856.19290330756
106886.7901297134	243734.81294351112
96002.6704306358	243285.9321307626
100155.16411015461	254785.3714933462
106353.6065679706	273388.30282325216
103874.49937618108	253149.7618147698
103002.94691515747	246113.4934812303
98059.6837090234	262645.0084976826
105611.0941214925	259185.31401659414
103705.59365157934	283992.1586239172
102457.81616047618	236564.89085477046
105999.88161275318	258862.70720017396
94736.57983091896	220765.67740309602
101994.84106966901	233593.98337239557
89967.88106161304	245413.12257201326
86362.04947804517	270561.87923143525
114151.14676998887	259305.19909433226
81172.42410826107	247460.43232932623
101208.4231944974	254329.46943980397
101815.68426613629	256845.7410088411
90629.2483675447	233369.18728246616
97217.87941742945	228814.38155527215
98671.81014075293	266401.9037716968
108878.32734290365	262566.32831422123
110300.37538583149	272587.4469451111
88681.90850853838	252210.3225635888
82375.17700489599	234482.93269372437
91469.33147045411	249985.19442777403
97652.51013922345	248402.5341232814
99084.13816673921	262204.4762007361
106951.65309633274	265831.845514805
73397.5792743861	224133.34929216356
104506.63120080647	259763.5141634903
113903.83581480748	267671.71624303656
103704.47741216073	273859.0258757631
98328.76595518453	249257.780523422
102725.75149795918	264524.152560619
86728.15961139297	265130.4705758996
97290.19095841357	250996.9018608805
98894.61802103164	251885.08582363473
84889.01026075386	239975.73730754005
112548.42553747373	278183.4168838794
103227.78550100961	261123.41323733353
85337.49468977765	243680.18737052556
100339.12302378673	248855.0121973782
96784.69917008308	242653.85912209118
110713.26198377833	256729.02653787963
90198.25881373319	226724.82614214625
108860.02969179527	256301.989082006
94819.66528048733	265695.45456936856
102017.80762236661	236461.51644060182
95525.84471408397	261672.69864897878
108132.5504452668	254551.37457597646
99661.21959495585	253737.69362692858
104527.28905465406	254795.68320755256
97190.81855798875	235155.0520006273
108586.43537497836	252958.13296162392
109975.55104045663	262727.4762564616
116970.12454711134	267597.69740797876
115189.7839521408	262983.3097300303
100646.14604348518	255625.70303943942
97438.97972807166	254331.87683392287
108136.47225592384	266533.9420608436
83011.4241152622	256748.17321942208
94762.19929744361	235616.62827743005
106678.41044685929	253456.98866704147
101812.00520567602	265872.1661453764
105235.53712164868	246357.87105821908
104125.46338256457	241368.93467362825
72325.4043636915	229975.93682791566
105309.2499246237	242833.20608517982
78432.65359260885	244139.03298630007
94254.31099901162	224280.7763829344
86386.09996167605	242085.74844525364
102763.67951458089	284002.273114511
85822.18371868176	267263.2692309998
112932.07028607411	244978.50437211804
106603.38472040558	240294.91845002625
110023.04367513425	263201.6583797153
97232.54774296845	246988.00946854733
107434.22704094229	268978.00758104806
97973.62552413078	270759.7301330955
100975.50176481807	239813.22308951695
110555.97968627434	253772.99226440175
111182.27049066851	252315.31767785974
100857.69217203489	250219.4236499765
106054.927570613	265558.4134278219
111030.33996165916	248185.17362142217
102328.46317490967	256878.809647111
106966.33956294096	274255.3273935719
73194.02883736196	239770.07453745903
103499.38635204385	247479.50523864417
111735.19290298254	248917.67093774886
95184.0638068443	273267.4499048754
103711.47871613421	247880.066924382
106951.78556576784	252562.63802418916
90654.97815816227	257034.98146044754
110026.03513142282	260690.65028161922
109592.98978151548	245143.8575005461
102046.70871600382	283256.6591450919
97981.42261339497	240124.1665644761
62701.98836186438	222493.9382909134
114468.92465772931	256857.83843484864
86912.88912512996	242202.74511665487
103108.74085011557	241899.26096659858
105976.21733401107	244552.79878905634
102107.50478625404	268338.4584269767
107240.75294819978	254560.2182881501
104598.50769109544	262387.3580893334
93729.1544382	254813.44432882132
103853.65386641849	252998.8305156187
103675.39439849665	253809.15672401225
98863.26227482175	257565.7214827056
101333.57006600939	251177.42599269474
103843.0071876115	259043.466561706
102749.10988670778	261826.35027796985
94404.89339698551	241441.8650517602
93004.52782870535	247146.0020247474
92283.95983561044	265438.1076167874
101833.61269484961	249613.29639057443
100733.02794623084	223269.77092533506
104904.01488514015	241209.90166463895
100277.43339207585	237489.87467896196
96490.00806589803	237393.9547111544
109884.3588243954	241314.73527347093
87912.37299606808	240202.90637133684
110551.04757776686	260878.06422057038
99979.18584523496	231900.42592577505
77132.90085719779	235454.43789856753
108905.80287124866	226319.72675394223
84688.16859740939	236885.53476826733
97910.58686557529	249950.9028026152
86097.16844060578	235646.48963918898
84504.44279624442	226322.62752792714
79844.78032796818	243279.9562593007
77883.44789506124	242742.44189598766
106089.97682103029	234833.6736086284
102005.92512064206	259494.42157536594
109037.21313398075	244161.5715681464
102333.60593241337	269011.3725321367
97836.63202724268	245151.7437220312
105415.07788419569	274488.0442192713
97439.08204048398	266530.99286702316
96832.06028380114	252514.78038335024
89969.38225223857	242662.25514796405
107416.43826355893	238155.02703882434
72978.10481106682	218770.252641576
95293.50542766918	248003.86378263208
103442.71417672609	284452.72562740307
107592.29086686086	255135.90680614213
99141.2123084277	232696.31306841277
105319.46717240161	234538.05952845354
96370.25025065517	265643.92310583056
113397.11645502088	254954.34193146415
81277.87200349808	246532.75701271015
111970.77486055726	260158.73968912874
102639.70661857631	271343.18959117256
97098.42266390321	236842.27859526986
98079.26082559071	237942.87131669745
103206.39735218331	256130.92678601597
111280.13856231299	268655.61042708217
100695.32356451498	266603.6229942449
98998.36379037585	258070.52395938797
109076.88957590674	241545.9511422604
94449.37339629579	242074.27671579615
94813.26823471273	256984.1836425214
105372.79553618177	244451.5552170456
93257.50849748062	268221.1376841204
110938.55043192886	265517.1653578719
104420.44622700391	240627.86650673317
111968.20768492411	250755.40175713794
92178.84879950991	230432.44413597323
110008.87671101642	280914.38798401895
102580.11474574087	246103.16655809502
102655.8171591097	262717.0369516356
97297.73086411413	242535.21194336284
110662.73286994864	257967.86111611704
99562.138956652	245705.6378873696
115826.36000993254	264194.51720457926
106327.87398215094	258643.28541937564
98008.00667390661	239131.4349582094
88296.28053590975	214936.24025073333
97476.99623845716	243528.18887963175
99845.1555336036	260205.9206302303
85535.76595321854	228076.83662869307
98425.07235857833	231766.52980672792
99359.60623632162	246235.18053876187
105394.59719566072	251045.45717093084
87667.09288315126	236515.42441671967
79373.75036665131	220077.67478609
107360.14221309277	251777.35326229653
100607.05299954656	266635.6377173517
78930.14112150043	234173.17092052486
106366.1521528929	262340.8108215996
94234.50219056106	253666.7190744678
94060.80089059338	263323.8160368421
103262.91267198123	240783.40075885467
91019.85612346313	249282.29321168357
98794.09914842833	248228.36362950222
79243.82076783369	227112.90591603925
98970.30172393477	247038.69538652006
98972.71803777688	237449.75202072438
103743.38374532634	242338.73949825641
81258.77348418698	247398.89417411783
67398.96177358236	199911.747014387
99836.19623237287	244229.49393817657
101021.46505362113	249604.64289594244
78052.27305703895	216583.51436285526
114572.78301539984	274755.84427767195
86037.38827134509	239098.8712356205
112664.28372575175	269234.9951434166
98136.24002032803	249400.79062852738
96871.38578941894	255901.4350377747
104876.69052862686	230408.34773778234
103958.6992362208	235043.32860867627
104320.64103857864	263402.2215054248
106483.48794608499	253941.2280817232
77057.21020201304	238242.73785876116
111420.25684664128	265998.46205449454
98717.03631595228	267759.4266186837
104287.17842751899	266817.3881813663
109687.20297238896	264984.9287718972
96849.65191692335	243713.3020910018
100609.36193672898	245622.9544178609
112875.58649817068	263083.42950074957
113308.33187316233	252941.894885357
111624.003419816	250266.40902089945
102922.79528036197	245465.90807732608
102860.17448812546	239261.64236943252
106656.40809141987	248912.91142357723
113524.26808783966	274748.527042383
77028.53155507546	242459.4224567367
97204.63975072338	244597.95075439053
96548.6261743436	253628.85937999722
105749.56905586924	255984.9589842219
103066.2340120878	241697.1498798194
101072.97849751645	261999.17146808936
85315.13185591008	220030.84556687277
99449.3315437466	251535.04487657768
102851.93647341403	258726.66749036202
104335.07651586647	258689.15649767948
81114.37292138112	224031.0376674419
106319.15572991234	242047.90168462144
80497.3702702992	228745.18920770378
100736.53426104042	235488.1622578677
98237.59137069248	236389.98905497743
104021.62656826052	253822.75841792504
97180.85322690071	244055.62565286522
84106.8828632466	256536.83666921634
81599.57397250363	217980.78319953618
102893.85488208258	259498.99197779893
99418.19040070614	253660.11683554246
100745.92295041741	267066.7658197591
102050.87075997388	266179.480072639
104215.89480976597	249359.98747028635
102801.06911729707	249690.28092617198
107906.25655038534	251268.30436867377
102057.62410042083	274277.71393189346
104859.13261478733	248165.5362448164
110727.08448645522	262112.80801970424
98760.24469109724	276208.80713756103
99938.66067910306	254625.9495029107
110820.971283374	260818.87132742442
105558.71298095664	256976.3648803385
89406.66095984066	229436.94087494168
105443.0592831054	263055.40926096204
89457.1573983895	243710.2320761216
88472.60679910894	248889.8008629809
89050.2724460776	256357.66152419848
106318.18177840396	244739.6634013007
98063.16797495584	242524.20816871975
104327.34927606673	254753.80535858354
103879.56803719184	253455.96142447638
103996.47188943005	230920.78918484258
103728.24992467569	264785.71308862866
98311.5443613026	257509.25430721787
114976.98741908182	259512.80252563287
97081.25270638842	244651.87341329447
101443.42273239142	229086.96547461732
103787.58076575375	240359.78633458263
104186.80529028864	236317.35703382312
104794.83746999328	275887.68401908147
103499.49136300312	245848.81632083433
102787.1529242177	255792.3750569505
100312.22974853654	257162.10508732047
81370.89672925705	227642.10243959635
103972.85680661544	275511.4206312915
99690.46008776827	251971.03555535554
91315.93961366222	250100.7322873147
95621.763906205	254365.47106728397
102410.56291084414	253536.27045352565
106158.74263708419	258381.31411590058
104767.28018567862	265049.9590191577
98887.47077395036	249992.07362974953
107684.47780775963	277447.47664824635
85868.59555335419	234353.40021965234
99692.05455426191	235414.21870131398
112928.78826320112	233065.11965219432
96451.0989892435	258218.70998907188
98580.09324119968	262162.2748176852
104478.18225702742	236777.45624838455
107502.90184659447	249232.74957102851
88927.42252949532	215517.80407795342
83418.5659504663	246798.521889627
106221.75726220533	235674.8687136065
108540.35164202428	269883.74007968116
105187.21000869307	273634.0699739225
99016.6046122475	233862.25101101914
112273.32592158024	265196.6133854169
77309.7580446566	245297.2231194946
88373.4806668542	263774.7355039263
108039.41240771422	214371.23182510375
106340.19114814338	244375.18139913722
80845.13610079442	223044.12292941136
107144.47855181612	250027.9360731292
98152.37760198548	242545.34431380322
99624.45757684205	280846.583740651
109003.29140838294	258289.82373639435
100427.65763625836	255043.19075455223
109199.16375006964	267896.54483140167
75103.38959006203	224186.9136743274
107208.19984951	251980.4050654153
95523.65873880478	226580.91347772247
90116.53126611587	245982.59587336172
93952.93980260857	249515.5629357649
100600.72049068537	268177.76295651076
107366.94070506979	251106.69340784577
97205.33713189495	256215.260474818
98737.16807826025	243401.27130049322
104308.31053578558	252150.72023720626
103501.68994190617	259719.2671457496
96720.30332702941	236893.40304213957
103357.6723414872	276064.31639881723
102059.65988051378	243097.20468385823
82617.85375620572	237720.70875212955
77828.45051157064	226260.5495629242
89931.4638063004	239734.37720382801
107459.6460591869	280061.559413689
101504.58522952748	238147.43571969096
102088.28784310492	262483.0968485615
85250.28563415636	232169.31722886278
101921.70499030812	255088.42410207304
94343.40171242191	258758.22050255732
84734.97109169362	246148.67612594634
100392.3597408141	270130.5967408653
107364.12089299028	270413.55962277757
100198.22245234503	260957.11588059826
108470.48151728796	250423.66548583927
105506.28750758842	260097.5771554201
91122.21944849506	239372.3764867876
101263.86082243253	239739.11142232295
102706.17430502833	255022.93344563726
95758.51973537024	249808.60660749662
100180.32945575108	267168.52688017697
103158.86203065826	244801.59968682867
106163.70873067892	264991.7936691126
106730.16862367632	254528.48653857654
80249.9893963994	234173.93399195574
106855.42027828992	273509.87303567486
103623.2493606456	256458.16259354004
102480.75580596941	232385.2555606017
100739.40601693763	256151.91558690902
105224.18814845092	254233.8038954859
102041.54888982042	264722.2339211101
81475.18417670002	214178.49345164062
106831.49078071912	255107.74960713802
99067.4119203907	243466.98690418183
77872.57585651986	223735.35362649505
107758.6715729195	246329.99151962152
98162.07147149913	259158.42020137783
104265.79932676224	251610.60997723378
104606.7097899188	258639.29140488405
99188.58223099224	255934.46187850393
107550.06764465499	246790.57097865976
86161.45399904539	231744.93152115215
105593.13266178781	257486.4557398526
104901.40130675079	251516.43653885808
97261.63613524911	255261.50195909993
78024.7989315573	252076.59374875945
107271.10827302316	270400.7429306812
109877.20652323772	259982.4657182039
109045.83789329513	241072.21529642682
103303.89614012881	277479.4006898908
100464.74211509703	248993.89933739832
103272.72046667454	245899.66751182018
93854.74780725839	229095.96054235508
118945.12397816857	273118.6386190339
103918.21107382886	258724.20471129898
85387.84482322511	242923.28601237247
99096.54451274427	255649.20981835565
115669.42257700667	265723.61446462467
107256.08677919352	247259.5020808199
106597.78961804984	252015.73366176587
99703.84524398981	274880.46640788007
90880.50424662308	253866.60299293636
106329.20830232618	246928.86696988237
106374.45391594252	251111.7268091149
90753.49774782077	214693.36827449262
111304.33442376717	258176.92012102625
102319.75660029738	233554.87192197796
101040.11059747614	249141.9741434851
109658.91240405217	243732.90317278786
107272.60856581882	236600.52869796456
107199.14100257246	265527.8912392003
108672.72505714657	264107.41625588277
83892.41960831723	241284.09292368224
84796.75635502429	246827.75466690946
96055.35640417946	229454.87882849
80338.78251292705	246622.51219603905
109414.81634339428	253474.45711158792
103214.75857775395	248449.96374447105
97484.5797802195	249204.12113890317
103127.87102908437	256564.55896049517
82571.94324430784	233421.6799746209
92225.51398228394	215520.20278252347
101845.22673661978	241825.32441173127
96080.3162690071	251883.86563051757
109403.62073730453	250559.40924741878
105856.25843456616	257028.14389542706
108544.54804724341	254944.05134589857
111966.18316733098	270074.68492797524
106521.70265377314	248335.6408513199
85340.5677971158	214705.77932666664
100788.26155590072	237283.09240177053
71851.17011421762	203569.30645698137
96924.9076334825	238655.17282858872
110710.0435797221	251673.67503321313
98463.04064187847	254763.90738590635
112996.60540532686	260614.07635546947
96572.9453110608	247905.7686083669
101046.4524660948	243950.9322865005
93128.14007818517	274695.5211700191
119144.87719540035	254763.53886922813
112827.09706574627	265062.2788053415
103816.69714921515	274752.7422941571
83392.42676119937	232782.96177771705
100774.01061176078	273803.1912282292
107617.57951727172	243041.19389214748
101080.27332618844	247455.25629684006
104020.79064759421	260978.7401036419
104983.09292362284	247680.31722032157
111468.20863886643	231066.2278584336
102944.07098177756	221170.30480850887
102562.24504863925	273354.070729595
104029.98508893099	248943.9425616403
100378.2245530336	236269.14448851903
