268926.27470014105	654602.1460085865
276338.9929788506	648846.9766431262
274421.9428106458	670969.803807728
268081.2198021059	681964.3128105793
270622.30865062086	669988.6334270155
266218.9440068932	646784.287515716
265822.7239241628	657602.7319550691
272914.5521385126	670628.8978618778
271522.4945350825	654600.0775757711
271114.78232312703	673633.4888689156
268158.93711435446	660872.5726355592
270141.5464911654	668350.2706903552
264606.18248884956	628780.1275589757
274971.4966632257	666693.7229309304
267546.9179715059	663791.5975140978
269323.86484044447	667497.9978764141
264850.4823318687	685512.4601638494
263004.4638799892	661395.7079872031
275595.35262985184	661792.6099190345
272452.22964348656	657741.3652800784
279834.3982503958	670657.1953586173
262612.29464376054	625758.2820459979
279265.9881937436	667133.2528670434
266905.4189594366	664025.7764744296
264718.8354520162	642257.8642647205
268496.93600930757	671592.0464183672
271318.77717028046	661799.8431427222
271375.1813215201	683850.8712260193
263430.26454546	649059.777474698
271828.2436418398	653367.1601553223
263564.1582258164	665936.9592691775
276353.9974925105	649999.8876543406
277792.54813434323	674933.436721844
269513.35920729674	646203.8171425154
267408.08348462125	659084.065348884
273117.8048500316	640250.6499764525
268358.12554921204	650797.7535192647
268506.0015775369	669250.3030474185
265590.97112021106	649765.1288907169
269404.5960990994	675420.4709365685
271229.809481189	668268.5075306767
274794.78486553504	654602.4728339523
270735.0778561251	645761.4348788966
278603.30024360155	662700.3006585347
273996.64530779305	684195.8558555084
254968.8943655563	653964.5963774363
280602.52212620655	657850.2581224584
258775.68663069024	670446.6989466359
262249.3755371148	646478.6410796838
259848.8134656841	646290.0876725957
268934.06939881615	680621.8434202932
273004.2714026638	644798.3420306101
273272.8562284907	664442.6016401744
266400.2616822371	668342.1432527341
257398.55812542868	681576.0519922561
274266.83902647236	643741.7294366368
265830.8458636425	670227.2410050848
265535.7042567183	665472.0210427064
274097.06340759114	677878.3395683952
278225.2551851656	669611.5461229314
269894.0449831631	649368.5011507706
274413.24484449945	666021.634525123
268454.6595912682	648694.965054583
268289.8110229693	675808.4197062986
266077.2320217456	658002.9959471128
273084.97074017837	658455.9377625744
271163.2779067904	654656.6430626933
277518.05161291396	647124.4587642848
270494.64524920995	671798.7863134491
271648.4565605869	678841.6141615995
270126.91341369983	674644.0485209059
272026.4721854574	671352.6461429233
257282.0327105451	667353.2988676743
268940.7577167127	669947.2028242002
265125.68657274736	653771.4347204085
260111.66520833242	661752.4408489763
274060.6957214291	668791.5960704774
278826.60333764006	673330.3180700553
271498.36301590694	651958.983355139
273700.2095449276	663825.0823473071
264651.49052303185	695256.6387107056
268188.9926376591	662788.5135682125
267831.8924904365	661198.7184237796
270675.6437610226	663915.4008526362
270355.4199029098	677753.5669739874
273139.5866100972	679345.7777117708
262033.87106441852	676958.5237750893
274920.1800086044	660799.1549295308
274935.70439067355	674394.731850745
268602.203129428	658184.7891911159
270042.08055079664	669249.0581300358
268410.1954950872	656725.4161214216
272752.16952036525	668600.5799713202
264421.10972395074	642183.7995083153
278742.6186251225	668267.9289303981
263240.1618063184	663895.8796536586
271810.4962462932	677376.4270999683
264354.65647354093	684166.3303377115
269607.19523536065	651048.0353250518
259152.58733182165	655734.6645601164
271633.6225081166	653230.8758527669
263423.6354349374	670110.830706286
268074.14008887863	650682.666219203
273240.11641833547	659234.758093564
275667.7330647692	652931.9862494391
267330.00768736337	651431.3124990256
263326.8162678887	671178.3260460251
272390.76801441074	680283.3335958876
263018.84927728423	662035.074040793
260578.89260265487	642365.1573111665
275860.44196822925	652146.0680979505
266158.2383962745	656377.5561055819
270846.90674483916	659143.2017581468
275094.32705408055	651335.6336116017
269556.5902546156	668272.4455666126
272064.80391462584	682260.4561028031
268303.47214861726	670199.1086887163
268828.09627930773	650965.0858041442
259451.05161983866	666531.2892585634
269756.08833793155	631773.5520504334
265692.3629774638	663962.4269347144
274741.48975390405	659066.384317933
267550.5192926797	658451.6539219432
269768.6689661719	657686.5043897834
258175.20909366806	665846.8076497002
267808.4434250089	647913.9248231277
266382.61096738937	658902.3537648983
265439.48331881984	660341.673337002
267761.42566782446	646444.3454832451
283186.8687304518	703205.4638898816
281893.01595859695	648192.6874912109
273323.2094764167	646575.5805405533
279603.0690177338	634757.5964385165
270898.2912085802	638771.4173360659
272778.57712049497	685179.8696872815
265592.32966683863	674350.5979675849
275443.66833180137	657865.9330493389
266239.75017133635	641402.1786680985
266763.8598422716	667002.7009719465
266163.966366205	646017.2379828896
268853.6431516025	675230.6988303876
272034.2261605772	642249.4350991298
279997.25706573296	651031.8943148436
275160.05292255734	671182.4504267623
271226.4794410731	647464.6987304532
267773.34119272715	650951.2474792933
259233.7014697426	656421.0358252353
272043.55689281016	656324.4595263484
272107.88381173345	662546.3430336376
269114.317622132	678392.561856655
272391.2356746887	674337.7780274036
272885.4937962062	674849.4134675406
271346.51419373613	660906.3561927188
269366.1613623225	657209.6588402501
272937.30207315733	649379.4381832865
268979.60162361944	671997.8502600301
272154.1226292107	666922.766979696
258822.66428291495	667678.6534903515
273937.30394653	663278.6864937689
269953.57382507424	629680.0830724981
273202.9509050924	685726.0972743784
261168.8907134889	632970.2721854907
267738.45181848854	659156.9889012981
266581.6565325584	675434.2266620878
266515.6553779782	674387.6196642076
265753.7729802057	667249.1433287706
275360.7895142394	667610.9822310145
263649.8054778195	655513.7049757377
272924.94394349516	663264.3931070351
274439.94741737656	646486.0749057696
272802.5088018554	667442.6564487043
269319.27524156077	669779.8051760967
271066.18856454035	667689.7471239713
269280.03395912383	670442.9706243573
270643.1548063172	656637.0598546913
276585.12690041366	690690.7516444552
267652.34797733155	663539.0157622322
262686.9553796688	669339.9253203662
274883.9133429935	649594.0866020041
262543.83896474476	644857.6653815054
272481.29890388774	649628.5622263653
268459.3410642973	669926.0211439265
263275.53289097646	658645.4468856484
278371.15596904093	667404.4177303542
267880.01285568986	633564.5927382864
276052.1282905348	655908.5818979773
274643.81273352343	676284.8502109237
262940.55054195656	663305.8674237381
268456.5248863222	661055.222728882
266928.74515370734	650343.0922235863
274329.89397007145	641966.9022676421
257057.37060137274	656960.201369446
264879.9814605372	668504.5255092357
267673.3467202848	669289.1225675587
265301.3241456577	669894.6986364585
266848.0597418249	633552.8520046838
271867.410670651	659607.2426000211
269552.18309732864	654865.8839473742
264098.8603498651	660544.862476583
265017.7194171873	658388.3714650307
260509.59022577418	646515.4160247027
273290.96215951187	671460.699207399
265259.01741846214	672212.8641593257
268107.8618234608	652761.5962689221
269227.98405916884	661853.8430875058
265636.86159773736	663165.9991270027
261875.81849272756	690311.5389813458
276933.85184070835	647586.5725560361
270493.93349870923	683151.2544210878
277744.8042374545	683757.621179351
266998.2836592053	651771.0028830463
269651.21646013315	635973.1500858257
257797.98070028293	666144.0605938722
268994.8090697926	654882.2367014423
273066.1649161265	681515.728006121
267629.4362178373	639767.0699305248
272132.87303156545	658071.1432040192
269750.4461066659	645089.8838365185
265091.619401282	663225.9810089953
260820.63586497208	650031.6079577839
263205.6794095217	654714.9144060942
272468.6550868006	656503.2210976307
262694.0412910874	667766.9311751996
266821.54385083343	660820.0454268113
270475.68871080864	654994.5563108288
270200.1369084893	663953.3640791969
270706.2750392753	676004.8345723607
258425.750197611	669988.6882976616
272864.9612171071	666641.448447949
267503.0313507827	629986.598583421
270943.1591685924	665001.8227625822
272568.97756226454	667881.4015659597
274591.68943016115	650864.0258081714
266336.90641035186	663408.2116707861
267026.675504239	643338.9264203901
272999.1167370031	660475.6817705953
271121.3380452028	647776.1922441514
271364.0486302855	664342.9864319947
274879.22839887347	677510.8472959925
265180.2791024711	657326.0688890506
275722.7708954159	630156.2647047103
272479.85801529314	663211.174193461
267374.15414133726	648634.5657292021
270437.1588227344	639339.4281325474
273607.0495405749	656644.956842019
276538.6202970133	638616.7636241689
272336.37430173927	680473.0015879304
260671.31764609172	668603.1220706743
255849.5427049686	680415.266536555
274467.3313233363	669776.3946265278
270183.2783757872	665867.578824932
263733.3603601392	661627.6526476532
264145.8416491612	633652.73314644
255585.53759916816	654762.1656147054
269226.1153247638	649510.7186068464
269812.57180730626	685694.3043398078
268702.45925890154	655312.7150996763
267380.79798720626	667844.0162708389
261993.05711412066	641943.2350899293
267166.2670029062	646569.789395436
255328.1728693503	658602.9415435459
269506.59687097394	660793.764390597
270743.2262818173	659803.654827336
253851.05922178976	649825.8090564413
272215.6882715674	665011.3097090605
269598.4611944595	657743.1686019681
268961.1962304594	684066.7798306161
278693.40651786956	638673.7657121527
271338.8007273384	671786.1577363109
264475.5127148922	671602.9825152648
269381.6238835019	658014.690495703
263038.2795420702	678335.1266254678
283154.4605009311	656154.1131702847
264291.5327746406	661420.40470365
275932.30917360575	676788.6489513585
274804.2242734395	668658.2719925551
261851.22755457193	637926.5688795701
266089.2807422554	677794.2503083834
277209.67936532246	647607.059100609
266246.4422050165	655447.0287338605
264982.3914576021	656434.7721801265
273999.55036390026	652041.9385793868
269026.01522663905	666730.6701716811
269137.9943729291	631882.3741975029
271958.0462134168	670768.2612029123
266022.5085439567	650381.8964823246
267309.0669110137	653219.4490112999
273731.2195249081	654028.3289145329
271082.6108417178	654393.4423559245
261655.13915627828	642589.667038427
278101.086054335	673009.5879586816
279859.04429078416	663060.9233012119
264527.0696862183	675655.7673873652
265179.29148825817	659018.7463400939
268311.2016228556	643052.617392424
266340.58725612616	661205.3904431079
264877.7681639022	634884.5122980713
266623.5385010565	661549.4349215983
273909.14593082987	657768.5296544908
274067.4359077491	677991.6776489565
259797.455054327	668585.2587863926
266081.7340759228	650818.0434239288
270160.8882496591	680984.5999365334
266930.75856380234	641612.907504777
278715.6368510797	666849.0621820174
269850.3545733041	664469.0212576969
261995.42921857405	648707.4586513349
265150.2177566319	659332.3073979523
274969.55381321197	642018.6570547306
274846.42051423516	662650.5306860644
277450.70245037426	648890.1591353258
257809.87361536993	652088.175177143
269167.8688089571	687957.884278195
272043.1600711813	676219.7831242104
266894.80604843365	656690.8037225228
272251.01478359394	688200.4086817836
271795.37063555256	647574.261581072
276001.5050518672	678239.6675568172
260117.64647697995	651758.7475877117
275981.002112822	677206.9668059604
271056.12088336155	679835.0119190388
269614.190637752	658337.5799647057
283895.92032131896	675882.3797925969
273768.021266802	644672.7315955323
272120.11704055837	670359.1040892795
268261.8943933293	656682.5401170587
285943.3261295599	645100.8874795234
267126.95998743316	659563.6985475104
268518.31676368485	679424.1967961965
276671.9780590229	664786.2074120174
273611.71478462435	653545.2667270212
268986.63969243434	653803.9290178367
270530.55996987456	652780.4470791604
275991.79137260787	659495.8066522377
268667.97736175917	638903.8084912368
268544.86156384065	676448.9210333547
267673.13924634416	659611.8944023892
261131.43951961503	694412.56887154
263381.1240930533	672809.9909110771
265749.0613583188	667616.8712396377
280740.42361859186	681128.3118280192
262914.93611443514	652394.5718660606
254006.27445507626	635072.2200910805
264372.7790286662	666739.5469664647
272265.7304256143	670066.1701910149
261732.6270380562	667105.472011964
270463.42001926375	659069.3401813154
260997.9614356317	663644.0338200575
268792.10299543163	663705.5504021778
263277.2832080059	652309.6343556031
273663.69964967656	655625.6748508906
275020.0503648984	674984.8633062143
266615.4340529794	652380.8093685166
266661.16508635593	661111.0848841907
264228.8164340386	665245.7315898186
265625.0542805356	643918.0518380133
273339.6698886017	646187.6166808266
270450.26574653096	640045.485318301
275388.52089752327	667424.7909665722
274765.86656312854	664255.2815694117
277504.12812763173	661266.5989581454
269827.59057020734	649128.6300988785
272398.7769286367	682025.4120325814
275342.6554869298	681710.9266000161
256984.25069220795	654648.970532092
277659.22053257143	645607.2523282114
277262.5688746552	675620.0948738615
266423.30590287404	658359.9549801573
272842.37299482373	683710.8023986877
265795.43023744423	657778.0000046403
264206.9032557208	645878.370575245
262134.764613217	664197.6643392844
267164.263944955	653682.4114362132
267597.6448736503	673104.0195143396
274217.71293592197	671665.5463413205
270100.8277057749	646578.9983506039
264232.1773616844	657354.9879779962
269422.58148297644	685968.3136665476
262766.9739389714	650243.5425901264
267820.98483998666	686031.0980409251
271339.0317606733	668482.003509748
270039.04869612085	671110.6309491682
265805.46773268306	652062.0056153709
274502.2950480549	644621.5469566234
268328.5477775666	660347.1019159134
269418.2998034082	657357.8711293708
268128.9335640844	671770.4049388282
271393.5766044998	663097.078097338
277158.8630627683	648324.5899292189
271133.1922956739	659758.1117463916
272639.9321492644	666989.1744201662
278458.01917758613	652624.6862368861
263356.9534211743	671303.4715984255
263020.2267930578	666196.564068204
270674.7574512173	666353.8218157478
265239.88482124783	655998.759322117
268115.52195097064	641904.0957232905
270311.87872258207	651628.4909064509
264864.5057771391	671698.9499599154
260526.76173309365	675330.6594909073
267375.34780370595	651499.1795823569
262294.09087779943	657981.2839587145
273439.6787083653	644365.5951820294
265836.2872266328	649959.9537531836
269275.58682539605	673045.3715552076
282052.62074426695	666510.7730890434
265721.5742657428	673860.4653306586
265603.2086426573	674844.0338428735
272962.49767558556	663067.8313876422
270153.1735835837	666577.9299182685
270246.5345499725	670304.9938213257
264662.8713893025	646350.5956452377
265412.1959031736	653585.8759850371
264004.9549907384	664775.8373496649
266679.06242727756	656256.3494806467
270573.1159526002	663533.8092407438
275935.41547542164	654236.810931789
262334.1907529054	645232.0150179161
269343.6883751167	678021.2081609133
269571.0180584365	647932.5849361147
267047.98635890905	654631.0745229488
274998.8409705716	636866.6494136063
264533.27731610485	676039.9700359639
269235.62121822196	668818.9755307666
272212.2769206519	656307.5073716785
272246.4980620809	665780.063584733
278326.71043560037	640991.9131746131
269460.21272165567	664186.8849158424
271810.0242450594	660191.06505072
263415.7228141791	673915.1158795613
278900.74269440083	656007.0110058906
265715.47727078	658156.8968805671
255336.26741474163	663457.3016051169
258883.1151904355	659925.8539468959
276975.6840947427	666371.1190262632
278836.2689899568	632836.0553351188
271799.3586952636	676344.3870566171
267119.8331130347	633049.9095968207
262864.3279339829	655808.924100396
268462.10169674706	663804.6816226728
277763.59143522865	665069.6529122001
268486.16082501085	675118.9229846196
270253.86009157787	663104.9488778017
273689.21644944395	652798.7267703402
270703.42939926207	662051.1850177754
274157.9582159464	659908.9363291917
269183.79454767023	648182.3602584659
269166.4019198331	680805.3138700762
271213.94396022835	669358.9346068647
269556.9613146548	655816.6186224316
260708.4618100769	631660.9926968617
270735.14149570087	655514.2098240783
263407.4857949293	658124.9452814902
275873.7369719571	665002.8857146589
270860.89995291946	654735.172230881
254964.06448771793	657264.9073723482
273650.4199283909	646885.9084833964
263510.9866844491	643888.9514220883
280223.82529695425	669884.4511828127
260739.72971298403	660836.9346099601
271683.96483821096	665573.5887104301
255103.69624253083	660123.2141255962
271103.0794794181	662640.426692808
270207.8376220061	650968.9664430318
266529.3716226362	672436.2728707504
263903.93620053615	674225.001054043
267715.78783934936	630521.2290994133
278684.5809128379	673511.5202750624
262511.59032654273	666542.9708143073
263207.7327141507	642135.9629277136
266019.4351845718	648859.9986955742
270126.92837735265	640278.2044406398
268387.15219791443	629935.0578436918
281349.99740382866	651246.7342079171
268636.72472387843	671668.242225538
258705.71348169286	672078.1559162363
270220.43208306417	671724.173959168
267743.8722205735	688035.7083946132
261243.90390950922	645930.0829925174
260236.38393972753	653225.6222395755
267138.9216795424	649471.3493954418
269234.4212654736	665004.10366011
266775.4407408631	673777.6512992983
272132.9256107065	655192.0756651156
279485.5113663061	672696.1709725787
268306.240531537	672741.706585574
272256.12695635355	671018.5592774985
280229.5061529115	671859.5235988243
271011.21535768197	672162.555158197
268518.6923156275	657152.4801190434
260088.17392497964	647111.0479214074
273350.05262045	659296.6151957943
261839.72661668027	638850.1748402093
272205.6313718729	672521.4673835678
274647.33783599554	660207.1362189371
275901.3907632999	654529.7706058226
277069.0499467992	649358.6566707933
280333.1546910127	652386.5875503853
265676.3526660373	647920.6302120262
264862.3846745039	657166.4815625027
