1705.5725504609813
1704.9053617732388
1684.4882022422362
1693.342570271503
1710.0971575203298
1705.392450861767
1699.9475523936637
1689.4903224223237
1695.748550487191
1704.4664860624798
1698.1537907274237
1695.5088400806849
1704.4604661124736
1704.702824171803
1699.07947039435
1706.4109070934028
1702.397644150018
1688.7989433708601
1712.6525000691454
1705.498676750288
1707.162593826766
1665.6087731467221
1709.9576571391735
1705.793288208402
1698.1009494758496
1708.9322837759858
1703.8159723524723
1697.369260591259
1705.9660099777732
1699.176822109937
1707.649701738821
1702.0487205954983
1702.0890349112515
1699.987025845241
1704.9531964526334
1704.2809466616136
1656.9183137036848
1705.384589500964
1703.936856769078
1707.438029790261
1708.9146079801121
1703.093594682236
1690.30237112056
1709.2557636142794
1703.5466056106893
1706.176146945787
1712.4000272755254
1709.642342452595
1686.671889278226
1666.0726117415732
1698.895464649625
1702.728344714446
1706.0673051746048
1706.2774563485425
1710.1150225356796
1704.8339526953987
1700.8260229121402
1703.4443057221147
1694.0633553971131
1696.3286191574912
1704.5987907550716
1702.5351763886702
1714.9477791339218
1704.5323364626508
1698.731332167301
1688.1659853677802
1696.3316987134995
1696.224323871859
1705.6254980581468
1702.2313391812172
1698.4716754290553
1688.8177046871242
1699.2232228659855
1693.441163305018
1678.2888932953854
1708.455920034222
1676.9496596919776
1701.6245650547082
1707.8305565367425
1696.668706361906
1682.8498099064464
1687.1306000140003
1705.7632539145377
1698.0998915118867
1701.499125853526
1701.8055664307062
1702.9507262800546
1706.7268828801211
1702.0114819881978
1702.2584086216336
1702.377584714719
1641.5538248130965
1706.3617416723541
1705.947624559919
1709.2325871094715
1705.0254926639952
1701.746646018516
1628.8257213710153
1697.3261582762386
1700.1818513109497
1701.8540824565098
1692.0508730932727
1702.7750509366742
1685.7153928519597
1703.4035609962084
1701.3643111477477
1701.7845854646584
1689.2892779203348
1708.2308125820937
1684.8108671554905
1701.7174724957076
1700.5141591615247
1691.6126349992528
1694.4549925254655
1703.7966852102202
1699.647866197065
1705.2050355373772
1674.9813252201166
1702.0506181709557
1697.7826704380814
1704.2304408126229
1703.758135494787
1697.1155936288121
1706.2805836144603
1703.642239849631
1692.138199142949
1670.0468602555366
1701.3963375443582
1706.9300230458152
1717.3596268460515
1705.2576021570887
1705.8558825066748
1701.854228095061
1705.3852313576294
1709.6188106993395
1704.9951613006906
1711.536356781662
1705.4172585492156
1707.8888429872768
1706.30056589388
1705.6944275367744
1697.0744096000567
1705.6853033494845
1697.18765154729
1689.0121926057818
1700.1641491689034
1711.180781779031
1680.2145744558065
1701.7157872427729
1702.1263539063293
1702.5434502388143
1684.114503795907
1705.8836053854732
1709.5258530345595
1695.792802236623
1667.6523026002437
1705.0765505370055
1693.261301693589
1705.9581300788332
1703.2708892840417
1711.3261339917265
1703.8145652887074
1699.6004714121855
1673.874824523145
1707.4022961565436
1709.5400559909103
1709.0604179977886
1696.2361291234333
1710.8805799330012
1701.1581477587965
1706.8341434997137
1687.7683642725515
1708.6084930209236
1702.3607788187292
1690.6952759076062
1685.759842583394
1702.5187423093532
1702.8102584883536
1706.7560615346738
1692.416867061237
1704.7067944424693
1702.0969760176267
1640.3694266179423
1697.8581317354142
1680.3630654292897
1700.4585423991725
1697.3298515582587
1702.3202821352563
1641.4488087660993
1708.1454825471062
1704.037633165068
1706.5128961585383
1705.0693722613337
1695.0077770607518
1685.6942077493406
1695.4681896133748
1655.4297356232646
1703.9861363270875
1669.5587625998896
1687.9711280106253
1670.495830342179
1703.448592638689
1697.5614973274348
1703.3972561993908
1687.2242628069648
1698.7654209199354
1699.0185330775944
1702.1249930437007
1638.7517923129085
1705.5694019039477
1702.6061532190447
1711.8496424762207
1690.938124883792
1709.9010785727628
1704.6023164417097
1708.9747167330065
1694.9146539676594
1698.9135448798768
1684.106338768036
1702.1872613713035
1697.278064660648
1702.8961258784316
1710.3577757252351
1679.7248757178845
1696.7106620127565
1708.1139048638893
1701.4643202205898
1704.0026270993146
1698.9598437682816
1697.4453699771334
1700.979321050588
1704.53217005949
1709.015683579816
1703.7889482140172
1679.0435551778903
1696.7934389938036
1698.7120118958019
1696.8460631850855
1701.587490905351
1698.6701479778174
1697.5376221487113
1703.498966004523
1698.7221527898278
1667.737826580336
1703.0100351388849
1705.4365895225565
1690.2863600565115
1695.4744537898578
1703.4066540640774
1680.3465355875942
1702.0271578940592
1697.5281609209646
1705.0902561766275
1646.786348842706
1694.4340460017143
1701.9918642260568
1700.1996133982398
1643.7901374436751
1638.5242590147936
1701.9934352718305
1705.8852224351817
1649.086183678002
1705.6457762949253
1632.835551972114
1709.4188364569986
1689.115902626746
1699.6419345172628
1702.410403209667
1694.0880103131585
1704.403268947604
1685.7973574242005
1643.4118911856965
1707.2600231845327
1701.610398566794
1705.9574720840294
1698.1602446869545
1695.6529675423594
1692.9324028550282
1709.6774759616712
1702.3215752042222
1702.6097236186577
1693.9761804663935
1704.6715123927834
1696.9645468890776
1697.8332701014149
1674.8679136087155
1702.530775928829
1702.7978462436158
1700.0016955494516
1693.3550579935597
1706.815624503922
1690.2468719476942
1704.909032080357
1701.0203535132896
1700.0969397336085
1643.7576596332701
1705.4014559235065
1653.9094408009655
1703.3787155980012
1704.7119911980753
1705.3303818284876
1700.8352947875821
1693.45732134329
1704.571548417879
1697.2900059999115
1701.0677314898633
1704.9364410942562
1698.2919977441125
1706.449006720391
1707.461449548049
1705.7528660189325
1694.0599521919164
1701.4048123282018
1707.762448416367
1708.8747277644607
1700.9300689377737
1716.3387064493882
1700.508361519991
1699.043809354349
1702.2010256597973
1661.2287898105299
1704.2663899548793
1704.7120968118984
1705.7569136600619
1696.9656252821696
1706.315741966942
1706.5961321029745
1701.4606436193303
1704.1638433986295
1708.9151667678193
1701.7608132964008
1700.2830855887937
1694.6818262379784
1698.4926450027347
1697.6268374215667
1705.2521334063817
1705.8838546872316
1703.806058767343
1699.2757474414407
1663.018882895089
1701.0051754728765
1702.2272042187308
1709.9963081282235
1713.652262490176
1692.913167132983
1702.732581526633
1701.3767301223374
1707.08342241745
1704.3996154892561
1662.1279425329599
1705.8419493135054
1705.428577919674
1704.8612187695571
1702.6869746190928
1708.2799601587112
1687.814529489417
1707.531627782908
1666.9960359015397
1703.6502214049578
1695.5548971900866
1709.4110843920598
1701.2560205021596
1706.293923613053
1705.0155507029876
1669.4568173957239
1704.9726607823513
1703.3951411905036
1694.6423751169418
1705.3010077615613
1708.0725649858016
1692.321319607645
1702.7070403747502
1700.156651072996
1702.5555722051236
1693.291512034406
1703.1767059119659
1694.5430730678281
1654.2496788065553
1699.7995464594337
1708.2155039922864
1695.2153177814093
1704.1001687521612
1700.822988277378
1706.9843246687742
1676.2627450422979
1705.9791753077452
1706.4824186205033
1699.7935084566252
1692.1672043174567
1702.8127976725305
1705.3917750218823
1701.5662846887822
1694.323944983907
1703.3693505756473
1680.5488311059166
1694.0303730761016
1704.590610689142
1686.3296730766574
1699.672753901622
1698.7723824272168
1705.4154671435715
1690.6164157534245
1703.050467215835
1690.4205204714733
1680.299848316614
1703.1813699323166
1701.8699187828747
1696.6998360597029
1700.1906891601507
1692.5680138827352
1700.1705016474407
1701.6066708683868
1703.09686393227
1701.0290808330465
1685.015281199017
1704.8646537530062
1699.9408577398563
1704.407832237796
1688.1046259461193
1705.5188319390004
1701.4968991852606
1702.868877154545
1704.367714912741
1701.3984889271946
1699.804008668721
1703.2362986908843
1704.6125708567708
1703.9563300982
1702.1162395910374
1699.0533376790827
1700.8229974516696
1706.5804688264288
1666.2883572446221
1702.8338856798994
1705.7098104260344
1702.741512086556
1706.130841043885
1704.9230977865777
1703.5115609665947
1693.4961599687726
1712.6078944876185
1692.6504947054732
1699.864663701836
1703.9156203454509
1704.369525834873
1700.8732721620786
1708.1450255095897
1706.8157513635347
1693.3790151186054
1704.468965616808
1710.3706432806687
1666.9610364618093
1696.68757001753
1699.0455386426834
1700.8001006561753
1707.9793613421057
1701.3051278078162
1706.0119180492652
1706.3448357535099
1663.4774301856646
1690.882435052099
1710.4701202740043
1701.1576736764873
1696.560431770738
1682.1338614476645
1704.0661261818223
1701.2725702761036
1691.0212771733136
1660.1206300171343
1700.1044330011362
1705.1248189047192
1706.6904723645398
1706.967197291643
1700.8703544223154
1704.1118791400877
1704.706757169556
1704.8062491684295
1690.0153057692778
1666.6361771049415
1706.9747222126866
1698.6352232353074
1702.7514057856988
1700.598691204515
1681.2477295905805
1690.8582305803948
1697.477375810875
1702.437045837421
1702.8624596040986
1697.3133474681204
1679.7015240661467
1699.99118306295
1691.1667473957548
1701.1561035239465
1704.1294851234456
1700.6486895717112
1707.5396721920492
1703.0858148544066
1705.5012379475104
1705.6760253431426
1694.0587455901828
