2467.345211454068
2476.2289380553348
2468.39896457954
2468.65572015918
2474.1954970127263
2470.692416994867
2467.8330447076937
2473.492258033686
2474.2489326612317
2473.525048367287
2478.379577769555
2467.9435473797985
2473.84823449575
2463.6551784620224
2459.904803782501
2466.697790887565
2460.293847313221
2463.2648778184857
2473.0067543467276
2464.654296914588
2470.1051914024147
2463.910289465408
2470.8619257318437
2470.5065983251916
2461.728533990357
2484.8693060549294
2474.625588944356
2474.1307784032406
2474.106574410126
2484.867601424506
2479.3895176680335
2464.894038750489
2469.4074507480877
2466.4134082836254
2467.812367485224
2462.663488893185
2465.474524521605
2471.024000732572
2458.7426481088546
2483.4652285456445
2477.7916983613445
2471.6873609566946
2467.304902338445
2484.756652780165
2468.992470292037
2472.6147721347415
2486.0583488851908
2478.9682772665865
2476.920810923437
2466.0759801759295
2470.129711383779
2453.5828049205193
2464.5281797253892
2474.4411309785705
2475.4882109084715
2463.3048269402343
2477.3889508657035
2465.10087777097
2474.697348796853
2464.1930557995297
2467.8538725938106
2465.45633883319
2478.9309200592597
2473.177350302582
2459.906464909841
2474.846587179547
2467.8388648987193
2465.75705914663
2467.05278397066
2463.0496396324475
2463.190343863749
2476.877847619934
2464.9034393030674
2460.0632173296735
2460.7036588994442
2473.458772777367
2456.870462177409
2468.6835227888578
2479.311183696126
2488.0785125163834
2466.8626255700565
2463.5870140086317
2468.961664137645
2471.649911624607
2466.8343289830987
2479.3788777069867
2468.6381359669354
2464.2574745679435
2471.169310847158
2467.559936294662
2467.556709224891
2483.6595694846674
2480.2854854178368
2467.7815215268006
2474.9280807232167
2470.8276276199285
2462.733924630771
2467.8696824199433
2469.1417719258206
2466.967996514529
2474.8886669523736
2478.591611942771
2471.154056261703
2465.56623372063
2463.3898421441845
2463.276573926367
2459.5983661260116
2467.1396821483336
2483.8701021841803
2461.463944560747
2462.7158027210553
2472.7679750565494
2458.023643589161
2465.123764443193
2468.414934528173
2467.703679473033
2467.1572696175203
2472.1591500021414
2486.5253981910664
2456.499278146023
2470.681741570046
2463.1700041223353
2458.7206120943265
2481.8963765020144
2474.173888226276
2476.617187517538
2452.89620270878
2459.5944393059185
2464.6427029332717
2478.9416155765334
2469.1911344551127
2469.6812992712603
2467.4681889999283
2471.867897726238
2476.226060742956
2476.3718713760372
2467.605394430768
2478.8723529678164
2481.336430876271
2472.4074855299295
2468.5011560840403
2469.506442844023
2471.455283561335
2460.360806902272
2474.3334833767094
2465.084416125676
2479.5642267391127
2456.356127491981
2461.5994058196884
2465.3818227921734
2460.4638992819073
2465.2011470708785
2469.20771030217
2465.6219178952224
2473.682561555402
2472.2695410386395
2465.170008534101
2483.5800851641307
2468.599794932785
2460.1453993362784
2486.150817939467
2466.345086573543
2466.5888157564345
2460.4535458598984
2474.0256352510137
2473.4780955838664
2475.365562731169
2457.5372597048427
2476.973545306354
2469.744769099029
2472.87848987524
2473.6955304944895
2471.8580336220116
2460.365410656378
2460.0959341221087
2463.402959963108
2478.6463608975787
2473.960164758409
2471.69323074923
2474.9838294770607
2472.0406310647063
2464.8347094140463
2470.6107657041
2466.1893664249515
2469.742843360869
2469.5844398091804
2477.3600192114736
2478.6890850328155
2467.044565657466
2471.0885100871074
2475.8854791213953
2468.9953600152276
2468.276058704402
2475.2431406623473
2468.6161213263167
2464.456135651484
2484.0352509912855
2465.857023459296
2471.6831033656267
2468.9421093891724
2473.45447512594
2464.8336981667826
2461.534747802524
2474.9983784232495
2477.387170722985
2464.6201475945586
2467.577216648724
2463.5073127451155
2479.772697035327
2471.9666758578587
2479.15916474135
2477.8861475474996
2456.302023763039
2470.6333705265424
2468.4710677607827
2478.352800665927
2458.4112299448266
2462.7977936384814
2454.6366456556857
2473.1495452838117
2463.671155389392
2464.5355293866955
2477.257926607318
2472.792507072498
2468.4201703069602
2469.539082644634
2465.1785003757673
2465.242847824383
2471.438541900805
2476.3084161340803
2474.7520774322834
2476.7453067525685
2476.434923115811
2462.8362566864344
2465.4084578093452
2462.1882820345118
2473.855408823865
2479.991934705608
2463.3147148716857
2459.019754625127
2462.134074145691
2466.7373677119804
2475.133235227504
2476.2874495611654
2469.311416109521
2468.6774961766614
2486.5590474147666
2458.791746785908
2467.013551453164
2475.5368172141534
2470.252191025994
2456.483841857732
2474.348857522175
2466.11531701264
2466.32307777777
2470.580334361998
2458.721122082713
2469.140969826597
2469.5588814770877
2465.9133254074886
2476.372639117271
2467.235246479736
2467.5063092542587
2479.5265290117422
2472.6008261042552
2468.958278125928
2459.473958532566
2463.835695213922
2468.702169279112
2476.3171266148183
2473.537546955645
2472.808300520438
2468.5208480184906
2462.9850867854225
2474.67552243713
2465.3173095492093
2464.262589924616
2470.5206090727006
2470.3473253648035
2462.4080741737107
2472.2576312002393
2457.342149407716
2469.3573023398367
2464.686640318885
2466.6441778233575
2462.1978402915943
2464.360199434767
2466.238415797085
2466.4422404200186
2454.1643477282855
2466.818422867359
2468.6061693342795
2471.1930084230416
2464.012371010298
2461.7398134056484
2477.764251620274
2470.6174710551936
2485.691425885537
2462.566260722506
2475.093693807602
2469.784267975321
2469.9372315772025
2462.182638554268
2474.2694509393077
2468.839849299225
2465.2108217113755
2464.6423674896114
2466.8621317376974
2474.7521354757264
2472.018425320066
2476.4183098043036
2467.603534088233
2464.725339224759
2474.431763433337
2467.6452110421014
2476.9078036212773
2479.375157990145
2461.364280663817
2463.877562218513
2478.6743649232503
2477.705414424249
2471.735025945878
2469.9886730423514
2464.528137579226
2464.5266654711922
2471.724584845504
2484.100296427551
2456.861868067573
2460.5119343864753
2466.273727372252
2467.6747283612867
2481.846809850541
2475.3082639748823
2469.0930929886354
2473.2270980657468
2466.9317706623606
2476.9230463158797
2460.67449714625
2465.24476123762
2460.717178446686
2463.139200976215
2479.9009232347553
2479.402848813463
2480.0231887122354
2473.184313477885
2474.7101040052967
2470.884299726773
2475.5076950157627
2465.2750727024477
2465.4430592116473
2469.350436461229
2467.989885750252
2474.18163529671
2471.4644286922344
2483.136252668218
2460.6008258064953
2478.6828789666683
2475.6948802063125
2474.400938375052
2455.973236908272
2469.2064875160686
2469.189153266086
2471.59482850519
2472.0456421212375
2457.779662335181
2471.357915689557
2465.4681420743354
2477.500589505087
2473.217955431629
2472.7962823623798
2459.482261809574
2461.328894718394
2457.8607015326916
2474.984769969068
2470.897662178694
2488.5387663408
2463.417458053802
2476.1610722381956
2469.0683318403107
2472.253644162314
2471.143015465628
2470.899758920342
2480.0500390239977
2478.9844922030097
2469.402878869413
2473.3092571854913
2460.5251110615927
2460.080986778734
2471.427933975947
2467.8075329375415
2473.842023163672
2468.5808297280087
2471.7530567875833
2460.651821060178
2479.2059583775863
2464.32757468858
2480.0993666605045
2479.5370217638865
2468.2117220918044
2464.9091927878585
2473.0028234573083
2458.615574479542
2465.3868915717603
2462.262500955608
2464.6577816533145
2462.784382824164
2474.1783436847754
2462.7344050099014
2464.1118236398734
2470.8265407049016
2461.6731406984322
2476.2021636500085
2471.9688067008296
2472.736431877173
2476.7240359330626
2464.6168540259614
2462.071082788235
2476.6794657284513
2474.6300403178348
2483.5623356842425
2459.760274627796
2475.7838846100085
2476.044440618166
2456.05177576778
2475.551343433818
2464.366628658995
2470.769916371888
2461.797791501223
2476.2527973604056
2456.1699745066862
2470.124944687877
2474.1175844042455
2474.2695738244456
2461.724281081715
2466.300318429704
2463.126937909538
2466.6843179459256
2472.691281729337
2462.712625640277
2458.7201511780995
2479.9071325840996
2471.3312369939313
2462.737552013693
2477.8148461110386
2461.596010545394
2469.5479594432763
2473.533224857876
2472.730185600828
2472.782551852584
2466.6443396165496
2472.8425625980753
2464.6065244596457
2462.437602376063
2464.229300329852
2470.909212038999
2470.4655674915693
2465.246482012468
2469.3765973119353
2473.1282588292543
2474.6285978147607
2470.8870258370807
2477.5252582984554
2473.5043112864955
2458.377611848523
2463.407889288659
2471.866091807755
2481.3431946849482
2464.3509483578873
2460.0942091101933
2469.331621539889
2467.5257702282347
2470.735726252233
2465.1887817530724
2464.7016467240455
2467.9291482214367
2466.0632867706736
2468.926526181373
2471.061723025339
2467.2435624507334
2468.9030494538165
2470.691198960558
2461.742602214119
2464.4642764927394
2467.3867747650456
2473.164536616117
2456.164331928062
2465.909760810563
2464.787914209631
2457.764307906177
2465.2673607532197
2462.384541655925
2461.3534212246786
2472.7795813180146
2461.7935711784567
2459.432466507493
2473.7100316936885
2461.9987538942614
2462.716426183156
2464.4825949821275
2455.2768527491585
