1902.087539772123
1904.3834003165584
1904.3147461429558
1902.8148859576445
1897.7745324929347
1898.3671021102136
1904.2089694802467
1902.638056013372
1908.15160064521
1899.6831153956045
1906.2971689916712
1898.9678009761928
1899.6160100239877
1891.7168640452012
1894.1101314143825
1894.7949233619413
1892.4493808886673
1905.552451242125
1894.163328601131
1897.2564785162185
1894.1550803113105
1900.238148854
1903.5634497653077
1907.8077561537946
1903.3544413378813
1903.8479205853673
1912.925658299198
1905.6710862205327
1916.8701745105468
1911.973503847934
1900.4319036916986
1911.3158709353706
1893.5672851844333
1909.7384389115941
1910.0320454756145
1894.956092051304
1894.9462786296376
1897.3789647366214
1887.7571602793896
1899.476449212215
1901.6521671761138
1893.686118467425
1902.9970483606844
1901.183391659039
1902.891293039691
1896.831611235907
1901.5101319981536
1906.0630987793834
1911.4084519909347
1896.2362863526687
1910.9016714294548
1890.015033001974
1894.9541115861853
1900.4903394793282
1898.4741108949388
1892.3326326683596
1907.4419014250848
1893.5453088875197
1910.1388711706309
1907.8964022679966
1901.0419994847366
1899.95923652195
1905.5313427583349
1898.1707896618109
1906.8077093396396
1889.8374263017263
1892.2899478582297
1905.385940164539
1894.3035296257071
1899.536563218931
1892.986330925444
1904.6739458080547
1901.009847217469
1905.18305937824
1904.6887505727743
1902.521168335104
1894.0416347834678
1890.7987854804874
1898.7528202979756
1921.7816109758562
1898.1678391587725
1896.3613413037765
1900.3041647882537
1906.0817980860033
1895.5799294024746
1907.715450228453
1893.236029392031
1897.6483572045886
1903.5563089391496
1905.5146877845873
1901.7000715698064
1923.2668363410312
1920.5989496694851
1900.3220260662897
1908.5309092507996
1899.5544155486477
1890.8502891691417
1924.425583296049
1902.2633101220954
1905.5403695574382
1899.3630402999756
1906.9485030763278
1897.3270208572976
1904.3829206171868
1897.4751264090642
1892.774451831496
1892.5822506434874
1901.059235912137
1913.1077618879733
1890.4604136852713
1893.9507187983268
1915.527011665483
1907.2538263579786
1912.6783167742256
1889.8381745670117
1893.055460158856
1902.257761783775
1896.5546742854344
1907.9156838874624
1896.0682128027397
1895.3705910668268
1895.7849770190755
1909.7738708586921
1900.7689728475996
1903.582243647647
1897.7631105950816
1901.9405921794341
1896.9022878069889
1891.6648268453723
1906.4242585079571
1896.7244252902817
1891.905674993533
1896.0540350747365
1906.1065440143243
1906.9804935045586
1906.9001524549972
1894.5703019956381
1908.875704254283
1904.8264034908257
1907.8257940420349
1895.520012274012
1896.9696948037642
1895.4149614985254
1896.6582522542828
1914.3115584009647
1910.7688194744392
1905.2413571260186
1896.350373529761
1889.6116473243378
1894.475229977695
1917.810894078948
1908.047144879517
1897.7902888631284
1906.6595460505255
1903.870587959915
1904.0807578925615
1895.7075365774376
1908.1778055030113
1896.8089847986582
1896.6843322258214
1910.3830846123365
1901.1922423841743
1906.0272231686145
1906.0632405965866
1918.2405207856032
1905.7312159987832
1900.6905105077046
1894.9584456358916
1898.5834908405814
1894.30478472324
1894.5545723316623
1895.9933612593381
1900.892797043156
1896.9096892670007
1907.2042786526172
1904.3580038093776
1901.6284074668179
1911.5171610023635
1896.8126608334246
1892.5927779634985
1900.8571304024194
1899.867279086636
1913.1418912428767
1914.3719645499416
1906.7087474163022
1909.7621746493483
1900.9835318120233
1920.4975911023912
1913.7542716473504
1894.9396503387088
1898.159675830876
1894.0466835437285
1895.8343999663662
1906.8682572377695
1902.0692384094311
1907.354950778029
1929.0511137331016
1893.7600033544504
1917.8824474556905
1911.4374988399695
1900.5240468441202
1889.872109964877
1897.747857169806
1910.312771710167
1894.8774213032575
1904.0288193388092
1911.1434254712117
1896.1647279382798
1902.5754536099132
1902.118286665996
1904.3967192861492
1907.5675250106742
1887.6776499828593
1901.1639436096489
1892.996257366432
1893.6962875387148
1895.3358680582076
1895.8133353987882
1901.8294584581745
1901.3232208855843
1896.8013208119173
1899.6054832737123
1907.925081316644
1899.8236759301885
1900.6454011916273
1896.6147749063662
1902.2845510372624
1896.300353593705
1903.6025385356697
1910.2040946924394
1905.8746962203022
1906.5065714913624
1899.6508345999823
1904.5632362587853
1907.297273604403
1900.1188008615854
1898.3170902225431
1909.7465471360613
1899.245139237525
1894.908471581287
1920.6587607608253
1906.6066471523673
1906.795949857189
1912.2501064591597
1904.2001390735877
1897.6145664966243
1914.844137703284
1909.5603998497236
1892.1099436305592
1898.5558370807044
1904.5299331385709
1907.2364858205563
1905.0202574706036
1895.5821163261558
1907.826192030514
1902.0822847368584
1895.9025835889602
1900.864361938001
1916.3626359513298
1904.527748483672
1898.6922557596747
1898.2404482739955
1903.4925172579149
1937.2690717408668
1907.1607055451057
1896.1225807934381
1899.1125550239456
1892.9764047712506
1910.4692994022391
1890.898086519126
1900.8494804721095
1934.8917443616874
1895.5462359491733
1901.0673641037201
1905.7507897194264
1892.6426077772385
1896.534531889899
1899.0960369652166
1901.5215978517213
1898.031498355284
1895.3294155256558
1893.5873206875067
1903.5222452526318
1898.4596351648102
1910.3906202528456
1903.755283163809
1891.4286141285202
1895.9409102663178
1897.0227751150862
1891.525437287007
1893.8300302206571
1894.5328765053089
1899.4911923166248
1895.7945839838976
1891.1560295982724
1903.21013606733
1896.3063629546787
1914.46232271341
1892.4867662441306
1910.0840680522588
1915.3987097687204
1905.3644287706184
1899.0208506508234
1924.9122891202055
1899.2332806888896
1904.819766392979
1910.6101933712316
1893.2085022353408
1894.9725867370878
1920.126429621907
1904.5764123871536
1902.1451691905072
1899.0800245214486
1914.3403582900323
1894.40426634652
1909.2691399991031
1893.8998904787782
1894.3058239305094
1895.3010968710355
1900.7085061246862
1908.106608518773
1897.592497684969
1919.6872999873556
1893.6251726792143
1900.4054843389608
1902.6814002985852
1912.791669136368
1891.7417549554611
1896.5538458835977
1894.5290289879604
1890.1541862362437
1905.2042105568653
1910.418959235495
1892.329314504147
1905.6656618440584
1901.058003628157
1908.2074039508086
1893.6024116609656
1905.3673719570777
1920.9411130772905
1908.098859195846
1903.2130604832375
1901.4808239429572
1898.826803689415
1906.1327469821404
1897.8907015571986
1894.780378666649
1897.9370218454906
1892.4158834690124
1907.626867331806
1901.3673496458835
1899.0512350149293
1895.1913000993302
1907.8723104822448
1905.5814654008238
1905.9592489303836
1910.315916987519
1913.11531578026
1900.4373695105369
1890.0259304572123
1896.2395702078525
1898.274660364096
1896.7629555138608
1899.00255606226
1895.1300013489758
1900.217432212702
1893.11987342643
1931.0464060766722
1906.996125067012
1904.518346645209
1898.421049152938
1897.7159430928596
1895.4587260844137
1897.0553432794081
1896.4883146762047
1912.4291011982186
1898.1719740456965
1901.9095505436937
1896.0206603933136
1905.5664351153296
1898.0752080228965
1901.903513706292
1920.0554414092937
1895.9880073010363
1907.065305810778
1895.3572891114136
1893.5401198921936
1900.502325088738
1900.4984758106934
1894.526286986796
1897.398339614607
1906.1649475054862
1902.6158739769298
1889.85980376033
1912.4518849588944
1894.2478764726106
1906.8278789887768
1914.8330002725652
1891.5901783501045
1909.98729684511
1898.1429647089963
1900.9516564945202
1898.1960345480254
1891.4617553227654
1906.363150197986
1903.7310713381726
1910.7517236159426
1900.8420310686638
1897.1401148568052
1901.6626728479403
1894.7562553845778
1905.6871434799468
1901.1993515930067
1914.1349564295951
1918.81553808979
1898.08753995011
1898.0290335732757
1898.2658021609486
1909.994241645144
1904.592870286533
1894.4638870550575
1903.2361743441895
1905.1468881581923
1893.9480748605824
1907.930902348649
1901.2903364706976
1897.8492170009245
1893.5093647289589
1910.62358056319
1885.2095084504276
1904.974961467757
1901.5874562546296
1909.9440093334715
1890.7756322373107
1899.6529189919956
1892.401660615491
1890.4445428980396
1902.943292591564
1897.1442995602501
1898.2677904686202
1906.1521754790576
1916.3196773200816
1903.6469893716276
1896.866149350646
1897.8245945128779
1897.3309484232
1910.7724717679262
1905.3186202192228
1920.6874952848136
1901.4345113423728
1906.9086725553077
1887.7639230194488
1907.2178344871304
1900.8323283930151
1896.7552802035902
1900.9673824615047
1912.600746799276
1892.5557304625709
1898.117313647842
1916.8053256482272
1918.0762651333202
1905.091500035609
1903.6593933397187
1890.4451181001923
1901.133928664725
1899.576403015995
1935.7935365030935
1897.9831128502092
1906.3513927954891
1897.597115496551
1899.1446172605285
1894.7449272612043
1898.9545096992833
1892.7513333503312
1898.5211134539272
1904.1518618053115
1888.3976092122543
1904.5622153551917
1894.1804619976026
1902.551651036663
1909.1988063321194
1902.6478669396295
1891.608028703447
1902.8696209464822
1897.8199142376498
1892.0873004314963
1892.140106577129
1896.8700024990944
1893.5746201445763
1899.736265328872
1889.9998836925224
1915.2667577667905
1908.2128394820545
1890.2452320197467
1893.9360060260196
1899.6432068214017
1898.073092832455
1900.9412784928484
1896.4836912722426
1893.6117676772872
