1351.2884216780699
1367.757502620577
1355.0834500475598
1355.9239853850388
1355.7372077558043
1343.7278675859766
1360.1083864949846
1371.1211847908285
1371.0146884612052
1353.4574401383252
1359.8645672025764
1359.3111226897918
1353.3826782476767
1329.676712226728
1333.9470079800312
1349.3538017606993
1329.372526650992
1364.0097946593687
1338.0497241712878
1339.4815381341282
1334.998296124867
1369.071138346018
1343.9929576471457
1360.6528931556718
1370.4392081838869
1388.490954917826
1380.4305334505418
1353.9426606090367
1399.2358952005643
1373.6991965925658
1362.0147979123306
1370.2896527104608
1336.4215234571827
1354.6029198096494
1364.6854996649213
1332.692727579512
1337.6246434547202
1360.7909987780608
1324.75951244391
1354.3533313407513
1362.853457069297
1333.6695606252454
1365.0418195519337
1351.8150837506203
1345.6735779751511
1341.6794975137736
1360.8201307401441
1358.6174392099633
1366.2168136553214
1347.8713973086556
1376.4487060662332
1337.3225770391277
1350.0262749204614
1357.0641475161297
1357.9932214197647
1329.3191218972922
1373.8462889733744
1342.6731378265251
1387.1410127017693
1356.6850062345475
1340.2651654973297
1371.2372535962677
1372.4297357479593
1356.035481866882
1362.6111058034926
1341.8814987866062
1340.0165964401208
1373.627005916787
1345.160013950483
1365.3760641651002
1336.9412871421491
1365.8855445677557
1348.1435865511185
1366.721005878358
1380.3826369726116
1357.1752352618983
1349.912728026157
1348.3749307088515
1351.5496508648396
1394.318250673059
1348.8900719750432
1357.207447678229
1349.341883054675
1367.9965477220571
1337.322446487567
1385.835981341514
1341.156697101631
1342.8934777530353
1349.2157616214931
1349.9110056900545
1361.877326725501
1422.3218909710204
1367.946867643982
1358.3539251867983
1354.0326569212104
1362.0137770705223
1333.803013757948
1408.591105975262
1357.9983493206591
1364.176052210495
1357.8200637683663
1376.9137599522633
1351.3014977312544
1359.8489507510371
1340.319100953149
1337.5128017858433
1336.5780380875065
1352.0114299315328
1376.7122067618752
1358.1661403310618
1338.6902293799596
1380.0497343125626
1355.220526709185
1363.6035817152206
1331.82774647947
1341.703222335147
1337.554050049317
1410.5178560355303
1374.231437527907
1353.455663508516
1344.0438119577302
1338.7349730111255
1382.5748104517343
1373.0324090092322
1346.3889677454854
1344.3444924098794
1391.4247657842902
1336.8946890043067
1328.652002322197
1370.214434635124
1343.2133171800938
1343.7118661552229
1339.0669462928463
1353.9458052921361
1361.5078526383868
1356.4553157758
1334.5457356736135
1378.3329779188412
1374.1441657608927
1363.4890591963538
1330.471544920858
1338.8831447865714
1349.443868027785
1339.4828122454455
1394.6981434944116
1366.341679989223
1360.7243816660712
1364.8353565161037
1328.5972121558136
1338.6849351809806
1391.041120515964
1354.8756446340776
1347.7807542097073
1352.7045137428554
1365.1195895240987
1358.191838333525
1347.4213195758089
1392.8386347199232
1366.2416308898125
1335.4524350253214
1357.1444416289073
1347.7330155519112
1362.9938871382574
1364.8430851746932
1401.2077364524775
1359.6593962232655
1349.5287690127657
1331.2076247449222
1349.2824710441296
1339.2210115873575
1341.4585901609803
1358.8160907692968
1349.8529392349894
1333.844587924917
1375.0458074455455
1414.7749200105163
1352.4134345054836
1369.4635940320563
1336.4877834018553
1345.0697307647565
1346.834096428563
1344.190417015126
1384.258136022353
1367.5960023341308
1357.7989924232643
1365.9583028713205
1372.7481888646294
1402.9271832887332
1368.4910019625033
1357.4462433022804
1351.8837751894775
1340.9499131560083
1358.473952196398
1363.415471912354
1365.624834173187
1365.8224546080514
1405.7993361267827
1339.7877195170445
1400.728942469411
1364.584412514625
1386.157515217415
1333.8350870375361
1355.2655123131212
1358.8217220946817
1361.757691298129
1357.7330231154083
1381.722045384995
1347.8398357856563
1353.7040362981725
1354.6862384285505
1359.0510342895677
1393.3995017022576
1341.4892740062328
1344.7502829984646
1335.6150074303555
1347.4628319500657
1339.8650759614552
1345.8467580577171
1349.485963289899
1361.0733506979016
1346.9599212434662
1354.473663319855
1368.3974412841653
1360.1291516755284
1349.5897177812644
1354.4616572102113
1360.332389148496
1350.9927080476616
1363.1026784925812
1379.0374618464793
1363.380111845384
1364.4393554002802
1345.4059845974552
1355.8244855948979
1384.130757996992
1358.9794198865852
1356.1296740744392
1371.4253541650312
1349.1900776498492
1344.0569772981853
1360.802624409198
1368.2821897962706
1376.020752432993
1381.061500139323
1357.7423014680994
1355.347506151045
1377.1891848119526
1375.2766117490723
1336.2194339194075
1345.8886321694072
1365.3098766108399
1379.693930343974
1373.3668301678867
1387.905773801485
1360.9753503729607
1353.0219231618503
1334.779000583542
1350.9632798784316
1430.6557464638595
1338.7693969837
1353.4806517376455
1359.1537750967864
1364.9298104627474
1413.104710747799
1354.6044543495568
1352.461573990298
1344.7100439659744
1345.8940972957598
1374.6650088463102
1344.0423162076654
1360.6751603951352
1452.25057458532
1347.1514772324267
1335.9094018058374
1353.4474067622245
1350.9876663732944
1354.2686462120432
1351.282212315065
1347.3333916023284
1345.4903367987122
1339.2493153687674
1341.1192752316301
1346.1523974070137
1354.8031712442921
1350.1102384982628
1371.7072861491233
1331.3566584225487
1352.805704151796
1351.276808959883
1341.8932362064766
1337.660882331416
1338.5193775481298
1350.1185781060435
1341.805604172329
1332.6075443308741
1357.013160000126
1339.7257792166492
1384.7755420939475
1336.3289211087695
1365.7919577248463
1398.7998021253788
1350.1343792734974
1347.7353265367094
1390.3228074897304
1367.9571685754138
1368.1418322552065
1359.906480013091
1350.0771522240132
1345.4534998901668
1395.6872009968347
1363.1306892443254
1363.6837813581321
1348.652254179096
1366.2149901111845
1353.585149913589
1351.1149569247664
1352.7952743348312
1331.3530303280654
1343.3334733675292
1348.595830546295
1410.0488382108006
1366.7795675044272
1346.2117548229294
1347.465509748195
1341.3578285988483
1349.2085432869562
1382.3285384283568
1340.6973761062336
1338.5076279103582
1391.3869801720264
1334.8483500479535
1358.932154529505
1380.1710997693199
1345.951754178735
1357.566428903114
1354.7642013183531
1397.0031172487634
1330.5631702427308
1368.8274637602137
1465.4886475016851
1367.1689287732595
1366.5551132048017
1353.397653153671
1351.7021648720388
1363.1412163169746
1341.7013320367469
1341.7208890154948
1349.8928873029251
1339.188297608076
1357.6338880814155
1363.3454084081407
1353.0304910944528
1353.129950950179
1365.3596876350198
1355.2748705334689
1353.7903749188993
1370.7183675651718
1381.2229390254656
1343.3436046169734
1335.00883167181
1334.256879731597
1366.0984731262208
1338.5736218424
1355.8422060354128
1443.237695132723
1340.8761877625757
1333.6993251102165
1371.7229355962013
1360.6644585999657
1354.1742736055471
1352.7406812314075
1350.518085063671
1344.656647719645
1337.0012864934022
1339.3151751990897
1361.5450269399898
1360.7816204707037
1351.2709112612965
1340.6497110143669
1357.8706536337863
1362.2685909598445
1355.6775136989363
1403.0378940245428
1346.003645884693
1364.5775726215898
1341.9691029412788
1330.4787638937744
1349.1998692614206
1366.4107536830188
1343.1603463359397
1353.5248456090862
1355.7726770390489
1365.7417219359909
1327.7310955326034
1390.909598031773
1392.6683618776237
1367.2850081857105
1364.5388575938307
1342.4816237701739
1358.9689851547432
1343.9801571980984
1360.7428300247857
1342.4042730128851
1360.0360831053297
1372.6680333693666
1358.4375268698695
1387.9160126912288
1357.34485958389
1335.111680501242
1377.4581320558339
1341.474676978319
1369.2960431512238
1363.111896830576
1374.9208088117202
1377.0255424200104
1352.1147976176405
1335.3022388507804
1357.8961525557706
1376.1891199679258
1363.4433411661087
1330.7624545096628
1387.098673417277
1372.404013902656
1328.7478317046484
1373.195044554113
1349.4944387039866
1344.7080519503775
1339.9070333725274
1359.5904861345136
1325.368195792926
1356.9391342808526
1346.1520388261642
1393.79748438056
1329.747204790612
1336.6738251197125
1339.9067844704318
1332.6161471514838
1349.1320607426612
1354.4850201776512
1341.5045473294495
1360.4313249989764
1372.3354212435397
1371.9539404676323
1344.9955941060884
1342.60207815814
1345.6687078607044
1358.8176643629777
1353.4503448952114
1392.6526574150616
1357.0676474112715
1371.9926532681986
1344.3271838206865
1368.7142225919984
1347.0435225254896
1341.6235146893678
1336.555319912435
1353.6045306003691
1336.8552131105482
1361.1810534092247
1378.4360692713713
1389.2414571264596
1352.547212271134
1357.2195393643383
1337.385244884223
1380.891613583936
1341.1001698621114
1392.5741670918817
1377.4176533263694
1362.328270759148
1342.4705041357734
1361.5292058359191
1342.8574439204003
1349.1366775454205
1329.725606457364
1346.149639789883
1357.0870203287625
1343.1458891758548
1365.2764552787467
1360.636490885428
1354.2592070560866
1378.5675348959933
1363.7458347429933
1332.5300699803056
1347.3000997025329
1363.0305526217621
1333.1833722193192
1342.496310341896
1349.1511392590842
1334.7443227670556
1353.334381304824
1332.3611212950932
1353.229455630697
1383.1108449443734
1328.2926647483796
1326.3640858115264
1349.71458101209
1352.244729196871
1349.959707952691
1341.4837622395569
1363.6424532898063
