188329.9059089322	475433.0355815091
190532.03650354606	441784.32004441484
184135.44376884354	460665.3019768469
187490.123325056	459525.8178971011
187181.23295442044	461893.6262151344
183458.1786676041	442763.38459201937
182420.5897564806	457948.09215287736
194316.22124951045	470237.0859234724
188122.1761859969	471398.5436513553
187678.1261057387	450412.0866030787
182926.32040577405	465271.3221302001
186917.06797320006	464029.4188869609
188894.7422870231	449069.4908159473
193100.70122349967	453756.49742403725
188812.5801328457	454569.07574121444
195631.0755543706	466474.8994637046
193972.44308065705	507825.4691878246
173812.59160699806	444813.93189552426
186425.09755498345	458965.65382981155
186285.0778520283	467145.4739833137
199775.40294494448	445311.31848621403
173157.33144077563	434192.7158595904
197750.22920694086	473413.20630869817
183095.57047820886	466875.6163447397
189492.00066000738	477460.2694390868
194112.6064640953	452208.2549274053
185515.22333397323	475601.85262028425
183463.70716181077	472449.77794844646
184615.76364555955	480264.851414611
184951.23873880767	441664.611591902
189824.2351289402	465624.25079063926
181557.74716534853	441223.92099409044
184399.89388785936	449541.9772905542
193748.97012893012	458241.9429163401
183646.98494725017	457103.4501147778
189135.63902863866	444328.0312532742
179670.17023197768	432079.7854600805
183522.22306078556	462728.1528681475
192760.2377439297	441259.5246402153
190408.57439780576	468048.30995329516
184733.28150191798	488272.32508283627
186405.8831072423	446163.4442259113
180201.0470304009	459654.4545135563
199256.1007538617	463869.1690330625
188961.7249782718	484745.7446950467
177224.3006609367	432172.0194018568
195989.9003966862	479975.46296490054
178722.41171848538	479068.84538708953
183116.28859740708	430735.6642940878
170162.42499543205	444844.2667503762
186067.941466315	448672.2281133635
191800.25195081963	473579.3224701226
182222.16600984224	472353.9063283177
185205.62984313743	458110.9022219017
177723.01340544823	475576.22786775616
181338.82592616504	434444.8916016981
182407.26905974664	468787.7845334953
179811.05883534194	457222.5664551053
188492.49169720904	489482.87956251693
191401.02062927833	472909.84828396095
187966.97558791155	446767.68739638984
186967.07144733268	469114.00860308576
185856.44939937716	432097.1392741676
177576.46744147438	479824.916995535
185163.73784369964	442826.0747167359
187676.6159484639	458144.9371675001
189572.93501747836	445514.90215448133
184323.99983609194	423586.743686229
182808.6552496808	456672.93900077627
187876.86991332972	493658.51325952227
186553.7515910003	460518.0732923598
182497.5559813581	486145.44684440736
181195.54920882665	461030.9993811152
183583.87846218524	446212.71320062166
186260.70974486292	455084.2669887705
178674.2562587881	453334.6710471439
184437.9194206425	462166.62474582804
188854.0038844556	465766.24711524835
193250.73019006924	468399.0957093044
188428.4649776948	457513.48739523586
182930.09378063906	474212.8596910272
182078.5946206397	452706.7777412161
182934.71363343508	462861.1964549439
184454.2434637125	482564.4515312657
186288.98569705413	473203.84824685834
190269.50873839884	452967.77415440604
176824.8619141798	465664.6115046446
194101.17850387486	459351.94473324425
195759.01613282046	478707.7421662318
185701.71341805247	470096.991099357
181269.88877668665	443001.24816544564
171442.60522098362	458865.7502438686
187652.88502940332	467600.7799667518
180340.93017678315	443069.7422100736
206414.66838406102	484453.17738875933
193607.1185124024	478282.1591907387
181071.4714670799	454943.9807059944
161879.24956097675	460189.76920701214
188830.61580410245	439428.48195752606
178316.73409656563	452061.47109512764
181487.6059046797	453006.50526168547
184074.87995691766	451840.15135604487
191970.02531435032	460991.20039592305
176152.99928319617	468974.8178574791
190520.64579259214	430853.4956329883
180467.25477841625	449462.06683495187
185278.13519894617	461527.7108519546
183655.64460845612	459141.99576665787
185163.4547086588	476198.79437012644
176997.11331507372	446534.3694778791
186708.31134928888	455548.42256510817
184676.97646408252	477286.3663381055
198147.27570662624	453065.0420681765
196159.09037712103	455935.50239928934
181529.8354923845	477827.049756509
187491.25486992707	455043.04674882593
186678.46853427327	478807.90085093596
169881.23236611404	445611.48853346275
178906.21513786569	438646.6306518535
199488.5252649921	459733.3315049994
189376.72572059775	473607.3379705952
186623.1061510293	451299.0159115766
185581.44394159468	446205.8879071445
178857.35638716316	447119.16477768065
180826.8165084938	445113.1294466281
192224.73415106814	461850.20418682334
176507.86855483736	440537.39637296245
183774.87328896805	441285.5366484642
184173.99345935375	492774.6742291653
196547.56893490604	512154.7302855206
204925.53593327414	464197.1318107287
193456.2315775777	432108.9719881882
194465.19292543764	458282.6659048833
181105.4274768207	426204.3223761687
187320.19734800627	489190.0796560098
181933.22474432003	500268.3578085889
189781.56679414125	438808.54112193675
191420.53059567302	450143.6567300937
188553.9545733858	447532.88137156726
178440.919317841	461463.6190723002
186719.70111054715	476690.2176675019
189528.26879934565	439007.0658405245
192551.44435028883	455239.707339796
194776.65118541566	475568.09222418925
179493.17635996433	455685.5025958343
192035.39256380993	460154.3616945717
189021.88716033025	442652.46025177964
184315.6490446849	474011.6867552183
193796.6132992605	457582.15288247686
189338.15961906366	464429.53508232505
194395.70809769275	481597.5514536778
191095.816973685	469657.7593350822
191676.05684836215	458173.0447668396
189799.2638327353	469140.5263438163
179537.2102922767	440176.70377195027
172060.4463235914	450053.37314630393
192589.26802200056	465153.6906283556
176508.5440274898	470013.24361281405
190275.68686923716	456973.154314396
189182.35457497137	449732.17131741403
189611.8645284829	476089.4039641697
184868.50044822437	452123.84088743944
185393.7567487571	460099.18777121446
182185.6721493411	475095.5812140773
184883.5440921803	447480.76308276964
189809.3789641483	481276.33586852124
180857.37229280872	472657.81093629973
186784.56504441478	461012.6822140764
192700.8250107437	469978.77623335284
188843.98184947402	460441.38475592237
185826.75563641085	465640.93032294017
185338.42620101612	448115.64374975127
179563.7803200273	452971.3259195712
185703.25798423245	458166.94012550457
184426.27045173786	434931.4851411409
183712.7191388606	462274.8206847114
184543.38157846022	445316.0292298387
176540.00137794443	461276.71272962814
189234.31926471202	423553.75116811635
183983.5035588513	451828.59479719924
193768.41576355434	454353.2507989638
183688.97530496854	436340.671199932
162179.77132727666	445539.3492106121
184622.11745464674	440619.27226920135
176668.8427209077	432374.8957914345
186159.37605492084	451203.1592197725
187983.4944433001	482004.77421007445
183039.99283760838	460105.612485747
170766.6634134805	466016.30484700814
188081.0846300181	460335.1452025871
189086.7758558237	422119.53370743844
183876.1740307106	466588.6942654656
196289.60748116736	450469.19964053866
187270.6770797897	462782.5082062151
181651.31557896454	433069.55738511676
188409.7428729321	463916.0370679472
178202.02543560625	478703.06018031354
181139.12105777487	453895.9278676165
174568.9847607738	453855.46149073157
183980.6894977562	442986.08905784984
175313.63693735423	433926.29659330193
185080.2754138115	439609.4580124067
181714.6909582456	488011.5584296511
186026.32155325715	455714.45523102506
179066.9845627404	437453.07639935846
188348.3130626136	461105.25898379146
186337.09876189593	466683.56094636885
194523.5321784353	448502.66356322775
168486.08247324565	481673.477034953
197052.46704264157	466812.4879569521
186522.4268971968	461629.1484341974
185742.92826258964	424849.69238781766
179835.7777694536	442163.2716443398
185161.70505190402	459969.55855938466
194716.34172129014	485395.48350017285
179700.8473583836	444430.1566823233
181782.45509021182	455734.1073616077
192260.10780493947	444482.59469833015
172607.58279923064	448031.9032028422
180374.73642721266	462700.49467875867
186032.5251593779	461142.72163496946
177051.3769950217	453279.2999618469
182885.5966329476	455034.0180890549
186265.51242940588	438203.9580030531
191613.37569152087	443531.0209796516
194047.4822848118	459172.2921646004
182491.3666901476	471121.368241831
181842.7672852741	469391.14549244114
181431.49883612606	452535.1885479592
186259.95363268576	438741.12534028693
192505.87724723242	452136.63726876397
196904.6420932581	459056.025211412
200230.3570780693	458020.2872910708
195251.39830165845	454197.7739243004
184791.3525094627	434978.9890511302
189064.46178963193	449877.2341508225
184504.70328613115	451347.4237454846
184096.2670248627	448075.7856869501
183761.35409323877	463601.83075972425
185898.20103588724	438676.65092434746
182438.8610276031	441501.6216888225
190808.0066502255	466802.8559783093
187420.18094015634	453932.8098511149
166258.8559828647	438960.21990412456
182599.95368006936	448929.30572439794
186289.91076884256	459864.77938066656
176768.60903489505	472872.34033354773
185297.63723266905	470429.7274579394
180865.3726401544	456233.0645086992
184653.05489435923	477982.51577397756
188817.2243268125	453478.6248379522
176046.64007402794	463561.71089915384
191432.78974197005	457447.91813971347
166603.39496522123	430197.25083831407
178264.07712490944	459959.295094014
190500.4647321581	473317.3158352248
185432.43483514275	452397.4565818891
165490.28649226483	448620.32815503934
167980.29634887335	445326.96508227853
181748.15142140645	432937.37262055033
190472.16487080196	463925.7767031109
172550.61015838519	467664.5760575837
193322.97969249485	457245.69840713113
162070.41432629453	451604.1767119302
190788.26568602747	474689.218026628
184903.5944884171	480465.1270874133
180457.08813554922	469777.957996547
196651.33852735674	447614.5660147426
188601.01073166553	460975.0120200949
185548.468765517	471442.11918621196
187611.8852379134	465694.3386512228
163368.4940173208	444277.25317500706
196948.3700171869	467205.46743948874
186125.37866161624	492775.4456542627
191270.75225704507	462669.5298553681
193047.73526106036	467837.44676859886
176887.53824590606	438062.9595416741
181430.4611361099	460373.19012056454
198093.71546585602	466012.10784952494
193944.90766411956	448174.8800417367
189817.404097143	439579.2030249588
190462.85224917321	452582.7553206731
193281.6459632117	463772.32824496983
188328.46231453476	436340.1045114284
195312.43506161627	467801.38866639975
172333.22110803417	444900.0013003143
180027.6708114815	458535.96781633433
185055.6586928596	462275.7132192678
190835.56902709894	448695.2321665372
178333.8687957806	443612.21520379966
182910.4796400527	463606.47740442806
187962.0461066361	450784.836122512
185519.74542336323	486701.8486233356
182876.17939237936	454541.9372049741
188985.42303886882	463137.06022439897
167257.01699560322	436846.8904949726
188941.11205656928	447875.19128149765
168784.7620729305	466392.9088219134
182218.78512108896	448911.570586973
190027.85762801935	469603.1217490998
181389.01340365247	454475.66084858996
182858.4685335229	440473.1224086028
185710.4279788871	467518.4519832332
194834.0791706873	462728.8841227565
196153.4054337346	474812.06975270074
187039.0092872245	442439.7438479989
179267.21635164093	457037.19917826285
187006.95764898244	460091.37882590026
182998.46363006136	452546.20488935127
181416.579160915	464125.9952829846
190529.0952175678	451754.16438581306
186435.79971462037	458824.9293370133
191814.1975292751	477337.3984857089
195141.59465762868	457684.2529801772
183200.52544267068	460052.89343194
184266.48333246633	445971.35827748326
190045.5276909346	469387.2768109166
195886.19345312525	454197.48837336217
181871.09587411166	456866.6647741082
196000.56031678437	470346.5954428984
165379.03123257024	458489.28022172675
185722.9253185563	481274.805455781
193688.95289044	471587.4154463274
191506.55519157153	457687.8250533182
185942.90571689792	460793.5818711807
188012.76775159256	469332.4021846092
182899.42445779796	435440.93897417467
187030.8639665473	468056.3790398274
189253.7635061692	484235.10114125465
185100.77232380066	462107.6185007632
197082.9730587771	447696.12737923855
185964.3492383883	452840.3664744923
189709.6882049684	441142.68252683163
189095.90831918447	448030.9155077117
192419.99487148575	427154.3589926736
185758.55205230755	492343.5057001179
187306.4160330508	460668.22780843964
197434.29259307802	466326.90497143497
184552.8901577586	475100.2697034376
171630.3694160317	439963.4234958793
188323.4562128607	482815.75002899795
183611.19772206113	468429.5900882527
174817.2280455709	444304.0364096678
185713.5855563176	466007.05097847455
180564.21328655293	465092.74786996655
184397.14257982507	479605.9386880103
188822.4226142718	472675.8150474229
186131.4951874369	444608.9608577881
195969.23629377707	488697.2195762183
175767.1167048819	468405.2467488439
191399.1253340228	444278.3853652645
196389.86750984727	448944.4887941292
179357.53630223716	457159.25241207797
185230.2435271452	482046.0824180306
189667.3584801077	459678.65260005475
188904.54034007323	440147.23939786805
196810.83179815597	452956.2104072139
175339.70569276938	450077.3354646311
186635.5396781626	456231.8683553971
188441.1692647736	473961.61681631336
189600.65290589648	476010.14417680923
187262.31855115434	429661.71870903904
193463.34451164003	476309.51803390775
180070.89811972974	477763.27747841296
172886.286401872	460117.7559943098
195047.07217298832	438352.67704530957
194459.17973110225	458867.6129222497
181168.38552858325	441437.0923670821
190154.2275838871	462603.09806773113
183879.70901885405	443886.38414332026
180016.03592180324	459654.82236683485
185965.2913546808	466998.56195167196
188928.57739153135	476277.0132941541
191771.31353752676	481681.5963694195
190770.45013367373	438587.0585728396
195841.2032891244	452834.9717737924
182231.23827066453	438501.125942789
173725.74620758576	467246.59001199657
175272.77771101863	451858.53704936034
182293.77502141483	475308.5617548474
193459.05286536895	453851.42031117826
185557.65273002101	461790.1287798245
180725.98435702274	442607.3989192798
195479.8391055878	456756.3603545377
178411.18648387888	455669.6649511112
181815.61338877253	442864.35785446153
187961.0509459671	482284.42063654
184655.83954747557	451123.3371939942
187558.93199124534	452415.8338201963
191176.5327107195	464930.2351165415
189066.62156626876	457932.506019883
198098.8580856915	469835.87515097484
187677.32930203824	452467.60565262125
184548.75513109614	474615.0435656283
185769.28285212998	453425.7829047325
187421.79667485133	463886.89169216226
189913.93613237952	477308.8003846026
179840.96157674602	445645.7547821962
179433.0687234758	466345.8805877428
183378.71272472257	481383.6274399103
183259.0531046884	454291.692758294
185246.8427161989	438861.03347084345
185302.99495789237	463047.1358336797
189314.3326203633	460692.03953018837
187777.88360656222	447909.78278210526
195991.63068022917	460027.18837611825
188323.24424863147	477769.6798954436
192089.47931694248	478764.122545182
181077.84902290732	446351.8639725253
190583.90579356422	459347.32568714255
186782.07877635292	454699.2672539847
181212.34789656848	448689.38176121097
195498.06795402273	467853.99573697
189312.27821603307	478076.7136608153
185083.33476356068	450489.7836300916
181930.97730105193	449938.0305767355
193573.18286278375	460021.5569970256
178569.43297250866	454594.5721230614
181351.79428355323	435728.7736952678
191330.43414253416	453325.0717338491
183665.38556588255	451214.4467001731
182924.2513958827	432574.2415351978
194589.6928144844	474981.9000851545
183950.3203743137	483384.49491225963
191641.10455341457	447643.64225009753
189544.5986803496	463758.9683451472
188992.27944782586	453375.6222394358
192848.85861464316	461483.02008549415
187591.15265277124	477607.4744581039
188390.7551699139	465007.6689347572
193077.9546833062	463465.7320683488
181956.6580621588	449430.968355241
168867.91468757688	452526.95835956966
181460.7668998312	463195.8433069379
194312.4449776804	469540.58695549594
193355.40882708025	433573.19592541794
186329.23032428618	475861.6635723247
181651.85968457913	459042.03458852216
185492.72395198751	461824.5886810882
176846.29851999084	451869.64182162704
202772.23324919847	467270.6195105496
184678.69958982826	452672.84939083445
190629.13570758566	476767.4134814484
184630.90909244338	445200.9799669936
197268.6260176543	459422.82591646374
187449.66001776682	457094.14161608694
193816.50705180876	453537.4493275154
181392.43192642287	487915.3062684528
194250.2394225332	476639.06124393817
194701.85055178634	457475.5778610406
192504.7073223738	432495.9583983384
177839.71182403146	424183.95204402576
185435.23312173918	445844.6946509049
191372.76180575322	465819.0189124966
185412.91392989634	444950.8407534286
182665.4547715503	434358.3464699613
188497.98594367172	444782.16569985903
188113.79725420527	458159.3511193821
192653.79546192294	484221.9827308353
164649.55421167897	441837.7666216807
188423.39535899338	462313.1298298506
180730.85726352537	449056.6898428645
184970.49285651263	445288.1080642155
184029.20528629376	453282.89792392193
185114.04650412715	445310.51063667703
180710.79591397807	459123.6350002205
194522.99599351687	449479.4494382456
184025.02441564	443512.1010883102
171895.50234146146	422414.7129808449
184932.6013399496	440058.7383013122
182210.94992804516	463623.7059520681
193510.96018495644	460173.59175030305
184856.5920004152	440250.7163719133
190373.7006851175	468467.7498776431
188384.1025731363	488907.9418337133
182477.24630501165	459551.9256775451
192218.45545092056	454210.9936801258
192558.13357142406	459630.5982533582
170574.18256158254	427131.42773341894
181270.8356513543	449144.1506626527
192868.21330032515	465043.21538219735
187968.28065836243	453006.08649284125
192485.51717779753	479056.68315451965
183464.82047626044	441216.8650275866
193465.61765200563	465507.42816819553
179314.4078112342	461045.1487718291
192588.5646963683	460824.03199053695
191398.04304717676	451949.7113076148
194694.81790991023	475086.4244603524
169733.46506834746	457980.10340528376
181363.7019150891	466971.9539926214
192553.15560654475	447460.6535050414
175640.55187701646	455296.2684510056
187065.8125881754	482988.8198699008
187719.9313248172	464810.2829548457
197800.1171437832	448761.0906535062
196226.82599431195	457955.6915238936
187728.3373913492	474564.67102354544
189248.5799718948	461004.5824339411
185221.51671929265	459529.9703256968
