63376.608254743165	159631.7642089191
68494.08830638332	136796.6068952855
59612.14985372366	152537.11838883592
58498.838127737734	157970.51638545026
58368.141219782316	163696.76967183378
58439.12645816991	157035.5486203023
49173.7134159343	147066.13887489645
64573.065094638485	165888.4828217805
61326.455213046225	144899.49382090513
63058.41921573322	160661.91695886044
56801.21803068599	163710.74620236666
61349.461051038576	132345.29890388937
63190.11809148817	149066.7252027594
60932.364521192765	147303.03571415588
58629.418870521076	149494.03904736423
65711.08208915984	166798.53230982454
64591.31287509402	179232.49198263473
62548.666294668496	153243.2406398655
64846.19855149023	153250.16052390618
62212.922978253715	178567.70659095858
67862.35061636669	151645.3404462665
60471.588316021865	147290.29254641727
69753.55331956114	155172.5073798835
58061.78480914048	142017.66895715822
53657.93047292029	165094.92056141037
60542.67702291088	152264.56914537444
59067.084624411684	171710.41462364973
61269.69287154788	158763.08583401365
57244.41463205821	176457.4028003043
61587.53503509605	144456.23404534612
57462.51382784284	147401.88121417828
62750.25289414554	142183.0407971577
59427.713222076956	166296.95164786975
70964.30281816733	156164.64094751852
46889.83395447272	154276.66581952962
65547.51379254149	146561.9236189603
64390.8672588248	169375.97257156184
63848.28447315289	144440.16400823358
59656.505299751385	149289.9068897157
56949.4562974675	168019.92761428168
64849.821332522195	155321.27546342302
65640.32364890566	145991.58833665788
63747.046381620064	163655.02949439353
75520.08061420078	150395.3905493091
65684.09270871268	183642.50324297306
60644.64787630535	138139.54146492106
63480.72464842592	160639.93008038664
56098.67765262407	152728.42912269285
59857.93600212801	140169.70619115606
56684.89632426725	173726.43894774374
57225.23126576314	144029.45540107178
59781.82617069789	148102.49048753933
63868.36305980344	155925.9471691316
51619.66819586055	163498.19056369123
57110.39384486303	162170.426093386
59519.675302756565	152043.09990598712
64189.39351267025	161292.0503043869
61616.869633239534	163432.22984801146
63827.01664288172	150436.41172621254
68049.63736435532	176956.2131727079
62580.917638092375	154016.40331133478
66932.75751005788	164128.227813361
62097.369597054596	144053.31524969565
63644.6757554796	185228.15110230833
61800.990769283206	168587.6245293145
57802.93402363171	157486.7152941207
58218.70635529692	143158.9385645555
62763.75731764478	139388.8267816503
70230.44925192896	163405.37649900376
66260.9404248118	154771.3756612566
59830.846445759846	161400.0382634389
58771.989199682386	173324.9926501584
63322.295879650366	167161.12638375253
62933.082364783746	140160.09222219384
61001.518591254644	152187.76601845658
54550.9144934341	160077.86597711465
55397.73958777198	160007.01570206546
60606.53775001859	144580.32690161228
61202.62833461941	147837.69435546247
66834.0774283827	163112.45928593195
56196.21764181541	168034.5372769804
61835.295793100435	144158.90989049614
65863.54079508231	157541.2368276699
61681.66684467383	154800.17305548233
67755.05993873984	169154.51895635764
58335.04981262921	162496.07147427596
57665.77138898067	165829.17669914212
64774.74492789502	130220.10450874058
66212.87042235956	163839.28415849403
63604.8736179723	159171.90197805627
60836.36298945025	157716.18703366042
53720.08146376922	166695.18612253523
63487.929011132765	168730.58508579174
57402.9729602959	167914.9516601646
56378.18914379115	160826.75508072786
61574.876784571665	156098.13715173127
55368.350783059934	138544.76419237265
56246.75984187331	176329.6534184659
58938.84234287852	143745.75028261959
52511.895823410596	151909.51133355452
55150.08821016985	144821.4599448379
58384.28993450497	150513.0215234537
61740.03365666869	157871.6347532266
59230.74116500812	151073.11510104963
59137.50594073477	143337.8329373839
61312.09264718822	152767.11696216252
53532.52215978493	141279.12806875107
67342.49695928178	193271.72181208883
60403.443574201534	152061.19137278988
56452.485653199416	143074.30902075736
63869.10181545095	148207.1899469997
55551.232555982766	156999.6242545081
63525.13092592887	158657.32896410947
73704.02154940758	162925.89667471455
59356.27203859673	166496.76266447085
57901.18615960075	160101.2230348901
58388.956767149764	169671.96513192687
53704.65682332659	162349.9734220351
65990.81867812562	147107.41536121318
66890.96876292396	141974.50032060142
63384.78380404884	155530.52185825794
64083.40660656855	149004.71457587898
64576.19448057178	160894.518898692
54944.56284357872	165385.3410257176
62958.44233050299	142747.49973753616
65944.80215455595	159993.94672617447
57794.68128849089	149789.42341980315
62447.4248979176	154605.1727699747
58095.88622157238	149550.78808110152
59715.93201944517	178375.90771618835
66981.08728575484	177068.11367731952
65839.40272869446	145736.96933313675
61997.49835372932	152861.73963708902
59420.38683732158	142285.7035401895
67505.02130532596	159711.3305396524
62794.4362162912	180150.36155733786
61988.077095130306	149960.78574653456
61278.368389230105	143672.22067209118
63263.303703430574	146374.34565817637
60215.57739011254	177582.0148083852
57966.2333993448	172984.03906112484
59623.36943785735	137592.4775808432
68442.36472407283	170218.16549994136
68972.88715619035	152607.27367940202
55840.490263438725	160096.55729281198
53094.82047087035	156395.0551291001
64955.40138693678	152340.83764857543
61003.198444015245	155997.00441469127
62448.32826226623	146626.3670188092
60710.36381962764	143665.3254889544
60262.62092930429	148315.1221293827
66315.29303522318	162140.12591622947
64475.10348985145	161238.96187136037
64670.846852363815	152882.41438247825
59386.03028049751	144916.4062112072
54969.88237063389	157557.8490980503
66033.562126328	139292.12743196578
55670.60323950583	169711.96763501127
61822.73954839304	158091.8539420919
66529.83080969084	150960.2691761049
68030.93638094883	162558.98766722967
62157.20323245988	154009.88551439403
59209.726615413	154840.88296727298
62966.579350913235	171262.03841714707
59871.9438848481	155182.4440268256
61771.03125797206	160298.05885130403
59844.13476919106	172239.06489936067
69008.0512428805	157115.4955808403
67841.17608573925	164380.56214863114
65146.02328657289	148107.79556397375
65639.55471663579	158719.84804024952
56189.29522871082	157194.99756483032
60978.95666817718	137377.9751337914
60909.33542261023	154497.9792090103
57762.37114901841	161245.01551624868
55029.1328508856	162223.90511626002
57607.238418120054	140297.51951748962
62303.09759676611	158343.41147623348
64726.69816533568	141082.79443403688
54404.9610929374	157751.60672952264
64476.5279407063	155910.38780513106
63645.96472273355	152227.12454534604
56730.6948391708	174192.56481035412
59865.908716163656	158220.9789298702
51524.145852864545	164708.0864136379
68741.86247200565	158891.0385674912
55574.383385924084	164745.0128661734
48972.55918970287	164362.65628878112
58492.20896209411	157998.22134611243
54819.75869312043	155683.08910900998
56629.31685971115	134578.62627236353
66510.83461627859	168054.46618393407
62840.42057331071	140067.09442835464
64069.79763704822	149055.31643225843
61023.12545147472	146974.78843815543
58747.50610655129	151868.98222750003
49152.67520008452	163155.7918290179
63833.83386255548	157184.77753614553
62622.02094472259	149034.3405680824
58495.91814227178	162843.3371795229
62806.91614806125	163891.37389020788
63557.72247000319	154140.0051008326
62947.1724303174	179172.33323776684
60716.13625041745	154422.65284975944
57169.91237184641	166359.83636887238
57938.959522309306	154092.59691496615
67301.60407639206	179092.6149802959
61568.64856474835	144350.6719383809
54548.19432117224	162626.613244562
68701.24398253807	153043.5160613909
62014.868341909685	151938.8876878771
67583.24450557303	150736.0556188779
63808.73126306816	153824.0172958057
57059.251972769285	164397.12905140134
60703.28230270884	166722.22855112635
58785.29720785859	139675.25915352366
60581.237874272396	144631.11184605758
67259.86849103104	143016.93001467202
57014.66023358217	172807.0168019901
63130.366069402415	163293.55681333388
55143.47434792254	157461.5889734131
61921.861939992785	164983.46743724495
62920.43038081458	157168.66173068303
60728.164031862485	165524.7301554397
59937.44813306394	152493.126708354
56686.63617953127	175454.24240695452
61329.003413180224	160554.3353938125
57345.46753791475	150444.90393748533
58057.61619162897	149121.92367176604
59818.06379768805	151900.33362152922
64807.514775603966	154276.1744627133
70567.65609660967	160305.7669009435
60210.91033828397	145633.33264745324
65046.36737997834	171567.20833045695
58700.48831952707	132643.49713488272
63676.3952131948	159920.74975708747
62641.51724298266	161935.0897382806
65640.5706400804	138852.88625656138
62724.37866542349	153502.23933452854
64899.81655850736	157785.56576438202
54043.13203486176	147360.58768002622
61253.60137191232	155267.5813289892
60575.27274545346	165246.4719845215
60492.43834895782	165437.9541622783
67228.64722865832	148737.98347142932
58388.00644257758	139890.21540046416
54981.045690982304	172434.8280222431
62714.788711588895	145771.7517795956
58474.271952582276	162906.70673981565
54553.861416659754	181665.14101628988
62955.67785318471	153838.42276472156
57995.97129098128	138437.5233502616
56032.27858072957	167759.85069731146
53308.11591007469	134850.3475679067
60512.29700937586	162738.30201847854
66664.78723787348	160992.87350943178
57787.48573175818	167158.97911905113
49823.94779701202	147690.0212596195
39204.83086722522	158457.56252308705
60311.74256069592	144702.30458276722
51882.717429	154796.85580838245
50872.76668393375	169138.0902913543
62056.56339548122	151829.22374176493
51057.38574682319	166514.38246758588
63254.14414889808	170129.93585043933
54567.931355101304	151377.79436890382
60048.026222822606	161832.74187623285
64772.73113876164	158638.96568863635
64947.96115545518	159757.0659214649
54186.85009283748	143008.38925863308
63295.837167827754	151349.3203174804
51427.40427041951	180518.47703280995
76089.41529602936	167075.5492876052
65850.80589941713	164074.24790751864
65478.43130548512	168451.93239090435
62166.64737247929	149902.1690346712
56575.03241659427	140082.0362408568
58768.19374930118	152980.06490315852
65841.76950730628	150065.95686119562
64959.600969489846	139061.8012231724
61912.41807351727	136900.4739218972
66553.44197961778	150260.4318842586
66563.22292961938	166764.89147880865
56090.11162343191	138349.163342473
63179.50470405297	159292.9439482875
53692.23541830208	155139.89830646533
62132.82359665219	129928.08408392542
58493.56195446802	154002.6383326049
63895.56099806554	146733.58724000317
58596.836110724755	153532.6755772737
68418.5151224366	161934.60480440097
63841.04153612505	157040.65666514722
66098.63413732259	185519.40809762725
60167.17175919782	140218.23459478025
68033.17317736671	148846.09776439605
54540.69909138369	156726.26716502508
58494.99293500926	153943.6713565106
46859.64006204862	169847.48857507165
55241.1521323303	153900.45566944862
58152.35632990394	153343.39433468413
57866.61952364218	151568.52108610244
62057.72743759761	151775.46576048527
54669.63875450522	153820.58229585577
58287.041349716295	163586.79244103632
64127.4471480768	165717.79381975945
63405.539835908	155088.68214930562
58369.557220256596	147797.16722685372
58822.617648260486	146425.26527135662
63764.962654407835	153869.38105660464
50669.22147054471	156322.4820342035
60899.45108509387	155895.7683758735
62980.52761083517	161498.7126414044
60357.46164593373	153801.6539982274
73439.80281099377	162457.86828366626
58123.672581089464	160831.8064725149
55375.400263726966	154108.2615133911
58956.236658137685	155672.93752870703
71108.48823666267	158414.0188510737
58998.71923243781	144065.12483556193
71724.61622392252	148960.85790207822
51956.73523019573	164774.07198452353
49911.299821580404	149085.16987356334
57584.252630739036	165625.5450295081
63607.405474791725	150797.0157611421
64948.80983770455	153872.92662455366
50126.53460788171	151314.16326949044
55108.161958531244	151800.26010927823
60322.391508987836	154824.36710501838
60444.6385435939	166056.08104362417
63129.37750853937	173655.32598061714
65511.099649374504	142863.22251681224
65090.169072621284	150259.10779581324
63510.28802674572	155401.85104329925
59603.41872582604	147768.72674535555
60367.756543678246	153645.67675890093
60126.76560126455	170012.77683892354
63359.53873736196	158828.21692023746
60271.68777975804	149313.78267795427
60923.92974917585	150002.5143195508
52210.90573532721	164693.42048082282
60559.354690893684	154139.85122954572
61070.00147013517	157483.66831064824
58902.14215742686	135330.24523705378
67323.97298640962	159096.49009725396
61152.031329337915	147102.61367275036
50620.67442518502	152358.39612043102
66806.06902722987	159911.39871090243
63256.91198222052	153803.78763377588
54693.33253482729	146880.24161238008
56774.58442061774	171066.48981817014
69108.94887063393	161410.2134108328
61751.71216663954	156500.09458624208
51632.41240830686	152908.80425466516
58494.84645992356	163016.2019176962
63266.15268408596	161205.1232494403
64311.710103402445	153104.39217192167
65941.35690183195	174490.87298331124
60097.776932410896	157282.30400631842
56637.943054109506	176002.29885463195
59716.703295557396	156617.10084950816
63096.3266303323	152888.14337551524
62226.098558566744	150799.23417914842
67329.77107098675	162755.22226093474
59410.996611941715	161008.91037660188
52677.81436691688	149252.26171055788
67866.74070955766	150080.29480832184
65551.93233918423	158625.57054188626
50202.88245658252	138406.01511394378
61725.423432073425	162912.4470054262
58968.25743533808	154425.26582825024
57755.01914383723	148576.64756106315
59245.05067848925	170123.06874238924
61252.84685385708	165903.82235816968
70874.37858397356	178105.61757326248
56886.653178114764	146367.71880990005
58395.389646974494	158003.64651014475
53754.20337893816	151854.51809219643
62182.415788025726	176050.52649647102
62713.025709561276	155410.62796322245
65271.18776797637	173410.73261118119
64518.07965873232	162198.1444443799
45714.35376204922	163592.0715335763
61414.33202862994	150045.96888217836
67287.94921211137	137673.13957230526
58546.08403791631	156130.01201212461
64228.07390670012	158065.9075129388
61726.49487088323	155694.44476535922
53096.55953336228	147803.67904940344
54382.98913432073	161129.5748430111
61195.65177314686	153534.14849221092
69007.29032299224	165527.8709005988
50142.7421424996	152116.2922075483
58473.827941408264	159398.99249306563
59915.373128378706	165126.27102401012
54318.87294711708	150196.93956319353
51777.50501697094	156333.55069100985
63587.93740788259	140754.52690143554
65649.54108961899	157899.03249781978
60023.95154880287	167425.79289674942
60721.937010509966	164102.22780488123
61616.36774073398	153544.42339735638
56392.45974497545	136704.43900724078
59498.37615212307	145860.43315642636
59614.73733375946	161674.3651634885
61406.771313261255	160959.67181090114
64005.272781293585	155306.77330320285
60986.3499996474	158756.39734305115
64975.30340498939	144060.07377765566
59707.24581341467	155484.1525355766
64103.64759320742	147071.10060825438
59942.77750471252	158901.90643236926
57993.67913767881	152377.3362648394
68822.43476081203	159285.29972463538
61596.02886371367	171383.8940719278
57467.788022697816	159553.28814083
59147.4577478156	142843.84438619573
68514.08431475681	153953.712363045
57652.683500292565	145430.81978043032
53713.219486296	162150.70696962366
61586.4023548644	160998.52624087664
69022.59532656686	162414.8015396071
50484.3358312943	159580.67318705417
62774.10755051505	175402.9335891875
64574.67580709187	169799.0329132843
61426.872751582094	163487.6719486589
59649.772212494485	148583.80511004647
59029.91553838302	143817.54553053188
59726.24415086918	157117.75323420146
54624.13793462327	178265.5741111895
54668.37188283109	143911.1144849819
65118.56965703142	149314.1750111054
66242.91428587424	145563.8935522552
51173.2401900838	153706.0186665318
59112.1114960298	149667.19212770907
72315.2017253484	152507.61644160512
64467.97037542917	149281.62912018775
66661.53321570675	151985.3301150624
52397.190284368415	158628.04053444572
47324.3026351385	168255.1933004696
57933.01002592135	148535.88034907222
66159.53526960307	139266.01578888923
58082.54186956126	164479.56048600835
62053.5873317212	155698.0873585319
64874.12806916436	146181.6029971632
66208.29601515988	148852.6841453333
56932.51823666485	153242.43802076494
68791.31351544007	162813.1167195647
60893.17301810796	164121.69326430417
67836.05658253924	164712.43190847037
66420.6309704531	155959.79199168234
59467.7447538802	141404.7130013881
59414.565914956765	153573.05624743403
60408.532739919654	140568.86969478359
67277.91834113283	172167.29425311642
65387.244521820234	153577.51017082654
55060.11614150576	150614.27846334042
63877.44910125473	162044.4259173356
66522.72932787315	153785.00976443582
57662.53140690933	157403.68983505288
50145.380995083426	150847.8535523335
61023.7500581115	164230.30349864694
60427.09314439962	170909.24676253577
63846.4246127381	148656.07684257976
61282.621715468704	148097.0765565666
58660.47623828996	140417.26390258304
66928.50135710258	158692.7238033844
64341.31144576648	147077.43142032245
55534.06525127991	150358.4121934009
50693.84464906686	159860.01651738147
71421.49616850662	168152.27253272364
69420.24577600909	152426.03976973033
61120.02830940397	170431.03711115618
60632.270973753686	137969.17619179105
68487.79914078691	165339.6767105501
61775.63470812622	177499.61585640692
48813.79923578015	173029.07602842554
52679.86052596486	156563.7591748864
59881.137099990556	159570.60333667274
51704.67444501513	139663.65511916808
64057.13306618763	152053.95304197219
67444.38764086708	150222.15237199655
60995.18833067719	154438.50353105084
67580.98252828771	156698.00544906146
53532.54364930799	148884.95025955685
61573.86094403868	163004.29128605055
64525.12514957515	142177.66194031853
62645.36150295364	154182.72049244016
65286.625568055126	161058.58530693286
64788.03701139942	167469.020109411
51801.79762514077	174467.53613375986
57089.0369512499	154418.13361021972
62886.22934100761	139436.7061659407
54466.509272074254	137671.49578190414
61033.19822963023	161300.69132704704
62120.834699883795	152615.66325674905
72635.54195276706	166686.62338171777
63998.68176603402	157975.48490871085
57968.667288274766	156762.39108118805
67881.82595650855	151385.70420428267
58198.4624193272	145119.44777997088
