170786.7077360935	421733.8800434484
172028.66110259364	427692.4053720058
174747.14451653877	430948.3951164103
170939.2452006446	424579.6927192401
179003.9101801978	403755.8250141359
177934.24868962262	420022.06419477944
175828.08039368436	434297.5820744657
163964.9375335896	419616.2370192027
173812.834272563	430754.07653687615
177759.325012827	453052.52709186083
185930.14336486656	427668.54070591665
181109.03411622508	433055.8636873369
179918.009270018	417329.7049993954
157000.92254492233	419036.79448521126
158466.74839707703	416447.14839262224
172283.68078065943	417964.20084464585
153847.3381137479	387973.07624587516
175991.89972237113	436034.4886743943
175098.19428905647	442525.96687806083
175570.18167018605	431859.01655667345
168402.53125213165	446504.8562389255
178661.82581123378	407247.0040850004
169563.10347376997	407227.707149246
182909.63034988742	418627.03667067
166711.80386079923	400906.824332323
187692.9543763415	448873.0837581861
179624.54452258837	403729.3184086159
178051.15064936702	432287.71449606156
182056.5628555869	412406.1140368203
178187.74054991567	437970.9410907851
180054.49902409822	414497.0898287718
186901.0833623095	439169.73818917386
177121.21252308355	427738.20722986886
174344.62114505726	425606.3670223558
185598.89841793873	441919.2798737604
165748.53739032915	431382.1236077426
170293.9704571189	420873.7488976041
174340.6775284104	438791.0699035255
163415.2285402771	429845.10845748975
179334.71699789	415590.63549361203
175494.66708370388	419859.168673832
174722.18676182933	432368.8481804511
177971.90082953052	426916.59889679356
167341.70600776805	425777.14015277766
169638.694527235	410431.34277334064
171909.14521021058	435026.34896499035
170616.0797835194	396693.52919577097
181447.96170813637	426218.64956176106
182514.14064304077	441242.58381487
172901.4762432748	408946.48873728554
173321.50512003718	435156.1386329924
169594.46879408695	385957.91113552835
181943.0559285765	438341.5603841111
174657.0681944618	433353.9792662211
178366.30141377967	424535.0046248607
179499.72832378105	422219.15557899524
185698.9665965112	426036.81173958373
177204.76066185272	424192.0417549225
181834.18328129465	401564.8906592984
174581.28999703837	403679.800662959
166901.411079938	431140.72042535787
170251.2866043211	412356.68344632233
175171.08602193004	415493.59855808195
177939.77419687266	402909.1210439892
172080.6357331067	426010.94682609977
169711.07265410107	423547.48482440977
171513.56259233213	449816.9577127978
177642.94895167678	462707.774754803
175217.89689064166	442991.89811051765
185848.875253444	417050.6220664198
164074.84595089403	411658.54681848927
180997.22785098647	414457.09871456295
170023.5797638349	423754.7740140989
168453.50514713308	439749.8777370631
172742.66525466536	430216.8006335659
177625.9321042688	450807.12704017037
176600.05151079482	406721.8558811906
175274.1345749629	417560.2658632378
166774.05550227608	419539.17340040265
197090.60043130475	451695.807151851
170296.69991678983	428058.579846976
168974.2105214111	401230.9369900874
175150.4726500716	419560.82701958413
182834.48202082972	420824.56807288295
167813.90360472398	422294.5927914042
182190.07279988204	450475.8633901528
176451.14101048428	425240.38934361865
162683.41081407794	431434.24935276824
168122.15684879263	407772.1481219583
168993.6798137089	399173.5076180543
173532.10839814376	429748.39800778934
192675.96333782654	426278.7018039549
175382.1298601714	437074.4212180704
173622.94945883908	424406.76612107735
175035.5644521951	394435.9353149418
173587.31842614096	423699.28681958036
171880.50294956221	440165.00646899105
184346.36024373095	425120.711303074
178148.271842859	424003.7569204216
176943.47278062347	419909.7949838077
185304.91739658028	435607.61778620793
184221.97696415585	472744.0491163682
179461.5029807747	441223.74275223096
174998.08472845933	418989.03965173714
172298.27046687744	439053.0275327369
170035.80863564555	424401.09529976966
163947.49685510038	430123.38438635867
175090.2407839459	427932.1778192151
177300.649753382	447805.8739438177
171048.28486124304	431215.16536500346
174730.64735646418	405717.2001907929
181664.43536630788	446560.290766851
165078.2289471307	413720.9034190301
165537.25214972167	418246.27037202416
177161.9527625246	403538.94342942315
175211.76482241918	425649.2481320334
165410.61176033202	399265.288591161
190363.4471260768	416265.957593488
182780.55659964323	464040.1271264168
160947.37252019468	408619.35767249216
170413.49512988646	430005.7822079593
171221.47642985583	420957.4870873495
170512.7459737325	447208.89716159704
198481.2248546522	432034.3397719327
168906.38111970748	428615.6797522263
168104.8407671345	387484.4686574829
176383.48438542202	446833.3065502895
164897.47212014534	409795.9574271109
172979.3789055079	396873.6530259606
184945.60809927178	414172.95220078883
170357.75337363774	399885.7702056441
168866.1856535602	444629.11783470877
168391.7143030513	395123.14467001334
189624.7020639612	440695.77406740544
179598.40663180398	414351.0867995931
179714.42701851617	399779.26866308204
168438.91765666578	428745.8098623685
168003.99521571348	399456.99834810384
174256.39665669476	452167.10360172216
181055.91690520535	430370.0899865333
165798.8949302818	408732.54261212924
159906.66601789888	432015.1385204551
172515.53102200522	436695.79625063005
162128.3950990889	402476.5812211009
192771.28521346164	436264.6150896171
176605.64030901948	425249.233816065
164892.20391819841	446043.3558548975
169284.6731020633	423127.9437246806
168858.74661704773	423842.1144922476
161757.1446714219	428321.8801853438
186459.6666345994	441584.9463222489
164631.24966971413	412260.2747165825
168442.26314235642	418290.3584167167
173811.53148771008	400272.14048423665
176427.7735865273	425305.8148704521
175470.3797267214	422633.45990553504
167204.58414583374	421180.36846155627
196042.55425020942	418359.55920958973
169180.55065357283	424769.9353862583
173389.59443579748	416871.8694504354
179588.9702023043	424011.2167722943
173586.1280483452	412244.2987810088
175871.68735833166	429147.5445886209
170510.74466252924	405268.6753780318
187949.2721301145	457844.29257008265
170715.30064006004	401014.9181461584
190097.9165397809	402634.2253862609
167751.76440668164	399157.3562910419
175511.1281313331	415134.8598334759
175472.54910272994	411229.40192243946
184521.0905251669	432100.12314268353
170503.08704247366	429998.37323840486
180141.303552899	427145.0430389624
160664.0370845938	419859.4245702448
169422.07413812296	448029.21081899136
176056.7846624559	427580.8996999524
175883.10960313893	444451.193937946
175004.21185801335	400538.3179231974
166967.80350737437	442986.5223769039
177425.81006296567	430939.74910131504
160437.29021590794	425711.5955136848
177631.4396944836	465221.94397543557
187019.36976398138	424044.61120480194
188794.54175040836	474755.4897526544
181611.42803255358	429096.7683935396
174789.94393795598	413852.32425431185
182166.6274264181	423926.73605417693
183960.21733934447	430717.9716644475
181530.29113742762	411883.98759474943
177934.95587986865	416900.48821695836
185600.6004343869	442528.96634564135
163257.18594680683	404454.7469387529
161683.00379759568	440177.23112995736
166881.6174160717	425824.0518573838
172365.5310237052	452123.09714775044
171355.29771021355	407875.2432093851
188852.21782387258	412622.8687346288
174298.6215422777	418174.4005965631
188137.88992296875	428135.0904501783
180549.37639310182	427243.2548149468
193202.0253642097	444625.05958899093
172177.3859218017	449536.0304737515
173400.7847936693	390703.41505197855
167632.8830323588	427082.55697568314
178452.79766569208	442749.1558906778
175723.5772730615	410015.14862684906
175761.09291867123	457282.03058599087
170545.860681054	425380.1125722649
183083.66526130406	428179.8086801539
168699.77473624964	421378.98020379944
170637.40762091253	416007.7342859349
175608.63175983398	451800.68395666196
172250.74723503675	430816.6860856534
172361.95670158623	411788.43742659996
169614.67489767482	417690.1042762411
173322.07387627725	419540.04652417585
171044.02431491204	427203.87884118623
160413.4748493837	422732.7410865862
170410.35874821528	421688.6579357742
172679.27841672132	429370.9159679221
172041.61084491765	414563.84271129064
179091.19164170302	422512.9298033278
183893.6845236679	431146.44615221827
163057.5464056823	428708.79357262596
166111.64927942705	436332.140055287
173161.8963718354	424720.7621775331
180652.94569462596	433793.0192609152
172784.46574280626	425606.70979860076
184863.11272069515	417282.60063453356
178734.97375968064	424510.0118485695
174027.26617076062	425423.5134252142
175525.13661467374	420406.7451205276
174357.36852584226	412421.77051819814
156303.03328084163	429497.694308672
178124.4999832719	441956.8132204042
173658.35691252942	422636.5572282468
171949.8176384428	432468.6488540829
172097.39858000772	429694.4390734711
178372.80624798796	425098.53175984655
165632.36548935308	429284.3877154583
179355.72042248037	410984.0396751632
176045.83763491444	446006.3716325972
183468.3234308201	426305.7345632606
196427.9909442956	400874.2846310595
172096.23036631348	430717.4294658215
174552.7151821698	389780.133026302
187376.08334761165	428108.5438862487
160589.9706194782	421325.6299369143
175323.29206104076	440078.47892062704
175254.1479090599	405664.89527860127
178490.56927242142	444250.9099745789
173888.51067634946	432270.4811904832
179024.98971812087	421097.7580463262
187547.60224056197	438209.4372633451
172003.6625919308	412506.4552764954
173125.31851940526	434168.7931799048
170668.7495881056	419256.35192916426
178083.74946612155	424354.52205825446
193742.37111049067	416077.87744885276
172302.14020151884	431828.30021742266
168841.7461894398	452998.55081707134
187168.01489463687	418059.58847669314
168072.1676268445	424750.6853352744
188493.49155061916	441051.0712987848
171783.05526727278	404759.9787515742
174118.9514249671	422168.73660305556
183474.336798225	422364.80416453717
161021.96929219837	412167.9305594586
178061.93056124175	428001.97701504943
179174.10130085493	438184.872050748
161820.33945219475	414189.8170735786
193836.2076529213	443852.28156554594
167233.31512736803	406334.21137752826
162310.61958631873	387254.8105890768
184629.6856219401	428273.49504113325
162264.56089884008	421008.2177259799
178786.51948501135	418045.2414342975
171108.8732775249	441659.0220532473
163921.27769463768	399228.3427860354
164084.27737153697	446899.7442425744
168061.0489523681	430021.9799299976
166530.12754037965	418996.631085241
167984.3802728587	420683.38862558466
169446.42266680638	408764.3444330697
172711.06140842848	438197.05450823694
177885.34344827005	386361.27762018365
170485.94346690207	434193.82694237377
179845.8917015161	422819.2759824237
167847.6273000905	423883.18484369735
169578.05584396824	425431.4140101251
171140.05527269805	433094.5506714833
180914.10914954287	437587.6117293065
171967.5270804924	416634.6998632945
177355.6002969985	411273.34813166666
163628.8182872503	405758.42838863574
188567.4444521629	417459.6306098532
169711.28920731964	419106.0982997263
183561.58609129814	394010.2124561387
180307.91126941022	427903.3555968221
172356.4254514129	464163.4164962683
181222.03083543916	463915.69055987976
176321.26510157192	425382.704177442
177065.76483440667	415255.0999359194
172157.60270371614	425392.03407081997
174544.59263529629	402501.4553491629
177222.4791921929	423897.7011486582
171528.56461145717	402714.2924442827
172612.4613826878	424464.02804922726
178288.07773090334	404489.99156802223
190229.53494836518	463365.47725957603
167491.91694779185	428177.76232410985
171153.63405511976	410927.46570702875
171898.7423142614	439564.6470330477
174146.23036352074	426455.8888370788
181450.01294305277	425328.06962959876
177769.74115433675	451434.93066322524
175626.99549026892	418663.2243738372
164751.06259462697	420663.10733645107
166501.6826154152	429968.62279138074
170748.97678422695	422019.9696967535
182694.33483195817	427189.2302071118
183711.600743671	424920.92616264
176698.0545731244	409446.33725239884
167281.94301259005	424083.28977114696
175290.06017238915	424685.2508048383
179578.86597406963	422432.0882387158
183202.2740098813	442871.08145909477
167931.7787312264	405415.19301484484
164555.500177439	399972.17195635417
181110.5357392895	415165.884494288
167086.20099407475	423187.68152367027
177679.1766436955	435594.13295874407
173811.3671773633	448954.95775745827
171859.91732181527	438406.1875171033
163934.27837876749	421407.62369915505
170193.82688422248	401996.91558722244
164237.64118714302	415320.3015223172
156453.5336772367	437505.6978107088
176951.25723513664	417408.3239206524
185584.45219094923	441134.23635169
180148.06611293764	424589.3226646485
179093.577555466	413644.1754519343
186067.46479765262	426068.0852484029
168277.32659021695	417937.76042612304
181878.44020439577	427154.52073919645
172448.73140101362	424004.5159357041
161836.0576678191	407727.3179785615
170984.73685261537	435484.8393120568
163221.74804341624	412365.15692921163
175615.29591571	403895.5997446678
165938.25302431604	404855.6750469442
160924.24176577898	444460.71141476365
181751.85879557196	406486.33432640997
178085.56610558816	405135.1196945538
172933.3138645343	439849.50703295926
159673.61331765068	412257.7336504338
178928.05648367628	438411.77800110716
184627.8574454506	444723.79968361487
168024.33007580866	412277.5034507158
175006.56859691188	408206.7211368293
170894.27585761348	409768.400856547
185228.31524352857	447276.18241553276
167880.74717524264	440814.7842946155
186441.40722960402	426373.40524981194
193158.1875229937	434506.43961385207
168767.8233632946	433520.5107722841
173196.25208078686	407496.05619679735
178783.49722299934	449580.08304116287
170689.31565451267	440516.2887941906
172944.23025316896	419357.9105328296
172859.5781202705	402592.4550194694
168462.8587014558	430073.4993479335
166359.03101232892	396166.18821598415
160297.8859911319	392085.835339954
174985.05329364416	447407.419553878
176049.97689741134	412689.99041635415
177988.47588471853	447128.9999872354
183664.521861861	427998.4906995879
176911.19234366692	416434.5321045335
175798.69278208847	440553.21561779105
169282.94043162692	417071.04084322636
186967.13331570174	423141.91047300847
194863.10877477546	438776.5927268338
175285.95911017875	439850.41346644954
177563.61140426865	420417.8305801512
172215.33693283482	420623.1660173746
158835.852936304	397220.02871087426
181650.45573410706	421574.13284861424
185297.78294370984	425005.04402479564
171815.1177400227	451216.0092627246
168518.42583893362	428513.9009287754
172395.5948122167	413684.79920247954
165528.84307582845	411976.5664043618
173914.8963707469	404021.0411565589
183789.6765872829	431945.56032143295
175801.48742570422	439814.5305054346
172966.6666089464	400486.02674684743
191511.90823394526	432948.59632187104
172029.9275235656	416109.14444042294
169391.40142142653	395689.4272178351
174947.62243757176	428206.3701444213
162168.553314303	432513.5288424618
171111.95663340884	415345.1860138024
177506.8087546426	427712.371292294
177074.0499390522	436974.58819399425
172110.76302544613	411259.39104604034
167729.54455580586	419145.99075393984
164097.82633264462	405371.3688452068
174526.96388535702	432526.79823641013
175514.84257785126	441550.7331037991
166474.1883871885	436475.7267688158
177315.08180077525	421321.84051813756
158094.81349453502	417795.1129841589
172379.90680325992	412867.25850055297
170229.81965796027	428169.5293149455
171973.04250749573	429737.0673684176
168215.5359013342	408557.4976142536
180859.44560176338	428565.9141520618
185383.15487685212	441566.4078333782
172473.01388629433	420928.0158462257
172942.29148009646	437676.07632242364
187001.96930681617	442462.1266397721
162155.00416991423	409885.0989550159
175856.18279680875	402463.4272918915
175823.04186757334	437728.9327216683
176698.82358719647	443582.01668138837
181813.6922672371	420651.7809015448
174592.8758775162	429853.4850259203
177131.28947342787	425147.43448772945
165557.7146666135	423937.53375086084
171968.53909644822	426046.7797373471
177651.00600664804	421294.38154031313
195212.2020110296	453492.4610980244
164786.1783535957	403735.5063382642
171487.6126622053	419896.6951433751
178608.62478018733	420712.2222909936
167878.64048186038	416444.5377580181
188502.20620324108	410582.00271951896
163946.20633167363	414647.9747859922
172487.6308018576	421335.79969753546
163034.42319749133	422499.5125873764
189714.98791108702	458963.5053184533
172362.56170868807	402994.2999892221
173942.69932447787	431713.1398278745
161608.4861247915	423723.088344845
168661.51677107136	408323.2475460171
166516.66649183386	407903.3118605135
179715.49950260887	424237.6118930307
172483.9201619245	403758.03495893045
169259.04366881703	415052.41214551945
165852.01233334537	432965.6001358564
171221.77926017222	424896.17087409954
169248.2512834053	415506.7573997657
168542.43527402327	429049.81340250745
168353.37861678074	420373.28722147923
162071.7210105966	427950.11056362005
162764.82922257177	434108.66740630596
164048.92889418907	401850.7621702644
174519.59001634037	396789.40303859056
188054.35488844148	435534.74895281496
172202.60358671303	415849.118844159
171532.58041591285	427782.7219149022
176035.30365049426	445525.95462420327
168875.8120138523	402085.4803644603
166661.5584043534	434145.636932522
174111.13404353923	425244.0252961704
178063.9098909878	424971.0068948869
194630.5244334928	439827.5692400498
175398.23688623065	457833.43427448644
160609.57003079844	402852.32438230864
171054.73438915308	424675.2442898507
166965.77711341484	409283.3964540501
170157.85385731657	425352.01636582636
165337.32997704594	396169.9891929483
173835.1879633561	416323.65575569635
175869.5600653637	411291.58016450977
174600.28107090786	446426.92539210187
173253.37684615215	431133.49105912505
180369.77151540684	432555.75690937217
179921.82033884473	434236.7220021599
170211.1050864068	429393.9058376746
176731.02789563	419703.065725858
165792.89037814867	395210.04058338085
179447.6608073415	405189.3202507245
174703.42106046714	426882.76322886033
169965.79438740487	414768.61804656486
167300.6526085361	430303.9589475094
174031.51747924986	418821.9222313805
173032.2184015874	408170.20769957645
181993.83121239496	421594.2434179515
169624.40397945978	409390.78765399987
169651.03027356256	453508.25826406793
178412.19790491572	392402.41571822437
172206.95297854947	392671.98894417577
171933.14250123478	427099.31244033703
165573.10609079938	414371.2202720088
170255.50054792129	428811.0870570296
184506.00239839614	391569.6002021346
163648.74950816415	412345.00427739986
167342.97280998662	445168.17991794774
