193668.18665078227	475906.1399627103
190508.85996375827	490468.5784860457
197748.6700616849	485962.147514437
191556.4691326147	478653.7535898524
195655.56725867785	449173.45811868133
202826.61247383215	489246.89347235265
198077.0638025209	491996.434216738
187079.61892796526	472254.30557777814
198489.2667130412	501497.31588749634
201394.60542312483	512381.16444717
211853.96219004397	485869.6506199795
204522.65692684025	494685.117211099
202009.59990629047	482474.05093358667
180464.65561049528	474308.55355964217
184556.49762729858	479420.76315797307
188442.42697181343	466243.76283992396
176306.57085391547	435868.2679140888
199574.04711021177	497284.8745302694
198185.03278628376	498867.1201176292
198329.75959017503	477615.41234620253
183469.4284438016	497126.79410263035
199978.10194575827	462241.2174036363
192509.04088659096	456335.6684199783
206214.59113748005	473871.61137633055
182379.46449327242	462139.7329425359
218748.79732012103	519770.0328235484
203579.9037557589	467002.8010400495
203615.1527804233	479907.36215790035
206449.3908027507	477211.09703331377
202454.22972041526	494562.712979425
204211.895429676	458881.05376715004
210527.10664447802	504048.9721119856
197854.76047388915	479567.0552514207
193294.7450465001	474792.36901165184
204854.13406094944	492855.7211100323
185375.89310623874	488033.50217477523
189560.73559527734	472086.85097400437
199369.10202902666	488135.19700543006
185681.52920785733	483534.0183005838
201509.804475097	461517.38096252084
197903.27184303355	453965.03934860404
192778.34137719462	481391.8019551717
200023.54850830254	482264.32242964837
189977.92887179425	499652.91232855036
191470.3230500652	465494.8944033092
194422.82343007135	481426.7251184167
193008.12245860448	451504.99917056947
204787.39049156994	471167.3166665127
209126.7809037303	511285.12343327876
193787.47511316458	476221.8327898164
199128.5380632366	489872.8406268299
193986.13909282663	445253.24915600696
200764.7899468153	484174.84057884454
193843.93625403498	484007.9121647761
200779.594497595	478712.0172065204
196418.64687823804	472102.0874892842
215568.02119494867	492929.24047284323
198839.5649210047	482997.2548225901
203535.86010959707	464890.7433110068
195626.7691412188	458408.980232354
193024.6108434135	490185.4216283319
193995.2372790145	458803.72621805745
200098.4601558323	478663.3731637361
201328.4287198552	451830.02612797485
192425.36145604495	475643.5612787721
194460.44679381629	477076.19678897614
191213.66678927199	501832.80015802145
198911.387905158	528502.2702307163
199500.72898434213	497683.86417159555
211485.71232909852	473295.6557324324
192916.51217535016	471205.3956224682
206433.16813567362	469115.5709769544
193038.33306855767	469571.6068034145
190595.3379463344	486786.87541506527
198723.8637792634	487045.0149809271
203135.73017054156	521816.09380028176
195070.6547655095	453936.3905158104
194575.6091071968	470602.22899181984
187644.07153924333	483231.6939657183
216296.13632655772	508993.82667634066
194036.29149007713	474998.36034783884
194365.11902468663	467197.98968590377
197706.96068654433	474561.5765771781
204938.7748926169	479189.1572061119
192266.48185261746	468433.2178202845
209386.34329035063	508988.3822366162
193569.66427346691	481377.7706969737
186411.8895159345	477620.42608156404
188266.38632496903	454662.50513646647
196260.3320709258	449130.49992318393
196473.483284948	478959.90967308555
208358.78461542592	470359.2983172127
198820.06357510167	497875.5444968835
199728.01549823664	488783.93099897006
202906.68288930366	459193.4042795629
193037.5300866296	465068.28899686714
197074.82345265895	483478.1015899095
210484.07333885954	485722.4362037484
199168.97814797022	471204.4196807532
198393.1540818376	470087.66055501916
204341.59928492896	496898.6980127613
202893.4953910341	533096.2806950622
201479.4195488178	488911.9875945914
193547.00697273185	479630.5766397702
193683.86434279737	494821.9742118388
193497.48587296548	480838.8921410822
183369.5460218393	483214.33546371246
195554.25820017324	470836.20968591515
201350.02082191495	493343.90629303193
198811.28991481144	487934.3201645867
193292.4644913533	465982.8772203621
209249.76104000054	507009.733622376
183529.5681269227	469480.6852154101
184735.34477306457	474923.77913761826
198558.93252135336	451276.17944642797
196639.09726846236	473706.87681742525
192802.60684139415	448361.88614340744
219389.3550947652	472967.7885144368
205413.3223148194	518303.85815890745
182473.17460823568	466445.87251336523
193906.06976739882	483480.101572281
193293.51048301457	483383.8753016308
199386.74510136468	506601.21788031165
222945.28736576228	491693.13753499056
197709.9825343227	474046.29329974315
190529.38307668932	446210.02345442027
200496.7947673584	495586.73878452973
190649.22070111305	470429.3891058939
194169.0032273109	441907.1440488016
204832.85805118686	462584.3889324792
193160.56452209374	466279.13997316576
196689.0386244112	503535.48749932484
188057.7076532832	445552.0834636601
210550.4246895985	497238.53581480583
201307.63163453556	469447.27935839596
208080.73541850754	445452.79245837324
190101.0542195962	479043.0030961843
190119.01060128864	456726.0418420987
197515.3978912536	503771.1038803307
202472.07089277694	490784.9502419114
187485.51686741848	454794.064493496
183154.28393243684	498749.8968373829
198160.99225365953	499925.27147678414
183773.03707449438	461349.3070337924
220004.53521005253	497347.9647592036
203628.91071769453	481480.3651453335
188324.02229605877	505895.3369501019
192035.7438527751	471013.1462013748
186648.75267821777	471922.34012040053
185334.4296166299	484407.5199118777
209225.13447621244	489527.4753134105
185566.0311437254	470889.77613211295
189728.11129489052	472176.21394848474
196103.4551489554	448124.7114754308
197629.5316193601	489612.42750414513
202741.82513964234	488176.1634467684
191484.30064957644	475099.6705770209
214644.52628025407	484770.9481985647
192371.09836330972	493164.5069162075
192065.59883474337	471567.1290710695
200681.72414372797	474623.46526132606
194312.21621796754	461421.2187997081
196132.5379656411	487757.9199282178
191155.07935113806	470519.94600169896
200853.34326077817	505626.8358323808
190303.12642289817	456233.36342650815
216867.75013586774	461092.9047761891
189278.72476722172	463440.95117333345
197873.84802831715	477240.67228706204
196016.6320398808	459581.5358858247
205952.52488321622	486372.36692300404
192947.90539162047	485288.2364470612
204830.2988375168	479517.0810687267
183072.01421738026	471073.0617572408
187408.23546815157	486648.85783017287
211284.69237703085	523624.9712787563
194520.00735482806	494572.81991550524
194939.32572663284	460889.9540348114
188798.7540922109	495724.4500689879
200224.4993950252	495018.06376506423
178909.47749283956	482167.0084628626
197842.93323442902	518815.7317017629
211653.27996301587	482091.5595899669
207438.67559650732	517635.5663408
207737.53432815644	485541.82618539245
194583.81590626313	471654.068286831
204547.30830401182	483460.91927199665
200496.99416859934	486245.6041025075
206261.538906931	462016.3187007655
198124.65022815618	470608.4922751074
210197.8362402142	501593.6919344176
185762.47524837783	468915.235309136
187967.60995366334	503074.84477013414
195814.08178872522	490146.68266525364
196578.07052353673	514710.88499214646
193117.1940111221	463810.4270447772
200877.4517195393	459248.8521992393
200069.0241941986	473896.5125700855
214301.4525095126	480632.6027916417
204722.24804382125	488672.94529803644
214692.9482306649	497972.83561301406
193326.45304179483	500353.2275728622
195505.61177250603	446095.01590304007
198648.8833228927	487478.8367717841
199937.24022925663	497022.94268360594
197714.9381256748	468073.19217922643
198166.37493975938	513229.67603052646
189870.06451046892	476923.82291229407
206189.58019409253	489688.73571532656
191646.62989193632	479519.4640880076
195893.77877439116	457059.322970783
197243.1271831587	501842.25984204793
192421.029617674	481915.0230795321
197822.20698591167	466532.1655402495
192804.76836977436	469013.96952007
200244.13088569092	474131.6395353256
191190.2443810845	481372.83751260507
182663.14019690373	480861.2113792421
191632.6779126657	477823.44535550877
190738.77276181465	472905.87422382593
192112.91159667197	478505.45914054
200241.8021120503	471960.0813806589
201918.39264482033	481246.34936740383
186077.26901535294	485858.0504717975
185061.9818842729	486369.6195036678
199316.80965392245	479459.8109566345
200669.37715691037	486780.2406534663
197341.952147452	477036.67857000243
205796.80025617074	469167.09646191983
203695.86839421553	495527.41171170946
201705.63371670494	487207.48579985683
196818.37662136136	471205.74534101185
196542.43143086627	469511.7340878357
178373.00550306012	480558.75153772486
200884.97138351592	492101.60815698555
203756.13211730815	482979.9853814093
195208.48149058112	479395.9323198544
191115.72838958277	476483.28418354667
203105.030235544	490573.0485216044
188475.79767967405	485128.55263710674
200688.57565286278	478025.4780495631
193681.79536467465	487742.0361971045
205062.88577001716	475412.0909368607
219679.02894678488	452452.9060846359
192571.25956702698	481142.53668011667
200642.17320061132	453621.4752549334
210795.7385774448	487398.08042868273
181137.82776145457	466299.48184457596
194521.15033197525	492330.12071972375
201337.2503614854	463645.7373198875
201038.82564995915	495939.4234034191
201414.1838299929	495125.5154195174
204854.19280884985	485829.14501075726
204341.8536500643	496287.85142100096
192915.82142204134	468194.7623737766
193236.39179322566	484943.31263590656
190162.09571177184	462767.98247817106
203896.9215910138	484217.3698331746
221138.53134142363	492376.1960502334
192889.8645198436	481954.2707452249
190652.9628772958	500417.8540435317
210631.56668970027	470091.79708548106
188478.85369757633	471009.8226573326
217038.0478525738	509354.2767417167
194528.22285191633	462356.4910877477
194682.51676449628	470462.1848564084
203761.30864391505	465032.2713637528
183520.78694783786	468922.99896786956
193086.13172611315	473468.3972829524
199577.18443872247	489595.26222532406
187201.63444306352	471505.0934960088
219058.9035331144	494583.08003040357
191011.81657137827	473679.974317864
188299.96318778011	438341.6200120608
203828.8211939608	471802.78138777823
180129.07324285895	465657.47412395885
208740.9652327629	474154.52461447835
188504.1950509061	486502.66652969096
188226.70982580842	458086.58650522237
184442.7868659586	494527.34744190564
191525.57131303384	482892.06231195235
186785.89358602918	458674.55742797
190981.57705236762	479107.70357170864
188861.49541195988	470116.48422835127
196085.56085034003	494893.9695813057
199397.10840853726	449290.34900317783
193876.52303362364	490440.7590394333
199337.91642750095	470578.59177047166
187772.14543632657	472992.6653177361
192065.4585203725	472289.8068198286
189102.02075791714	471260.49848259776
202110.5404397742	487740.3718882523
194567.70047573955	466538.04404712364
204324.11158110833	464301.29278715403
192022.61474302248	457621.0279179935
216629.44053785218	486403.09342838713
197555.299434971	479500.3992550419
210749.2147815252	455705.46090066916
198187.65739539918	482777.3700456483
191796.11051606532	521386.35424768366
203684.77297980367	514317.88113488094
200982.54576616018	484923.63121305953
200141.51615410793	455863.78498512943
202529.99647735356	487418.02301159507
194641.4167803954	457737.82239603123
202882.61669513542	485296.03013683704
196464.0086410673	462105.3106872634
193011.5607157288	476044.5734042048
200793.95868336532	464249.07309854677
210930.0286401027	512450.4078461714
189161.6489312008	499352.40149235574
194595.85141306533	460882.2225920679
194319.2667464256	492972.04294274194
202438.32679645915	491294.88964698766
201624.22879580533	482301.2970402223
205202.55176804407	509152.1711185541
202465.74312833045	482900.4109873292
186173.60008413985	469868.184902627
187613.92576505544	472272.3920917129
192065.35601004225	473282.3508355636
206709.0460777282	478423.348228555
210754.57201570037	492746.52866868733
201682.21211978816	464123.7361406336
189873.3899568656	481830.3737080741
194540.87942600332	472865.7096494125
201974.34246734943	483243.0024914375
213037.1863854124	517522.88300244533
189144.17064699388	458622.3979213439
184068.60847735286	451445.07807398663
201130.83864442052	469343.7788673802
190572.4917215954	483140.3285512419
197693.02336244885	493178.61763973534
193172.07312668453	518344.30668311834
195319.94901045004	495693.0327722719
191598.2375006465	482828.82039708924
193730.82090722403	462970.9647354898
189510.8372122419	474325.80718053854
174858.00307625125	475147.0878361432
203768.86666592583	474517.3890779363
211813.43078671017	500311.3247702099
198855.95599439257	465225.9988136904
203406.73914841877	465082.4839737142
210808.1230258145	486556.92746431474
189179.8673674197	479668.82593817724
197588.12868907728	485423.8869025636
195568.24645093735	490821.16739205323
186725.42067272897	468341.0259036137
198002.9641082382	486286.77932058426
188668.0817154353	457982.2174145528
204351.903706567	456854.76051050704
186527.94155956246	477858.4728354999
185800.78111017612	497114.28884955746
204961.27170923856	459687.2998308743
203354.19222261972	463527.07801350806
191870.88114920066	491431.02218833053
181265.6934713822	460328.507254587
188388.60919109295	478074.47857734794
205979.4801679611	498718.6408447273
189980.4242456381	478023.55002294143
197673.62413062196	462473.8500652725
190883.16770421807	464435.78906823427
205232.5975841241	510205.60058022256
196650.35805283883	497633.9791905058
207656.6318125538	483414.8007218435
213357.64264732483	480915.3441860273
191445.97312187537	490370.4986527702
194028.7182263779	477887.228391191
200808.03084373183	501867.3009560278
194852.77908614694	482280.4899732037
192429.61497656628	471861.26470516925
194916.07931658637	461374.11184224894
197920.2942214238	489378.03073765466
189746.54938153757	449145.5568618858
183681.50095943967	440910.11121200223
203826.05349928574	505158.22251209477
203488.76959062606	483128.6054323655
201494.29705497506	511247.0685299861
207617.94803504783	474413.878570699
196629.13846156222	489118.9777898575
198570.05696449976	482716.63896612934
193419.89635373466	462372.39815824747
213863.52544421452	469642.16293033527
208584.4283961113	483602.5608078036
197065.69252481352	485530.98578556743
205747.98158706602	474034.10935002065
194121.76503193058	469024.8861855509
181087.70616351516	451302.8420467138
203543.30144791902	477049.35571652174
210041.33044750738	484790.8956986873
197577.6286323333	496039.2719085489
198550.8369619992	482717.4552254755
194248.50920810405	464608.73948708235
187857.79495952628	471481.9136403946
193346.3591202502	458378.4612454122
205892.33314720125	484399.7543295411
198179.06447973664	498014.57832159405
194346.17862452287	455648.4684611114
217012.91278132336	504974.7534394215
197065.95117790735	470708.3655023455
184543.73484801047	446252.151753651
195984.73047774343	485842.64796142036
186142.76494883222	502435.49279857485
192813.49696423108	464593.0788900812
199210.90904956788	475742.07915816305
196167.01095943985	482942.08523803874
194817.74795130064	478240.180187679
194507.40966209845	483002.128483946
182127.97300046962	460434.82683124306
195494.75145448992	482187.85842014215
200728.46282479074	499720.7573764615
189548.42810107738	490841.75325388386
202795.83429243794	491051.7507910228
179197.06021777913	471346.7850713718
198179.28738924704	466189.4728918728
191253.84715082232	480961.6630312327
196435.44143144903	475730.04913842573
188251.79193548707	459335.6378797281
206587.08706070797	493901.6133954101
206300.26397749962	498246.9185729154
192741.95001105568	480904.1517847365
197759.47897900082	483334.7017997966
208771.75655276733	505620.42263289844
197558.8168340574	471007.17236102396
193985.1129082261	448702.36130705406
198719.8347228305	493504.4635082762
201130.8852998616	498177.5970134162
201700.80290078075	472900.4089968194
191463.97918680217	485997.4848795001
200924.6491068456	478017.63422087533
184350.33348223893	466138.6143750618
191467.40404599946	480527.5313067351
202227.6317695746	480241.2431388747
214375.88243945676	495950.72357433627
183216.96663622666	465970.6909957166
191335.76350211498	483293.58085400576
198155.83938452415	476636.76561540214
192048.8180877271	465375.25486296526
209126.42459779623	460851.08542158053
188728.42819427574	457672.12221495475
196371.8005330494	478041.99087480723
184360.5222938756	479218.7656662075
216513.64378708793	504114.6155948711
198489.64122648316	453618.40897365543
197275.62195068225	491928.74755991047
180159.39937214617	479352.225817597
185726.8606951772	466062.798473108
191215.1288941341	474481.3373214107
203108.39009587443	484545.6767993202
193966.3499455193	450640.1655665152
191780.9325128374	476100.69240976067
189697.17890686623	484326.726005257
197744.27142161515	475792.3304476289
183928.21502875155	467397.96536551556
191327.1121889903	485249.49640580965
198553.3676297993	482959.0120416696
186475.1189598402	479606.1890280697
182358.85670608166	477971.7293428671
188010.95234427165	455476.7976143586
189714.06372026436	432627.2226909897
215307.7718454623	484214.21354855626
195706.85190138806	473371.1477167894
195995.40247042663	481349.60889592214
200061.68066649922	498038.8927235865
186362.5764370364	460946.525765827
189556.7404530188	491018.1444788103
198496.40250926564	466078.12587085634
210672.9009784629	509141.5346867088
218792.5012023092	492833.9561357759
193774.61568207497	505851.08400240564
184181.9492391465	461289.4008605119
196097.08633272635	475725.69419674715
193520.05372889846	475637.8154281862
192214.20015737653	483368.13696327666
185470.29601136036	439633.8638435133
198922.61041832328	463466.97426504706
196666.2453877161	452329.44608542474
200542.86771502648	505452.03357534774
192175.6967981646	484259.7509075309
207673.39781565187	499994.3082324235
204919.00149120757	486092.94528925535
193081.48790839175	478609.5200588377
201487.99728706194	476390.89078939054
185680.84521905665	450191.23788280657
202822.73058044212	461492.40941589896
192130.59242630162	479687.67111718963
191903.97311724073	464882.07318272
187476.089706777	480978.126865126
196088.7184391311	477238.6591704354
196025.92836866656	455159.81327477575
204012.466241682	486768.1911614534
196385.2992304529	463526.78372047597
192400.01489828972	509414.49561450514
202783.08519941743	465299.5373279796
191357.09166960843	446672.31102100527
193021.10126978083	471507.14901790745
192615.53542506928	473435.3650952704
189326.0182644269	488336.5460480889
206018.6779270015	440780.78085739043
189041.87739634007	466008.9647777879
187023.34867437408	490791.51329480263
