995.1566746857351
1002.0296144259762
989.6073037395631
987.5062795402754
993.7454365066619
980.008809348123
998.2409745404892
1011.8477352605087
999.8796030069107
991.5111504139913
997.302919020306
996.839385054238
987.5475798263155
956.7011311590271
964.0399212239352
993.4378060546987
959.4592971233361
1004.4850681721963
970.08769361425
980.7211858353888
966.188329807703
1004.9083693864939
977.0440367265005
997.3228406613993
1011.7011673417596
1052.7590299381973
1018.8535083142606
1005.3891331636802
1042.953762194898
1017.1283543945797
1001.80019327616
1009.7488818062923
967.7296591417962
1003.6294119240285
1007.5284430195753
959.0890169142173
969.7126383339389
1007.1943245867052
948.7741295518064
990.7882288159865
999.1241102050474
966.7743858833328
1008.3766827577801
992.0838330749033
971.6791643093602
966.774610824338
1003.0959872825199
1007.7171309132772
1008.4309935985333
983.6196427520264
1017.2090759793477
961.4893262574003
992.3049927358383
994.0920090812474
992.4241789746558
954.3339313219259
1002.4033253328603
980.0876982081886
1027.87308753764
1009.0132984509258
968.357606060272
1010.4580212542523
1006.7802611833073
994.3687910121558
994.0737590387937
976.1320177912655
968.3093683869901
1020.523844032476
977.2802751487869
1003.4546793268411
967.4102194024064
1002.5065621107815
984.401562646222
997.7966246120162
1029.5251916190578
992.9853213909231
987.1728107742174
980.832571778663
992.2749263479567
1046.3221666532784
1000.9581757458318
991.6394709690812
986.5254128000705
1004.1685823370444
973.452728333069
1027.0472655540234
971.6884623880483
974.4562421565843
983.6424870430031
1018.6574698197717
996.1274939241813
1071.0796840773098
1007.9876831371835
1009.577308017227
996.6061431063789
993.3157601010821
958.4722103242045
1067.827367717604
995.1135832716126
1016.1004004799288
1006.3789177637644
1033.721633977866
981.1996093897283
987.3770375156596
964.440731854135
966.5445661818771
963.6357830527386
1000.3604888167905
1027.565126019521
1027.425448490752
961.8851209453463
1051.608696607329
982.7847250144567
996.606949645008
965.5894582395773
994.5153374110489
969.5640081488854
1004.4181039691678
1019.8900902223771
979.5227873767674
972.2084170313317
969.6806415644407
1023.8404003449282
1013.3001434283036
991.2094032865841
981.3497703068746
1062.2887243665532
965.9681839800834
957.7798490177065
1009.5066304578363
978.2294852825161
970.8293816190499
971.626607448626
987.9483169043668
1003.6659439361871
996.4599205702231
963.9229759781851
1020.5264193479844
1008.2380685505613
998.5530349922541
957.8106634768429
966.0941071073584
996.7883047065612
967.5658585029312
1025.2829163592955
1004.6853432141929
997.8006380389286
996.8970633474489
955.650480251987
969.7097654059655
1035.4202453300745
1003.0620320732659
978.0784766501765
988.7903963199689
996.7634882432721
993.4330904343975
983.4293592551348
1029.2260377478324
991.9094644319263
961.8420826580348
987.3535824031298
991.6004158902368
1024.790662642736
992.6198574677003
1045.6645259171873
988.2499759223462
989.6701345349134
961.5566235938987
998.284135789715
966.7279397314624
982.0504419802835
993.3746787651577
982.0682274463678
958.9087267361432
1004.8297196321402
1064.2563085613124
988.0725061196113
1009.797691553957
963.4865685203584
1009.1264236587658
1001.4010373316842
977.1244308536981
1023.6881535310083
1016.3050230919039
1000.4880950806579
1018.6528896165828
1019.9978720426952
1042.0294405760894
1007.634426552012
1007.1377136700307
988.9217089537303
978.3322590665292
990.443610035108
979.6905412502234
999.1454842166052
1010.1296999230751
1065.721511365933
976.9545809608236
1050.6367998210874
1034.1312356076464
1049.1645136752518
968.9713351959363
1001.9146227474913
991.3437149905817
995.5770150643091
987.4137622903098
1030.8529598443597
978.0056115110225
987.7932396593621
986.0719986578727
1023.500640100566
1040.3152092175014
975.5348741929397
975.772862500329
968.8528561247169
989.4931028432795
968.3056238218044
975.1955098143562
977.4660934103147
996.3375101121889
978.0745542590114
995.8391280416166
1009.0489733333242
1051.5899430312134
984.0245494190831
994.8023389835897
996.7860796940776
984.0839274913006
1011.0953928399788
1039.3311913628327
996.5213496604161
1007.5149048158025
987.2384405121995
990.2689772638214
1018.0384536977524
995.6321048046287
1004.3933424440006
1011.6389846090957
975.4293342413386
970.3933599707567
994.8927298431549
1006.5944328262865
1021.06491662791
1023.3225102258468
983.4963619942404
995.1775570798347
1068.3922197928223
1014.2630204545626
973.681771015813
1032.3519772510565
1016.4140569877918
1020.8357328722884
1013.0551955782134
1042.069285552591
999.7278616428375
994.8785906627859
958.7821754936291
1004.7135001212712
1095.3743755465046
981.4656316323749
1003.574533761374
1018.8723447205093
1003.5325703201225
1054.1759605909447
984.6751992283715
988.2640524142679
987.855303319032
977.9262651459062
1006.425276333816
979.7424749348107
987.8114954938491
1114.8531435438856
987.2374316006078
965.3192665076532
998.9462101815277
988.0624300597557
1007.4422022647369
986.7861415325352
981.313283673163
978.6459579025493
968.3059754462212
972.1001405822443
974.1873248637352
989.096852394751
992.9234245226883
1017.6430290744843
962.386868155837
984.8202282444661
980.0660310354185
974.3396443388209
968.8049393673348
967.688678831889
989.2469449843318
975.3144607452842
963.8806107572966
1042.0682310760553
968.9497485731357
1041.8577357240897
962.4628789872278
1003.5091195293594
1058.4695384681158
1004.5856025212805
974.3560454023693
1005.5086506960877
1010.962460938836
1009.416760530839
1002.1219385594011
989.9962715929715
995.4634194540805
1034.759711648963
1004.6843089510066
1018.2484705094327
981.2880017265088
1004.2962565387189
979.6345469668844
989.0950401279471
1005.4568012950807
960.4292315212693
968.4357180618513
1000.8499507149355
1076.6568218530501
1017.0085563814689
982.5015991046407
982.08168144619
968.9130749632833
989.4410833450131
1005.9854784758769
966.8535404073492
966.6273268190098
1003.5442500280177
964.1801280492866
1001.5687934661577
1018.6501626684487
993.7341742190902
995.1787642161889
986.9494394576262
986.083650143311
957.716573872666
1012.5188754625498
1173.8762487548522
1006.8014868467817
1002.3455444052379
993.6634020087075
988.0730292679086
1015.1619745040442
974.1514461781726
969.9605088521805
988.9669108248681
971.4513682106694
1008.6392684388841
991.5585364975781
979.1964184000301
1039.955598044462
1006.385353705185
988.3508321497856
985.2392881290738
1016.053737770756
1045.415801428172
973.4147719490697
967.6710747885982
964.3363816533059
1001.5694860139615
969.0613177789689
989.9401956623013
1101.9286985560839
967.9575714794931
962.6712069837884
1033.1588236409534
1003.0634778036294
997.6556170264222
983.1568423090433
989.0340162049736
973.2460210764451
976.0336492534144
1003.3530149659053
993.8066152691055
1003.4077531701138
1020.1070727318646
974.2457221572647
990.2102055678293
1001.3389901369382
992.163982860137
1036.4200461671153
997.0364024126056
1029.017692179188
983.6060403877024
958.6408415393188
981.2908911910816
1007.2078264221353
979.0370661980305
989.5120579982677
1003.8553734396153
1008.099702623793
958.7751681245946
1028.8058075759732
1004.5643571016319
1012.5590026872788
1019.7148563047916
1013.9042611953043
998.522004077713
978.0110318348264
988.4642283017089
969.5028520335749
999.8277283712996
1015.0776238265958
983.7803809700445
1046.0322960387898
984.9526717916758
963.2791042032095
1019.8206266636223
970.6653718268933
1011.8132892390588
1000.1257133968941
1012.6826370717936
1014.9026999498102
982.5603405569036
958.7393469432686
999.7570972126257
1022.0512940412609
1002.8482604330652
955.9134767439577
1045.1497451390544
1013.2617744190043
952.761478650877
1030.3700830199018
984.5115538922072
972.9835285552178
975.6611037869957
1004.9598860513074
952.2672508730807
985.120442106444
983.9820850163621
1046.6047804714663
957.7949194872235
967.9620618032446
968.0384500014827
960.6249745212901
979.6288751249385
985.6129441633688
968.9327484038865
999.1223364729514
1019.7369488891918
991.0029372326015
983.0085976532649
977.999390655847
980.9234639884246
993.8275623488889
985.9710148626205
1041.5887786229541
1006.5036537499244
1008.0441183343918
981.9082506333169
1004.1172453364462
976.1749662601733
975.9999368967568
965.5544364138273
983.2609104290144
969.2846845672045
987.2867057725214
1028.180771037586
1025.7473629826327
1001.3872346923139
1003.0854614660774
964.9578951293182
1000.5751003330332
975.4640179064194
1045.157849564784
1020.628835854198
999.0860061483934
971.7007785510723
992.6385890766522
978.8932314900229
980.9344874943537
957.7471730974522
983.2040716675093
992.3536070007701
977.2863592950433
1006.9084175529149
1012.403659451882
986.43713316026
1027.9224850816167
1002.344768136737
960.5285981669031
977.8544575297128
1005.2149187519188
958.98889520579
972.9010361369668
977.1825440801886
961.9932503225237
991.2772236987956
958.1411885736858
988.6435838077211
1027.9200183129005
959.0194698238498
948.3689884874019
984.9638882447241
999.1592992703005
980.9705349310242
970.5391660907253
1003.9844086389892
