351.6860282773451
349.85688552855095
341.76926814834354
290.8328960982334
298.6056243480251
318.36336696386064
353.1711776275718
371.6689672242702
346.60264814191316
334.8853703565224
349.3448745134621
397.47016475970725
342.3121791723979
219.82993070253565
222.89323010749203
377.2905246252958
234.63219024198958
378.6277096809333
300.02315510640665
299.5118865471216
240.36768427382103
345.9285907596656
299.8168149373218
324.4225417210229
343.43186754598264
405.24933583966845
382.8816061510698
367.5816269524524
399.7322561269102
380.427125836595
344.1042495250747
388.80386267462
344.5198810494713
311.28791223159897
410.61944631155006
228.84734438027468
329.8293189182334
359.18771085168487
216.87366159309656
319.89304800280865
328.7969686744814
279.59118881047397
331.65388217961345
346.6921820476459
273.2576054714023
258.2307845803712
352.51136493306836
369.46262649432197
363.2785124856292
499.3948457511533
367.12684454890507
272.2277646660557
280.3854947449054
324.9114227260268
315.96185282587726
217.61540122098876
398.8008517397704
282.58492815095013
374.8171197691278
265.3626651613981
286.23354528558497
275.42979163596095
350.7305963699413
363.3555949838035
308.11241648319844
432.3810204104732
342.95524361436134
332.4001313795173
289.9362065633405
340.8158380765873
257.2210772337802
411.84356756267215
307.08305863112014
305.9070616301868
461.32821255938927
300.1679999224621
269.639414839852
291.11626916195894
336.1527726310136
440.89037736442816
288.3754848369178
286.92317429818723
310.3644985691482
363.38539471192536
295.03606927659234
450.8385307462794
291.23661486835624
267.1845979909144
311.4401923306203
362.508519796938
326.22568356219284
503.6918803565373
357.15418929695255
329.4598236263685
385.3969616873178
348.70281517252846
276.19580179557613
461.6456048314262
317.2178238098701
334.3556288236939
369.1016242181755
440.4911949228557
340.14537631532033
306.85566216813845
220.60100284486876
267.45872241914327
229.7981575220974
340.2609123594695
404.92394083733177
427.7761690574163
244.80564891430907
478.13431892247416
278.394364107616
300.29359553253596
256.8932464085844
350.0999430751621
270.2527748420201
418.8719222775025
358.1963391323934
311.58639748683487
266.7590006186792
253.8563921513568
437.9727326471076
423.62959236403367
317.3209732793858
321.9662273916105
470.86535664295417
262.7586883356579
235.74465660193704
712.8987754924681
302.9212754051985
290.10715019762995
272.84158091429106
321.7929121598852
322.8093015739739
337.2335496122949
422.18094342361434
323.82827790150526
331.35283089109856
328.2768564864643
243.8645589852997
252.9736364381458
360.4691865772852
284.44848476973374
407.73979629639973
362.7078397542369
336.31143448422046
383.0477721894783
220.79486887886614
253.51042307121165
468.8784937959483
301.10631667876754
269.6567838681949
369.38764300833844
320.0462345376095
647.0784782329788
286.83217163779005
389.56155775973735
264.94945143840005
259.62875988988174
333.9804485772259
302.6433943525301
339.8766211016464
339.1467077024771
419.5810450912647
294.6514587310096
344.2922942121427
244.39356227298902
357.24764866602254
265.2765042614578
389.62001404081553
325.5355427537119
282.2924639998071
209.41589874665877
317.79629778843326
444.63068639003893
307.05838698347816
343.4152178935504
243.10748575765172
343.81043366642945
360.2577277667115
276.5092344590682
464.0021321062087
343.33685851722095
419.0984918855305
387.60271813514885
431.12473232335634
416.708154799022
397.9424520661701
359.7810321516341
306.35854995508896
380.32636298033816
320.7552217263482
380.2161645561644
358.48315428121634
342.6805815190862
519.4766993178038
264.3449429894789
459.08855164290185
416.345017882156
485.3683123165612
423.90094919168683
313.8489583701063
353.8129526984363
375.40433741062617
286.74691263648253
378.87873763255135
289.39257056650945
407.1080536529218
279.70163940831077
373.65080052807446
441.759245366733
266.386967527499
293.5208521284142
271.5026796457398
328.9874986290477
259.6725755159751
409.4215754364235
299.79228687186225
354.1309008812921
294.92605796275166
299.55948436736134
338.0097098205477
359.62696682560363
313.7697846067097
321.30822150516326
345.3876343003349
362.137230925812
359.55695190029144
427.9569911842496
348.08285066969927
341.7594618396841
371.604236526686
273.4368244894733
381.9189597317668
415.81684063121935
326.172523294052
349.54192593684866
320.8651723355826
270.15759200119606
297.6354199895406
324.95012678143917
414.39972916773314
418.3372331530104
303.33695484337795
297.17380055403163
377.63261069259994
278.36457258326595
316.2853113425726
380.97391024133424
349.8322217531529
383.85504014093317
500.3599546037033
429.70983388614826
312.5415806205122
333.2497497967151
205.28389959467432
404.1829397873993
543.7183468505743
286.7910864937007
337.5641663386361
422.8476075204712
321.53228175106096
495.88312385583106
282.61800136950893
405.48727973255995
309.08491245037726
267.57817794229345
352.64765197959406
298.8906654036422
295.89827953841314
628.7458449336809
282.11104115512705
300.98756004500166
316.87373552858315
319.9995305251829
391.72684567312234
359.5064098463627
309.5046018552547
267.51786886690536
260.5590125944207
263.5777509805972
298.29338031384617
316.76802104562404
353.5651510128823
341.8453450330851
238.6384120601364
302.4719118316115
306.1837890008095
270.1988317180014
336.8596482532385
263.02007220785737
331.37955353602524
269.0811267858954
266.3990954365803
431.32245368648574
297.7360061465464
406.95429360769293
251.194542381923
346.5905590030916
452.56008940062407
354.8999657557096
268.19659490352774
361.053559045287
389.0751309968266
545.1980678117142
301.28040787480984
313.35207153395476
355.3063224596266
441.22264930449865
424.3922839434692
443.68737307082165
283.6619902384654
403.8627073251791
265.69680254540947
353.8105840124083
344.0354241465498
250.76335078341697
294.4223482051085
324.546750795072
458.1988023052424
379.16803242100957
396.5930544485462
285.81097701878207
271.60504066582297
313.6263973140423
425.13375903476003
279.3981876689903
258.89805697906246
373.82589438026224
254.78798590754343
349.71614675166416
358.2314474208239
436.1342290828841
305.5865558227601
293.9146505725988
395.0696343120678
228.82807313477113
364.4261902938743
622.5851685075023
345.9048238976873
352.0214694172748
337.08361094983866
301.39360344431344
383.8411479800519
282.20246386249596
264.3696308736882
335.8995864474541
322.8746171546038
435.8010844754427
306.55987259487677
278.29494996019054
362.2382755650969
299.06982466576056
354.4344931396495
273.9011743901293
393.4384549957656
503.58001281855513
278.6699235302076
265.9886348266294
258.5503551491233
425.7638274818928
310.19330744019936
316.0105503916484
525.8152596206304
266.64564414709287
279.5123969909715
406.9010142534324
297.3865300400703
370.8302169948948
285.80159087955013
354.2600662954384
323.5869861832815
287.43685037805125
380.9753497213097
461.9827936990824
342.1817186118928
448.9257696064034
275.2776602935547
315.2996726774518
345.3615836294152
521.5201764908775
426.2871764190812
358.1999134372499
360.6803051796932
323.76735813078477
222.85764293431725
288.0448060853339
386.1988282887014
338.1316372658544
321.4704683975163
323.5046667558507
318.45649924782595
246.17641028546063
416.1393051383151
389.10066182778843
356.95781920153024
439.6553413662833
283.79007776755685
317.0306335766686
274.4258556150194
283.8246130048835
251.68914343606542
336.97836056177687
489.714122138691
293.58290941386275
395.18357382494764
300.45285929527756
234.3845764790311
428.5840369833721
257.995535782888
350.47908024363693
317.8356205324014
348.3135367811049
371.6040923892928
273.8037906908209
257.24154491124386
347.1837490172767
427.52920403090843
385.2997372492652
256.8634172112888
486.0589791496904
428.99262914539463
207.1972360327775
379.588190753337
289.12155583559525
277.85399430514445
290.0642143148622
386.46909654716455
340.74691637741785
313.24889099608663
352.5389217126324
450.3411598847392
234.84089039695678
307.51282407768434
263.04042051146644
266.00793509152294
362.2755227925751
292.67561994958066
261.39361383151135
352.0125545723362
380.3054877784429
359.4256220259529
354.49132544029595
274.0915632511706
344.2141799469315
332.9826334360205
347.71180427144833
434.97338403430194
334.1322049153474
342.0240316118738
389.86349242339867
306.3674957147053
289.7951803499424
337.4729857911455
287.15571330835917
277.7288768516036
251.19406013207177
294.8920797108324
390.46821779661184
429.99052233536196
345.9968053249512
330.12435939815424
324.08425018831633
319.92678340353945
257.2083354499311
489.24927416299033
366.4697814447002
314.6499475010192
280.1732006163584
325.9248174458282
303.156356795511
282.2843636406573
224.84459138937487
358.38384748257323
314.9873503752297
349.6841265900816
411.8113730584723
447.1862565667226
301.6554215629106
402.5957748436403
346.2824183124661
252.7244069810595
450.7213618655249
329.94018301091165
261.67970319091563
277.1119798640998
271.90403811024163
238.95368924403684
344.7610689761955
248.95790768763538
373.0161719260706
379.21440198366287
254.1868047811119
205.03428583290847
325.53590377671645
308.14926389034156
278.2935864907797
237.70275783248061
324.6852696845595
