2652.4195037960744
2651.049225252418
2650.544065115688
2652.3349252473263
2644.9093308584206
2647.4819269479362
2647.9000181518604
2651.4834619577696
2657.9988264480294
2649.049560833081
2652.962463156129
2649.405289432386
2646.2991175985817
2647.4560760766585
2647.7896271270993
2645.7415570210014
2646.2735582531614
2647.457945498525
2647.9471677382053
2644.647906119837
2647.9498582865263
2650.5498395046334
2653.503874540529
2661.4231433409395
2654.1371848118374
2650.381461102377
2655.317952431294
2651.396665676608
2649.4459237416863
2660.3753708188815
2645.8497355484647
2649.6907727063985
2647.308930589884
2652.2230051572697
2644.5466090831433
2649.532223772029
2648.070683943242
2646.628686606714
2644.74106767191
2651.1007795238515
2644.239820527245
2646.867103610355
2646.477377315572
2647.905017761762
2649.220211640917
2650.365430971136
2651.6335654670493
2651.8006684738934
2660.772231700108
2644.9848575627857
2646.963725274559
2650.0805915294613
2647.7719510216048
2648.1130840214137
2652.715840589589
2645.9504373790833
2647.224613340995
2648.087234030038
2655.2337492059096
2655.008780547289
2649.08706921877
2646.7972376860216
2655.103582765212
2647.494404553789
2651.325233978546
2642.3973404094513
2641.9358018845605
2651.504845352475
2647.5589130363005
2651.889550069339
2647.869359826612
2655.3486883839687
2647.1467431884835
2655.46514298455
2636.487727614355
2656.062732399466
2643.9278877612605
2647.863130686973
2654.4446541189777
2647.8770426407664
2646.1331295180116
2651.007412621828
2648.3041177609175
2647.6576427471123
2652.3732717531216
2653.565937700837
2645.990083498951
2652.4098459423703
2654.094735094115
2645.412512598723
2654.7214901027014
2653.352720632718
2649.8610612720577
2646.290252005135
2656.2777088238063
2650.7021376612124
2641.6159398405543
2655.387348515089
2646.1057071753094
2651.466027225279
2646.9215666634536
2652.806835455008
2647.9423074254487
2655.9452871588396
2650.2548956638884
2646.681635187966
2647.4414060671743
2653.2659067751315
2662.4675628895334
2638.893804729332
2644.086395807427
2642.8917892245054
2656.5125505327487
2653.633444361837
2644.3779179041912
2645.530377969421
2650.168851786878
2648.806716884067
2647.981017662484
2646.201993637856
2650.9328601088764
2648.3928995417596
2641.15241253977
2652.563406026561
2650.666721900648
2649.1590613348867
2650.7888880618752
2644.1038704080383
2648.5482336189734
2647.2107197042383
2648.0962446345393
2644.473615712466
2648.5631137686523
2654.6966165348076
2653.6937161558235
2654.7090961281347
2647.2428722829554
2649.4507179154944
2653.1015139708584
2652.769082638234
2649.2656515372737
2652.4920995587545
2642.2787383049836
2650.332275180339
2652.26506345908
2653.2216693504297
2663.434504286839
2646.5477354984714
2645.54670654228
2646.409750041303
2656.4253518373716
2657.1247106983583
2647.90479042864
2653.486668148522
2654.2585609610423
2650.7456039149165
2649.1526087260113
2659.4186761471065
2651.307640572139
2645.451674944144
2658.941627475574
2645.5822023086566
2646.4448497563167
2656.197293605213
2649.447120432026
2652.0018984979506
2651.885841555449
2645.8337114645046
2650.8685297632665
2648.1121950905326
2647.1259474253893
2650.1166843525934
2649.5855293587742
2650.8367337813306
2649.6367991019115
2658.6618891127728
2649.4358191387564
2655.0760337182037
2652.0186749896397
2643.982066935124
2652.3793145484674
2649.5366489527787
2647.7565399387618
2654.7098564394773
2647.657743121861
2655.406278604697
2652.0249531740687
2655.68637989914
2646.3576158247342
2648.9155542237677
2651.6939238172054
2647.667779525642
2649.3824040992276
2653.0308455211984
2653.197557352424
2652.190424861972
2653.4548426627207
2647.363326515948
2653.3009183246504
2655.260802478567
2647.944451895481
2645.592139755285
2653.433720950296
2647.478193038895
2645.891667855737
2651.512350412462
2651.1218405095988
2646.6432018934147
2649.7933043213407
2653.913011307077
2650.236469970061
2645.7484732046487
2640.812235896631
2651.4894964525665
2645.462804634287
2644.2927056790795
2646.122393301899
2646.560355632251
2648.8807589592097
2651.2498722018363
2646.7274573023274
2649.5836760057737
2654.06513733092
2649.2677992590034
2649.2751235800324
2651.615317722675
2645.9907203188895
2651.299129886287
2652.671089081726
2652.514220357687
2651.616760929464
2650.038161451979
2650.583525065298
2656.577390291703
2654.069192151851
2645.4780055482697
2650.8681473749084
2657.5130877244624
2647.799893394888
2646.674391451919
2644.4209392382227
2650.2059903290924
2647.477289093623
2645.9874856511133
2648.550784794518
2645.132583669319
2660.804861138572
2651.5591171994556
2647.471316799803
2653.316059808794
2648.8643436475686
2657.3184568125516
2656.25646418746
2644.037033478549
2651.636759506683
2656.410421654155
2648.6503214478817
2644.303191483394
2647.9720939698364
2657.0117235440894
2647.663216284876
2641.7797663341266
2652.087791571205
2652.3950257747565
2654.1782674234128
2643.503986684518
2642.6397473733646
2647.6066297434472
2656.459240290038
2640.848765131283
2648.149054341631
2645.896926706657
2642.2968976000416
2647.4362775464388
2654.1379313265365
2644.7271735617023
2651.5665759736876
2649.0521691919844
2652.166973987368
2648.818119195963
2647.7658518816775
2647.3134134279658
2653.8202139688337
2646.399916327694
2645.2912880468484
2650.866432681275
2647.2649723602317
2650.423223669514
2649.067123446427
2640.648138577772
2649.029038417873
2647.2147992425844
2647.849425445704
2646.613273348477
2644.412638919367
2650.7955318441373
2645.854142420153
2656.751282290825
2648.8622008263733
2648.3722963414684
2654.0923972031374
2649.905434058435
2648.371972206488
2654.01820619608
2646.457493503571
2650.1770047991713
2652.1260761503027
2643.1782582348237
2641.2290841931317
2653.604892395798
2657.3663154256838
2651.7674610125077
2647.6971951348773
2652.4820469380475
2654.237726397249
2654.413778181178
2645.1567633046075
2646.2741309943676
2649.420117245652
2653.5417391522715
2652.337099988352
2645.3639250795877
2649.0718666560106
2648.395307145168
2649.4088217586614
2649.7778824206307
2659.1503647638474
2643.1662351758323
2649.27333559043
2647.7635799562513
2646.328576317783
2653.4336136273773
2656.545015558964
2642.6411763512006
2655.723350497111
2650.2554522529226
2654.716244201515
2646.54055527121
2648.914572015492
2642.3846353902954
2654.594044084258
2650.0200763538746
2651.090662024777
2650.630129579745
2648.341847370713
2651.2860985375955
2647.718312358921
2650.385091535893
2644.8690235304475
2650.072503542988
2650.156932588169
2651.5125149116866
2652.1625133386124
2655.620105262692
2656.4171437186988
2652.286117395307
2648.757145099412
2654.1667756380393
2652.2809544052097
2641.585230959767
2651.1804494617627
2650.4053220158557
2651.4607730468133
2648.2781473089103
2649.591753786446
2652.5528270817977
2646.984740347908
2652.296441269079
2657.956952434595
2652.884175180141
2647.236879988688
2639.3326945975277
2646.461070691243
2649.7511617973164
2650.7938822523465
2649.934012105109
2646.281032492162
2644.4803972869063
2648.1988494695274
2656.776830371691
2645.232165392182
2652.559540825302
2654.126507801268
2648.781048727911
2654.177158402681
2648.280415799221
2648.458889990756
2646.445166714424
2651.4048684305817
2647.2164431745896
2650.7320616194484
2652.6548308294687
2653.107995900592
2644.490009524481
2645.169792113313
2645.1064416593854
2645.076372034863
2653.0396280228697
2644.2377035003283
2659.1835476962137
2650.923009844636
2647.9005188379283
2647.2586435218072
2641.2453727517714
2652.297209973031
2655.2433060890885
2647.2256426525487
2650.963240794548
2649.7241100268716
2641.2380121628667
2645.7008716787554
2649.566536817868
2649.4822032096
2648.3726704472388
2657.036238780538
2653.8131149108053
2646.835787862335
2646.7863267074167
2653.116620804243
2650.8936438793203
2648.510540962673
2654.0067079906157
2653.9868760585123
2647.035113631261
2654.972617353605
2649.333378068216
2650.357233424446
2643.355740763318
2654.6435931155056
2640.8571302522014
2650.8530999312034
2652.8904514048522
2651.9430003924363
2647.74541941599
2644.5045171025245
2642.99925500013
2645.1611546984686
2647.8979548703364
2646.633368530618
2648.482658822616
2653.342231835534
2653.3404277283744
2647.668226732133
2650.79644764422
2650.2858819059156
2647.321594946652
2657.5082291841827
2654.4179972730312
2649.2980696469635
2649.1698003929923
2654.2248452419913
2641.51070381591
2654.0861001792427
2648.096762206869
2651.898718867142
2652.4383547440148
2651.273756722303
2645.789253620739
2652.0714398930663
2651.570297738033
2644.027905982287
2657.2069422847994
2653.9148614094747
2647.5495553804567
2654.7891404230245
2649.988627398144
2659.311713030357
2645.654408188226
2650.631972862431
2648.4231594964076
2645.3989860623424
2642.380014496125
2646.917893394639
2647.6460873199794
2645.734433773781
2649.171029105797
2639.5592570125505
2650.8939284250273
2640.5355399017353
2647.925226158216
2647.3801278840983
2646.119238638993
2646.467888343392
2644.077911449929
2647.0922981944577
2645.9023636371903
2649.2404438090884
2652.990390429013
2646.432921982191
2645.6657185712415
2641.569947391247
2649.784071581759
2653.8298223232914
2645.179428289809
2647.290114469111
2650.192990814694
2651.234668350252
2652.813688518327
2651.4294957967245
2643.2982216854
