167733.49616098485	408383.41801365395
168118.0186663058	426752.67629791563
174122.8157221796	413918.29099352093
167390.23947947746	420741.5309364799
171465.97809031414	408168.6236909551
180410.20660208346	432373.9534135258
168882.66882251206	421526.8603168791
161808.07853431458	402031.93831877096
169341.97012960812	418386.93764761335
172082.351783419	439374.4615539637
181420.33558830083	422466.8209188632
173092.52954523507	411598.0199213675
171669.41012823978	411315.30448838155
162346.95458864985	422299.6690758334
164285.1285251806	411541.25517959124
164540.0974394072	408490.85254484264
155636.8703736533	371970.386367893
180436.59047870012	436340.98611101194
171891.45733742818	430662.37449853634
175431.1931149175	419259.6089050011
159950.0974988835	437298.88374398695
179350.8955915503	411021.1236677558
167301.79926820443	399309.7875300711
182497.28739007236	411809.57323776244
159742.30168192962	403856.8908298379
186502.09076317295	453685.2935962497
174172.1377313591	398117.54923667124
177433.48881952272	419429.5363886382
176682.82854172587	407633.96586668026
178929.28100529386	439811.6243892063
173669.11568980865	403526.10816560365
186480.7813085001	432172.30527825863
178141.772830313	430003.66772204626
168801.29497901676	422112.6396680351
176223.9615297238	425510.55372438615
161541.30194363394	432445.0461295282
162127.22970848822	424788.78596970846
176872.82467716	423685.7672561575
165123.99775688816	433467.2240551508
174791.8181324015	398167.91642232204
175479.92253685396	393615.3324015391
171327.8986375078	425554.9819023222
181646.57156767356	426331.0806131961
160316.773409323	428891.04721046024
166026.86010425465	400884.43369382527
172414.20570721626	426091.4341744756
170717.85728245886	393940.0959890949
180761.47469729805	411106.88098856655
176892.72949265808	454088.4809306711
172919.0508737305	422666.7330003155
172961.43899660057	430047.264529887
171501.1111089348	397136.8617332199
180139.26720887102	421478.178543926
170569.76244719117	427966.84592632914
176563.27578296192	415071.9889555634
176851.95097082248	430456.52366101404
187222.81606677314	416269.6210367309
175106.46982194742	423858.8325078371
175982.9591815375	391603.06028958433
170762.48122431207	407334.5906059211
170970.5497780951	426248.67127616494
174547.70981972397	414594.06874166685
177152.2300754063	429463.6072950348
181825.84987298737	397515.8492013712
170703.05933928333	419963.95709684584
165483.45040007512	406960.80052998447
162407.56249247328	418598.5287366999
174857.37221245375	463164.03751032404
175646.00085781363	441922.80937586684
184621.1292365793	411022.4116557749
173178.5703721009	415249.82159438863
177208.73302106303	398254.1500993101
172764.94683774188	405364.56765630626
173426.5062908861	426534.0016290308
169607.30853307544	417036.6403362511
176354.3924511189	437287.94826608413
165895.6454914242	396978.9372249342
172575.13065050083	412031.38336476433
165133.6348090681	426315.3800432867
182184.5283738224	435639.65183875104
167335.57875247346	405537.5010763301
171180.6281500219	416801.5973021299
176951.4742955869	417008.8302901593
176465.86862167798	407962.8530742575
172167.1724649188	412018.4708075195
175542.59570784436	437330.559994887
174465.6757747446	425021.81119723024
164917.85278511947	416444.62369551114
164631.4062860126	396931.2947548424
171475.05439708545	395684.8871655945
175553.2897237353	437607.03290677344
176101.78821524105	404768.7717680383
172171.92193593542	426100.9598115367
172734.3626895083	433849.95304326515
161355.66135522973	394280.13672629837
164340.1684859099	393242.2416601041
175168.50334043056	427388.8400308861
181149.43819415272	418786.0673334694
173616.51342811022	415143.7289574734
175545.77034737752	409050.3084868967
181623.8358554665	437429.0062481962
175165.64298958122	439715.52680158126
174960.4100726902	420898.21619693394
170706.44924676555	407234.2874237096
170212.8775256268	442458.59511261934
170433.19809186878	425066.20750704047
164187.14052993845	419557.5791037999
173165.958320876	419573.3154007384
180196.77598956446	412001.9894023587
173474.5132345594	418045.8901446248
171543.86882831715	412105.49498983845
182773.91415791234	417517.9839615148
160408.84793604567	420613.9163179068
162640.18614764296	420062.0010723915
173427.12754854225	394907.59047094535
171387.61796083045	417505.6263812818
170859.49019260408	397288.9864122558
186256.88527753987	412021.4802926789
179894.08641629526	445955.6247065596
157535.70229208647	405544.13798765524
168838.32360475577	411064.7465631912
172615.2614002503	421210.41527410585
175135.05891839805	441307.8322132167
191442.46962762723	426559.8558149226
174533.97094485126	412751.83174124087
165405.23305915023	396130.2259929612
174332.2199266657	431135.0316301255
167013.14846093702	426901.7479709238
170512.46734237229	377115.05903095903
173593.08759536588	381364.8500184446
162742.14647474006	415721.8831742919
169266.6064023602	435797.81858875556
167863.73819450743	391407.20442510454
180432.60236248135	448705.9492586499
176692.08997372768	416057.2630836093
179384.3698603016	390923.8103625789
167645.56575200142	430444.39264695
162597.8201699953	387706.6874897737
174014.46630575391	436397.39897357236
180723.66308702406	434792.283004813
165928.044712472	392604.3232420796
161413.51280475472	433433.81325135904
172723.99549581797	445549.80792263546
161685.053278325	407292.6262760599
183462.18050750467	425623.02831244515
177951.64832215384	411878.58176330884
169122.59970643517	445621.4344613595
167783.48554358305	409162.1827424843
162639.08161356783	413812.7234102393
165541.63310729893	418663.86570081144
174035.6982435804	412221.8234887731
163477.21161062253	413535.94619051064
165476.58790411524	409740.80633992533
171835.2426624482	393558.99245566205
174279.60095777392	432356.75142855925
175421.7604641649	433783.1364886395
170842.0974808585	406184.4845776448
184291.07986394834	416295.63335865387
168583.4513793294	434957.3326338229
169776.4775341457	405401.68337008555
172035.36575501686	410539.3418456258
170951.6983843854	409155.65941546945
174250.2054843342	428984.1514638385
163128.28388454072	394968.5240788467
172741.63756693367	441713.77922528004
164173.8478412344	395024.9414248733
190004.36303109373	407853.24452846695
167214.84966600215	409560.96554900066
168919.61400468688	416834.9119952518
170408.21562593244	395950.0978652855
177979.61623178498	419139.737167487
170605.66140285583	439799.43747172
178742.4152586691	423519.4493744606
162884.06670678058	414102.3523788054
165641.5201661212	431680.9759111523
184783.56505125054	444855.088961045
169748.658141108	414731.73948721413
172877.05657655216	402130.71513440734
167118.74972087014	443576.1782119547
172963.90793234037	427495.79994309833
153805.0415711285	422771.71326639433
174329.8489471414	448137.7415761198
184002.20875453958	415401.88816267974
184475.5262963901	449343.6033751108
174514.36629331316	422695.2080977874
173038.9025892106	419966.2712568976
178414.51712905086	418112.67680781696
176079.0637013386	431970.3938926304
177632.35553216445	395958.89233786304
169439.29162639493	407854.37687208195
177444.4410486593	438965.11872482847
166884.18032961036	412591.72173520224
163311.86600165826	433167.37383700185
167688.9522390957	417251.4546955724
173382.63909656095	449854.84613803227
168363.2844172566	404967.15651350684
174316.67161166912	398232.4908409633
179327.1675743705	422472.9060275855
191446.898570074	411806.96804021427
175442.5023648882	433128.5191877698
182072.0881476245	441195.7572224321
169145.32714113747	443152.78443388164
175244.7914248854	392629.731097988
172829.35360320262	430342.2172223283
176174.62508839305	431915.309867999
169486.79840266032	407620.15079424955
169793.85271421226	439769.50400889746
164519.65922611608	423460.7013524418
176332.0200030618	410628.2927490665
169949.8947254355	421649.1891824821
167236.8992717496	401073.23752346623
168202.46362415195	426212.624598557
168617.262598904	420353.81006538717
172621.46702309066	407775.52701429545
168410.89791631798	404555.4717137357
178178.80540458922	421876.8524958015
168509.6373363692	426950.66178049566
161637.2590344104	417386.69984046835
170284.58563448017	426283.5715027407
169632.0576004869	412543.3916897715
169713.52685865999	410058.33664007974
178847.57674383483	427375.327761765
178350.64747180534	425522.99439317925
164874.22021011682	440240.73676981404
161048.0370585411	427793.75071653177
166990.37720897153	411224.37672213407
178110.62134777723	427982.46600818937
173456.8394493435	410287.12874160096
179074.68442011077	423675.05429425725
172846.24151655793	424128.09433828597
170677.70502200042	430527.7554873724
166487.26898673538	404669.15759640955
167239.58697474562	411482.3569909544
154519.25404013094	430917.26066367223
171807.86441789163	430751.6254057918
172661.10307155858	417704.2183687786
172643.39087616996	416443.43637780484
170404.16652243084	418160.7203741921
176330.11258523125	424863.20771479735
167986.80949841475	433328.50475624646
180545.16698297998	426608.1853411434
171426.00157721818	427666.7247845476
179486.99783240492	421738.5001396289
193805.71507517906	394656.8863555176
173403.0650639395	422587.7006199815
173991.35147520405	394307.9715722664
185328.53788609925	423860.24491036066
164534.39935986843	411126.49266346893
168221.52864047425	432699.23594910756
172495.87959929957	404282.80285817746
174117.24088016016	427866.94491041463
180305.64256077982	418041.4835325064
177528.71240076062	428842.2922810741
174608.22198628593	437265.4129981898
174686.99282075162	414444.0516309227
167192.34012352952	414536.5607589595
169957.71923707644	407267.6698913977
175588.4452283134	415327.0097516861
178993.1761836413	408102.84037566476
168697.21350299806	426692.1723294297
163758.52776313503	425295.0817819429
180641.52726228768	399022.62187143293
169953.86136537977	420044.9233060457
190034.28742436843	432054.30110581405
175814.86324981845	407907.345362718
169559.15662992993	396483.3844765646
176596.98221788072	406834.19968710444
162049.01970582784	410077.28255394555
169812.35863115007	413413.04279495135
173232.39322331786	423723.22707696
165717.08815260915	410484.5040560947
187071.69105291273	445716.20414753654
169186.7296406592	413556.60377842863
172483.7718529063	377437.09812048293
172402.5466729894	421703.56818461476
160741.5244491922	411613.0306742591
181987.6532565012	418626.2226476179
168530.9035778488	412923.10169268266
162810.66749657103	398025.1435758865
163793.5817928738	430436.9147174163
163825.16872550512	421251.3039251374
162352.89657009096	398556.86078859324
163812.68855095372	425453.0384118288
168001.00093377306	421515.6774155476
168783.0502885785	428665.68840052024
178199.0486916891	412789.68100916984
173347.86728261886	413339.77875103
172029.11929349625	414152.2876619779
165427.51847697812	413821.1506944839
173197.25505514393	416779.84822999674
174142.03099460853	423064.9920406076
175513.58820966905	418923.98886133067
172327.9982834535	394400.5761180214
178837.15417925105	404620.16694156383
170839.03584229975	397762.14599104284
184766.56713042446	422255.9591964239
171545.26749223116	413409.647717493
183095.49543953745	389616.25934732694
175045.00278495223	416240.7175290794
164369.38798682546	437399.2267481409
181199.84504178367	453160.7394026837
175656.74821776376	439321.0581660076
172365.79019681842	408037.6663757663
168638.90928126694	420772.3216173258
173133.80655924292	401347.4830681379
174138.9579796993	421294.18910111947
172661.55217228818	405818.98123752367
171108.29157448554	414154.74192490015
179528.13358570822	413805.4864651737
186062.02417474834	443369.78075784154
166784.62857608867	436091.63566779194
169825.2066650972	408570.3050475422
171407.131835341	419652.0060812496
169786.66356669902	436566.61246672244
174414.55690648733	429409.3068429482
178874.8471826117	442131.1325553038
174588.3029656193	407235.9712578881
164501.42796561765	417325.956166941
163617.44721963847	411242.30738637684
167145.32047541748	414717.9531004256
181581.56763335073	432144.23781736277
179833.57967106602	419954.5310846704
170386.19983970688	397550.482822882
165167.86686063366	418976.50465553696
168609.52356705838	416348.17288440873
171326.3343857142	413182.52341068303
185812.56830643318	458944.26119484426
167584.06661227794	396522.3991212227
161255.76415961847	395225.6793500371
176500.93245069968	421254.8600641873
164941.44608075407	425148.26556510536
173732.02118077816	434953.2251862725
167343.6587166698	449030.58733520156
172024.73861564772	430212.03368692397
160573.33950802768	427332.4991863509
168955.9280444039	392216.5256298744
165633.3816905935	415959.78058699495
149619.15377973198	417931.2234735633
180736.16403723287	407192.4274972797
180772.2419931359	429306.8759456026
172092.79915934755	406455.35216649005
174398.40524565225	404032.23879488494
183114.2293349079	425768.19505325344
165724.96945333923	422139.878676238
173871.357601655	412592.91081210645
169718.8953615676	399026.57911514293
163872.72634248738	403261.6949856867
169797.40736192	425516.9185098064
161612.06096838386	397234.7709262115
175961.81664039107	393305.8800462685
164659.66067296197	425984.31045695534
164464.62198038318	439526.3719288363
176479.621884442	406667.2723720078
177332.98110966443	398898.71805028105
167302.56061274803	424916.6012535314
161787.50643287168	410875.57465985307
161689.7441070166	419049.4370115148
177584.25973034452	426946.4964397545
165904.10689038975	419959.17547290795
171441.70709688537	395107.5769725696
168688.8891132067	400934.92053176754
177290.8855541289	447113.92742714897
169780.15905140305	425079.7090591564
181660.97603688878	421010.266664863
189085.0942691265	420049.05038707494
166680.44246701564	429496.63355012983
161660.17490225122	412197.31221721
177289.66092577216	430775.3268304214
171473.42685664166	419064.24667351716
165672.1864181834	419094.2786557425
172261.2186812699	412458.75426483114
172598.17238022754	413403.1985776157
167005.2518622647	394841.7615298281
157860.06943881878	384308.29889331263
169450.44215509386	442460.70664305496
165548.04291866004	417384.33945359534
177026.1620799805	449081.46692308475
176636.24322069943	403449.1570120621
176081.5120746665	428463.2455503637
173456.04997201916	425064.14192635403
164601.13486944177	398181.342064337
181473.9586005062	408555.87441897945
180895.24127521156	428404.32202638197
166097.8169248163	407553.3812422959
179445.62378782523	411330.913210829
173455.3270418787	421475.46110669535
160604.21766651052	399770.3822444787
172065.2431722612	412570.97500806977
180939.31949819546	419836.6162177225
173277.02575095173	425698.24784343375
172224.39175410202	428965.03036641364
167618.2969389782	412241.38217024016
167776.79748877184	424869.4425536168
170719.12241516964	404662.5176996102
176256.90736252867	421490.3856139432
166417.34135020754	414526.3559548826
167434.85408402537	391420.97195339995
185366.19610139763	433655.2430829498
176190.33812984155	417722.93396221416
166420.14669471883	386865.12960264843
172680.28386727674	427420.4439309946
165893.1786638138	439833.4314404904
169947.9484324223	400581.8091459083
166260.08534263965	406681.88978561515
170466.12227192588	426687.02555991604
170925.92637884186	424793.8832290339
170393.66697790648	405808.78763988777
158471.75267236412	404259.71501850616
173278.69697073553	432190.24461597786
169067.81144575012	433366.03281975427
164641.68465693953	434400.8982516082
178010.68462930294	436932.99838504364
157406.03251080168	411710.1034407335
165098.88813383714	400410.43363632483
165747.692365315	409961.8912083578
173534.84264751914	422962.79811601073
165821.62325745932	408383.25725540216
177691.45959178684	421170.4993978812
176983.20251706307	449729.81302927085
168478.15621780028	422055.0154700484
173309.51505652323	425278.7455084955
185853.9456246997	458051.44215380854
167890.2216086741	403410.88431594777
168773.7419643866	387849.1084023657
169193.68191641377	429420.7225080087
171591.19640784728	432392.5849340934
170262.52422700473	414110.6220358565
166476.81102254955	420526.0802059546
167400.0623610798	405999.5557559115
161623.67130448605	409780.5911219797
164365.46439345833	409200.13946654403
174141.09138738643	431050.08807908115
189456.92791639484	430690.34594532114
164306.51793139422	409905.6809007269
168457.35253131058	413294.6684867013
172320.46858369777	421767.9134087943
169580.22504275525	406534.3463907507
179954.74817281083	396086.6891092878
168439.9338928722	400003.2846641714
173545.64860216604	413963.1758814774
160103.4111534633	418151.92944661924
178656.4287578465	439241.64052997914
168278.27767674281	391606.2595342281
175932.63844093744	426941.64172564656
160387.75894979842	419482.6139299317
165132.2221481877	412049.61666874547
170722.72116405412	425482.3908325826
180509.59761911115	409608.90006935666
165641.14756339713	395177.476712006
168597.2718495028	409329.444767514
168650.41422487714	433067.4486667968
174055.59741454263	412673.24213138304
170275.85242676493	429345.1591015656
167782.2748573058	419441.1165803922
171657.33639202893	417216.2761295325
166985.21643891983	421934.16668120737
160673.60453296275	422493.47208496416
166854.95542141394	410071.4355305593
168617.87833375507	377049.9664070897
183304.60371211718	423395.16094681417
169558.09466563773	413440.89832592953
170432.36345955546	409347.8800663085
175290.27923999025	440761.5219303941
168817.33730158542	407352.25490332395
170095.65940043435	434530.18814018427
175988.23037938436	407714.09546650754
172052.11270893837	429663.8990251036
189949.97467097192	433813.9769853138
170711.5948340476	439580.60987798066
164899.27243202872	414539.1251155124
173506.61189278227	416344.00825110334
168546.97219843633	416453.88349399547
173942.5397451181	427504.72761406715
168449.7532588184	385984.0545723724
172453.05827937805	394279.13827554986
167737.8909107523	403863.9715021766
169302.61249149684	440154.15290358977
160613.91462694103	416144.94112481526
179511.41945891237	438212.10267068364
176274.81226750457	425910.5098982066
170584.18742385332	408958.6435739788
174604.76946049574	429014.03241403244
163606.99717930052	394695.35020119324
166233.93135629213	393902.3175331354
167559.82761447498	420114.00652367796
169265.26215103435	420271.9924221235
166688.7632293672	425480.8121405404
170758.37058431224	431097.05265180056
169325.8775365901	414182.29692731734
180932.47929640903	419269.6709030603
171275.1570675113	403163.9511610354
161332.21086711297	432451.3145339444
177052.44106638822	411272.8346150578
168921.40864328475	389803.9774750991
169228.48250289878	401269.8964178351
163875.35499054746	418965.0834716963
167353.22905196418	436759.89804298896
175344.39778737247	390233.71784937003
167376.56687000307	406606.71362211247
165598.13339519507	429930.08168530744
