28452.360812057792	68469.10395301461
24237.366794406924	65659.05877500933
26154.113945011413	71783.33489433026
39673.7207997012	73934.85054932721
36346.57765645646	91010.1377916437
25644.155489468718	77569.66816931144
30142.10616787662	85307.92742415208
32092.20616649573	86599.39669617858
26319.13715111313	85930.08254220618
30354.54074253168	76128.56461685472
40283.24779695134	90482.53218038772
28425.707693410186	86628.4684218332
55699.8814454457	113514.4671264066
22496.830876858465	58355.10842567768
20132.42722676822	61994.325727943215
36769.68920033333	89050.02437446303
21739.175218401204	67072.63800859754
28480.157752007563	81013.2150976923
23666.63450378726	67625.36586191744
26152.956811492448	73188.30055858575
21932.894967755612	66910.71560831749
29896.322237405977	101144.60498100184
28720.908048802572	64267.64074803334
29133.738683306576	72006.48433754299
29857.538174182613	81034.29476524529
36414.35156839684	74053.22064845731
31898.66018148672	76301.79264263113
32640.551302863656	80094.65302017599
38554.27756320964	95576.71609978085
25320.663580196084	78691.14530927496
37110.781514697876	59553.47100524852
26937.68630777583	69702.2832829655
32019.257427751603	79217.61319693268
36901.700632761225	86333.86501427002
43734.97661616371	87337.95554771683
20656.425822413024	59327.2060876292
48053.67791984108	90047.24353019944
30358.35743697343	62124.933655062065
19284.47990227369	53465.42845325791
30291.669637143903	70082.1132517687
29717.149867493114	95260.62819515946
38460.00414277069	77821.66059056071
31284.79514240683	103454.9616071925
31784.713431514996	67314.57634344067
22806.831934358026	72710.9136891989
26618.01599665017	59742.4382442075
31903.196912089865	73159.0243006827
25104.18001112339	69434.46969412097
37510.40661554976	84794.16648615291
50840.98274216918	131111.081791021
25121.11947328938	54688.20765695659
23915.756067192047	50473.60807513082
24722.857205090244	65500.514356734326
48875.3780541153	130334.27432119938
24235.006026161336	67820.36260595707
23644.541293449794	56133.390507695476
40120.64831039837	89585.51344229154
30813.96654529521	86427.50923535573
35228.31954010166	80188.13113071944
25484.03007659345	77718.56099044572
21506.14964106021	57790.196504333515
30677.850270415824	65542.33387512906
27574.708586105182	78613.16836434069
29260.618277520924	80037.93919675234
23287.90291323689	80923.56960406598
25199.53449539466	74548.21888541766
30937.129430706715	98072.01413144273
29808.980090845973	96862.72357405108
36053.61934796805	85436.51665264346
37747.096042493926	88210.46302278641
24012.453100279185	64917.76149020008
41514.16614188877	99683.51159425419
20794.047366650702	69313.84312882187
27072.231921094542	68262.65227703463
53227.04533251674	94427.52347888747
26306.72158096985	87053.10168492747
28873.170697592694	82337.77340476567
25958.688138492715	60259.29853327929
31377.010928782634	66900.7438583581
43887.92208470359	86086.24438106778
47567.3006049554	102035.48466400227
25816.13240943791	63184.30309561536
38827.27385539934	77130.69691110545
32092.17152424668	64379.82738372625
30515.52829279464	65753.10387495568
51652.972015884734	109066.79147334275
30912.874375964566	77069.45992708977
19146.5944755077	50372.67322707077
32963.627252151215	78335.8115627938
40080.439532361175	73334.53035740627
26231.19905248685	62465.551819924614
56796.347258806396	119570.32229921789
51141.86790401159	126310.09357381152
27804.591088585606	81511.93275179039
45817.53555557777	87537.15566308827
35874.70109566575	75124.35800259974
28622.57884668689	79594.0005246302
45993.31257672159	113804.31405279425
33996.643891327374	92202.64748979066
22419.024068645056	69429.49079724438
23929.275757997348	60481.538578962936
44458.23478096894	115025.87516787661
31810.23999027127	87982.74279158258
27781.849802166947	99505.36310535605
19791.594718767024	45017.6322476141
23213.934478347215	69445.38962429634
18498.516503140287	55760.251671535174
34051.90758889227	76397.17042075477
32597.419924190443	96654.71642690554
37286.8252426758	92638.73111412187
25704.951519067305	78421.6403109603
40876.323898622155	118597.82796097446
21594.091695775092	66755.01669701464
24332.026891982216	60406.33456122348
24515.020887979947	74850.37482828228
49497.54160239133	81656.43445354907
22242.10196690983	66838.09967022562
44485.35679135904	89011.67858982639
31552.9344859749	74174.69829434596
31929.154053789825	70842.63675450493
23694.032371654816	66983.61591975555
22820.77217316016	58467.8728740344
38394.58024937262	91471.662919732
51402.12964783504	126802.57898668612
37391.90075450685	54413.609527164495
55946.29963131153	136362.30586543883
31403.645464785375	71473.43730812098
24714.785826811498	46538.77834856978
18767.078861289814	59993.18443962131
53434.48688688583	117009.63412524184
36220.610256441556	76061.64399018843
32563.62582528352	98739.11414107656
26939.63975537829	66091.4061695591
32494.433164365175	53923.01389372258
28510.164221956387	75695.02246172419
35750.53018240235	75013.52499048317
34186.57714263046	93389.72607598541
30635.760347249976	71123.8897350263
31726.369155212473	69963.36218503675
24669.64230149357	75900.15477617756
22443.810556670658	64150.08719801098
21854.4989983114	67707.61764645077
26445.190935700004	70058.93349674916
31027.30332977209	71709.39377507874
44619.22911210973	110150.3400124606
34166.82555925328	78706.49270059622
27080.514061038397	65252.899938902025
31134.67948376569	87186.70965948518
23843.486753935227	51748.44516996015
24434.177546234794	59199.19309105325
47331.19855573845	104375.98363589778
25144.947366879358	72213.02673995763
27293.129229600585	63749.70661573082
29479.25071719344	56514.54837814441
22044.538191317402	53625.55189625586
44970.15027872626	102211.61582649691
25827.60205813962	56394.15606020995
56812.225629682325	130230.08672000506
21548.658757248413	51523.60972048859
28014.526522489152	73163.11975783878
28956.884602137045	72717.6426381994
27612.269191192212	78754.02174761609
27632.565094646503	79681.62449316289
24809.629923030392	95215.14657706112
39191.9800757832	67408.13029251345
23937.419390771778	59143.14285068505
29660.914977335895	62389.29879860414
24981.138596177192	58039.88560847025
34556.945914559394	83314.78281186869
25869.648103994452	55914.76833780235
40039.6287699384	76345.49571418378
48312.02229519878	95405.45782804186
27368.313086908616	66847.82395194346
24851.9318742331	65271.74400882963
22962.350863384578	74884.00449713269
31018.56031768246	104541.94676349753
23323.41609617427	64958.753192723096
22332.932669095626	73744.76497567105
23257.670300405873	58606.156818226205
34737.73250872131	108301.95757850425
30768.82928319721	73805.33960631926
23404.336487333232	60106.24211899083
44343.78384998193	120318.49815929557
27341.124387435964	82130.88259865
54255.0562703037	123644.49104953426
28021.420455965366	83302.67932888016
45342.185286461565	105918.45108762107
45298.43782925317	134313.16603003256
48559.11056123878	103992.7897480432
53048.550751837334	121481.99756502015
27611.343958722155	54613.217047141676
34986.45717841087	82504.90846874908
27063.099181301433	60095.695560013104
26816.45291706377	85862.5886659132
29480.423041091522	85915.47782503525
24333.760381188633	64067.838091871454
48045.84295485269	116204.22158230134
26740.249960987476	70319.76487089258
40241.23379038478	97824.95642443336
39285.68442638258	91145.70418232042
48093.49274616141	113165.21730678773
31665.668525768022	113992.36185559936
24414.53790943776	62272.54823979344
28422.36980304398	71494.30952074516
33809.66216041906	96167.71363729054
30992.870187506032	64600.557084507265
35285.6658236103	98267.16817752871
21583.38523290898	58317.622493530616
45221.30941348466	93423.14641341295
26685.95467738614	63910.91507042559
39096.62893690479	78186.868227383
33168.07164894143	103296.44112379332
35312.955217897776	97878.60781476989
23712.06987020096	56587.226501916404
24379.203752984093	66962.57897248105
24119.179203515283	60631.36532791224
27659.791326560637	61678.04144931949
26344.022593741633	87052.35609061157
22421.527339469212	88216.78864780867
30209.654850036823	81088.13934227284
31747.22060622063	107174.35695747023
26976.12692493527	70676.97924513479
30027.64593344706	73911.92916093797
29634.133524825564	86468.63176177777
26301.293189153366	83236.93519249621
47338.62831423376	122185.54303273246
29715.793734557097	74306.76476661618
31914.419939314255	74368.21684394378
52814.44819665797	117481.85887620055
31389.98924007283	78608.85189778375
35210.012918726155	72942.31679468112
33913.14566281985	69144.28829087027
37027.62116215263	72856.23175957715
26612.18899133506	68777.35263210184
26080.31895076944	66044.4888646429
44804.51339083594	87031.20882895251
29556.790375536963	76047.56882096599
24083.212702161163	57621.47742320432
46257.391828413034	114482.56807014263
25623.033351780756	54078.98250919032
29426.588560419226	65855.32847466759
38321.74885583564	93401.67527172637
52828.40792809728	108195.85936847805
44120.33904588655	100168.84029321837
25599.236067457918	62246.9106871828
24585.95504624444	70526.33480872306
55424.66679490094	127528.93216567235
25918.423655033876	53545.367004179025
44618.105556671064	103040.19676699192
44208.92553307854	116078.11078887666
33674.38755512894	74715.7010987682
26180.182597252013	83868.24380799904
55864.87023484269	102326.3017163425
49367.30163740547	138337.2123794819
26458.763467834702	68198.33167914771
30935.457517463437	72298.53077798423
19915.41734658071	56139.48881663241
40668.24264730108	75741.94943793258
52577.407609164045	149653.88144755183
24751.85749913562	59687.182783935445
30642.93830647947	105865.44783847881
41955.46111085506	102005.62852414962
27317.95719430023	65748.64532452909
42040.54868035295	106183.47037422372
23372.000202215437	72324.93548329051
34839.974339312525	101300.41558384823
28188.943930003312	70989.56821211262
21690.012770622743	70185.41589778641
24196.677212193128	73576.54765266026
23421.262789590488	66774.96681548675
37513.23035495366	95438.08166941958
43824.55896229022	110398.33764072695
31535.557054326724	69675.63858910787
32596.64575911234	110565.53160741754
37089.67652514628	61967.35770561296
25854.089314962508	69773.98087617199
34030.33484500235	66334.09242895883
29471.667785903406	87250.49581962937
23406.080438482935	65761.57387687828
26615.120963379657	64050.58362708507
27360.94839226266	56649.221981805975
23296.292043699475	62691.105152563374
22466.279112258344	72955.85475830354
21598.24818400613	69380.66163997729
32608.6716862968	66547.71423685105
46443.55925438367	121021.21585555105
23013.319674543018	61634.38801342639
26562.005590921857	78452.96264419354
26620.059103949687	60949.425164747605
22672.3752422286	62532.18744238439
35253.72630773086	78368.23135990243
39331.936116972225	82326.56792557008
27848.314062900277	90227.07960024272
30213.31903973985	55584.21714069547
26856.19198402467	66433.46946256726
37115.69392173475	90672.2046290736
21800.431812016875	59228.6915897972
42920.965029163955	88115.32535461221
20035.007853420633	60712.01557904317
31993.70582971603	113718.93504370193
30062.3175373969	88883.07983400775
30829.39412640541	67585.05946694227
57880.875202778436	129799.5370514727
46232.816571131625	89998.75167851629
31868.50595612661	77376.13780261468
33644.86676242073	98155.89511385217
23193.726207398096	57019.93277725827
21699.52898826947	70229.04882796427
26023.0513444435	71843.0822883009
35788.08800755529	86824.42559257543
27639.041563790724	72281.11003934729
68312.04287824445	142156.82021751284
63158.24944573977	133772.06145969837
35662.59379967837	61528.6456885902
27462.278602448718	83583.28222310607
33072.555905867346	85310.25543202215
37128.04792887336	114471.70530591333
25296.636443676773	55513.70492884253
28154.16632143943	96962.43560548929
31003.579717015673	68390.48872148972
40566.219361961674	94268.2874459541
45187.12055906649	115209.7456555978
53464.26602032328	119284.56876867151
28061.779647923227	78061.98395183422
23963.63888847475	65688.37388159573
29456.614269009435	73518.40421656914
34930.327206085894	86438.91143651107
25551.425605433273	60317.934957820304
19523.06712264257	53850.39816875395
28852.817659260698	73240.59490029348
30248.46237812692	63185.94443463761
27500.04292929176	67655.32568450642
33317.418865382235	108406.34265754114
33536.40804802069	91480.18660211745
31262.487041297667	80740.68911463201
25029.039947118385	77110.04102804899
29195.04149393883	83209.42428450577
20453.452312045807	59915.61295589156
30506.1821585281	79797.45465508958
46074.86250597751	103594.29339603364
26990.03183944273	65284.6868965267
34591.860855198145	74051.88286492878
30593.335547925446	68170.16756063014
31652.99050155204	85305.89433013694
31103.579329090746	68254.68132373942
26128.47674398555	71135.66748788503
25930.693799585402	71144.22654903121
33021.226798154166	70488.75923257915
21456.892358393205	62655.491304877585
59426.88682068464	132209.25237457425
32792.18613092626	65717.54754002634
24812.19610558873	64762.55484694041
38105.80326551689	72703.71130748716
31800.4521734082	110381.13447816922
38478.21045115385	71110.19767509619
27276.857358927056	68555.85910366535
52849.6265053395	90164.08876909535
58386.10666566065	126681.79787126937
22438.195231496273	74720.06770112281
19576.54559880726	51638.650544290205
28580.681244775245	63472.07570854051
40053.15133518111	87171.26918767522
35516.11934703588	82197.9720981808
53646.7491723639	135601.26004780375
56554.23581440177	126048.66465815295
25904.19923077288	76136.82929901867
25568.34626501175	66143.52965475824
39745.12509386132	96468.04798366364
28392.436679159706	68259.78478757436
29932.37889220175	75573.23020193867
20139.548524626895	62184.7696457276
26209.279947911305	88721.73185052727
27511.72129097376	88816.51699858984
33815.47423913117	68021.41651590464
39354.29713068152	83398.34892388235
49392.41804223864	136143.88974484676
33306.86963697542	92534.67567562278
46254.98550644744	91670.99758345788
27426.492641790777	79684.30425720918
28137.23402876959	73948.56995323105
25796.610070325347	82112.71080502456
36699.04676449094	104900.57559835311
34669.869741967515	66561.99341309907
29813.954987164943	65769.5692435275
24765.67917574396	70720.74261732597
31777.47997843807	73045.30514684597
21737.05785501632	77816.32521078414
26012.9956131915	65361.266313875276
42355.53731233692	74678.90298092362
47227.044945349204	103010.38250331295
32050.50876970048	74420.36929540853
35972.69450773114	78090.16111400694
28747.372851322772	74578.52824345471
21281.11448692775	51465.17178587813
47363.62386834218	109956.78972967678
28354.06121710982	102943.65396797168
33132.470656425474	67751.05158799172
55048.01665287624	100648.14465572487
29636.730893423664	78915.20769952383
24818.8930916143	67152.91818441072
23264.846357080547	68978.09661678267
21478.630768843264	59677.34995168914
22966.63351619659	58260.25682151005
37468.50314457377	73448.57664747706
31429.043360302654	72510.13014339049
28589.064980219548	63144.88843904674
30281.94589993229	87736.20526689889
25633.08733268902	61452.96902822127
23407.01970066465	70526.9458429357
53494.920369009225	87121.1575814305
19577.418443082806	55018.12532300389
56795.99541200763	109677.73025851493
27158.245767724737	72456.39196024416
36441.17488667121	92591.22143672971
23410.768910273764	77417.01041020344
24180.264131370757	72859.58110685169
21883.196852103054	58766.465560603654
26090.693249294927	83714.35758602063
46022.55320085214	100283.58534923584
29573.863487891216	78939.5361793123
23626.80245632365	62426.879475641195
48682.063610230514	122115.27224284952
28930.63523892622	76831.50462378419
21420.546684002384	59643.21564466126
45532.85934879197	117312.69744444257
23644.398326240153	75470.78215569227
35264.77180043208	102601.60223631411
25729.79334088231	81847.83117860189
45971.37311768558	104344.78616193426
19918.339128624328	54229.908571873806
24410.634459945726	63341.16298398518
29312.03687603827	59542.211365282754
38266.78100147813	83909.60234244767
19088.666400926817	49882.60638824906
29877.714703473117	84568.2109159334
33270.17044711324	73563.9498054032
25013.217707462034	66965.31774986148
32369.529984662728	61428.23539622267
32257.04400823325	78242.83258279348
22929.891453055905	64132.14244805956
31600.228467428944	59784.07320004231
35900.45894374468	101295.76208854011
50047.502727390514	86938.31721947147
32623.49252697119	55331.09805555688
31272.045538056827	76563.99140464555
22477.526628218588	64663.93910715151
29337.012581150975	70692.82582080709
35041.09443873768	83199.70433661714
42019.9157807586	94664.01940415803
31141.918664608733	81248.07059731735
27445.797526608236	60411.19023995998
33224.10934150716	89555.751523157
26314.757165208648	59460.2067384602
31417.592338932	98372.05050160395
27165.0314588975	71038.45452233138
20959.558808752787	68400.30623027535
19777.453090278603	57630.190381715816
23029.451742921563	64414.36099326079
22397.322456419784	69383.48701063516
52452.07168737979	129946.40775792852
48616.98356350288	93171.91397114919
26267.954585054176	80712.9222162645
34965.94217800755	71543.4049363724
24742.555447740844	61608.80993328145
22657.11419550195	66937.82533350987
22131.525631629942	61152.26916274767
53653.288241787726	100459.56312481684
43542.04659108777	91078.03318946612
34994.235428348	106140.38106348313
32150.130839756795	75729.48342794347
33588.469916860835	73804.25134497668
36960.118754439936	66483.54326500735
27147.419108400107	57106.45160306133
23413.528185991538	61996.73386266373
28086.959813593203	77724.69183664952
44365.58256432467	101907.27507464144
40171.905296253695	99550.96126089983
39378.80661570794	77222.963271451
45501.54824486858	105574.28220137862
33283.704131138875	64491.58054035249
37347.33394906862	69598.45829311275
32638.924044281994	61117.418952277425
23564.936534179193	62845.05329798741
40893.15136995997	74196.22384017253
32472.420268395872	74850.40356677154
29219.335795962885	81200.4216140744
21786.228241858706	60153.055692103044
24115.977526079732	61196.33062295345
32979.44062971198	84422.26442431299
50993.3957372526	115746.33475283517
24690.302899406335	63936.431678274355
28514.18212433537	73950.08309627847
36418.1444249637	74117.90460315104
23996.841469408122	60554.3065118786
18853.58630460723	63222.063049037526
36999.09950872959	78703.33137404927
42814.81753851216	111566.50716056747
26483.15451513266	53004.05398676574
24882.50149620897	66549.43655239666
27931.48875905739	90950.10226149508
