182884.15426973096	453023.9277208835
192205.22698137013	445265.9847701753
186804.91871883004	446555.86579447764
179926.66074316698	473557.1088986322
191648.3614869526	459658.66705568053
179641.29452286346	450236.6515558134
185101.2253884105	454217.96409408166
193264.15931290557	471417.95437639614
187939.07384114538	446442.51953744714
193944.20195686998	489838.86807879945
185975.25363684917	470595.9687850425
193975.63893851792	456083.3304079389
186580.3858717158	448982.33915243414
187245.22970327712	440163.5007171109
180986.72114103936	467752.00187114766
179318.2048695756	459730.07900836424
182047.39009689103	466265.35870919283
178009.15210877114	447131.19410491525
195231.77490837174	463277.0869417144
185015.7227935845	464497.9769347991
196568.67060608236	449174.56744305615
183081.56558450058	427668.70492280734
196041.3543974915	462662.46964508423
181778.2817081539	449827.541699777
178584.40768428595	441273.1773160683
193706.53401835286	481956.61629290064
191362.97385138433	479993.64460592414
179868.27768495266	477102.41952964675
185783.9679944232	470928.42693780735
189738.29582265494	450414.7300726195
177033.87560894666	458299.49163939734
190372.99044568362	448541.8877123669
185531.132011966	477720.5153045973
184701.56796647888	440770.803438404
190094.61678603612	445240.4246648663
183515.8165599566	434530.50513743085
185511.06300779944	447158.24746850674
187114.16338228004	448376.59985963465
188320.08281108385	453383.9324503306
187761.88541145285	485801.09100063675
181809.69316935295	448366.4666256935
184541.16493658617	440877.1076119521
179099.7426357688	440168.175967183
199643.26200232224	472351.3330730911
193282.36279497077	487516.38220366533
183155.7206835485	443574.647896607
196424.26684248407	454303.6187812981
172725.5555114539	452524.6792485388
183201.6616820678	439197.10446441453
181616.65076349763	453736.2537929116
187272.95635452768	464617.09038400877
188505.64724152046	451240.34580919065
186439.0679761494	464877.78302564844
181396.82110357698	463099.0437862051
173184.6115397108	477889.7842987936
191129.9326464304	445569.66019027255
185061.08702611338	453113.36285875004
180706.75947295164	455095.58080632763
185910.2077883929	460530.6431009894
197035.71970068134	477772.0888560094
191763.39006560753	460571.4791172387
195040.55845354035	461358.0524517346
181365.76717581216	427100.884372687
183080.33119617618	465894.72839396074
179900.39558319873	467704.15660652873
187366.04924162518	449538.13028762623
188040.54736197766	461186.7409972248
186958.55088672627	435855.180986305
188191.4153776263	461644.08268723614
186134.31681978868	469970.1864274537
178834.8468400819	473086.17341623246
184555.0497837615	466240.6701837059
181529.21315025457	472352.8872523712
186137.07129015023	448494.4228321251
180795.46254854428	479180.928763635
182695.96684341587	480202.2589284346
183644.75980071316	454910.5636062353
184868.12000552827	462707.81687084655
181861.3430753798	441194.20644504856
193704.54668144527	466036.2115066998
180435.48606762892	483092.1537430666
189237.09932590663	460680.17784980405
188958.87827327498	469638.0505031493
186715.67429437785	458573.76249959634
181509.1147235279	472729.5188853991
191891.92123866535	469718.3762436014
181319.33417106565	474363.9120043196
193208.47919319093	464539.27936049656
190006.20922622923	473495.8057948245
184739.23924575053	469423.9760146893
188706.45187129354	438922.056468297
178023.8166325254	455134.8452690638
187697.7049896528	470134.50865438173
182875.0448889547	453163.2818736719
190279.71131142267	459245.79335874505
183985.7661920403	479425.47797655774
181451.35226849304	447734.8841428964
183705.4714093447	497732.4214487654
187564.25139948376	454346.97049818945
181510.03026676527	454231.8399407881
186871.84573501724	449931.28920897713
180213.56899442303	480677.597804727
184573.57231914997	452073.54656424216
187049.35583852237	442514.0802423939
195301.80717276543	453563.1523999206
185579.1848707393	446719.48614371783
177152.05431389032	441610.4000630259
189102.55557778646	492414.2020415522
175250.5188433863	451541.86930238426
179104.20522464532	456090.98869026586
185717.00712057587	445815.76279383677
186276.4669749043	478378.23790038016
189284.2345705216	450172.3290006778
189589.73602022795	444084.2326273486
185057.1102935812	474287.8502455292
190037.03108123687	472795.530390463
185055.14895007212	463922.04737288295
178325.8792176338	449421.02969858254
182229.48198135832	466589.1392689835
192262.42877958115	430158.6101374813
184557.17149983486	468933.61926471663
188918.30737226273	455321.1230612396
182603.92058083002	470603.5535135005
186322.24025499134	459505.45100241783
174441.55335036776	453034.6685824203
193566.90225931816	454715.7887352499
186029.23257336853	452848.5670692965
182527.914400519	442034.6496139673
184950.61425953946	450783.67802146025
194799.41123373344	484961.02444928046
197239.5515018977	467795.70825281343
182595.80202418583	440832.4602321404
184169.08390250732	438201.5025637981
189295.38067713002	439759.9755626798
186383.51136514248	464222.62847865483
180869.75187926157	472767.0106327068
194409.67092658379	448223.84141382336
182112.14455964614	440825.99782797246
188150.44459111048	450090.6047084008
186478.73416579328	461291.40639223374
182812.77198304055	471153.9890437438
185968.16201936215	447532.1829448266
200498.57874922402	467546.8452989963
191672.52956256078	452786.0258371646
190236.83443127724	453142.0188736969
190027.42972310874	460314.3350234971
181173.6056893004	451857.55048627034
191766.94596366188	451221.4626035178
199091.32868928814	460743.7683894636
185316.8772816196	481958.81204144517
187559.25482943567	458860.71845341276
193633.19893843378	462241.5839961759
188288.41347033478	468549.6788030943
186733.99651364257	428108.5117345423
185656.49155053604	444511.6642973295
185835.38754239434	462923.3080061195
187713.018538535	452826.65911595384
178940.1468104684	476899.4660144275
189631.2275681966	457199.91373682546
187671.43170426617	449242.8506479551
199125.64555799303	485656.08917431766
177114.0112664484	430976.2243834473
188195.47015411724	446503.44096843526
182917.22838971228	466779.45233621635
184101.63636908316	454965.69830807747
187485.51304204186	467226.56160994445
193096.4700728004	461959.97220560105
187264.73989465873	470117.38102182304
191437.0887402555	463768.6565022323
190274.7416290419	444932.4101947285
196349.12879125282	454511.9053370408
184421.46543019713	462730.0214095811
187070.67535497964	440282.1776670073
187168.15968134045	462025.8257517535
183568.8033923693	478120.4404207807
183728.2466733184	483725.4973005816
183104.9830379693	448993.7548235949
187627.75582352764	476414.4058549893
185951.99185285845	434799.3494973006
181924.53808513313	446174.81553308596
185441.58145382494	448382.67904825404
184328.6763718254	470167.1196212138
182835.40310663823	469891.31692755135
192703.49221705383	463300.26958543813
190893.22598328436	452772.4746532714
195379.71747347346	454721.5429754239
190890.692901765	475812.39974896703
181709.19882628054	461694.3305527109
186358.98983270535	456827.14676992496
188402.46642222488	450648.3131078175
191644.53127080103	444075.85723588936
175169.44003929987	443172.31746958074
185449.83890252173	452129.18039639585
182894.04670945104	461843.0931078993
184023.5292364792	444364.30856604734
184133.36147102935	436443.71975570335
175121.09708698088	442107.24503779376
190197.97495962033	456276.695120675
189966.97094708966	464000.6006986102
174480.012958654	462091.1915993194
183378.0557971572	453973.6449508037
196974.89431823307	459430.17784382484
185267.3250796944	467532.0730280344
174858.89364363375	446249.01322205196
179127.8063919976	467858.8057475651
182280.39089802347	475187.55426722363
183111.19749689053	464627.4323447235
194952.6925175599	442427.22800382215
169068.03200453363	467564.6134183762
194356.385289149	479406.89816242654
184571.2857822408	439279.36223555624
189031.25648966368	444735.94529332226
186552.67599380107	475652.89449665387
188112.48980832467	463132.16858556063
194945.09383097372	478881.792205941
183970.94100487148	426282.7828192697
191678.65863678447	466919.78876524075
190573.72681806335	458285.1084191205
178186.71784664958	454769.77968284825
181374.27177300415	457167.2748909148
180192.4760563111	455319.4593545338
191827.2582385768	457559.7395894403
178234.84765880753	457368.2381765932
181282.7867542538	446159.2502419974
181821.15664097827	475459.60764040006
188259.5900688752	476789.7429780823
187561.9240428711	459237.236727827
178432.93059405388	478130.63372945605
185045.57037446275	448018.32912379515
182320.61326339556	438081.795706703
184138.17999190366	463108.30903318536
193133.86209096387	471031.4452602003
193028.9965633349	455763.30261314986
187997.1659409096	470839.3234274687
185095.04250728374	432908.8535699061
192483.27503490492	477376.7775959129
194327.12303363162	467112.80310878606
185375.9861207739	459450.7636688956
194278.81214339338	459616.2864586845
184384.67978438214	463487.2593559619
187939.12257742323	436608.7494772261
189619.30480756337	461187.04023690056
181215.78185328396	457302.5819964228
190819.37141400488	450704.99663801386
184371.2506633622	455010.8815802204
189387.32220367866	430058.8851599685
181570.36147410737	477916.4929059107
179172.21798505518	454462.46559005335
181232.02554092783	462471.623419301
189529.01931008958	473665.5834646959
188801.88323347448	464686.1304972775
185175.82359568455	437111.3345758207
183870.22480851013	442192.5258178824
182811.90623771786	448320.9218888107
183576.1846342128	458216.578171861
189798.20280595444	479481.08746039245
189915.07178685896	468985.1286485155
184544.0483421351	471255.9641357388
178031.32706121166	456325.1676705676
179681.72664820438	442716.6370687471
175697.29119858227	458640.31771182956
190562.27834573714	450200.6039873521
183071.4014019202	446779.3949806387
177502.68406773277	449018.9529997761
184382.177138432	463113.35169472813
190184.06473295967	453451.0635226195
189777.03831772058	472393.067663548
194671.53446811493	466892.57820862613
182693.64465274086	468084.7155792221
182304.67915058858	462883.06043568195
188929.22029981666	456633.13991758355
181409.7116185658	451777.8211979539
201730.90174623427	467444.668970217
190511.30340430234	462467.21842150035
191088.37340402458	476149.7215086284
188115.12602459092	459983.8651274377
188590.91868218285	449413.17746013857
181538.4486158518	478967.4221733692
192406.62223461588	455933.08557525906
185476.12266515978	462435.4516125587
180104.61216657812	460243.367339033
192652.6703720126	441878.3357326633
189236.92547470605	472450.4169076092
187364.35450468154	444224.5900712482
187149.09261562815	466439.47043735784
178084.72769695875	438805.98778349924
189039.24027425033	453152.19573444873
190296.5863371435	456451.7931001568
186381.99378781673	445136.7776039476
175864.05961742456	452814.97002602345
194424.31366483067	464594.96521382034
196439.71411434846	467999.0686104868
182937.88279536125	494410.16891297424
182709.54183164053	447311.2850801178
189032.3336824614	428735.6536148825
180437.86818077753	458243.68383939983
180775.554103648	454003.4795610116
188260.13937123813	471520.9495697927
181161.2769312219	481999.614826362
186278.9195646355	465480.30698626133
178341.92140508108	466835.6686462413
187522.98017766647	479835.13638179435
187840.04963744833	463698.4502060249
185815.3850740188	460581.2493549709
192763.51040811674	446648.84362062684
194446.98421207955	467409.9361087221
183979.17197524707	444972.9180207137
184767.14867201215	446460.77584040357
194468.5957471772	452597.5628745288
186665.43905136577	439675.4275122642
180692.33392090083	429537.9472393608
177298.568879853	453443.75614065054
179971.65872357512	465355.37528896204
188950.15644689449	486627.4303592711
188872.20847297693	451897.7977766409
186614.62544755262	470615.5315355373
187049.47968528164	445085.3155582521
192525.34028297133	449663.2481443344
185962.51284197136	456174.3610983027
196226.12319498998	461127.4738905586
163963.1830427157	473810.8504088944
187583.72794371366	445452.247385358
194441.83137572213	474556.3757974724
185826.1143752474	443360.0117010693
191345.1857281976	469416.7456406967
183891.4086944069	472317.9735764472
201973.06312784593	435076.59400287835
177900.53547174	467897.0889733009
183518.83267946576	480299.2496419193
197647.9782268673	483260.1708897196
185894.7561371922	425925.8310254156
183664.98456295114	444716.42325949215
188683.1566814044	437063.14999001555
189020.80001561184	455528.46351244225
187057.5158232753	451282.64492912206
177743.4140920926	490245.62193823315
185569.54125514912	462885.4546755663
184372.58870675176	474073.8565227508
178404.77422935772	451213.4374655239
177218.7664103352	478232.57763065473
203186.12780640917	477777.3075599539
180334.4064106771	456107.41059045447
174743.58075615688	437643.81236184435
186897.96302542946	455647.9858570263
182895.8003570017	466055.83675778774
176962.91885847575	466187.04555668845
192546.90870465012	455182.9613603758
186194.70828735578	456013.4181285539
184416.02402048	450668.6830590173
177747.70478635863	451728.48989454913
195622.71136979654	476356.8358805219
180701.9815089155	474433.5915807114
184560.03193946125	452839.18355460255
189270.503664407	458575.7394093984
179945.54846097887	470830.8940830409
184312.27667512145	438597.78034418303
184171.63574300945	471550.77603138424
187635.28643379075	434038.4627333693
189069.59409967548	465705.6264573749
187413.90740409767	481720.59182577406
189100.47564700662	456825.08985541284
184203.1214881342	437693.39343397366
191502.84996109077	485338.7320304265
188414.38959277322	475702.9001581799
177602.97873345745	457986.05911914655
195524.30204631874	456304.69844267576
194497.05668116783	476056.5277356854
177503.042876178	438516.3707433072
187580.26539648094	479299.0088353052
182517.31142736133	455355.717081691
179483.89829735208	444460.58371560555
183816.82408647286	459170.1514360474
186613.0969861846	466904.8092871851
183042.4323838101	467218.30470792786
195458.6259166313	456999.3423072585
193604.7205510497	447823.07042894553
182824.49968225876	440515.601504814
182352.19333534638	472375.95119220496
184860.75931653194	458523.55299923505
193104.99327564918	499819.0061841898
186820.61367620731	470205.54195658816
188172.42137440393	469938.0839281931
181294.71979864826	437707.0617621661
192660.47447275557	437995.79168031923
188616.11675933283	435099.76585899945
183293.634130326	464775.0098889596
191178.80648492175	458886.8691341086
181312.0428554249	466641.11753097276
193046.09000442622	445604.303073097
184204.66567251692	447608.04811370163
185465.01508895427	465099.1604567084
194996.58822407102	441104.44497801794
184929.03222672112	459009.5312635149
181781.15874757146	478384.2244563729
183823.927995626	474608.62032041996
182002.12157323607	455693.37888763717
186761.8090413178	446442.69940284314
180546.6566057894	438479.5944129419
180552.12823433382	435851.94455505954
177503.33538492414	478027.0399032684
188726.64676688868	450537.3534682512
178378.7310429691	442328.03413278866
188865.30007883307	458194.5183229189
181877.03720953426	448231.15792390006
186356.89508567023	475333.93495591125
196728.13518901833	444361.203652483
186080.7836326272	472786.9590718871
188820.00333546413	455821.80586264195
185602.01392138156	453948.53995496087
184754.43976029113	451445.50468345993
184649.732916059	469374.0809910239
181469.98974287068	443438.15989440866
190138.85740426695	443394.28688928136
189285.50153019256	473539.5563428877
184203.1663110319	474756.71186733665
188614.96762248938	454629.1726044286
189381.33203010086	468584.39948509587
178752.14501959417	453647.27845666464
180768.33305003124	452584.3184177334
182076.323607583	450023.47797773965
187597.11884216894	458725.55083697266
188356.61159578088	443682.5902103225
186629.30484180257	498237.35878667654
188190.87162674934	471635.5859718954
182866.9125742559	456219.381290391
190296.03131192172	469085.7074257514
192427.03910165964	425887.62721507775
182778.41083027376	465838.88003240584
186453.06533270288	472740.37236066174
180308.60060679732	462725.70216975955
198655.93437419232	459669.38529966294
186084.43718248315	445801.42543474725
176515.93835550323	433939.1942654389
172317.50202543128	454143.19961137185
195031.27803189866	465954.3060537687
200441.90674922802	443488.9232634086
190452.94246385712	470980.8197127415
192223.92710667528	462105.5759412204
180723.90286841593	457520.8799786265
188095.40254653417	460781.2640847333
190304.03538291965	448383.42872429173
191633.49284582338	455886.29821858334
184447.51939514914	465283.9769364919
187896.1372124541	453937.9103699084
180935.75291102144	458316.52942417143
188882.92820297042	457255.503046536
193450.38178684184	454340.1384389464
184248.41661982652	466270.743361507
192473.60325846844	461746.35545021266
188969.73361244658	466948.7034960287
176372.38869839502	457224.02518183365
187457.40971640986	470847.4242775914
175473.6690863551	438096.50382836256
194952.29975467123	467928.84764924314
191629.05598435225	450860.3312710744
173889.5845834033	439760.6163907071
186325.34249232276	466701.4042897319
189404.48785666574	467065.6803006574
186185.7543746857	453864.87070116756
175462.13050102664	456906.6170443053
188062.63000148273	449315.0055078044
179229.1009756223	462444.7224470817
186289.77733330106	444469.8924814442
185023.56357760465	447721.3037939916
181504.6662056006	454389.6120364535
195441.65157954948	475737.973096329
182754.5880433969	451428.1994272901
193726.34158833534	454276.5218340495
185356.0921458829	465648.14617016725
183316.8353929003	453135.0390598313
186111.74191453055	443352.8905256486
183527.10079049866	455751.6199835731
180484.34118276066	431569.15089965303
195278.9322600788	462378.40304569737
182721.0284761237	465811.7727954126
174843.2706929269	462370.5806067664
192294.72049571408	468111.49499277776
186938.39308680675	472876.32597751345
172069.1507122901	449870.0403438271
190116.37443042352	461524.07110600197
183490.17926276627	444376.884223884
184883.9588727333	442752.9793084335
182580.64819236257	476478.10274878226
184711.25342160682	450627.5917608553
201150.83365108608	486775.578221065
188652.27380751088	451572.7725833433
177160.75421025703	475948.52051877487
186371.3304900388	455851.7252097896
185379.7296738775	448852.62525461236
184031.339827584	471139.7832285301
172359.2563143067	437432.19620170584
191176.78992258682	448087.82738987275
170415.15806745674	438407.18994279095
184269.4140469756	464540.95660440775
187589.5439331527	475619.15110155
198590.3394907575	467485.2974564414
179641.1814863478	440772.0560227341
198614.06192355233	435094.53076950146
183114.8079261631	459973.3844860637
180938.46625777977	458604.9344929684
