1318.9123712436403
1322.36867685899
1313.7982278866934
1326.227438748809
1325.406020316781
1325.1452888172714
1316.78792528836
1306.3535957812355
1322.1414199392852
1322.4678756885373
1320.079117720696
1316.1201665553026
1324.6804761168623
1324.7974538628673
1319.151823519503
1324.1209669990394
1321.4028721583722
1313.4921737602026
1324.7909663745768
1319.8528926968156
1324.3311691027398
1289.2985891961098
1327.385554932147
1318.4259126528777
1301.7922954722826
1324.5226936485142
1323.23301115919
1315.8300850818005
1281.5045391931915
1321.299115216937
1300.401155729092
1321.249982808243
1320.3088385045849
1326.0015500977647
1310.0433854878042
1324.5503955824424
1269.9618014693897
1304.9283389604661
1322.9419511223982
1325.5368426842
1324.1471683868672
1324.0197909598546
1320.6221714887704
1329.8842978773398
1322.7807154495767
1324.2241763829074
1323.8875835824583
1323.507710639037
1313.7353642533965
1273.3683192012195
1318.6462720919553
1319.7558351342286
1321.589180352688
1321.651956546682
1324.0967680300155
1322.8798516729748
1317.634257003601
1318.8304643012584
1313.7751185503453
1319.7767869725621
1323.4102558388504
1320.6854108769942
1326.1925534105276
1326.4653904764336
1324.2091745418084
1316.9163005440364
1290.7686303966766
1311.6006317098181
1324.6361908430097
1320.4674164955577
1320.9720151861688
1306.005781448916
1320.6293954857942
1314.7993829936604
1282.4316316037202
1324.8722142113138
1302.808039923617
1323.7967935441359
1326.900885097038
1311.2077370130035
1309.5837665059803
1322.0419534065334
1328.0578387505557
1325.019857522951
1321.97920755264
1264.0959953444485
1324.3992061311956
1323.901444140532
1322.6277476208888
1322.6876911854915
1326.5281720198768
1280.9744456483163
1314.841030092377
1317.5598341212549
1327.860808524038
1323.2918766012745
1319.9071000457432
1278.5002878055984
1316.665892013939
1317.535290334983
1320.1270873579026
1309.8827868090102
1318.8774050595791
1311.0391746265068
1324.5574749189514
1322.663456230032
1322.7982566959508
1313.91912209111
1333.3718143913054
1282.833371784504
1322.8610091207156
1321.575251943283
1323.5607852133003
1326.9323181568448
1323.847981075149
1324.5948268097982
1327.1893419643761
1283.5646504073206
1326.052689118802
1323.0754071479935
1322.8108955054063
1324.0411193682257
1322.5155217926495
1287.7099357721054
1327.686189008281
1293.7418466112504
1302.002659137282
1322.487700522956
1324.9639026938614
1328.572201824716
1322.3480446469146
1320.2445615129668
1280.2830646027812
1326.2210791073871
1326.067162889206
1325.0454651495547
1323.0214150597094
1332.1638722318146
1324.0832584376826
1327.555669931346
1327.7374127421263
1322.3818019257596
1317.9427116345892
1321.939001683727
1319.8172284445664
1321.9150604963527
1322.6787561759224
1317.7736943301134
1321.7592476352147
1324.2944799418792
1301.0266641247008
1313.4336140600008
1324.0883754723218
1322.4864540142144
1326.521023129158
1283.7229343837998
1325.151209019973
1320.5755351913385
1325.2966366496735
1324.3971027396205
1325.4855419567884
1324.3802021156255
1316.9329395969028
1312.111929871305
1321.913384195855
1322.9420735767026
1325.2170003658543
1320.7071497200536
1324.283723839219
1324.281251094213
1324.2095081653342
1272.4640674130908
1326.6652517703947
1324.4726876765963
1317.0714582299393
1316.016766725903
1325.1163822471506
1320.5962050224377
1326.2428075528167
1307.1081579424922
1325.853187029708
1323.3655710995858
1284.5524191278143
1321.853888615878
1300.1588048239105
1319.404171158336
1320.2987183597108
1304.934857565491
1294.5497132435044
1329.537857938435
1325.3423954805644
1326.0981175045022
1323.7518629814047
1309.4677078355028
1315.3908462612246
1313.9187490651648
1295.1676546318204
1322.0084089992288
1297.210426981244
1321.7935665186571
1279.2848164699287
1323.7538669440119
1329.064581990598
1322.69435456249
1321.3008525693815
1294.3200515817102
1324.1904525941923
1322.2910847340072
1258.7948757189524
1324.595292642154
1326.921196316701
1324.5481292718405
1313.061548191688
1326.1854081091187
1321.7001130874262
1321.0448147661054
1315.9988358474277
1320.0458807938521
1306.242846819372
1321.0879957576585
1318.3391344626539
1322.714894973446
1325.9679854917117
1310.44646318097
1321.5182716601148
1324.6644353408105
1322.2092546983695
1318.6821594519533
1320.9566900187635
1315.6895790300337
1325.1641114778047
1323.0109830872473
1327.608474802214
1329.4544701118973
1315.5343886662063
1319.4152922649457
1319.3432257865134
1324.3729251936809
1320.673882516104
1318.7162942897635
1316.113130444308
1321.908007639936
1277.660976071453
1275.444059363424
1319.6370970999365
1321.9219047141225
1313.8518625417655
1321.7368770373923
1320.093455968336
1298.7405771857846
1316.8692629676666
1309.107338418757
1325.2407005170999
1276.0003415894016
1322.2693114118588
1320.6529597792814
1323.3950552939104
1280.6307313712355
1275.167939512399
1330.7721459507736
1312.4670300832727
1257.8146565788447
1325.8975989112769
1271.305841936406
1330.4195408754636
1321.203099241815
1320.274957415158
1321.6166311263191
1316.560671639921
1319.8993063172466
1312.0899900195013
1287.2077269334713
1326.0251675458683
1321.8465028747573
1322.1890730696123
1319.0640782284777
1300.7788424172463
1323.6824225175237
1325.863063146197
1324.2642015079314
1322.6896877279087
1315.2824644775274
1323.0657713211808
1324.3213276362349
1316.433345116649
1266.966372543393
1322.6607364320707
1319.151278556179
1321.280420719014
1315.5770436425407
1324.188073664261
1313.6307710023284
1322.4011214304874
1323.1223469692177
1318.818427495277
1289.620554876443
1326.8667759911282
1272.7894545102959
1323.5424168904485
1321.5176845991023
1315.2418013969066
1325.7994104224201
1312.5190423741442
1328.1362119994794
1315.1520749762867
1317.6837634638023
1323.1046547537912
1319.667646027313
1318.6930621440115
1313.7432620675709
1327.6356439400292
1315.334560182975
1323.5299953887525
1317.02571076505
1319.4838812482262
1321.035503127357
1318.0894209691478
1321.5341822056826
1318.310140013201
1323.5805747210734
1293.3565938826905
1319.485541178382
1323.162104275421
1324.0400010578112
1320.697018044148
1319.3581480745736
1297.2356208963172
1316.5538115771974
1322.1980830383604
1326.299135009335
1324.1084201080364
1319.4683255920277
1313.243941741574
1313.6989266387855
1334.730757158831
1326.5167661242485
1330.2297911572941
1324.8319601521912
1318.7722578527473
1281.9934438600612
1317.8163250805164
1324.7202698471174
1324.180888241306
1326.0046548827177
1317.5232863199853
1323.329840389971
1320.4530832762516
1325.0573388986415
1321.451150487839
1254.6431387244847
1321.8867807482188
1325.5411238481875
1317.036323911916
1316.9526027359536
1323.7020908092886
1318.525123692456
1291.604493584708
1299.305665799982
1323.7374236889034
1320.82579457968
1323.42668764801
1320.483479193309
1327.59424579508
1319.3299929949103
1280.0211184640814
1326.524260174951
1318.0804917709013
1307.0539105311625
1329.4608065766993
1325.1366284918663
1319.0101096603994
1316.4068237517217
1325.5958019408022
1323.6047703719726
1260.6516619035688
1274.903734602322
1318.7884128772216
1291.4507073925306
1322.133539684942
1326.2064946222217
1326.0534729506944
1325.0024637882332
1325.628965363287
1319.8481166767756
1310.2351903418814
1323.4316827250268
1324.5752699895827
1319.0316849022302
1297.388512547276
1316.2681209029188
1321.786400019817
1320.8153133006435
1314.331885848172
1321.3873165686125
1283.2833753204059
1313.0355468842213
1319.835432860104
1307.7169507940912
1321.9747663203445
1329.4445379887952
1324.5662411936078
1324.991608719547
1325.0893041435074
1313.5759392872378
1318.657056155353
1322.0345719029078
1303.4972599607584
1320.9255580090598
1326.373708759464
1313.1590353972879
1324.3126710889223
1319.2432938963084
1320.3997089036839
1318.009510182064
1318.9237056447782
1318.0904657856722
1321.001958806236
1318.724392557831
1306.1498528105844
1320.8016574718483
1320.77992237716
1274.6261985958834
1307.8086557875204
1322.4241011359018
1314.0026893176969
1324.5540099189197
1313.3068703899207
1321.6662459158665
1316.5975532856837
1318.5384724750265
1325.3023530743963
1327.6746821451436
1291.092391968383
1321.8553430284105
1324.13347786935
1318.8516699766794
1321.3825560144346
1324.1847442769858
1325.0291795354358
1322.0540285135132
1328.0667188058198
1311.728542418929
1322.317868916285
1315.6194710840964
1323.5528831412423
1322.9146636154178
1321.7191787862203
1327.1538826560957
1308.0051778912843
1320.7176809694593
1320.426168431977
1294.8186216889717
1315.917828232974
1313.7699550333268
1324.4899466758443
1323.4083756774867
1327.7581486379463
1323.0727798832268
1323.7104678840435
1254.0770256169199
1313.0863200155222
1322.3503838500083
1324.0065984704574
1310.5508865433894
1314.0647337587502
1325.1391027433551
1327.9036897087062
1317.0788152163693
1305.9940861856805
1318.8642884742162
1324.8301648184017
1319.8638701912073
1321.4186081519556
1321.9181345477484
1318.6964483634072
1309.4402735196277
1313.3646212352955
1303.3564056143696
1281.483244484
1321.1067645728394
1310.723516186912
1318.7601195233808
1320.6087750263162
1298.8691584486342
1313.110334395115
1318.4497945226208
1317.3614584138713
1327.2051453171907
1320.4550468416433
1300.2755316178796
1322.5330545222555
1318.9664233060575
1325.6063972838422
1322.7971628133682
1321.7881944055994
1326.26295944492
1322.3642666116637
1323.8298458752013
1323.7212495319468
1317.930146455912
