187449.26733025728	463185.99447276664
184796.2500667752	470352.0456585664
191935.68193592282	470038.4666484874
187718.81606094656	471588.2173007224
190294.19690874597	446065.7589251229
198955.83580323608	473163.2689099751
197913.32605452824	476951.38210463966
179494.9529780771	442876.4993068893
191462.72396858106	480315.4983849985
192694.70161819417	491342.2807715889
202813.62212946464	473800.3461595545
193841.33618210832	467412.94947330747
194908.15642067982	465426.54361386644
179609.69264534852	465551.5632532706
183416.58076958358	468490.1599950782
182842.7580240555	452934.3484251504
174901.68266667117	430947.60078361246
195699.80817298795	477802.52586361277
192783.4631024968	480863.2993589123
194375.5077255829	463691.54560460243
180882.93892098687	482836.35718536546
197705.78735054974	452027.18165447016
184455.86745509965	442885.67504524824
196680.04240804515	455984.87233614
179361.5370667011	443838.119702431
203677.99813874258	508489.8986637121
196078.02026198182	451885.6711449042
191527.63418809677	457760.68305819144
195327.2923662912	454491.7853468215
197437.53522054458	482210.39028961706
190565.04229135544	450286.473546696
201409.84813858656	476858.8375335242
193586.23965459282	473601.48374014825
189544.82587494212	464660.3713488275
198978.13000150578	481833.54210779764
184832.6360404116	479664.02719619754
180186.8102013559	466817.293659137
192225.8559355659	471229.905994011
184523.90056126134	478213.2837518173
188611.7132805725	450594.80011324486
193133.14674043507	434572.7631127091
191343.68985649812	477189.53782157006
195426.241306593	462046.7691054609
185615.0736053771	479454.83550418366
188954.18891232088	449442.22111576307
191340.28634228237	470979.2035233793
187278.64613320236	442253.2510881527
198640.7451446397	453516.49673847825
198073.48473683157	485223.68504531286
188814.9879495993	461257.9343978944
193960.85940326366	482223.6464451241
189347.66324370186	437907.0795317164
197444.32230151098	477842.7695999786
189249.10051145282	471439.6275028449
195580.47551831062	468427.532743395
195455.24952413113	465961.988839498
200099.94985223236	462086.63177851774
192259.24273709304	463858.5035987095
193915.5356748351	444323.2599782288
192276.90171162804	451774.0185101826
190505.76137238578	475131.1208710613
193937.1745435844	457433.7805113265
197761.35267026155	468768.1006476803
196778.34122581576	441291.87394307164
188634.11288468656	468873.599665281
185488.12701170077	453215.57320956385
182388.67190948903	466806.46035732783
195586.3755533842	510612.5659453835
194285.85472987845	480010.85765612865
197995.2575064042	458006.2203987263
189445.49972879406	459803.0269795391
193065.1799037027	453475.0201836612
190496.8274525171	454766.36267356476
188144.3144668789	476678.7868556441
181093.98157895054	465255.88775583677
197649.4431739666	497260.7922588489
193524.52521141485	444544.57598822284
192043.5542380145	463892.57969956973
180300.61277560148	464351.09412454756
199178.4848097511	483970.27482394077
189461.69498083118	459202.5918931229
192614.2219887813	458809.21406363836
191429.8666168955	463546.735864787
194675.6204858452	468363.66659654136
187739.7235856938	461252.13164841913
191029.51102010076	491467.1055053937
189535.9620421378	470219.5160347298
185210.35127859682	468733.2150846182
181637.05587231333	443981.2571521418
189181.48228158726	436263.437397311
191244.41257910908	467204.1111996568
194370.03544449343	453810.78156407026
190530.73479472415	464184.1137141384
193754.3278337099	472288.70909391786
188499.34382193888	449420.6427675784
184873.9178825607	452307.8522059941
193996.42556169676	470194.25420052605
195607.51350727197	465411.8014126882
196511.8044941554	459650.04616849584
194637.32960162204	458933.5431339827
198988.67266952724	480542.9190165441
192974.02927811304	498863.6190696183
191615.976044151	466822.87733690126
189149.9292963418	458890.8956874806
193397.0434748602	492500.44948536274
189447.78677073665	467257.3006567289
182507.0502885268	476142.1888578435
189580.00478026096	457987.0069084878
193405.8111270783	464550.8642719391
184702.53302237744	465992.17496960994
191501.35935265472	457160.67949781765
200658.15591782404	470001.4124426781
180130.07477802748	463216.73343654047
181572.28566541272	466633.69386239455
195455.19238286815	439517.1744796332
186872.36944483512	466140.44482221553
189978.47360820055	441025.87443811016
203088.29901962623	456359.0758387764
199341.23961970216	495821.34987242275
174528.35406390548	454407.05328235356
191517.01163007016	471813.27801725955
192228.26706138742	475016.40183555125
189137.0452570432	488230.8586989427
205492.29075645626	473292.873289902
186973.22291410866	466631.85408234084
183091.08004572283	437429.94840960123
193144.4612716381	483953.6428381802
183903.4003529296	465616.24788196565
192795.96061438115	432455.8502241336
191969.88881302837	444814.2624301129
180315.696322055	455215.1308838624
189108.16349254962	489638.02907399234
183923.39401825896	432167.24197893846
200678.4998591782	487269.60377666936
193197.25861185262	452929.1412325343
197384.44832015256	434339.1649875011
186005.69107275084	472879.8136964135
183911.4108979103	447272.0796593358
187862.97050309542	481542.485843205
197421.5694231774	476810.99433412636
185841.5622730394	439950.5053182568
180462.22935686907	479397.4799738634
193168.84513769715	489262.04883490014
182632.2963817545	454833.30369269
204229.71643520615	471918.8595281914
194112.7845871566	465653.0847496488
184284.95341925626	489814.0626767943
189201.53623278576	456204.5599719124
186013.33626300222	466482.30726498156
183120.9138643947	475397.0116889954
192083.481862863	466800.87082083744
183776.73419413547	465685.95671444485
183998.7119567584	462961.1323964885
192056.30850058625	441610.79044297227
193404.813514265	479985.6595910989
196269.57350620697	473880.10663481825
188677.6141526794	465411.33001349994
200192.6073091666	469954.35238102125
189897.37766552862	482141.0732291708
187768.862267173	451864.33637903584
194094.81997421852	460562.1581314936
187044.68434923788	449041.4705225288
191925.2186365606	473542.4793325794
185550.77036396854	437718.0600590628
192637.67883040704	485799.6783601311
187048.59630896538	451288.4180765946
209080.6206048858	451618.7469028722
187093.31535528647	457316.4860761877
191362.6023030428	458982.8180703374
191972.63886411572	449460.82106617955
198694.876776223	476198.17985627614
186966.4962101946	477877.3631975715
201543.6197237574	468613.7709827162
182760.6506116476	468345.6283175178
185888.65573034168	482121.6517727114
202273.9983162945	486354.0131471223
192087.4349343725	481551.5166122166
191400.9781920799	449840.9522191226
185535.41370671347	488040.5679055198
195732.71457455266	475112.9926949318
173102.61594827054	471647.81949620123
194665.66478124773	505328.5920379409
198253.96692975762	466473.31931009423
202730.85505209764	492689.4947783415
200041.59803345418	479653.79758209165
188997.01188192892	457337.90584888787
193671.7576266608	465921.49704630935
188162.88595906153	466144.6870553749
197648.3949341668	451351.66247973614
187189.32090386178	449924.6258205249
200728.76972403255	489891.06993625336
182590.23646347033	453388.37561847374
182596.31647553298	491997.4777124919
188589.089575361	455730.26806916995
190893.0206657842	492432.3894866487
189077.41435064544	454731.41869103786
190095.7818420817	446138.4945222243
196204.44857061177	457796.55744345044
195180.44467640686	458195.7540456549
190824.81981018902	473709.9507397788
198949.58387284927	477052.2865827095
189231.447580605	482234.9986476345
191364.79399841645	435745.09478210984
192698.05313531967	477072.41445458983
188815.17793438898	473243.6755751475
190840.64888191392	461857.4081878841
191622.38606413972	479716.86796690663
185123.58146241627	468766.93242556514
194048.4541400516	472201.5055020985
189317.86935564212	470326.16627041664
187885.63623370937	447322.5064756763
190424.68519460884	475274.8358307012
185734.232564029	468475.2904987593
194289.36605290338	458937.104983066
188152.51402858697	462712.94446524384
195196.11505447092	458213.7220181931
189400.81041435132	476923.2230210708
178099.15712613642	470460.4314222912
188400.67570996325	464872.4991297625
185547.44721969264	458007.96269926033
188197.42500476993	453662.2450960316
196654.5391293779	457318.8911583501
195958.41691610566	466460.54974923225
180682.00234270064	470091.2344042114
180194.84080030143	474858.7471857898
190878.97727372128	460051.7925197421
193239.83235832606	472363.5060449337
192468.32943202415	465312.94849036203
198837.10140449775	458307.51311598846
197092.15091332208	472995.649955572
190153.5231284965	471959.9008304313
190577.55598547845	457309.62835424475
184442.0722318259	457584.3699433373
176297.43757366616	466592.48813137243
196150.16275061705	476604.43031116325
190630.44692964386	472886.5583654846
190525.284596828	464566.8663296821
186206.43892906845	461442.9861284185
194108.28075417847	480007.89038448513
185887.6010490339	477239.7734637555
199441.57869530318	475770.4538755808
189323.91461798523	463930.67557871103
193254.13824083103	460641.2918015409
206402.73659160896	445125.6394203339
188227.1717669443	475612.3294421486
197550.66994209052	436142.29798091756
198632.30745793023	467920.48388558574
181013.77366536699	466392.84113214386
186493.27233141646	474673.49088862404
194020.8579829524	452353.15113408124
190239.87205535252	480413.33393635193
196830.87467681267	479735.2242373707
197260.2299484093	473208.7204002673
192495.38641654106	480974.8961310467
190863.85939863644	461054.3465082394
189683.28979891964	474189.485445793
190156.1021297684	461106.72863820556
194532.75455859432	476133.00420250895
205821.97214915528	469430.25192629616
190901.39605130756	471101.2886853933
179990.55118647686	466652.07493473135
197788.43401516057	450814.5137287093
184121.13335832025	459286.79133642185
203500.84249121317	480632.5515329079
192171.78648071864	453130.2344521719
186145.65383052826	455238.7483753258
198041.29669239643	454452.8767749834
182282.10098972224	458223.1331767616
190570.54384950874	467859.58164849586
195337.35510162672	474362.63944744994
183446.2855635104	459607.5903636589
207333.7035786258	482086.7426412499
186423.58225965273	464167.49271596165
186572.49050527348	428769.90313334705
193395.97357809078	460265.3072573514
176099.57517694164	455624.66685840685
198627.20190668944	463314.1299944981
185267.54425499524	469361.4241087445
184342.59113119857	446185.0727013872
179714.64830626966	474219.99745206354
181707.81592777974	474707.0968556757
184444.13492924377	451476.9981925169
185800.02582721214	473039.44502125226
187392.487985773	461454.34250126965
189165.49750441173	483637.1523271522
190927.03722263157	440853.7421471584
192243.77840530794	469732.7148941694
196476.97065746173	458055.29302499973
184755.21836268218	462179.4638115682
189219.10338073294	461997.51474938047
187722.35502081344	468066.2663630893
197770.14630690223	479345.81741370086
189641.64201061046	455794.49943380663
197076.45513361454	460329.3181086624
188379.59854282794	440299.4870874373
203270.11450794793	470202.36572299036
193114.14022989204	473621.20501636807
198482.35766346927	439218.446710726
197169.7588941143	474397.3712203776
181345.37274250196	479011.5655820731
193971.06552978244	485850.02964476775
191808.15934259066	471094.88830182014
192449.08245457	451335.51792421204
189549.29332292613	465281.53106311156
186004.17998024938	444260.2988715595
197130.17345029442	466061.79937780835
194420.74013438018	456395.8037789352
187835.94901838165	455836.4458083461
196230.55601972342	447902.21474774706
200766.08340615712	489691.72067012603
182018.77192081	475874.5733048433
181930.5641934708	443144.1045529083
186894.00635021867	477338.7228335714
194752.95241138857	477358.94254738995
195170.5616029998	464384.30796134326
193354.0981204088	483137.91761140013
192193.2944624865	450334.3796757239
184775.7596223556	462706.80135431036
186125.12537466112	461921.0522743525
186408.24915695965	459300.04327218165
196576.64345804343	466029.67681751214
201370.74620107567	453564.28669981554
190009.71454577954	445387.56855620205
186033.25520207695	469152.78282628674
193234.34874578088	464015.18001464236
190685.69443965296	468819.561523519
198983.17561668775	495364.8330184872
186348.8271378171	453853.29589249176
182262.52788167732	449277.0488128738
195218.09470633412	459239.26877026627
185635.88229077932	465525.4418525896
192282.7253744133	479699.2449353675
187093.9278183622	487714.2979271036
190920.06066203726	474986.3589912101
186763.86836978086	469746.2400074644
189142.72908491569	446973.39688371075
184788.28724066587	463977.3748966898
174329.24874277657	469937.5151761919
198342.6966887144	458154.08946727135
200378.759419222	491905.3788428183
193929.40692257922	453593.3958007677
191260.10264596378	449961.7179966525
197090.25378307767	472518.06585114263
184725.22022190393	467656.1000474936
188978.0441548531	470014.3911005548
190618.68061266	457405.9670469746
182791.82540271367	450182.9757860956
188118.83003164857	469161.65246048616
184034.18601710256	445732.39664407726
188684.50493607105	442638.191390757
183931.71301532022	470553.4033884888
184019.27938676497	486582.13397656014
191208.97185911372	449278.83389180974
197791.96380749677	449198.79667399154
184426.94624984168	475181.32857128466
179969.21707829926	454371.48438946053
180766.72702921732	464113.8673541695
191920.10054335408	474904.3064837253
186448.23183788208	466432.84106994164
194464.9954364688	450933.6999755696
188861.79714782722	456905.2745925074
198426.4479887654	492029.13538685563
187816.64265869014	472606.0200915283
201613.6008207366	469621.4162839348
196839.50585487732	464685.5548444418
187343.91401044914	472898.9241294176
189117.81262138634	459127.3843646185
193827.98153208336	485361.3337936897
191727.75208172636	471606.9954198898
187309.92456995414	463125.21906029276
193162.15850430593	457426.2154438356
190552.29890429988	453978.52273292746
186374.30067042058	438797.0370821294
172071.73666417168	427863.4068166083
190361.82858275832	485242.94631102774
187931.83567498744	463489.8862109904
193316.05028956477	488629.8769984374
196598.49482797357	458399.463455284
192006.41961857345	463068.3047926791
194254.62722129992	475126.0762324255
190224.10186637868	451419.2880284047
204277.65328427905	457343.31743095466
197125.18309255113	469786.414207567
192673.2180991784	476408.522171427
197153.74209105346	465825.1051104786
191252.29969688714	461675.0836210683
180498.94660429814	445530.85917953367
195488.94271004922	464851.5196327004
196655.5170401485	462292.45982438663
190484.2781062593	476319.1301712338
190366.53994808916	463943.2820202998
188474.97064157866	451440.933187883
183676.24903181236	463197.1672227658
191240.5973730301	449446.81647802715
193968.18461497375	473507.87771980435
191477.00076322	468208.00131900964
187163.6491480051	440527.34611398476
199081.7036012542	484365.892525502
191856.03721206734	458156.6159390665
183296.31645181583	443146.6252000452
194022.96624138526	470161.8204942682
183151.17938142622	488722.2829220237
191323.55756258877	460448.79090394196
188582.361410973	464941.8674540577
192524.90622818333	474300.5250811946
191339.04796344845	469146.83069147484
187536.79278498358	448552.41944224306
180585.84639406187	454839.2582140475
193542.76300091384	473237.97896654386
184795.64118591664	480587.3191824576
188567.85141038912	486091.81164849584
194484.6564998381	476967.4669080123
175649.92326829967	459140.65862656746
188861.735010544	444229.78883762786
185333.0593625789	462100.19527716597
194551.2438856497	462266.9012386644
187673.55869597744	453733.92577910953
199256.72307841416	463071.1216599825
191095.92828306463	487835.7245905611
184637.75617892377	462633.4243846856
193136.12858855838	473426.73650333734
193488.6448785037	492878.17696913856
183778.74360945405	452192.95164176857
193832.35904069693	446026.6223379524
187822.70225728638	477601.7703280929
196265.42801570316	486962.13773540466
196306.56981666177	460000.23622016225
187422.51467808985	470348.86441674654
190402.05822500045	459140.3335085623
182801.50042568016	459966.2544337899
187330.0101487125	468903.281965405
196291.88709168244	473061.994795955
203137.76940965292	482713.8591487947
181559.5225450975	452583.3943516091
186919.88818155162	462081.32042065763
189681.6317673844	465316.2007601307
188945.2139401457	453534.7910571502
199958.06752355365	452021.5736110534
184808.0638398414	448293.036807921
194828.82691407192	474028.6125164903
178649.25798551535	462901.5601040184
197987.21070371967	484170.3281537255
187494.76600475976	445459.09063013364
192712.64596825477	476721.44706067175
176612.93762618213	457405.93212058337
183819.1574987978	457834.33561235585
186545.84467955178	462230.9662429663
193102.2688549998	453343.9524559798
182450.6937358383	437069.96779503033
187531.54922905666	459217.7611876582
184865.42637968904	474744.65821512043
192728.89459857828	453571.9753411695
181838.95731372508	461719.21060313284
186821.01492200288	474263.6951010723
192094.37942799967	471126.1818127673
182928.1770261419	466650.01430145657
180648.0116272017	473998.5516584602
185858.9459220254	446398.8883976166
187669.99523126357	421910.46041077457
202749.80334626746	472297.6355271806
186230.09481046943	457035.37920459243
190011.43102123827	467806.9191394223
193907.2610953642	488140.732443913
184113.21305539925	453279.97556575114
187004.25795170938	483791.11388665147
196296.50585694227	461664.3506234103
194276.31031635596	483946.66571285995
202229.6638795977	480224.0376649379
189627.47436869884	487460.5787694703
181582.03989145544	453935.0746957826
191160.60577840864	461022.6816439895
186440.96484033234	464290.69569687895
188918.74819864356	475190.5418390791
184324.38680675765	433690.09048947465
188318.78249756154	437716.86219263566
185726.43976410216	444268.8552436447
188647.76897217578	491928.69629955664
179652.28627423558	474188.4723615839
195371.27921939958	481382.1012831641
195070.19185252418	480612.0194623032
184514.94822500684	458275.3586312679
192471.67255919683	468463.44472791767
182982.26828129333	437760.8867215419
188469.94833431364	443649.5180995511
187162.43829901435	470001.06249053974
188038.39960844096	457145.4191409834
185462.57168028312	473228.5158196618
190485.5377740648	465845.4198507818
194327.6856284409	449698.3639248503
197070.6058273021	469487.85662997235
192613.13145500945	449905.00513656205
184575.66683653393	488413.5392239182
194289.1735672797	454615.1595267644
190235.35862887377	442059.79331432673
192557.45268429298	467253.42816294264
180795.52577659686	461272.4871734717
187810.5032530746	475714.1156736108
196002.7917700882	433808.2546320162
187990.78527429147	458533.2575538984
182911.50417904567	482535.0381197533
