1777.1405559294456
1788.5870856145932
1780.9668524509166
1762.7877952101253
1773.6423196345193
1778.5621644098148
1791.927347055142
1797.2708483653387
1800.4368574320188
1788.2868009479657
1802.6660995721252
1793.902131227853
1770.2127529363265
1717.6418047416728
1734.8597555166425
1767.1056296924435
1730.3242780718501
1810.7075278158227
1767.955756408655
1766.2034396579534
1749.9503950968863
1765.4888633522519
1775.948024465628
1798.4954026110468
1768.2602094300978
1825.397659106422
1788.4618572564968
1795.830776897915
1820.911312127409
1808.6037017250737
1798.8001944048845
1834.9324935845752
1757.3419239137727
1787.478621558524
1806.4966538746617
1728.6730197545935
1760.5377007239954
1799.6356046552835
1718.7452803595406
1789.2864170024018
1796.7298816268717
1737.6434573655335
1789.7323709632421
1793.59125783146
1758.652082453687
1749.635703330418
1791.2289449317311
1790.4635982852396
1801.8925042861438
1760.8749307748465
1790.5239120729175
1733.299509949504
1756.8526270816938
1777.8391186839203
1770.9328155739054
1730.2882900875898
1807.9091966228011
1764.488987357296
1815.9059708584134
1751.6038590618195
1756.2126517140323
1764.3448011293467
1790.2828142916123
1767.8796086206662
1763.9187178126563
1775.7840567466064
1782.8574649041989
1776.3732642700031
1772.0600811515378
1797.1892955320486
1741.9035736793735
1814.6879410188399
1760.0359675732118
1768.6687909196735
1836.4637460869972
1780.144206910793
1748.815842462388
1757.2563546317294
1794.3559538997215
1873.0055904323385
1769.8040144283218
1760.9160284194932
1767.1706891919634
1797.813846805904
1762.210066249153
1814.9820582772386
1751.080807422663
1738.8707580435512
1776.1608505650502
1769.7367624913381
1773.7374718898132
1859.68664073825
1817.5696126953133
1783.1766002940644
1809.731154671416
1799.925518912865
1749.7277563915818
1828.4445823525098
1772.8588199899993
1793.049274928443
1798.632902001536
1847.9888831399046
1776.796341827801
1766.710892782653
1725.2982727100766
1751.357057025616
1735.5589442457517
1785.8116961448018
1806.536892642428
1831.6849063144423
1737.6396747465856
1802.323437109557
1750.1824989376985
1766.5215023961046
1748.4089751560678
1767.6358117735572
1741.535427401233
1794.1266384348942
1814.0482979879553
1760.6785539112152
1746.988676161278
1744.941706265695
1811.0550800143394
1841.637375418512
1774.2681772869332
1780.2547785393667
1792.0542522669464
1745.862372553068
1727.6306358988286
1804.8794177696557
1784.1696989669344
1750.4925711226715
1761.9166277475601
1801.8500950110283
1794.398931595244
1795.3220017281908
1743.4447416877488
1781.089639779968
1795.065083529138
1787.429031329852
1743.445634597573
1760.7660258980059
1756.3492042889736
1744.4497775766508
1804.5988777565176
1789.1370267638977
1784.6653526056693
1756.435421842201
1717.5748667195212
1753.2830630161416
1857.2797265129684
1750.825659316012
1766.6422750420902
1760.6594786663718
1770.0149392094627
1785.0106467852602
1752.3533623035523
1825.3460075761768
1749.1851806858956
1747.7958857282297
1800.0819860059366
1774.5670366126615
1794.2743043764042
1798.6306278783336
1845.902650757552
1766.5453524478282
1779.3625049419377
1755.1588744784667
1799.0755294545352
1756.1834798493246
1772.3481219398354
1774.5687862010718
1764.8205140693422
1713.8318964544571
1761.8256180959047
1752.3917412175808
1779.5334289889208
1781.3687807938402
1744.4440273275147
1783.239605427807
1772.6699813950927
1764.089410378786
1827.9945751668279
1793.3880042429864
1804.6060983216328
1791.5194328046416
1805.3996549600831
1847.3530658011396
1781.8676397119611
1807.2756094307206
1791.8407974205907
1770.898718448746
1782.30309522575
1784.3720517452352
1775.4061635592657
1796.5754522698585
1848.1011295147084
1766.6878874595398
1865.1984733189272
1823.2672391367378
1824.7801019430167
1749.685853622278
1768.0797816690583
1769.5331332169624
1779.494898971684
1765.5695763185242
1812.3679867224346
1759.7853045071179
1801.614862466004
1762.6220164734505
1794.7916651564665
1845.0556493826507
1749.2752953956237
1749.7305000745491
1760.5650076816214
1795.3786560751441
1758.8152300275278
1758.7444109254968
1755.425317465088
1787.8695465325245
1771.8383008006244
1762.69468333019
1815.1790213744457
1795.92245702817
1767.3171601159306
1755.646109751643
1796.1408914931612
1759.3208346762708
1779.8640320492386
1798.8933737900584
1798.3389282849807
1805.2123389986937
1789.357945086239
1749.7310097608306
1791.7978786774142
1790.8248117163416
1784.7043593521694
1783.31829603186
1755.127089287837
1733.9513801174744
1765.296610400886
1790.0533528596186
1842.6356699812868
1816.7368659157878
1777.598050602457
1775.1714870209196
1834.9809977334862
1742.6564552516322
1772.0550375350692
1783.7347835317137
1790.2132184867178
1817.0227226433544
1816.0814150619035
1827.4037438704927
1776.8595908666803
1776.8259305280244
1711.7641451469112
1802.9011657004
1892.1238803165725
1740.725526139916
1795.600499914989
1801.7693729047369
1767.1872410524693
1829.2259159078499
1752.5496142354964
1778.16710573079
1761.58508620996
1745.817321432758
1781.515042020667
1781.8942910036317
1764.2083611429384
1799.4638451386295
1766.0408348392853
1737.813492643067
1805.3460787100853
1785.8256060024055
1794.1871587945384
1773.41752953578
1772.2877120804683
1761.3283572985238
1757.2048051545828
1741.3844071930325
1761.0872636924603
1755.6163964641355
1764.9605962210237
1769.2700728783611
1736.2917477358287
1776.6836022707957
1760.1677275891016
1746.7443155322937
1744.5524606929657
1749.4371032134432
1778.0409014117363
1760.7436506571482
1752.9450422011942
1801.8879730102808
1753.5171015013746
1847.5918115343347
1729.2638184567295
1803.4766214703004
1818.9162988338396
1793.9821559992297
1754.6230636489122
1815.2705367401813
1791.745857414723
1793.9042463057217
1755.8146875711593
1780.818839093955
1780.2852529902866
1820.8049417233492
1806.9416624997725
1819.3339453403573
1771.6909384662456
1800.0527318416057
1769.5347357599217
1800.9812936513586
1793.5549603020677
1737.32159227954
1744.2426465018711
1781.564359212522
1860.8377013227616
1799.3965971036976
1782.019862837065
1763.2702218933664
1748.2980829165372
1784.0064871215732
1819.2874981094544
1744.5912505523213
1727.485711880588
1775.3776353724606
1750.4478436606187
1800.7951258697722
1811.955589921657
1784.7274984061119
1779.7464476198766
1756.6416853197807
1783.7825719261532
1727.5517989276316
1798.5569341521705
1913.3165909845548
1800.0292280589956
1806.3755994505407
1792.3086633741332
1772.6260683265245
1811.9649788891193
1759.5900447959043
1762.6367159921274
1798.7468381965032
1761.1158673326827
1798.4877404087156
1760.2933822349014
1778.9796797228014
1794.9392097681603
1773.288318774814
1779.1794997406253
1750.692318038225
1841.4595453216737
1828.9781415967764
1763.3187825961083
1741.906953673463
1745.2018434284914
1789.9849847627743
1769.5014915818738
1790.6329554138433
1884.5466823958195
1756.8144906682028
1754.4244196925497
1809.3430626302406
1777.5018941321805
1790.0465278093923
1744.6054985831956
1775.6360948771874
1739.564709660076
1781.9565995115304
1796.051049108611
1799.3499139922906
1796.516603280003
1799.6786220582283
1775.5400265889334
1768.836882592012
1784.3850177697125
1784.6396465876405
1836.784854210278
1796.8710718712555
1786.4131083633351
1761.231757155762
1718.460189866355
1756.0508501890176
1806.4354729932336
1765.2615934697958
1792.3245577127138
1773.5872102400092
1769.4761028758603
1737.6969195752865
1808.4586864827597
1796.7267284304035
1811.8815991951542
1826.235490532143
1760.3962768359434
1753.8127374236033
1779.9374660968965
1760.189924041636
1741.3848524648251
1779.009638383189
1773.484486610274
1758.427738168634
1777.6206035752973
1757.2724264489493
1741.0468082651587
1832.0680237877864
1741.440321798706
1821.090574441592
1780.94094662691
1813.0860864586266
1798.329862290138
1752.9261593535098
1725.2880514105523
1811.6262340194817
1806.8310008171313
1801.3180830663937
1745.723803017118
1809.64931725729
1778.146812284739
1707.7275570395755
1809.0783017162933
1766.3929519951844
1758.5737798258042
1765.681223133352
1805.39011368807
1738.0474826049067
1764.861231985676
1772.0382661535145
1840.5135377511742
1730.7322635227931
1772.5409806877035
1759.7636347486946
1749.5175188824737
1765.044193758806
1754.1574552020456
1734.5715069051105
1788.251577978326
1803.9877855434097
1784.7954961980013
1780.9670333053014
1759.473015310991
1748.6204172396795
1791.7187837549523
1782.4943748649926
1840.307620127529
1785.9545408081826
1806.7381553327114
1774.0954300307487
1758.5679886273629
1749.5818817620598
1763.5353376974442
1757.496505424709
1753.5296013255777
1754.373921632576
1756.142721336912
1823.0225532555312
1837.9812400726678
1793.3651239042238
1788.0974509300756
1733.9176012143844
1781.2317104509293
1745.0361078357373
1818.7203658927706
1796.1175258769722
1780.1224359070115
1761.4290279549214
1781.3375689756954
1761.7416409976402
1757.0397442238377
1739.6956633418265
1781.1043241370512
1781.8714154310765
1784.9486083999034
1803.108244327105
1813.281269846541
1778.1710781731013
1782.2078082012656
1770.9161351640596
1751.4933108048626
1781.9955601122438
1775.8628805085027
1756.0891651351221
1754.3581841214623
1752.1183570368703
1729.6534985387812
1786.1069089751018
1740.2008984336462
1797.0295026756949
1813.270295618537
1745.1869764893704
1721.3492861444474
1798.5118733578706
1762.7345044372596
1754.9022062723684
1735.4400402839833
1757.8918882586077
