200.1242773494296
184.29523744807
197.53084452531965
199.00992462952522
197.96916904712964
211.62002846986778
180.56724613516081
201.52580920862778
191.46538726264788
194.4574174454296
190.84725370091687
186.51528468123476
185.4638822193827
192.98996295286824
192.85837461445027
200.62973594173502
193.9958085723789
199.31879325683948
206.13567480641527
219.0219683764185
198.97030571683504
198.3335137088454
199.9499072596783
195.28709320924733
187.21050051320026
203.64308442436482
203.2356852480697
193.41172299344788
209.1150052426438
195.98275207630556
206.3035177341389
203.25715270149158
190.7213587091671
214.628821267392
202.9529227048686
191.99101064549154
204.5562477682693
201.1977499341558
190.99829967615588
198.89057554136951
199.0389053187502
200.42819505978466
193.38099193276017
209.53107008658222
195.2420795778204
194.96973794913356
210.32625532920298
193.17413110456502
173.13326957046564
197.16073072157846
191.44408139312532
195.4578742517209
208.48153570375212
180.97134701103016
191.27754800821964
193.97838690476732
185.3925275456731
205.82064986157476
201.05054851552646
198.90760816684468
201.05925745115505
191.90463755154954
214.04076798824877
203.8615366207194
196.7566310894905
200.1475038309488
201.7585195899542
200.0762030001765
194.00789144416467
215.00993184031424
197.10140796498555
173.36251199275463
197.8052022978242
197.59702748850088
201.1025583656566
199.81701565803684
196.3047480426857
197.19169387282756
201.54865234520315
209.78707576817644
202.22526928155452
196.96277221747235
219.35821613564593
186.1823472366201
203.42012134174752
215.11837820259532
206.70292414304154
194.85362278281156
205.22041236398198
184.73595860249907
203.64971371270693
202.61970359010223
198.57653205090529
199.96189410376502
193.20615786416607
188.73675810460966
210.11375011235864
197.10698112375272
201.066466256797
196.48588369559423
199.79860285243856
182.17394677795858
203.98380621123536
195.62069416723273
192.81485836171527
195.96596408911785
189.99413598834528
205.9677673935128
204.7403775850827
198.48084061256063
195.09771514295207
197.50300199426513
194.75609655268576
191.4145135537794
194.52266002793957
186.8418027293251
193.26948391975762
199.18121525738303
205.02256551313423
190.9241715664265
195.51529615115402
195.3009343042794
203.0110684058468
199.55608748533913
187.86882822474178
202.63655962072076
194.5800198416615
201.39581804823746
193.96665195872282
191.53405756750527
198.5684160277362
202.2445797247121
216.57197613501975
196.598220096636
200.4213615989203
195.70997566665054
212.90783470928284
203.05782419683277
177.21760450341583
193.7838154661469
197.8828757141802
189.41374536147507
194.4785205281087
202.12846111825246
193.58380989204363
176.39850167681328
203.79452379802328
208.78462196164327
190.99128692151302
190.31389491710075
194.34309508615962
202.82375005854482
196.0326764084216
200.95082477603987
195.0653589163557
211.32489727444624
219.2008215025893
197.79486574634606
199.2235197557453
195.49110145469612
189.88919515262793
192.28691333445474
198.15262750572975
194.42763750734355
191.83569819437278
201.43458202956117
208.43619498869975
190.31925098129204
200.49180693856366
191.83362989017772
206.69054262906482
185.30783265175714
195.92593044233325
189.9088254266417
195.52816342214552
193.9290908391316
202.2908044443503
192.1290276364876
195.26495762323916
201.330182907471
197.8247787150865
195.51474516346477
192.1967768342951
192.16208753531717
200.15034082463174
201.732411793281
201.7727928021069
199.39755226025335
207.0653783732875
202.7699578838481
194.86277257028436
202.44232379750707
210.88457171961537
191.41619417016693
205.87705659469617
199.9861112820603
200.22934565493813
194.98752084973069
194.19580547607984
192.58550982305158
192.488438855944
210.79360341480697
209.2818892468843
185.63982020392928
198.56346990837142
195.59061543410573
209.1445241482453
199.6015968342265
187.42884864348767
215.10734465666943
205.93830128436184
208.9770448989763
198.37355224115308
208.9987833178254
193.96882939548442
201.21911962532408
204.44004602991993
206.60302658585937
198.66812223954162
193.53102829110813
199.9636966309633
200.6641003527227
212.65432287355898
204.77360181070992
202.63313512652715
205.0103341777463
202.51669086853073
209.32891133007715
186.11821519352617
196.5060437704547
174.83549435624127
196.82752920956707
197.03355994936004
189.88126646815797
202.85492904284337
192.0695397952312
212.13536515925938
194.7424736797268
208.1867926857393
194.91008080002362
191.96916454769467
217.07221813435504
194.086412489958
179.09032926966412
201.39569561045994
201.84786003672545
194.7221618451303
193.89831772688137
217.0116178694305
199.5302766099982
202.34667927618395
205.5992645913127
182.79139727401596
190.73609590206075
196.68364654127794
204.03270357134758
189.92593310875594
193.99694252053285
184.99886389997368
192.4075821471757
196.05818976572442
184.6804044307982
195.0444938638778
201.35997895972494
196.71328289528145
190.08489821555193
206.30871533981403
195.11648131534847
193.81893184033066
204.71815844104793
194.20544198705656
196.25832404671795
199.49960808462006
182.55077311882118
199.75797736904138
194.06411951141615
191.3824571942857
201.13407063638127
200.87118497404254
199.40935635198738
192.8537890271931
192.83759486280778
199.1527569945419
195.38112468220078
179.57734300014243
186.2553572970266
194.90959437899852
204.1590440364074
200.43112842686747
192.9465462789471
194.7554711714317
202.56952589967403
195.36614011163329
189.82261687038755
198.52921694699825
200.50010692856608
201.08098728637307
174.05238652600326
190.92660203360208
187.76776965714024
203.82652945720136
199.0233222750069
216.48598915472132
204.67026195127107
195.79021888030786
209.30704025066717
210.40481226548596
195.6605772863467
199.80957990602423
197.44192583894184
202.65499581788177
199.16353733032898
184.78952070574087
191.21614261076365
208.55920647485064
194.46167190126476
212.5423899203243
189.98279537398406
177.22504689660818
198.03718952257734
185.57367674591777
200.14374001431747
190.34382234479668
196.77403037230164
190.20211901063604
187.04635571272135
208.36790725954805
198.19581320756842
195.9468270083557
199.88489403123612
195.0039685353566
189.7208529449311
192.85555072841098
201.57410879254095
201.12636389476677
195.46953080451956
199.21763346622458
190.9969530743973
202.91335516550083
184.0157796023268
198.26678260053876
201.4588779673001
202.5323169213692
201.07560059327898
199.9451968766407
183.78816929313894
196.97777527494537
205.6625550889748
202.24262658604795
186.61335134002073
200.96147549037624
201.92735086954735
191.8031324623636
179.15408861644804
192.78663841884318
203.79289531756802
207.77305724217825
196.09107645857162
195.8947711528104
198.8815643221482
196.97799110011965
201.95279047990914
197.41067409399298
193.88516990922733
195.16086886823382
212.51335575579182
196.32423137944318
186.5084522281355
206.77239541262762
214.92596615149193
193.84933230370044
204.934318296488
197.1139571934919
193.93681160755406
204.75093772221337
199.2033811465203
202.7757999341635
195.37275787130974
196.13130969647946
197.6954550970097
208.4061411249333
195.79453567359332
203.81327459096244
200.27175770542928
191.24782537911017
202.6161731239173
195.7587986719857
204.66437988500437
188.59909319812976
200.44849210147862
188.44721319940913
203.67722634749802
195.5187846720223
191.9893229878283
193.5119616408408
214.71305632695058
191.74618774415174
189.85713184579447
196.01095762161694
194.22989332425507
197.8609150491089
187.25235983633107
190.70332174537288
205.6629862859731
199.49371886424817
203.42976247254998
191.3487924290747
196.22482360765872
189.80283353568663
204.63962824871197
191.16923425612427
199.8069892737066
209.40934771167804
208.64292490161742
180.42133849835878
198.07902735385494
192.55113199855177
210.8335251951104
193.6030601136173
196.7254020264583
199.1929832269671
205.27611227626537
197.30205627611804
189.9423745116686
212.3469692708921
185.5549838745748
195.73087782631677
199.39390574565763
207.52530238261187
192.766665120311
196.1441056232162
206.806923042239
192.44393698266904
191.99508865546252
188.10135383532935
202.3064453617263
201.85734364060943
215.5206687776161
198.5720713780818
190.19772580004786
213.25368019270317
185.24269693033403
199.47807628542455
197.2569792512117
202.67468892559555
206.80681882210783
203.03958219295714
188.95033014001268
208.257990281602
203.25695030869957
204.1646847989696
206.966067353765
194.9049043971704
196.4738919312316
208.418729685602
203.52827830427088
195.0112779456796
196.9624007033435
195.89603749885447
187.5425122483434
193.36092796612618
196.43069695491016
193.71621560048735
191.88489043434603
207.2747628196524
196.7247107775002
205.2938522948803
205.26680128317068
184.92411225932054
199.56185055498705
196.10362940889323
206.4067716145215
200.7396470768
190.9812780648704
196.45610607237194
188.7207810716208
190.34582993354388
203.62980764461747
210.77920273061608
198.5029503132876
184.82856457871034
194.4664503896691
189.9933901942587
201.8810131973281
198.4573816598295
216.26536114819174
197.91306739751164
191.0556878728546
191.07024627827795
217.20206117402265
193.94167629191298
192.35700953170945
203.18605680974235
192.41907106881504
191.46009715543454
199.76547222965957
203.11159077258787
193.6852675891168
195.96116879053648
205.186849229616
