1887.7217366907566
1888.6408011566427
1871.7806977444177
1877.9297244014947
1892.9446358247997
1891.3778291739236
1887.6635774146098
1869.507216843561
1880.4966573724273
1888.311557659808
1882.3524949858613
1871.9000605394426
1885.8673445875556
1892.7052845205503
1887.101013555998
1886.2380711565916
1889.3965448335534
1868.9270534436541
1896.6636893901584
1891.6445473010085
1894.1494163720106
1871.4012871133655
1891.9546457821739
1892.7169158335828
1877.247624332796
1890.6978323536075
1889.8302719777598
1882.7417323013078
1888.6865640573778
1881.4356293773412
1890.4471671221881
1885.502927698271
1888.3762364168365
1885.979968283966
1893.7014697498785
1892.2409840508967
1845.8854159106866
1888.820970336935
1891.8944266453632
1891.1868375583917
1891.9255472482728
1892.0822248146112
1876.7352174818418
1890.7345749623667
1891.5063403678478
1890.7805815234292
1896.5052154681753
1894.7252750331893
1885.6631808966151
1839.6582425759293
1885.9741260324986
1887.16777900413
1888.4887232711071
1892.0736942101612
1889.4038905673556
1892.36059129064
1880.4566967633218
1891.2077861188113
1884.0523799375721
1884.3096755862157
1892.549746027515
1886.5017871869684
1883.300761044685
1884.7441068271696
1886.6636643092093
1892.3730242907477
1883.8083839635797
1861.8425577969329
1893.1048509615784
1889.0699868782335
1887.3818883050476
1869.4537177569146
1884.8839982128666
1869.1755322927754
1860.3008284178704
1889.3356333709244
1865.7201923064295
1887.249932995777
1891.7245464940688
1869.8648093288643
1880.6445523075454
1871.0104634375268
1891.1004146435146
1883.533968621393
1886.0339822783667
1888.174893348094
1888.5010782887693
1894.5753829509163
1885.3923041073467
1886.7199787697323
1887.3374107683103
1825.6895993155422
1888.179591477724
1891.6568372505853
1891.3670359696853
1884.9293888361703
1884.8447792304878
1821.01591118625
1883.660623239804
1887.807318897241
1888.8987764694082
1875.427680349012
1889.7296130077466
1876.1348165639474
1891.4249418683848
1888.4159403481547
1890.757544614308
1876.4353467107044
1890.387593197277
1866.8103147227805
1887.874122472436
1882.9172469772916
1879.52090137086
1882.4928457233518
1890.347021905037
1884.8201798011582
1890.7543515929965
1885.1904283648928
1883.8980342482332
1883.4133551665757
1891.113431976326
1890.1792913322588
1884.8344314885976
1884.7106866377376
1887.3698523365438
1892.7643751117116
1851.3890550101269
1890.344967554252
1894.8920994361986
1895.8453857954923
1893.2360790003913
1889.8339335931596
1887.428144877797
1891.349871371537
1894.7305523948241
1893.1213711002745
1889.7814599176618
1888.1123856504978
1891.664634776821
1893.295891598077
1893.7012328816318
1883.4643522784081
1892.672911986334
1884.4509285903664
1874.1702688931764
1887.0720805316196
1892.1015180277182
1864.415240344757
1889.711387472691
1889.8710744590471
1886.3074205872242
1871.9940700051925
1889.4593716319318
1893.471466157208
1881.1276010996653
1877.7502977791846
1893.1310136312536
1876.013423287559
1891.036084831097
1888.511515625461
1892.2882676401473
1888.1529333499852
1882.7319182448928
1861.6104354268887
1892.2599014934272
1893.5124376607303
1894.5637833277247
1885.226284095871
1894.987894123284
1889.930886152646
1889.4485359958958
1870.4050122072663
1893.5661835966841
1890.350481831406
1879.6768437290839
1881.652119353354
1887.7463632223912
1892.0961262673811
1894.8429451744387
1885.1103200169314
1891.1792322003914
1887.3917752649113
1832.7685857686565
1882.470814027592
1873.890511542799
1883.1130286397117
1889.9473561911777
1878.8537974219798
1867.8804589717915
1889.2447472265135
1892.0578575295224
1889.698754588157
1887.8680805682784
1888.6537884222976
1870.5832106230278
1872.2841292662824
1832.2065970435033
1891.9365387300081
1852.3751805261873
1869.9854254567576
1849.9674037994682
1888.4220032644048
1884.53698898809
1883.5943736755135
1880.6269474165765
1884.7906604328064
1885.799103754923
1890.1128600081288
1827.967774912392
1891.1587828716101
1887.1090220649892
1895.263484449284
1875.118389353739
1895.8823810347362
1890.571774125192
1894.955433495308
1883.8926805385267
1885.1352776285898
1866.0256156761034
1887.0032966803778
1879.5876052942945
1889.6207859399303
1894.940528082941
1862.4923054613137
1886.9661924943516
1892.239268429239
1882.9717469320456
1885.811836647285
1881.6571901360721
1877.9792493266336
1883.306903536994
1890.4547204900737
1892.8827086163355
1890.4858221112472
1863.1648809357184
1879.3430109634724
1891.9983384912703
1883.5176514780503
1889.7703654710144
1884.7849999425712
1883.5158247560362
1888.7296185139085
1879.3195836975674
1856.8519291584603
1888.0435794028554
1890.486996828653
1871.1156507045498
1879.709533629496
1885.8339223833261
1867.086066672327
1884.1340915321007
1878.6271798747257
1885.058561766888
1866.6338431769072
1877.8572868314043
1887.521257173552
1889.1989838127768
1847.4289765408353
1835.1704325231162
1887.5553559729392
1889.802593607187
1860.744907055336
1892.426471753077
1816.3068869660124
1893.7781289708628
1873.3069823911082
1881.2874077961737
1889.0884701449327
1879.4622255471438
1885.3201212383087
1889.1617494252337
1885.5251434810348
1891.9724432279986
1890.60378293531
1892.8941362767919
1887.038780967881
1875.8194426664131
1888.3076675044713
1896.6960167091538
1887.8653754311442
1889.6054684053304
1880.540118043828
1891.5684648977199
1890.867187884457
1880.8647435923594
1858.3913956348626
1891.5276502003207
1886.0840920644362
1883.5829448689888
1881.403757416656
1893.1266024503616
1891.1730018674286
1887.1283520604916
1889.3778155732566
1885.308101859452
1847.97267523567
1888.243057547264
1891.774596127541
1889.3632783707776
1891.5934777785728
1892.3310944120058
1886.5304542054078
1880.4247498958807
1891.7483443817632
1883.8331755135405
1879.8408095009927
1887.7731783080158
1886.1427140361507
1891.2810895777184
1894.5297656909318
1887.5707633246236
1878.6020834010185
1888.4360665408708
1890.2613871696383
1887.709272210276
1888.6290958510262
1893.6586711630516
1888.4973723207002
1888.6424962935805
1886.4941302069547
1840.248147294144
1887.2629395046458
1892.129913641283
1890.8004554398547
1883.1811789575802
1891.254857873751
1892.7113657620785
1886.3156522588647
1886.9443031725814
1892.2848922981464
1888.8968502251287
1883.713057560108
1887.154374433848
1884.739132741665
1890.8373769338834
1893.1557387935175
1890.9283113104627
1891.7507405857668
1883.9547981228766
1868.7682349291906
1886.1563443253021
1891.0778850233833
1894.0049985551545
1894.3747533077449
1889.8120445310028
1888.7417551880887
1888.3112978940467
1889.1825808488725
1889.3924039321755
1856.7756954303059
1892.5164376757366
1890.1623630125214
1886.8403830486677
1888.6378668080147
1894.2648824139837
1882.8667798452632
1886.2787093386564
1869.2635825200414
1890.564676699563
1886.470501057393
1891.4028154091548
1889.0959112053065
1891.3100705135066
1887.810272907726
1842.405932181618
1893.1310255948074
1889.9537245452052
1881.2496837109838
1892.4784098758305
1891.7803359031846
1886.5346925232498
1888.5144558359764
1886.9723210557129
1889.3652204547593
1877.8061930497847
1886.3026136001529
1883.6082019133905
1841.8854005915016
1886.685722185132
1890.2946888872114
1883.5560391914978
1889.591674089587
1884.8678275114005
1888.6568045528445
1877.3469459929643
1886.5527970602634
1893.4406045860828
1887.6789121539246
1875.8018241459863
1884.9994450900488
1889.4443478861058
1886.0178828287076
1881.8967497437684
1889.0654143937209
1858.5225101879655
1878.835702305993
1888.2922734677436
1859.580522439925
1882.470423326782
1887.7507192089745
1890.3873244788674
1875.2852069039357
1891.0405376182844
1872.2545353701537
1872.9851758685436
1891.1953334987863
1874.9919246127315
1883.5464772793066
1889.1862796330963
1866.9832015081126
1888.597838363396
1885.463299013751
1891.0882339615891
1886.417303018688
1890.9446423365885
1888.366097300479
1886.3983734835238
1883.2413538639844
1868.9546958183496
1889.4013086526334
1887.4528958416165
1892.4470993117775
1891.270457075167
1890.3981140146993
1881.8783659903938
1891.2201306290572
1892.6348328474342
1887.9535394852003
1890.542815553584
1886.4593601105196
1886.7247113238561
1892.2920227657287
1858.3635936546048
1891.8343132223883
1889.0274458055405
1887.004857052348
1887.2666258691938
1891.5375978940156
1891.4834503019936
1880.5437953825538
1895.9163742256783
1872.4204157045478
1883.306864303047
1891.7765801932956
1890.5609650886672
1890.017363822708
1890.6358827360682
1890.9856087813414
1877.7058038857722
1890.5969707717509
1892.9369980120978
1878.8065089778793
1883.629565758763
1886.7426268471254
1890.2685311356029
1893.515921855511
1888.122785188858
1891.9291362868685
1894.374605941562
1859.5251285828062
1883.3594629264785
1895.5382176486512
1888.015802980043
1884.400839697812
1872.4070731166435
1891.0938221299903
1883.7043633699286
1878.7751350713688
1841.7429025006575
1885.002842995356
1889.5461375252748
1887.6229454928775
1890.508364196286
1888.8732011786688
1892.3026046661162
1888.8794461891093
1887.1520912275296
1876.6904556286138
1840.0383056591188
1891.850906315272
1883.789630396257
1886.9807182246293
1887.5074330551176
1872.0086575291307
1877.6300891215103
1884.406033331139
1888.1187351525848
1888.9827465328062
1885.238722052335
1865.6575545702663
1884.9709243409807
1877.741876561533
1885.848704989783
1892.238521263439
1889.7131653541633
1888.68069440229
1883.996432369382
1890.5066167500536
1894.7013267391894
1882.4084354652687
