216147.55267499058	519429.1903158304
212911.78434946807	542643.0492049247
219429.34756217187	547121.08603372
215975.2859876008	526571.6710676329
218822.25326208328	498945.15563212
224204.4704699223	540722.2792703258
223237.75852119958	538084.9073525653
211323.9576003909	529985.1919819417
220892.19047937094	555049.6175478178
223059.31085237843	572137.8109576401
232558.86089448014	535714.3556605247
226763.124391318	549854.2701893535
226282.24104995205	540279.8653522537
200031.6395216193	525191.0359319802
205164.2155651615	534819.2758126211
212881.35847206638	518045.1216859169
201183.0558920182	485669.89691317524
224805.0669229849	546711.6584722626
221112.00934735563	552236.00495002
217913.387129984	530516.7731433925
201693.40302934858	551205.8919748038
222181.79901625353	517689.43590302044
215045.7935685151	512452.0709158583
227854.07905524794	536108.8025475215
209889.8808323478	525657.1887449145
245666.76032076782	575591.8095811945
223774.83713572402	520577.48286753066
223578.53784652217	522987.2637650316
228611.64361303867	527320.5453863
219950.95669288302	550198.758453639
226735.90164617315	514674.43162734667
233164.39063825717	561988.1997647344
219352.86267645378	531463.2497489003
212450.5590198252	525332.7355179577
224521.93804921984	539709.1595204168
210791.0709793587	545339.0035384494
213095.01092472306	522552.35719967907
221160.05363470752	540156.0228136984
204360.13263755478	529757.7045450405
224211.64292051684	509194.3452686606
221211.3694037632	509979.7800325793
213958.96188588004	532578.7593653157
220666.89564657223	536426.2506382617
211246.27967919552	543662.2875295249
213927.42238754034	513003.1747074653
221416.4671788183	540432.873038954
213063.66118981666	504366.02320243744
228095.03809896973	521507.75093574775
228513.96709217626	557370.3665174128
215733.8439679327	532144.842003487
217673.0973806021	538307.013044839
212075.30495767173	493122.15209024085
222145.78107589384	531047.8545204733
219878.22135836617	535686.2435481574
224263.31147162896	528935.895489349
217218.27112843795	528322.7259693237
237148.20765471933	534596.8880632488
223170.9928010542	539451.770237339
224100.3657847202	526839.0948656163
215633.83592438372	509205.56841707265
215724.15252954897	545766.0213068062
216410.9980889511	516652.32799846004
221573.55784994358	545532.5710731209
220482.80250612402	500544.66009995696
215940.4647224458	528706.604901426
215496.97022978478	531468.5957413211
213673.23308217432	555202.070601364
218914.90497902152	582384.3659757763
222954.38307905692	551246.6863180115
231257.80038231215	521204.9100969209
215241.56817593263	521126.0676164837
231528.24142837545	511965.9430749617
217028.66260636155	524722.5425410568
211002.20162774736	547300.2936685822
224010.5817179283	542521.6726007075
228396.33623963766	579194.0586950718
213855.94113590522	507987.71228936093
218068.4431671598	526425.5955637116
211083.2026402479	532941.0619080536
237738.58677991893	561110.968579624
217065.44124473914	525583.5830325673
216723.3978550808	519678.57676952996
218523.36603517045	523562.5437658272
226961.00004608376	524514.0302332279
214542.44103420147	521471.8184889987
231952.7063623684	568069.7907851976
211400.8715839985	527712.6392945601
207282.99291418906	526546.2537710584
211857.9059104614	518640.3664261339
216073.30277188407	502283.2957979949
219789.21265787733	529088.6592234643
229715.15885190052	511419.1733609973
220454.47166171277	555599.0353368268
224106.04334288457	540881.1909316243
224660.4136678298	512527.32186378073
220541.47690247587	514164.8202334647
221571.22313300212	530562.1681276611
238563.94053194742	528884.0843850069
220796.10537700081	527538.3933879995
219459.70424084278	532951.2996684137
222189.67943756166	551623.3666071903
222889.10533530355	567715.7596033034
221408.1022894025	544494.5369755641
217693.24942929592	536549.8399965026
215713.07762192705	549832.4713179737
218156.82420351641	535018.5725110514
205929.12361869944	533142.0095314726
217485.69202090538	527657.359194509
226928.33895159635	553047.8169589388
227119.14967171947	551253.1604392367
213688.02309240328	523134.4942264615
232670.17576386145	564024.7406429907
204030.62465343002	528568.4682123323
205872.32161868096	533016.7018567052
226994.24968389946	505142.91866017116
220300.79992303625	532617.4543999229
215276.13457721772	492428.97363785765
243558.40705039504	528874.9100216731
225416.0948228988	551713.8264278469
207680.72279342962	511369.220270675
215897.96028438184	537798.3229418414
210292.92583818015	535835.0064431115
216694.63679407706	553223.9660078068
246437.93369687194	543127.4042534481
225279.64628142875	524201.2862053189
212051.7447389996	507155.1120318313
223894.01601211893	556751.168734032
215465.4464150144	515261.70255576365
216141.93339541333	488522.9911402487
225931.39475687052	513673.80724062526
220365.9317735518	522888.2520778369
219342.3585849008	571650.3800805903
206894.71102774082	511576.4333979975
237891.38730185927	553894.0935801612
225342.0615069616	517473.98639006866
233668.3593961533	486923.2931094024
212341.9410687871	531466.8453706042
212034.74990539395	534538.1509935636
224250.4419311714	555650.3249700784
224820.58110538207	538340.3841639127
211143.7977999484	501575.30041883665
207072.6324590288	553541.212968875
218174.3527695431	545221.2764572116
205392.7591814518	511117.49603700766
243431.42016671802	552650.4709283703
224452.6182613136	545534.0868482911
212477.00356511795	557972.3644213784
215496.93520178873	527837.8387517817
205949.5284362192	521843.6182602776
208813.35954152895	540016.8510678967
234552.99791871366	547989.5551743279
208136.65010900854	522616.7356794918
211703.31437699628	536238.3557600474
215763.91626383943	496923.1179307019
217740.9482364662	539655.9632918619
220693.66049837953	531943.9584860406
212648.65260312683	534524.4739404839
240702.5288918793	535211.3184138173
213296.25284460772	537782.7463557236
214286.45595905124	531827.1543220554
227698.02954026038	534994.3202569268
218840.83415671496	516134.62982747954
218457.2149213539	532020.5973092545
218523.8170563719	517124.95888102456
225422.71258731946	557397.6911415587
215134.9574659079	503877.7109105609
235170.22121262626	517915.03793869424
211683.01744973846	515688.87703874387
220146.75100759434	531439.5319411703
217725.74091777063	506335.8784391596
231461.58980997218	539985.4080160721
210593.54558095481	530713.6737090314
225399.74624727794	540896.3257903209
202528.97746906336	511618.0023047357
209700.35956266586	547716.0444732755
220407.47649891692	536064.0136781433
221611.83000908152	560611.7780661804
223663.17856301757	519310.6617277599
216084.33862507038	553474.7670030762
219898.68491250527	546684.4811458626
204170.19519034307	543645.4468338297
218160.89446609514	565567.7653814311
233945.98232505098	534113.4241697004
226927.28799738036	559310.2175291989
232761.46039010998	549806.3634839896
214483.62433576782	530548.4826785675
224217.46394682938	534870.3510755732
220248.52648757055	541713.9964981062
224294.97627915238	519096.2437771826
221981.55144866247	530519.6719559226
234926.81927302986	554800.2755753598
209398.40706791126	524101.7250588448
210116.26607956475	562930.7468749625
218926.59689193565	547876.836364241
218974.9337834792	572659.774490307
219005.54126075347	526715.6625244834
222871.90473962884	501198.20149190986
223244.47386558223	525679.0057296784
234148.5498768735	545133.91483125
225699.53910700907	547329.9648151672
238052.686264049	542898.0135103441
212701.5419888195	548965.0577601191
215280.44546021812	494145.7503610412
217554.0746533348	541575.4082553238
221982.33510243284	540435.5395013681
220942.21747518814	517565.1676759892
221474.1195180455	568250.2901016806
212086.91593665775	525275.7489218762
227533.11864179166	533885.1678734161
209740.65480065078	541914.3261149005
220685.53286485933	532022.1262595527
212389.61305375092	544985.901241563
215987.5529147322	532774.0129790511
220757.16679315045	515275.8064173452
215192.7727394745	519047.9201023773
223602.9347674243	525647.942486651
214211.299077278	528972.3035753518
205176.267213342	542214.5299079057
217704.10974112287	544800.9984108359
216682.53250853633	523789.7746143184
215534.0205348995	538006.3652461615
221744.8646816507	526148.1582131919
224004.87411820574	542675.9665598638
208618.3745129332	534650.7968138184
207671.1297060664	542715.0902126281
220716.63997286843	534496.7115701961
223527.68887283705	538192.73594507
221152.29660243267	526889.3373139928
226182.63277842707	524504.0088415435
226158.129757731	557766.7264750693
222827.04637266643	540978.8120222357
217610.75000614958	523400.34128480917
217610.80609501153	525978.5992094876
201134.437971861	529046.7028981949
220722.26884397166	554003.5991892994
229548.1636206093	532816.9372516092
218590.38099513238	536444.8772559668
214910.0871224277	536283.3574269911
222040.19024025864	532923.4956726929
210211.89530012378	542055.3896644333
220393.99974852422	532889.3643042382
213936.8551560112	527422.407246301
227367.22104008953	526785.3283325203
244426.6263371579	525505.4610621532
215171.1139896028	537748.1609607083
219283.99584366323	516832.1272806016
233153.27915593854	535838.6667565424
205548.6915520577	513798.1307232183
215177.00529254804	532006.3851148926
228227.24027107898	514018.8210393363
222590.72456663684	547201.5217388434
223857.45683550538	563967.1827295555
228417.19508531602	534336.2955327479
230591.5680251619	554030.142634124
216654.4362385121	515996.4833103009
214670.64071963142	538523.0890823548
210547.93196781736	505012.464455578
225280.1757531784	539822.8303509536
241630.80858435706	545745.3237442982
215490.24605662556	542675.9953482779
213518.54002128716	550749.7733462107
232374.89934771374	529393.4485371313
207929.8816936625	519169.27164646715
242061.53604462888	562076.1754270042
212886.16695418826	524404.7130160745
217034.22022380456	526527.2554921176
219555.95862370316	511875.89123295166
204669.18401171023	532769.2467127113
216798.91927197186	530972.3213680577
221033.70818500442	545287.309378535
205430.88184519325	514931.7739569697
245232.42699495528	554068.485107312
208516.7302042587	520998.5059068185
207162.38531791652	481400.4211066216
231368.09774056636	522772.77170402824
201174.13794666698	508409.4070751527
234085.7962770398	534673.5477498671
214840.24456278526	540259.9576894311
207203.82076473825	513555.3738984079
204469.78384618025	547892.783040965
212862.60113138845	543292.2964817084
206792.1157144267	514593.6535233534
214731.4286665328	537404.7523056979
211262.66800789925	534643.328516677
214916.47550728353	539577.4419996988
225770.2014214638	509357.8817795968
217304.05537097523	546882.1571500612
218876.88045209873	538743.2468591938
210997.9178615341	533732.7905012276
217045.23951011553	524064.0058482762
215231.0042039717	523237.9173237591
220285.80711099782	536119.7140198711
220008.25307261798	529990.0015002233
225302.3343780357	518293.8353068457
211025.73792233435	510433.81643202883
243002.20172737463	545204.8668897669
216463.55334209264	540610.7129881352
231421.95986071182	515798.06374232576
219484.27860745843	535165.505150602
215192.0619177455	571658.0160931636
220088.80913539272	560615.3645851014
225592.69685927324	538827.2265378914
225324.61759423313	505141.0121564296
226570.36284033358	543550.3461262375
216643.82298138202	516034.6340188233
224419.94112919	544917.2246164109
221288.21480547282	528157.8344750961
214958.06943851232	524695.8221091022
222317.16292164227	524433.3666648946
234841.97428430498	578283.7603972026
213750.30933109374	550616.5151763597
216227.40950224764	514042.0003941156
219681.03312905578	535792.5811916414
229511.58621360397	545514.218336096
224841.9512210674	533233.571423867
231268.36878963106	567723.2934206252
224227.1149292145	540102.4472095842
205309.38432987116	521376.16351027787
214900.77582336194	526821.1122827497
213902.4364516904	524417.2738536791
229891.07892018298	528980.1638967264
235784.9452275195	553504.1489724973
225796.54395923752	520935.2606465817
213587.13150703485	532998.1149813879
216001.32748887234	524796.856580803
230108.19260827813	538429.609508167
230784.97303782136	563829.8384425936
208101.46643465414	506420.12206616235
205918.72559359804	501455.3182906116
224454.9179823102	522359.4222476202
206626.54746600994	539838.4842528169
215770.36163889995	537961.7453050325
218611.77677372354	575202.0815876573
213085.29894266848	563991.7544309675
213757.84340916254	548056.1171522824
218766.62093759276	511941.301849099
214882.02581240048	527732.7975614949
197631.46345445898	517456.6862177785
221706.54531397874	528989.6513281066
235111.6675725928	552636.3258673635
218020.90019284564	514112.12421297806
228754.93981106937	522263.0379642694
235116.65929551824	530891.7707116626
215433.20596092916	529427.4096701308
220411.61158344374	533142.1164575788
215734.59494564967	538483.5314138384
210367.80865265016	519370.10151565657
221363.51812505105	541007.86974455
209762.3095299267	510060.6346009065
229921.39722981743	518632.4198133424
209437.573041674	534765.4813479462
205236.4195648231	554100.4165113483
232026.67506411579	520288.53755530226
224339.7503558066	526361.2834567628
217868.18223601108	547224.0139936305
205232.1245077023	522255.7612408412
214912.6261496171	535752.5452304049
225550.2267984219	556998.7049685383
216348.1100703199	542630.8265477628
216121.4837986606	515585.2391783694
211956.05492564358	515741.4637754726
226279.58751466929	562812.1288029867
219637.82534357967	550529.3842247935
233774.83279576252	540452.6302243227
237543.8142242175	546509.5985098102
210897.85519695247	550362.5150896534
219426.7459354208	530551.269259241
223856.55631659896	555957.4054243636
215832.63780923374	542849.8338520095
220550.89186522545	536424.1227721538
216873.90148273399	514818.8538944465
222615.2369077811	550794.6281850976
212767.63714778278	504565.0143555058
212210.84760769393	494411.720253385
225373.5509930544	556526.8505871805
229296.2032036552	543282.576563858
222239.8001418893	570985.4424386317
232562.72472560528	519895.0617593904
219964.95073004017	542313.511897438
224503.3770954453	525299.7644362424
213387.75753721697	520608.54149445257
235043.37308848987	527709.9643794256
236496.12910881307	540383.3003753681
215816.8687394057	542325.9470736163
221662.36018741183	534206.7274536258
215991.6100152895	526995.0311293884
202437.44397394522	511914.2596627263
223217.79206738222	538080.4819813927
235509.56957724615	542202.0413323166
216032.46656536002	560768.198696668
224345.15458848007	544997.6747978097
216677.8203431368	515250.6870949167
210814.57084786153	521770.5459536342
213812.99790453393	507625.04530855594
235761.89097917147	538730.7213216734
218351.47845011312	554609.7666395078
222462.49878288037	519162.0243292283
237333.62971086783	561782.999257349
225164.8463478394	525230.5160157352
205348.48492843687	500376.2078935101
218132.53764786897	547853.677796856
207855.31738496805	557418.9287583411
216066.875978161	518846.4022972811
220729.14404818823	528799.4045350502
221225.53315779753	529505.3174412069
211641.86731783365	530944.3378292943
218165.4856125145	543701.8735937286
205211.09519127704	503750.64922134957
219080.42149163425	533938.2879251529
224067.79545739913	556073.6734628493
211252.3762285876	536613.4093105457
225526.45227699008	546603.1923634779
200155.4135000818	529451.6390537866
222009.3830339466	515825.46887694544
217430.70784538897	538560.2756452743
218027.29565742763	530196.4084721929
208533.56603578577	516223.864269744
231652.64047868317	546194.1934475884
225295.57639581882	538913.7090604919
216044.8905019521	547536.2889419094
219215.50582905358	536890.5074383371
233302.05659934453	563197.6439968734
220171.5722154918	533373.2745512254
213537.93567540494	495013.00011267356
227310.71137690512	548794.7350879988
221393.01910454058	549811.6506680375
218526.2726343801	527470.5107348041
213673.02932556305	544941.7759765303
222931.25944768888	529630.9296134126
207299.2758265488	509588.15936638805
211167.34035872723	532585.171548166
223416.24706456898	520489.3587168666
235126.4719737757	539131.7785887792
206686.97660677123	511145.81046185404
213061.52040444218	549676.5205437858
214373.87782242266	531644.3866361743
211955.64908223337	522648.48008748214
229699.61542687105	522346.7187116364
214044.18780000246	519386.2054088218
221052.5554957001	525237.7509825596
204759.05938777054	524895.240260924
239927.08633631852	558857.5898233355
225752.42266601895	512145.43064765853
215941.49857527972	546330.3319100115
204269.00050111557	545121.1853761001
209953.7586874583	518981.60454140755
208811.01559797887	523878.3816451125
225014.4446341613	531379.988324209
215886.53093688074	516311.55772769474
212214.5434201879	528635.7822901765
210332.39130515233	537760.5866000155
219465.4585637456	555305.2636681373
205890.05652673653	522216.1017124326
213034.9105581363	537978.8483641637
221211.92379203107	540100.2588765245
213256.90651275218	554545.1034746177
205309.98229126964	524506.9894808738
211627.1778147971	523298.7403780782
208707.16429972323	484801.1321155813
241029.80925440826	546750.2003142082
218523.71790064103	526544.656685747
221184.8086411023	533655.075967394
219476.9488088981	543051.3864971511
209130.1460228408	518728.48001718055
213913.20337544815	548716.4349252379
219541.3731254277	517620.3338668652
230863.44204271605	554268.2762069834
238527.7364688676	544008.8202879167
218435.74718732855	552371.1752274758
206310.38170985572	510972.1030058055
214868.13116896522	529404.8510116908
213544.16596299846	522422.93737813877
213541.95060742513	542043.8712358564
204056.31751577015	505147.08429965365
224789.69396889902	521007.80703880196
225505.3518873673	510083.6509814721
221424.0331716161	555069.3555316092
218065.47448167563	545574.3928045044
235334.29546376324	562707.6164594007
232919.99596764112	538854.6244339886
219916.02295204368	536140.6128070141
221909.49141744146	522511.3326529331
204677.79796299216	506749.58739170834
227494.2218938006	524829.1540383877
213249.7251315027	528353.1566926041
213028.2545931185	512023.6579135539
207198.75887337892	531090.1261271316
212444.3370245096	523679.35446041136
215558.80953048854	503113.17318975803
228539.56662805082	541703.7777202602
222802.22251041088	517193.6663601833
216812.60943548402	552368.4752977074
230931.97789996612	525758.6132504314
212592.62136144022	499607.68633195094
213132.89515675046	530677.2553752031
218507.48597839495	529677.4759532784
212474.1531099773	538927.5992783343
227842.76515734903	495707.61068910995
213210.74850895713	526336.3488545254
208280.38626577507	532989.9157440618
