1997.4022695667231
1984.1148111205912
2000.7784875522252
1966.9057677130463
1940.8416283802678
1991.249114943641
2006.582793493819
2018.9114252442096
1991.0434845729378
1959.8883129587994
1999.9139251901415
1981.9723764645478
1973.1445397472485
1914.44892817573
1926.5346986007337
1971.696234594804
1925.3036688359953
1986.739560576359
1967.8905095501468
1956.5880000809261
1940.9256843472097
1959.3784557827398
1980.4534450235471
1992.7338043244674
1976.5491768181478
2036.4913391212633
2017.3395311737017
1989.851824791605
2019.126433860355
2010.3401064505701
2000.308614058661
2059.854213907504
1950.375374235443
1977.2028605686228
2011.9220818302774
1916.4307979364412
1959.915803781475
2016.1352785388826
1912.725614658682
1985.2141257063486
1970.9036718846396
1929.63227407406
1971.149432460415
1966.7063717845876
1952.5352989735052
1952.318177242783
1989.6219597312327
2007.8604766024546
1984.3773848609549
1964.5295133769794
2008.5120984207351
1928.8268775048145
1949.965408501532
1978.4822938264651
1979.4384955848884
1915.7765473169543
2007.431981717057
1964.409397421289
2010.152562229973
1945.8868084245807
1954.2075005646434
1961.5541534851889
1977.9797560939
1980.5458195821193
1976.888227455403
1981.5642537965812
1980.0486100869616
1994.7908377551053
1961.1595056456163
2003.4849226036713
1942.874901426634
2017.4281645858982
1976.3763576283823
1972.1577347239345
2051.1350006385624
1990.9737290279336
1945.0749049685812
1955.8412298048038
1969.5859562547155
2056.8627002149833
1976.0749437430268
1958.3285463726916
1971.2253204426465
2000.5628601779308
1962.3964473638453
2061.6861749318005
1950.474377269839
1948.5432306925993
1971.5604035969982
1972.6143102524043
1984.7443209167693
2031.890109204818
1983.9131246433303
1983.3689370440354
2000.6818194919801
2007.3697865974805
1941.3676175819576
2038.832279285245
1971.262480402715
1993.2915795928257
2004.952829464283
1974.3505477113495
1972.809489271695
1967.455956069938
1917.1911916448544
1939.5584944893405
1923.4326760013541
1983.9481559290507
2015.35485635228
2003.3478807457352
1930.9591372122036
2031.7837969016027
1954.7521239025618
1963.4924397296754
1933.0883553542367
1967.2450762934975
1945.656871269993
2009.7509153598874
1994.7651901201377
1954.9510507553236
1944.5537292576785
1941.2054595927807
2016.2562577095266
2043.2277441337123
1967.528072358346
1981.2034479484516
1989.365145523145
1937.2300123613966
1924.5031358650708
1989.66698774422
1988.6925936698194
1955.0448005156545
1943.566802700222
1995.4971209240975
1998.4390970434933
1980.1338176491936
1940.0144350073333
1988.469927620436
2007.2976940001458
2000.4322404350937
1941.3937643416289
1954.1306246482777
1959.056066368707
1945.774533388144
2030.4192160218627
1994.579462675848
1992.260246299383
1971.2524493387118
1912.4453037233434
1949.4704252244767
2038.5307349372492
1960.5588269213779
1934.750108437206
1975.7422614705106
1990.4395858070002
1981.1850124425148
1955.161308532415
2029.6881869154008
1951.0870707608751
1948.0970163055213
2002.6918740490794
1965.8425997713239
1985.787994268133
1987.398548704196
1995.9938425110586
1963.5001147106605
1981.7101451286624
1924.7477780420093
2002.297008483079
1958.0733763280969
1980.0506937471343
1956.4849281542056
1969.1339931512255
1904.8108517658047
1944.6593628345968
1970.6521722107739
1970.0287983243104
1991.2496244342692
1937.7385587524946
1971.4875189582704
1953.920889722055
1943.925351347742
2007.6247520010563
1998.081599949587
2008.8830667573782
1998.3789341514553
2021.4564316380265
2005.9296722007193
1989.1351542662037
2031.1582101900854
1990.663049441434
1964.3378461469752
1961.2117195147207
1992.9800689824865
1995.8508078062298
1978.3746746027318
2007.861986096229
1957.3151175845528
2060.741549334199
2015.814035249912
2029.1328449858756
1951.295596012024
1970.0012859063622
1970.3297845450547
1997.0581957600982
1947.5561551041408
2010.3415471259004
1959.743611347416
1997.50239582031
1965.0019200062648
1970.854768359411
1934.6989787798564
1952.261757385737
1946.50023388499
1963.4502413938853
1998.4463439840724
1950.6033203629963
1953.906278269632
1953.6482639871822
1988.1128123730346
1963.686939004858
1933.3797127362493
1997.2569423435089
1992.4414016309156
1966.7192652381877
1981.36901197895
1996.9637071370962
1962.6256030910538
1970.8662491697646
2004.970292172186
2017.2418152031698
1982.0277079152675
2001.6138375950381
1949.7490702592063
1977.8371183480247
1988.6520361206572
1986.3642474689987
2006.041177168893
1959.4037849529473
1940.417193352596
1968.8393628736453
1963.189968442431
2049.5134660521653
2004.561052721897
1948.4347025688467
1961.1455481878806
2041.3624184821738
1954.5902046653855
1974.7595096117057
1987.1990265454908
2016.9282082085342
1983.5319082496906
2023.7343730879575
1998.7288572716611
1964.2163098946578
1994.3795685112932
1902.3950034030631
2007.4315355965778
2013.3830787770364
1937.3438126113558
1993.9522474507662
2011.488225835265
1998.2161894028125
2022.1402492065895
1954.506759233785
1964.8639625716175
1950.8873545141766
1940.301409184037
2000.2248114012027
1966.1821739672591
1961.199537600959
2014.5248055323605
1956.0634011513025
1928.5043332054897
1996.1746005357875
1980.225254480708
1999.5166888013791
1972.1204710190364
1988.0934976418293
1957.8035169330929
1957.6307271025985
1936.0801994990827
1972.3631817904052
1941.1137744544315
1985.0872657838813
1986.1252309129818
1938.240314728695
1964.2338760822959
1969.9571886549404
1947.6952125456323
1939.1799440296609
1943.1933981317675
1981.7952696241455
1955.6538133751603
1941.0396086609574
2013.998248695073
1950.844485078243
2006.1019616055532
1922.9281196805018
2002.0750007316014
2036.0191317512167
2004.9447738918711
1947.2661637901192
1989.4942498778778
2009.2703129247811
1983.8203751968697
1958.3713394514689
1975.5524205394886
1985.1192560669415
2056.383032152333
2024.5339421029723
1995.4855521545428
1968.0960483240156
2010.871580296082
1967.2119128575473
2001.50712863083
1975.160905945814
1932.3130291050315
1942.206974668699
1997.4592539427338
2016.3197593841837
2041.5371288306928
1981.0580625695784
1965.4879049756946
1941.3891426338819
1985.6218232137048
2012.846133149027
1945.7523556267756
1930.2765195155498
1980.9168001466974
1940.69983491451
1994.3235277853123
1984.153746602427
1953.540456133749
1966.8737721135674
1970.0187772128625
1977.7116951461
1920.517969118781
2010.4694896499961
2009.478751191324
1992.5642905397947
1989.4473417575264
1998.0254821934873
1973.5486997048542
2008.1609536605697
1952.3025248128235
1960.6882209318812
2000.3627002764692
1948.8333169280336
2003.7298993732995
1960.3896519337013
1958.981847858241
2006.2075215184534
1972.3442227500507
2002.769567092791
1947.1813556208956
1973.1933944905818
2027.9274289643208
1966.251596640278
1937.2789703125745
1939.6567395041834
1958.7266573823474
1969.329179688803
1961.4329641914323
2031.0833980140271
1958.2034006162658
1948.7177966911809
2000.708943365266
1978.8704587854527
1996.8863588469308
1948.7687503547484
1970.9857031213264
1935.3252271565143
1981.7494724310886
1987.220251291201
1998.5124070409056
1989.9921058506413
2012.4276224785497
1958.8870021304347
1986.664934163949
1989.633191149579
1991.584201802958
1999.3167796524394
1975.1422921803328
1971.9799597218905
1959.1466972290127
1918.4431501423537
1958.816899287926
2042.4029683758627
1975.0262276118049
1971.3575935461977
1975.7268958512122
1966.0408560333867
1932.3592642943222
1990.2177823005406
1990.5772847583983
2009.8738034369985
2014.2117735379375
1962.1696045414324
1954.0837394059245
1961.9156477684433
1954.2194579904994
1938.1516050596977
1987.3483204303755
1999.2831592538396
1969.7885795111038
1980.572043158491
1962.2378521515593
1928.0585143238545
2012.6205271395138
1923.3814720083396
2006.2509667235786
1998.070289013799
2001.7353951268349
2004.8106380363565
1956.0529610302535
1918.2174740445485
2004.0008417294603
2006.2255760138037
2007.2293310692282
1934.2436625413948
2035.460318554501
2000.0907456873863
1902.6979181905176
1996.5576912840697
1963.856681909905
1945.2371112158369
1952.2263984796182
2008.8120289556084
1927.946997393858
1972.7001588410667
1968.5920040417031
2018.6419114457099
1931.717282000223
1954.3395958289736
1950.486402911777
1954.4599408207723
1950.5534921392077
1964.2082196199365
1935.3213881709212
1969.2187674223635
2012.1139626605718
1971.5287930668264
1982.5476211090343
1957.7295321590584
1959.9226246130784
1994.6271601124581
1988.2706150052147
2019.1234422347425
1998.491304107355
1975.0214284783974
1981.8001251576775
1975.6355551963725
1956.135589350532
1971.2135779745736
1951.3943878354662
1945.6631309971926
1939.74455958412
1960.6043641481106
2014.5480248284157
2007.155506028097
1980.2030277543804
1985.295985499168
1928.5145990206531
1958.6250108538813
1944.9944953131792
2018.4652534909796
2019.0663159753835
1972.1220234745504
1956.152088900068
1971.775514288122
1973.4139094106504
1965.7943141462456
1927.5415609055326
1981.4149844511403
1969.667336757941
1974.8559001551105
2014.0535072151122
2008.029927759454
1975.2367635212745
1999.365715482684
1989.1694456373466
1950.4896225259522
1989.7002135236223
1988.0327329950078
1947.5335822134587
1940.4654745638663
1952.9916914471296
1922.7004770762223
1978.0734335891748
1950.6821002588943
2012.1571067855507
1979.5243286961208
1926.832165146263
1906.3395074144235
1989.0232000710994
1971.5145188019037
1967.7041183459555
1935.4466817481916
1976.1852459915303
