622.8363895168045
608.6709152302159
637.8188357683619
652.1378394282689
600.1221300472247
596.7996288867829
762.6662419508608
618.9046126807319
631.3237069906337
599.5664343075123
619.5626283776445
632.6391412670382
631.3192597617572
574.8285904128285
577.0926273796928
596.0526689522709
572.5693118440117
622.6680049126749
616.5227533778562
589.2314496280665
579.4106638381351
627.1653534606985
589.7525333839424
597.5271366231242
606.6649977949589
732.8680962236704
615.0085449005451
629.6227840271425
634.7318698692895
653.152696365097
743.1526419566059
608.6388261081064
654.1302574601506
617.8315109389167
677.8089583449321
577.3167512387338
640.5147126667523
605.268748246325
570.9268575673493
597.4197611397972
608.6195750823344
603.3620575718912
616.6849293788205
609.6538403418468
592.3674911239796
584.0630120551554
604.7137209183621
625.0706537553945
664.6994307263604
723.1341048955393
628.0960857354246
578.9622168466232
602.8334491984891
612.2623039695982
598.7484468932046
573.4306125428592
624.0538780013737
610.2049250699689
655.2407233196429
628.8027876973791
587.9167787292937
620.3443824706153
620.8310459034242
626.7884792139339
606.1952660977726
587.5406966746825
632.804748685068
652.911211824601
590.462910252543
612.2149282066266
583.6004722046544
692.8666681618705
603.6042004030777
608.0695466823531
733.190341607368
597.5661067140225
626.2184818319308
588.2526658853176
594.7516862566536
639.326947464083
647.843039346124
608.0832504997576
595.13689868501
650.5213018731341
592.1439745678274
682.2878670039984
610.7282636362106
588.4484532072867
600.9180763699038
630.0539092560454
641.4313697286423
687.8398122668484
660.5086493947015
615.0861400611232
628.6632034673014
602.5006360156385
602.4199253408535
730.1953729527388
615.491740563565
620.5091317477918
607.6388090878146
663.2105207607526
619.3065019844585
612.961378372101
585.6927875645208
582.1474323476814
581.8702495141806
628.3146364360065
636.3616501828508
666.5960154792797
584.2919646676477
693.3837367191423
597.4736075268494
607.7304997905195
578.6632631723227
628.151987267521
596.615209420364
683.7173518449579
628.363779607593
594.163343024795
582.180756123687
585.5738222421295
642.9622380303214
662.9594175708121
604.1188079570895
592.4213478606276
674.2256132345107
606.7021027352332
573.9266346381298
782.3878809174888
588.9825634826301
585.3804078201873
585.4953952487984
601.2866642504308
601.2167261464108
602.2458541804663
581.5931095041913
653.4181021116055
614.4688200975748
604.8821144060983
577.4742523409059
583.3484750133182
623.7058362026537
602.2055688392472
624.0436576643955
613.4763568283644
611.6511709556705
644.7495272804733
573.8484393190316
583.0863311661265
669.1730377012774
618.9576287345596
593.0944301639356
621.6807747906582
603.6696703072711
636.5894647282621
593.7388067954956
690.9744956633125
597.2088839282954
582.1645052136363
598.8240040138758
602.858886797706
620.1025101074121
614.6931619019392
638.6569472638736
605.3681580000424
613.0588312867616
577.389143057362
622.5766959323112
581.146482776818
596.4584656352757
657.3605305721945
594.7038744459219
579.4608869887475
608.2888164511584
661.1270208108431
605.9470847244075
616.4255398517729
582.2950894699828
611.1045541608776
599.4800970056992
594.2056032652112
698.0067638841073
621.8660276299979
716.6459972950826
640.3432788761393
624.8686148398456
649.2339099989666
637.6831320774171
663.4677478572319
594.4444937567441
635.4409030778465
643.2684807860104
624.4966886266549
618.7280110392729
625.8138559923681
718.4411749225362
589.2234046869521
744.7132869775497
676.8700257764898
686.655724979052
583.6915213233247
611.4476250747657
636.4062908695392
631.4074219460016
681.61034703614
658.5077845375246
599.9648543955332
698.0868473860244
592.6044205641089
623.1043374498174
644.1023075008769
632.668601125497
605.7850730176915
581.1182992498206
590.2613674324194
583.4727164054132
650.5990758351581
617.4508603445884
598.7448735115818
612.8529189851816
595.854424666139
610.4016557850548
628.4526630002579
604.0378326202582
593.9960321367606
609.4469542440695
630.8605852272498
621.7880017350232
642.3940027684785
610.6173834974152
645.8344299488541
615.4168873844479
598.2642647795959
636.6502598098618
630.5703772344558
602.4909054413675
612.5552012476311
605.148037890192
588.7186383954662
630.0958530486337
611.8700249189461
660.7726249547119
690.5243229642656
609.2827734133419
603.5827993966855
652.2285819130204
615.2866346138503
587.5215372558583
756.6943415147573
613.1437900436869
629.6221172330035
641.3926544644356
636.9037490783803
619.2141345435126
602.3789196862774
578.5496042345969
718.4089010804684
700.2159180626857
601.0683739061518
607.4947442990473
675.0324903904444
593.8953742185855
688.2411390185615
602.6931383694466
643.6741642930317
618.0221600700861
588.678266295917
612.2590685633079
592.753790309133
608.7286979799123
726.1360617807882
593.5858230412422
630.4636194549506
599.5759297399585
599.399609965505
629.4630634036426
591.5684354754227
590.979916961953
591.1486182524274
580.779911488499
583.43558554431
587.1606452563987
600.7197842365075
614.2330081227079
716.2383381460493
573.6701599138354
587.7269325566745
592.393446513078
588.1452844292367
582.6777141492253
583.4443574051804
599.7547487107212
585.7221670224899
580.6873360331771
661.5005090217335
589.92857338622
649.3554807123259
575.515515814858
615.5244377920781
654.5444994430767
613.135558110259
645.5556232201134
703.0158986537857
653.8511370605589
660.2373232430793
643.9071309712242
596.0982647565766
607.7087407894956
660.419115548593
645.4061833955946
637.4200577788853
610.1666776493805
696.7485820669457
591.0067405410862
622.4696405174549
623.4380551196239
575.7926856158201
641.2196183863156
608.8514336201597
717.4382093925689
634.5389610285241
704.3545050194635
594.790511547714
590.1690833452603
621.6156853167382
652.3295368594736
588.5870219293681
587.0666772220305
645.5310525615511
582.1499881455356
620.6071550719017
624.626535024771
633.4669342233009
606.3424332465667
597.4900598641142
641.0002109838252
577.8147607785169
620.8678594317324
778.0747816026135
608.5631050846595
623.4452901172745
596.2841480014793
600.5942416890895
625.4007310798102
679.8899915937747
582.7567265564654
614.6125266584296
614.980648498268
705.8727238998737
614.60806997073
595.3305199370784
660.1214980772646
649.8852800993193
599.2653575683812
597.0281250272541
623.5138809145781
690.6058139242542
586.7187168691869
603.8965542760815
577.6170266113863
602.5029647255932
588.6355391488775
596.1473924421749
663.7366357811504
589.0153946761279
580.3363551405583
695.7740473432698
605.8282093905985
663.8718683459878
602.5214262314993
622.8566772357461
629.212447383768
579.5284362935197
729.3028072850296
773.5909097414087
614.5243568456708
670.6176741041871
586.4377201124273
603.3710756785639
625.3997253340557
651.5941064847556
638.8079428432579
635.7910333013946
622.6428824810008
603.6666491350612
579.5428600575548
591.274820089974
609.2216463610755
625.3769339049157
690.756939835233
607.0429574405341
616.4241267642683
572.2889935111967
690.8146625466615
636.387661112033
615.9080298178595
646.1698767596414
616.4033032402115
609.0973125810657
587.6057631540934
599.5465457176276
589.1569002409063
606.2027968243976
655.9226606445027
594.9913529790947
634.4584508201461
609.5017735008373
583.4311401528885
762.2528326459777
597.5057929980918
659.2361764778523
604.5430712650991
626.1074648223783
628.0620140589315
585.1067432377182
590.23272731171
653.8527138409802
699.2206161621536
621.6192491237265
578.7698075197499
686.234185055398
726.0152258067085
575.4760144972428
724.9784392968613
609.8701923287581
619.3295454285143
585.5702517990213
609.4853138172871
602.6866149435472
608.8479720472492
610.038922312574
683.5309096818214
572.8844129947656
595.4332055260884
605.6885833968336
576.6136767674762
612.9516302456817
598.2910525919664
586.3836963901438
608.7544671884345
615.4952923881287
667.2076798323031
633.1541797078245
589.317321947823
589.6051591628225
609.0497999613771
590.1096334425756
645.7119526130945
600.8967842419837
612.4136794946488
656.8874105084755
617.4861273963531
595.8754123210902
609.7626803893484
598.5821355124308
599.3746061632052
584.8902676786538
601.7679814794508
676.3272319974831
620.8324470221328
606.6555787573415
612.8144770337926
595.3403808498505
640.0802564836182
589.5187126379004
660.57352524801
612.7303369001136
717.474117336284
592.429825238732
604.9894443807827
596.9932605535464
591.6997912214209
574.9465347414637
609.5298795300213
607.626084757756
723.0386495222649
634.349455037577
696.9780117858206
598.1410076466694
653.4175979677426
617.4024714294283
573.6661806399253
675.9799551349158
671.6258074236143
577.3339243763546
585.642203261997
594.7915646291441
601.9041802468089
683.817743691559
575.9052002376271
619.6184430494046
638.9121304694984
573.4487461531019
570.4856400620725
592.478222699154
604.1256018393565
595.8065833964147
583.7714096123357
651.645284005091
