185450.46546818162	451857.808508882
182775.687537606	462329.9483524597
189837.63645693983	463665.48518051114
186302.82703663385	467464.4515464782
188095.24280800216	445675.6716528553
197349.35536274104	467551.6287272783
190292.57364012033	467794.4147904095
176748.1472592779	430830.3005947337
187314.9040434747	469002.9054082734
190193.68438300063	482447.3922653183
200637.43628239504	467810.88742436224
190815.4246266432	458604.80539804784
192983.80472686136	462902.0850265838
179262.04722154146	464075.3341623509
182947.2875526863	464705.9679398582
179064.82246767648	448287.7240057782
174573.90379273123	427798.53268570977
191816.14444138252	473845.28141786915
192198.07613167312	474162.6221118643
191144.5202726242	452856.5518021862
180626.4380339476	476998.8151555832
195914.55148952443	445568.59119354864
183281.70664352126	440293.10047958104
194705.25999906886	452587.70952594315
176916.72471998396	431577.7755118548
193418.05268691614	503210.4222396172
193804.76796648814	445562.8608066377
190093.88298972102	452573.64323003887
187183.02751559988	445415.54371967574
194993.88135499816	477034.6521665791
185799.29049208615	446742.11075771466
199609.19645002356	472015.04382424825
192366.68496245964	472892.1346583033
185430.6475913843	451708.8883349317
194026.9135593081	472402.31631919043
184797.28856550937	479269.6913645559
177789.9415070222	465611.3830738256
188787.33420011224	463361.1884647442
184284.63854010953	474054.031293082
185847.88012454694	447892.77621889
191250.14581691613	423909.4378544558
190696.4292332658	472589.99664541334
190213.8906369008	451171.44642505876
182197.0382187041	475751.1784445017
188379.84892080474	444636.29175951274
190978.58486281388	468051.77865764394
180886.32276454204	435436.3171407244
195693.6968104258	447053.57074964006
192985.9283558126	479534.6233900873
187623.69706896204	457550.16713270266
192742.14901105015	475518.1400610313
188449.91717796557	436880.7257453415
195205.1608631789	475408.78121978114
187008.11802458548	462035.6200549946
192551.9513067772	461176.0945660166
195206.01978794503	464638.6011770235
196157.1304830935	455286.98247095564
189225.59263467527	453460.36373360775
188361.82091637823	436799.31059457664
190430.00868009793	449912.8867436406
190244.7272221565	472763.0322726901
190800.3113012191	448019.9413811357
194653.42457965124	464447.76918580424
195299.2591337161	437143.9617598093
187163.26429180568	463577.71737186215
184286.5229139579	449902.1835851014
180679.94696306626	460717.5156962854
193005.90862556756	502912.92293181154
190826.41439785284	469635.22092400934
193831.84733283456	453771.8726848101
187640.2791432484	451623.38276107144
185063.9831001907	444066.47019918414
188090.22097312388	450101.1161375816
187113.7786335402	470940.50980726304
173583.89972939633	461631.9066384174
196969.5187741464	491920.78822494077
192203.77401457535	438055.98306735477
190815.18691862002	457497.58202673076
177243.9976593471	455805.599285927
191819.1334554175	472043.2417372868
186181.31150246138	454228.421866789
190949.35429369326	449522.5477641239
188367.84619660833	461040.1742269993
192186.57418023213	464543.77959192364
184692.44992395822	457664.29655087006
181182.6509374978	483211.1506004681
188553.9663779816	466827.23213166243
184550.98497526956	464985.20719614695
180373.60058475097	439536.2189933317
188646.33177323174	436103.4782847665
189999.6252774438	465133.8502810672
181374.9543295938	443463.76559357974
187498.0554318195	460299.24669078377
190527.48672831123	465582.32076782075
177617.42998791725	443457.42965524294
180185.19281547214	444147.38808398007
194039.19975664688	470120.95096014644
189648.04178028755	458679.2937249205
194296.80165707858	454923.442286354
193380.11514396674	454304.21075441455
197612.68431510407	473274.25781779777
184911.30824051698	492473.2883670067
186303.75946413688	464930.2064343151
187323.6380494921	448088.3852763859
193016.56373808807	488897.7995447932
188005.68323581503	463519.2347277632
182179.70222349948	472086.507515513
188010.95091319	450730.7756309647
187801.4235739244	450100.2763906199
177583.03524870725	452930.8968374834
191304.30677323596	454076.2546864138
196798.5176833878	458806.59846672066
179418.3599193071	460940.62041886733
180686.74585623742	463056.506156952
195145.55523784767	439177.8822974198
183188.09111008787	464539.2440045097
189701.37055943848	439769.561716565
195697.945882576	451620.6067399153
194436.38747395825	488456.08075205603
171943.65499144304	449718.04960601765
190458.78722593875	465239.2478444387
191872.11610402341	474124.68540842214
185171.33210605415	482327.4755535064
189304.68024942942	463616.6295744376
184308.86964263953	464737.4846711892
180668.00103605597	433995.70787976484
187188.6922111411	476356.73495277605
183584.05891924616	465359.9047935548
192580.58707666825	431764.3724112235
186293.4152614285	437917.99342533463
177273.80496965782	451475.4442970222
188086.81261882465	484221.76493964624
182914.45454114574	430538.5082588761
197817.3417083911	485085.3112268064
191055.24599978054	446236.67627332394
192667.11850573472	428020.04454516235
185038.09527754766	468155.4818494114
180574.0857845807	439481.55413723475
184841.0753318863	474663.53546396986
195268.70454053817	471723.35339056904
185706.1960915865	439101.05566127156
179303.5439454149	477272.7384084319
190583.16522350567	471444.7484670049
182395.96555569654	451717.6567314495
196509.8698186922	461829.06773121597
191352.55394858285	460589.149359175
183006.63934391114	483841.4126598718
187281.19160494476	449021.87734420446
185240.1515837452	464302.37069429713
181788.47745798918	469225.5442495747
181642.54178978445	456429.18371763994
183197.12049602857	463203.3430077221
183071.0614105764	459562.6296188256
189113.66780362313	436897.0753439779
191774.77156604498	478437.00246157515
193622.1451692781	469563.2280544909
186536.88869486275	461344.0753562332
190456.37115905277	458227.7433483618
188110.23918685873	479193.74711313524
187542.87467426196	450006.75306550704
192463.54670550214	456537.32402609685
185383.9601963603	447133.4622975284
189818.6737160051	468017.62852281687
181668.136632909	426315.916805619
186497.8193328057	481825.5592900949
185129.34968369754	446358.9186341835
205671.23989285872	449636.8097952885
186673.64717850933	456247.8917856229
189316.65221084855	455291.4445978202
190011.49657951822	448370.6942573297
196848.78922464536	473282.6464463053
184493.00865498348	472093.29526198027
200597.41328388854	464840.0641190249
182428.0182297911	464493.2022179631
185192.7452408148	478507.2974901219
196623.79988299846	470119.41474000167
190711.90441794082	478802.4206837072
189406.3832871957	444760.3764970518
184950.32305166905	485655.8018745859
189854.84205636894	459748.9871147516
172107.1736412426	467008.5232191361
193665.73271604918	499041.0715133316
191751.6137270788	459289.7838693325
198415.68044170443	481503.5233825246
188141.38003257744	469651.9714082097
185993.25366600766	452591.76017038675
189498.1415238257	464463.64246634697
182572.7405862384	460517.1843850267
192843.73599225268	445172.1915680237
182046.44671862797	445315.0226196246
198563.18134776576	485334.37332950893
180739.28108559593	446999.47066326503
179901.47273785985	487152.2391325239
184267.01316686586	445103.2960043624
188266.39706538038	481893.7765417432
185775.7677941695	445782.87935033103
185174.1766703091	443021.9136425777
195683.73423085088	455329.79158726975
182855.46542002424	449902.9944461344
187023.7241895781	467815.1404919621
191593.8368107769	467941.5597324183
188634.75846894179	478813.4362550558
190540.9116107882	434735.47870086
190041.9348991143	469098.71213872894
187890.47072887432	467839.6925307291
187000.812921263	459424.0833674228
185181.30438251316	472338.39357950503
183938.27011478684	465819.0562014302
189879.20555302777	467513.13772798085
186152.0880741286	460775.6836891953
185822.48058070024	443597.4219412662
188433.87740302872	467050.99041421147
184507.90876485797	464260.90795152925
192774.368252668	456148.2070269722
186067.91389973945	460545.5860431109
194196.1455856418	454908.4008687326
189249.67794333826	476427.54831319244
177323.94415560976	468335.20692744514
186424.94288172692	452678.1778478222
184679.34902676404	455852.6444512885
187036.18886987292	445342.6872292075
195148.5177330223	455023.61133368313
192351.78360143758	457211.0399904421
179541.35044468156	468699.3462123717
178913.6983325453	473736.72039004136
189266.50458183125	456293.1154726555
188698.91595118196	465287.9176289466
189708.60589155633	461298.91147454013
195128.82386355987	450886.29959535314
193034.03490190994	469983.89001429174
186976.84395187604	463382.71506517025
188802.64287990486	452369.2223214678
181770.3260352846	453946.2126502404
175597.10981275424	461431.5237248079
193207.43926950797	467761.7252868159
186858.87029159028	470827.96640894015
189556.54158830357	456029.94244218105
184704.00704585013	458801.8230297908
192723.37389800942	473581.40467242047
184612.96807226265	476332.517988684
194639.52725535975	467914.8164224037
188040.8023591626	460202.87758723943
181252.32366931616	452134.64790558594
198891.2942254287	437979.788546797
186054.43632965683	471305.7927330567
195868.98369922902	430158.2660944499
193514.70511756514	461813.5210074418
179696.8969223462	462692.5713530745
185025.71872426386	473435.4327139517
191872.5013966738	447439.0196014426
187300.18015539018	476044.68532036047
193110.58487415983	474131.28836473107
189257.7836424633	464001.02599934174
183981.36592517368	475465.71933857864
188668.0640332342	456612.42689534056
187818.46771337965	467477.552986347
190036.4725147452	458619.1320876621
188020.1780380747	464851.7497543958
188556.20669240892	452557.5129589789
190211.9531815705	469932.66454330157
178451.87728400883	458280.54904732405
195347.1567425726	447184.51240804675
182679.05623190978	451702.1001051853
192877.15286023158	468389.94940406195
189773.18539840748	447825.660688382
182116.94846330947	439036.64507895446
196178.4667317127	450889.02292182436
181523.6312745766	454308.6245304302
188304.32694551654	462091.4137216725
195695.38431514392	473758.21282400395
182173.4403773902	452775.6387183622
197343.57894119632	469215.7312997942
186141.60432860273	463720.1396147617
184622.46334367304	424588.9404772292
191158.1786660002	458476.69040768966
175522.33807716347	454292.5160380156
195187.2900176303	458688.22088557866
183989.97913634247	463411.0239507854
183113.13364714978	443692.3197710997
179017.91749518656	470927.8687587411
178975.5319969738	470440.58618442283
183758.991936312	450588.06030265737
184639.3703002417	468961.1335553415
187122.9477451305	456341.8776342294
187589.33161602766	478147.38894820085
183048.65055190824	435529.4095200923
192012.83767208652	468820.2403119241
195648.20802729053	454011.919760334
183479.09968136676	457776.3823452231
188328.14840523002	460352.96869324957
186453.10807314323	462355.32090419886
195592.2592251546	476312.6470234144
186813.30276381172	449889.9580372629
193578.87159641492	459320.6816029161
187842.54923474323	438976.04790382844
199336.03689100494	467804.9991251512
191950.53462499837	470435.85359904665
191518.56388511648	432046.8264199441
196880.14930997323	472353.01038353355
178591.29638915174	468856.9440310023
189472.53400599858	475384.5588186737
190290.22541680466	469783.818457403
187734.77936906714	447485.5839463819
183331.78081520827	458973.3189742251
179991.93921837333	437579.07516538166
195217.99963554094	462963.61042363534
192297.61113549676	451083.9078182435
187029.52868506918	450355.6734250668
195208.80725309678	444319.1559113739
193958.4712597318	464044.75829906214
179090.61342477388	472163.8787134987
177498.42020931456	433383.09269660164
184185.7157315893	473923.6974288399
186447.56172387785	467911.20358955476
192214.62372164297	460758.61616042955
191835.65125013556	479818.9482222024
189368.75841637643	443508.6670702775
184356.97075764657	460204.58426624665
184418.37275646458	455585.67107162613
184627.64190397397	451760.77410741115
182853.12148269813	456477.15543015266
195878.95125022085	443933.3364892882
188563.36492995452	435536.574377327
183709.18264602876	463563.3856872588
192597.26437685057	458939.73289911146
187598.55042362452	462108.5853137946
194276.3081934026	482954.6852350787
184937.27672837063	452139.2821107695
182176.7242085309	448999.542690606
189546.72749862727	453253.5923472323
184538.07480041287	462386.0059013807
190738.1862683957	475375.1328848188
181935.66151886786	480772.70929774013
190635.24741486527	473486.65409427416
185361.3997208412	464467.96504842304
188300.18963339378	439490.18272349506
182885.66187749238	456888.08298694936
174125.76731358073	469435.19304006104
194758.68089634815	449349.7139476785
191187.60762387494	478768.437585031
192923.9585574209	451323.0657583301
188154.1564080702	452106.0861575137
194525.1400755772	469340.73780800146
183046.48816712998	463153.681459825
185676.63593932288	464383.63131949847
188525.02317893592	453152.1610333622
182338.96872938034	445248.4426051888
184970.70076585124	463642.53871678194
182427.82516258355	442001.69463211333
181417.95815957364	435293.4213436768
182135.4982228923	466192.1571968355
182966.26851783856	478027.7101508233
188811.65321132366	447850.1459729052
195309.88071221003	438482.7110837173
181942.3643526847	469265.707643194
178915.0339924186	453180.8699750212
178626.68930403754	456314.33716309414
185033.4670586889	464411.51360736747
185440.75759786717	463587.9648037974
193105.6443627121	447176.4287731168
188633.77939252547	456158.242372567
194339.58178488267	483884.07320995233
186057.20496998332	466296.7988829023
200143.3043196223	460147.9572881572
183523.5466171464	452794.23798082117
186146.2702775838	470520.00966957014
188688.22150042964	456831.02018092736
193326.69037723631	483451.9377113908
188564.95486658183	462728.4166357663
185420.98545168943	459445.70736279717
190628.954224732	453519.8183765125
187053.7700218768	445994.5203656495
184622.73775699013	432503.5557366045
170988.43316906225	427189.85105194896
186312.12317771735	480146.2833159632
182664.24376059877	456729.4141401687
190084.3469359189	476305.0883297124
191942.4906652421	452022.7331033565
191594.28629747033	460712.3984804868
191113.47051628228	465184.78148416744
188943.94571603596	446683.8791237406
199927.25828307497	452343.18486555375
192655.24862153482	461475.0579960691
191558.42558247029	469780.34208646265
194733.43510370108	461790.4299458489
190584.90779708367	459833.4004097296
179874.07909441582	440432.2237343308
192954.52780718452	460436.3365326241
188369.34044545222	453587.0830315995
187711.37889850885	470639.4432523319
187033.86939703923	457404.2923978639
186177.60942823582	445870.927550877
181727.35208917636	458430.11905768234
191179.77945423833	448387.18753834954
187167.61547097226	469455.7182640615
186521.3760599236	454870.8121166782
184384.6667704208	434404.41469576355
190449.21165978897	475219.05769998545
189515.70064020198	447078.2896991531
181540.88283996255	437079.08309034456
193153.1535870569	465556.69594649575
181394.33147579542	480997.77218970197
190554.6970308444	456160.16968685726
185729.80352141705	460728.8711427937
191923.9734859203	472034.4681330583
188983.59494858538	465866.36755350523
181197.22916284247	437499.0513796868
179329.08184626396	452007.43853033567
193211.7989166433	469963.03246561915
178085.1752006309	471140.91492851067
188373.0454823529	482940.1216734721
190593.2808858331	468200.3897963531
174002.19409482693	450493.61696051667
185115.28963469926	438563.02806958614
182906.84990588806	455800.5034020923
194043.90572359884	455925.8952600549
187549.29457409482	452803.99930152926
196905.96018284472	457664.51222451194
186010.5043612814	484157.6948062733
182391.46974113525	454622.1157019103
192123.9968797021	472729.8050633668
188766.40856760668	484007.865699618
178516.05077365166	438482.11248947325
193706.92386340667	445316.25047212956
183021.21939017845	466569.66505171056
191651.0242084611	469749.8545584568
193831.6790019188	452648.4508407075
186115.82387155696	464853.3096522837
188426.30425543824	453353.57543723733
182194.6571469759	459652.4831839318
186241.58951898094	464742.04450865556
194747.4539774944	470491.71147332963
194273.57914901146	475649.3347084909
180861.0197634967	449540.4696926853
185237.19561191997	457681.53218295553
188047.7767685817	463506.6291704539
188403.29597965122	447762.8860262602
193823.31625642485	447534.29602022236
183977.52841005137	445130.22814755025
194440.8822504166	468472.493188631
176835.45243864763	459737.5547970704
194694.78540610027	477986.8477745041
181138.57233998994	443096.53119762347
191710.11643574125	472117.58468389814
175856.7191370524	452643.259561618
183730.08238875621	455080.6058297786
184784.64323569293	457512.4698166555
190236.145405067	442141.64948591957
175176.28985817096	428727.2478755749
184396.4894888242	452319.5236547801
182685.66699508866	471180.3410542576
190149.57091960387	449200.75606338965
179720.81160797324	457876.64022622723
182486.9564725692	469840.4392847128
191026.15317338408	468625.4849571353
181555.3844106936	462205.5369445923
179614.71176123843	473624.6937954527
185578.69273170707	445523.0157337467
184717.76112212532	417314.2052627177
198079.517496077	466523.6222400296
184248.92590261795	448494.32575353805
187344.48000341817	462616.08939782355
190712.77927461654	475563.2829397775
182124.99947097694	450736.3251703652
184656.4680321123	481444.9386064808
195445.60112514754	459836.18851861975
182926.41344536585	464941.596728863
195598.4822799082	478477.05448306655
188172.40029680842	483053.7725439371
180058.772750839	450594.25538643374
188665.79634398292	453283.9754465446
183445.2246869706	459642.9322509725
186760.18224064563	470793.6691248964
184067.36145144014	432222.5453413157
186399.887409273	432080.16712325823
183359.3439565145	443267.4354466197
186563.51076294476	488463.69082521973
177033.16525404694	470835.5267296066
192153.63815681142	475620.2561779896
192302.55686605664	478296.0344144175
176249.5078367805	442838.2416641924
189721.72765856626	465141.0424176659
182744.0750685343	435800.70497502934
183081.50974898366	436941.79056348326
185004.41125418048	467065.3567680548
187046.10851710575	451026.3676081103
182519.24632248652	466412.5097984069
187823.32450094633	463929.3259172711
193640.61871409236	445779.76324477885
195951.36642983503	464869.75886695285
192290.5265768717	447471.1387836718
182712.33641614998	479571.8849517561
190517.15406786883	449736.43854893476
189869.5799420589	441422.02221748035
192530.815815104	464287.8567265728
177681.89788305265	456023.8252405516
186445.97433473892	465663.47906405246
192297.72803317744	432175.87899767025
187478.6644061575	453889.94914811186
180938.6538965245	473112.9831346441
