311346.92274670873	758289.8689362644
314017.97955007287	739012.6751478637
314701.5299700976	763005.8496875432
311214.7139358946	776707.7526948474
310446.13171302143	768642.8512578893
311389.7713896054	747412.2322098797
305817.46771578095	764517.657223953
306995.5196971856	763176.8048093689
312346.7569447885	754716.1313189266
310632.6407326353	769341.7829556825
315808.3331542575	772687.0483793358
313738.94770699495	763974.4492851106
311011.1209462305	729603.8642353078
308945.17541632423	770321.0771697972
307861.5070214476	754796.7470204683
310818.5787665559	766232.7529393369
305086.2865827122	766602.8824962573
301700.72484303825	756798.0147950953
314477.8875011066	772419.2481578655
312765.7560391459	771082.631275262
320463.7549429494	773741.6273171497
311066.59906805825	723331.080860953
318962.9745027891	761078.1024278646
310456.86364467605	764052.8830642593
305857.1868270646	752703.6291964254
312472.24477104796	767964.0104789828
315492.802892628	750254.0731465919
315903.6027198696	792292.8956146901
306332.6091203249	752041.9423600396
314924.9079400576	766371.1937821263
311041.66421073093	758693.718558853
321266.37409159937	753318.2259228377
313976.0579118765	768203.7004992994
316300.2009421522	759825.2457315315
317038.06668458506	763365.6565688725
312613.9890729493	762673.9549791298
310195.62035863893	755462.417830268
310335.2336084693	770687.5284726416
311277.360121705	762018.835753729
309083.6623280888	768456.4108922558
314887.41283071565	770512.7633991583
318280.58033389796	765893.6514509479
316650.83088141936	756040.2322786342
315020.5320720987	758320.4275191155
309368.54379499354	775810.7595762389
306047.33652263816	757146.983214769
318067.765416084	756228.9479454422
307355.9569099379	770371.403396498
308370.2357489733	753824.4512862014
307026.1679135824	749071.8389680508
308284.71316950215	768256.1715194169
316589.16953905113	741785.8057488222
322168.1850823404	784408.9220025272
310616.366205847	768682.2532471104
301785.69701430964	771923.5319916551
320051.5272084582	758440.5709447386
310266.5981683195	774962.3979180339
308154.5983352631	761449.5741857837
315683.3865464333	771118.4674368959
318762.5947203769	766786.1769868433
313870.9413684388	757801.8242731348
313572.3729928629	776081.7475320764
312826.9362854249	741025.2975692691
311603.64955524006	763331.4614616474
313896.5664750533	761862.9219140015
307381.8450040822	760245.4333611412
307500.1058790844	760824.2465582767
317950.6930202534	761668.774860092
307890.12129576295	774673.3250569762
317442.7719097638	769444.2408169489
307992.5392345656	760888.2323518037
312294.7936701938	762539.9969103741
306761.2709399061	764796.3775158452
309285.68839797773	767558.7036856133
299577.72907975665	759521.1728611
305933.7231323329	765956.407303521
313863.32684170024	757021.7938048339
316370.81288787833	767575.3843004678
311195.15893993754	756002.0290936141
314194.13909678505	766563.2653124188
303983.74875526916	783810.4048838705
309773.79586066434	752753.7986048381
312086.24107071955	770470.6024547443
312174.8173829713	760480.3157550944
310198.9690453272	781639.9094482388
313662.71588386805	777435.043480796
311035.75785086333	778449.8163943503
315511.3462022875	760039.6414666938
313544.6076914404	771075.2453508521
312734.99343052006	768555.6395088071
310974.36870260176	770243.3061155102
314589.37939181493	756906.2463775831
315149.7807892012	762511.0734806815
302897.8699932671	756025.734087317
315958.8861721611	755074.1288645191
305289.5020625536	752109.0997258754
313373.8766993502	779749.2508361281
310931.3014425049	775196.672112059
315280.73525276827	749032.3371497272
308097.569749631	749191.2593897437
318708.8226256658	756482.5562481952
303928.7891592458	763592.860604695
311066.3343911099	762444.1632673189
311231.4563063689	747129.6397984948
315854.5146863368	760586.5028639075
307572.18267610995	750727.4606605591
302982.2431812472	774268.3855057409
311492.44511018845	780621.635618794
307858.7314534564	766065.193470103
296162.8661862385	747560.0437664636
321240.0575333061	760286.5348226964
307126.7871744466	746703.7449068003
312521.50701746123	758810.2298913009
315368.58992833726	758347.2391151121
312486.98813107994	769190.8115401682
317279.9609990955	775465.9453700352
309747.55622326885	761909.0000458447
312736.93211559684	758124.2295265044
310609.27065358864	770210.4713998535
309866.3512468595	746861.2697367372
312449.84225997573	758186.898138499
317910.3803275486	758399.2557360327
306456.01923545403	766486.0401949484
311418.98968225624	752247.5256445825
298381.74055380444	753381.9152524907
310593.4511572722	743349.916543775
317123.0841583545	770544.3183440408
305327.51862261374	760705.706503304
312437.9236459902	756914.9677507448
323750.7761140083	793870.8355658678
320978.6247372243	758307.1288638972
312216.57228665747	761263.4944893991
319974.8206317693	736293.7268116057
316034.28246947547	764848.5463514362
318958.72686198005	778113.3550685741
304141.30105576897	788096.1865110395
313334.69364523777	763410.0146855835
306650.8915364656	727664.4076302357
308229.97147874115	765086.3533264117
309101.93024168606	757439.5223935472
311143.73503339675	768297.8842949403
308547.605260639	755245.1494073153
317321.01017590694	775315.1310770821
313911.90103515703	770361.0196936489
314583.86278294073	744447.0157292138
314052.0266875102	751266.775674796
308117.2444677717	762144.9940103712
310347.69989668916	750719.7750228222
314725.9050223009	766667.0035904105
311969.2076533533	776282.2218303486
309538.07731462864	763612.1511600323
312294.36984912504	764885.2672468213
313099.41166328324	752901.9823403141
313417.54414243787	754663.3119415545
312551.22571716143	753811.1307798963
312334.45222025213	763586.3985238255
309295.3600319796	754895.1018777014
307954.5358188879	764836.5978053677
308013.2763608655	760079.1162615817
317970.13419943355	739079.9222067327
313511.4470910826	773379.7905403287
302001.08100210066	743034.7907095642
309665.6834251523	770716.0496133931
307040.8337113693	753653.3531455548
306420.42905101477	785743.6495199951
308915.62304226856	766390.5889826375
321640.98553872877	768924.2353185634
310665.79818723054	747624.1359628942
315684.2509881812	763881.6098934913
316338.9524165143	752585.243718354
316412.4489369981	771246.9673504897
313115.7906478564	773997.9843273878
313497.7323265888	772553.6757392186
307521.9626207951	769430.2434696394
308867.2279834227	773237.7226012908
317000.06495952967	783983.7395870952
315003.7224669407	763823.1332239085
306536.6635267631	754428.7864262753
313197.49693664664	756627.4373216017
308501.9901131902	751733.5348534412
309713.72367424954	762551.828796041
316387.26518617664	780723.8064454834
303256.0806076566	752820.8645440981
324637.1972675178	777034.5570005435
310042.6405197073	746569.527717303
317441.02405574743	751800.0984757938
317127.1183418993	782802.7420398723
305831.75015791325	767050.2138724597
317153.10905092565	758751.6123142163
309315.2960523673	742799.2136615874
315514.01758310304	751051.6717419864
303288.7651038101	754293.8697988493
306599.14697879483	766556.5013478962
307307.53459974175	765800.7713441491
310891.270174049	766671.0338412382
308957.24385292165	747562.7151179069
314401.3383294472	765124.6870931205
311190.5232105274	759263.6437868497
302805.4356489773	746834.8825721072
302742.7128669205	754834.6955785155
309280.4083431541	755881.1272589621
312483.3271367857	777158.3845604775
308126.3237729513	766182.0064193222
309017.71170237754	768638.8036016638
310204.9287615748	756937.3415632311
309113.44114001596	759679.1038643483
306003.60556225956	780826.0686014206
318336.73363024375	759929.6516219864
308547.836070871	782877.2540841575
316040.582666477	764487.4494353975
304328.8268252681	762845.5909518257
307142.07737768046	747727.1357216238
301496.71826283005	763030.5175328122
306795.9913340775	758293.0509506243
313328.5982887478	779993.2912940267
311179.62755923666	740611.5469848596
311683.2934162597	774724.983979582
310051.3483264593	746847.2067477904
299874.84244599746	760557.7402071175
304861.878938619	760797.9707080584
312241.3890143159	752667.806192631
312150.85912542476	762186.8308091096
311216.70631783194	769234.4883761158
307513.5853292837	762901.9358865242
308662.64654845104	759265.3365459879
306639.6647032198	758544.9857921265
312328.4782266717	773680.040259453
304359.8195739778	765791.1474891582
316742.60480703565	773743.3947829453
306737.0331704017	742007.5322491203
308728.54945025186	759640.3855725718
316039.5882081799	759052.8319449599
319523.86534885055	762684.1072816458
303877.4600886889	762586.4678132671
311117.0895611692	743620.0717281868
312903.013764461	763945.7225424778
315019.3723236418	764478.5760262704
311972.3195964368	749540.7648302218
316383.83087683044	766864.4781302257
307382.3429583841	772376.0201939776
317900.64421649004	747100.2212370213
315253.05820674985	767180.1082481248
309718.19413238316	759687.855469692
312019.80943032354	736752.5155336425
308722.3246967956	755888.6483429926
314637.73227751825	726640.0059027856
312345.1002507057	784441.0215824009
304080.7378253371	776368.5173520471
305169.14614942094	780894.7295768871
314155.39524357533	780526.3844710651
311085.2525692901	765439.3454856358
307437.1242139298	770692.327898812
310293.9708516886	759953.2056873993
303614.97391406656	754538.7170896379
304505.9336353178	746002.230181652
314214.51279464085	786175.16073584
315470.875585975	757673.4257988269
307073.3837001282	768369.1632706274
299069.768642497	733135.683317694
307327.53877837205	755038.4357002382
299381.4436678288	761650.1886526844
310076.95883961464	760823.6571662568
315765.4614523456	761083.3394948869
302192.3585859241	751449.625978545
320239.83919189987	764487.4941184898
307723.59961540374	762640.2163101941
312422.2281986515	784390.7559255501
315699.7120057505	749605.8480042634
321204.96447898925	771711.1577146982
310192.7523620852	767844.1306156992
307237.6499713163	753660.1394800477
308472.8913593472	772524.5246937282
320266.5618512878	760647.9456615195
308218.2646890308	760012.1630448493
316932.0268733044	782283.0822676432
315981.10283251526	773099.7155821105
304491.62181374367	750151.8574907221
307437.67933048145	771111.7428451958
315506.9645103781	738043.4159619166
312316.3363481624	769083.991758984
303529.85607549036	755260.6984038303
313146.25354577217	746409.6306730937
310643.1955009948	772999.602632423
310328.24397005833	732060.7131983305
313233.03465665295	774604.7331614422
304005.3142688668	731801.9496900828
307414.1373178935	751905.8051595683
314482.1305889683	763269.6220261637
308947.4274136467	753980.8111620983
305650.0251668112	760828.6618816839
316450.606293372	787662.571148349
321287.6096371076	765465.8894171065
307293.3175404648	776350.2804117
308161.40793333855	758425.6139491734
313851.30994051474	746724.476942908
306008.5518389471	752440.4727202316
308010.7069168019	740792.9377040471
311840.6245416542	747304.0090575637
319148.6681113532	757395.7810551994
305889.55518356746	779562.8596533097
311277.49748578586	785331.4567322496
311173.5334979026	758938.813767997
308397.02933937125	783599.8478223858
306748.22011363995	755182.7607728646
315880.88220401807	758529.8452677652
307726.8829138412	759148.7106775511
306380.2817624009	742640.7481593126
316308.50256640755	761681.3643571706
314788.2168672979	736456.9796393922
313416.6516408889	770312.8615535842
314059.8518020657	756066.2436381517
300749.58005499316	747753.3661757885
309992.15357521386	781853.7098543686
315113.6018977193	775216.2488511007
314179.7570195246	765747.3804836996
314531.34794643737	790881.2532591111
313320.71468603436	751537.2138727149
316717.6390065389	781451.4261859064
300741.58723800577	757031.989030526
315274.34744944796	772206.0807306988
312785.3637285592	777246.00337554
311301.3049542024	756499.8701221537
321969.6033536383	755174.0738122684
311752.717896863	752302.5479215119
315169.4410554583	775207.0213581382
306469.2736537211	753431.0869461265
318621.8984919677	756146.921282235
310272.354281981	760734.1335879823
308765.2267289418	765376.6445680339
317567.61394795857	764729.5513270329
316405.19452850247	760431.4277932955
317258.3454059142	766005.1093914275
309880.28179936856	760741.989908083
318933.1470707513	766188.965897978
305865.5870514368	748643.0480217168
311453.1883711377	755355.0134502437
308736.9476739982	759384.4018358705
300956.13400240534	792295.4553655209
303749.10456174344	758321.895543972
310762.6433954169	775022.5960559379
319048.21534151514	779875.0171361249
310536.4547743668	753106.6366616182
304936.5572075336	745585.0927045087
306649.0810443053	764181.2476374747
316228.2074336635	765969.4627128234
306367.68560225837	759903.5709501584
304659.3769418171	758199.6294294004
302540.9477154137	766235.975421047
307007.12277408433	775672.1976803963
306699.010958313	756863.1599140881
310068.6866906368	749414.2111457435
310029.0956508043	773159.4174649746
306720.8993484821	760700.9943174545
314997.165935257	746453.8326096125
307488.38738929364	764308.6802081673
307958.540727742	744685.7367233252
311789.7528455503	743673.5007835517
310868.93556544394	746903.8112854292
309767.5466431003	757279.5945978545
315304.2135972211	765942.5346382051
317566.9283056628	762941.7394730935
315226.0883478172	755387.2266084221
310424.083243893	781626.4367031055
318149.70064405794	778578.762483514
310996.9994163743	767515.8754069528
318257.5594570312	767029.3959564818
316163.0716404969	762313.8781576206
310535.28631566255	763307.436565923
313429.4624855893	772466.261595017
305121.36453167745	749464.9316526457
306182.6102551229	753727.7340526988
301546.5397360794	768850.2047294695
308706.0927660226	759831.63641529
305441.03583024256	766799.4472515247
315302.2667646629	766943.3584591316
311681.2149506607	741506.6298536557
309436.5868014706	756355.9182993213
313335.47869551944	781080.5079570981
310292.42804227467	757056.2659405656
306183.6225304764	786583.5641266771
312691.72630546824	758736.5820946496
310051.1884643055	764663.1310803484
309448.523153036	749959.3985958187
315609.1351481456	748709.9326545111
308674.264278094	762020.509042877
309510.91772216605	763246.3452846046
304517.88677495817	767106.1761913098
313570.58790768875	753380.8968840563
316898.3237952008	761320.9399115597
308629.10974741366	768002.2693042974
313822.4576787625	782024.4336584063
316968.10898428893	755400.2453096972
304289.8333371127	761366.9729992568
313302.90772163495	759380.905303153
311368.13779234496	771597.1169652605
309648.11556050595	764450.0384170972
306775.4460738116	742209.9845334629
311853.3003013473	763423.496639825
307605.56953802344	757693.6950036117
310077.550757905	763408.3983687581
315422.4480127063	768809.9334827797
302600.1642454647	748207.6727854384
314806.2294830233	746557.3918011753
305108.77459020953	759455.0016161157
314929.8322856405	775398.0055061483
321482.9775492669	762285.923633376
310642.0807767318	775101.3028510503
307197.29964491003	766388.463238809
315036.21757258463	778054.9755325199
310863.9274333747	773536.9808396064
309777.73347992776	775893.8691776774
306596.2159919862	747431.7221937017
308293.6157214073	750563.4318912611
302867.31583312596	764653.5276437576
311523.27716273116	766073.9970593345
311578.56281109364	758873.7424861819
320145.2875698382	756821.6479249573
304764.4072661097	741476.6725298625
311804.67201514204	779638.3625721253
310094.8026294953	741792.5957802334
314848.2993831051	771299.7065780804
316542.49667105905	749090.708762028
301764.20021590305	756970.8223903263
315519.69790176814	771723.024444385
312045.7949287758	754512.4626965472
309098.5000441818	765505.8702587469
316242.9570173459	746836.5137943006
310499.99051445344	754813.0672229344
314055.7624349322	768172.5525124623
307305.12496018934	775387.1694581992
315867.4354847703	761999.1006080161
311642.14689097204	766488.4360869401
308228.61691968574	778579.672726888
303543.6599499654	763226.924630716
318619.397442079	769106.6337945217
321450.6744658125	734931.6717681278
313756.29768837296	766842.123211041
312689.2074591629	743271.1768565802
308453.05882859015	765162.5952973746
306224.24193665694	751072.4101937455
316640.96725171	762196.4742608287
313656.6533388995	786110.2556871973
307848.3922761643	758161.1794179251
317425.338666006	761797.8039461623
314645.63450697245	759392.3795163161
314479.94972349156	760011.5456145752
313226.61636866786	749742.6822677096
311184.1046369397	774152.578099594
311533.981596843	762936.098717632
312685.04352874204	736748.6075090651
308290.80625263485	746712.9875040064
311517.3098888076	749411.2180177382
313080.39118894684	761205.615058605
313193.8214588192	750107.1421995093
307797.62576060474	748190.8296015267
302183.5541901407	750763.7933927875
311478.6706668789	768342.4087389798
311163.5841738462	750639.3064969953
322379.9024201097	769686.0720826243
299398.8717065058	762591.1652943795
313785.1977737246	752989.8464525171
299293.5747006456	745206.9020059451
308966.8085976282	761217.7299723683
312113.20730909554	753028.5313925945
310113.12318857934	772637.4764025849
311016.0347630138	774347.5121815362
308725.8238962402	738911.4962852761
318863.8299663941	766948.6263634369
308127.4049479279	772052.7868729478
307643.7954785214	742977.3478887053
307390.59935369494	761593.4059189586
308860.8129448736	750490.0039026395
311108.86484319915	737840.1865057803
317191.77405169216	753932.2860124651
314282.98030509293	771012.7534511153
303284.17463444953	770374.7797572594
310577.6924192787	777139.8266290869
304947.86387194856	778499.8133232534
300988.3822975981	737958.3761342808
306132.9389522441	766552.4387729056
308309.5059504086	744516.5548300875
311284.43169499945	776091.4373308257
314437.6013401973	757622.8117196127
313348.0140810527	741538.1555484363
322828.24769832677	787839.6794889977
308938.29357185203	766919.320382399
313846.31371740723	781202.5205906103
319600.7094250791	771800.7010538317
316660.56795029726	780344.8755017964
317734.7313605731	761937.2328371954
303058.1310456286	750776.1339373462
310908.94879405876	774602.8401397595
306174.97338050447	739774.9310891109
313069.6997981582	766529.227254761
316257.25875635707	757586.7623933745
311164.6631529754	754484.5347390138
321081.6051808968	768795.1475253359
317371.4802052715	754963.5307703062
309840.3514193646	745561.8032047981
305137.9309016851	774061.1241659124
