183166.01096766855	448998.41587086266
179871.48679196817	456993.1868423682
188956.6476792136	462205.3157522253
185757.2120553907	464501.1740782132
187912.25239675157	445643.57252696645
196080.22872193786	461757.4667402423
164017.16646630413	444233.27486946975
175732.91488416804	428337.37900157727
183645.120806713	454283.1807988534
188625.7558537961	474254.1751247893
198580.9427797985	464009.5809669625
186098.36733785132	447074.4252974312
187414.98465384752	455142.1319453203
179182.90239660587	462388.09900318366
182881.55742627004	463277.35995098494
176913.43973660358	444077.61331507645
174473.207286522	426075.94213223184
189354.83023373454	465960.3840713744
191934.1268531924	472477.7833337749
190934.03562400295	451914.47970265395
180324.85522703227	476566.01617485576
193681.99683091242	435537.56002651725
182160.67784045512	437224.6950642908
192561.52084213792	447949.8167925824
174678.17660100217	423358.75229820795
166187.0644688114	474513.42089906323
189550.94991263602	435371.12709534325
188779.0936878945	449007.2523570766
174820.52679348466	426809.30811250076
192988.56654958945	472294.0700186539
184904.03791643959	445776.7855051641
196889.1912547745	468771.90206894046
191571.77178118197	471650.31277828
184380.0206693727	449758.6336898669
188744.67336827065	464589.87989956397
184464.49402675062	477399.1609935058
177240.94428951893	465136.1800566533
187701.37492149696	458874.78335148626
184284.63854010953	474054.031293082
185380.64789542835	447671.43333257624
190073.91185381147	422452.564667727
190689.61482029964	472560.0413668847
188534.7134409579	442180.3976816499
181136.1887078756	473113.561157265
187090.26514365096	439271.3096546516
190087.97356113524	466043.9995009663
176807.08197134561	430949.7486330007
193535.062830381	441299.1586148867
184939.38625236147	466757.32036440773
187456.88991214312	456058.1206402753
188388.102850602	467426.5635636224
187953.03773733875	434247.4979131712
194453.28239626886	472056.708755569
185937.37320668297	457464.8558002234
192077.6820999901	458356.03051432455
195206.01978794503	463177.76214535045
190884.01088448166	448613.36334444454
185931.9519775951	444824.1011129679
184669.945090444	430811.34058341896
189663.20399756043	445534.9860405341
190145.82303831633	471421.5046234187
189132.38695138058	444841.6929000565
193636.8654816913	461534.5487663944
195109.70575914765	435910.26053872454
186488.9865500016	461568.1583382499
183468.7425714303	446337.80736811156
179978.3392931348	459548.2299274222
191209.96240900684	497614.2381314968
189902.64028183516	461521.8147165602
191745.09178117945	446490.7687558322
187303.7997128117	446870.02378281916
181439.6836810602	435525.409538136
187477.4825503252	448938.12181105214
184594.380454146	465770.94135945465
158436.2507095287	444452.54350754834
195238.69330786052	485403.05489816866
191853.07265420296	435340.49253808544
190255.2780725269	456652.4086639299
176745.6771579542	453714.570180007
184711.97631030792	466211.4653109852
185403.52254986402	451375.2094590831
189830.34836550034	441586.69894633675
184058.8697876334	454354.14008193614
190705.9250304865	461548.5533491267
182970.5263387016	453941.66739169497
149895.3649030106	449257.75443790277
187698.19694644137	466056.222709807
184386.7857601338	463544.5136207238
179229.50836818002	435833.8276652608
187493.00101365085	432811.9476835496
187948.56735331472	455427.93421754474
172205.20054015517	427659.5212993005
181497.62523739907	451417.39076681837
189471.06485419	464535.7959028239
169395.3543364249	438256.9103935561
178388.27841298786	443990.85441297106
193356.11556367125	468165.05332385184
180669.8331367251	451822.9250068021
193595.41832823213	453546.4731490825
192640.93368786387	451172.0624417047
197189.67022802046	471893.3955355536
183179.53585538233	489239.2270133317
184774.76349178544	452389.03707469103
186555.07063281722	440625.4630062232
192704.90451826976	487643.8790120442
187324.397409007	459269.3036751031
182158.13188488246	471737.7377458677
186313.54107646126	448281.99458097544
183464.89903081022	441912.93766142277
174677.78692057743	448481.98380530556
190913.17775976442	451635.8310890335
195321.51245734945	455429.7632357138
177952.7531434287	455592.69984892744
179134.21843785772	458226.8018828674
194613.94116574424	436012.10620985937
181620.43172373238	462071.7765036647
189009.76414370444	436287.741275913
190514.81205263408	447951.35332999734
194203.54581901946	484850.915010899
170217.5981784499	442809.490547275
190285.2674790633	463436.4952033148
191508.1911762962	470550.4130695459
179386.4054427932	476657.2240116176
180315.98946024	457856.2892356659
182417.70767116264	463443.0721146599
179115.54830081319	432025.56075641315
184566.15656771924	472537.8279912731
181276.28627947322	464582.43078311917
192571.69854388112	431402.62421674264
171242.68957756803	424763.1255509004
176414.60297537228	450562.5482430882
186858.22918821278	478497.76469456486
182683.8943872145	431202.3294280376
195929.94211261882	482771.89843323035
190295.08412390258	444560.12026831525
190328.964296451	425936.5660787418
184724.82010549336	465059.0499370184
180035.1978951267	434260.1180967861
179171.78636892297	462129.3416914858
192400.27750632993	464577.3300950641
185477.84073681594	437968.52288085583
179108.4223748512	475529.506355714
189712.27315102034	468767.25235188764
182320.18059829623	450868.1507443823
191304.06452249963	450923.7054027134
188811.26841308686	456629.283618422
181870.97764525076	480589.6862163057
185405.78085246333	434569.9059954666
185210.23595575895	461978.97983384784
181492.83300873416	468361.4383976576
176107.8008258954	445397.2755074841
180250.39652961338	459814.8954650669
181834.8496553556	457625.77814383875
187204.7804806532	432461.47937121463
190613.37274181482	476297.3620796299
191054.21672404747	465207.19559624477
185774.85584054806	460341.5878415474
178500.26662436256	448735.89271399344
186137.38950311573	471069.20013776695
186696.4353699321	448526.5837696253
191091.3233052824	452571.04165489046
184030.70738860086	440827.102278003
187269.2215055668	464557.7623201096
178905.63812039595	419361.99579970597
184043.4028477521	477621.84190018545
184881.40498420005	444520.5502098984
205427.485471819	447480.8074942238
186530.66441596393	454705.3014228514
186973.6966101101	447338.31811887515
188682.7924523995	446779.74952391733
195514.0188080641	471741.6476465537
179699.13691754203	465393.6546743434
200015.85600464148	462865.4253205613
182352.08929658352	462718.05166912626
184396.79036245358	477044.23455024767
190386.97883740673	455373.00435161963
188477.74997827428	473420.88110915065
188839.9309144239	441269.37826309574
184289.27631775197	481473.8671692654
189021.37075694697	452496.9986147587
171865.89640232112	464287.15601254033
193481.39546354004	496822.99577481236
179331.55988282798	453197.53390799696
194048.1533295344	470673.24030530604
178717.61374492507	458683.9048659019
183615.72022767988	449348.4533039555
187279.43160050377	458800.3341560663
176509.8770911881	451414.78014156973
187354.6411485501	440373.4400512567
181092.40539961756	441226.98101095355
197141.9718329403	484289.42312447104
180601.6397378904	445345.15234436956
179071.01628320897	484803.5672825426
181838.50392294553	440564.1450260052
186063.76704009378	473825.07647860656
184545.19867022836	440211.3545106882
177976.4267132471	429729.6842806695
195365.69816628474	450585.57612313563
166669.19089423562	438181.5624278154
181222.61806084908	463760.0207275075
186127.80830552295	457272.30656111846
188380.29727788962	476834.3864870209
189415.57554772374	433023.9302053491
188881.47135411782	463548.85637406626
186992.47438724592	465661.7850847384
184491.6244105364	457160.0493181229
181271.78265412524	453064.7003763002
183851.43589809322	466218.8522454215
186806.3973283107	462382.51355038944
185230.62825587887	459192.09862079204
184141.51326251208	441375.40067101544
186261.21116340306	460688.421384727
182472.17458488717	459474.0251056619
191219.6252149631	454427.54410628974
185883.38005102196	458749.97682538396
193411.31087593455	453598.8816293314
187822.36572437274	471685.7598874308
176665.5146232122	465715.3835508664
183460.431349503	442497.10378238396
183140.37724905813	453320.9750575021
186821.70224371296	444297.55133786314
192804.3671648907	447635.71853027353
187032.9891102935	450762.2393590787
177781.63954704898	461907.61468143365
177396.72119515145	467936.1399255074
187622.64906578272	452161.006515633
187224.8172246653	459126.0852934524
187490.62021852605	457811.46280344494
191065.96563166298	444606.993240568
189612.56809367545	463461.7876249022
184829.3477848934	456208.96354605374
187380.2718977746	450990.49632131966
181047.23447431996	451638.4386767339
175198.55801806884	456871.7364967506
188869.81954276265	452943.46650248626
184499.9181655922	470039.69799635187
189335.99016743194	456239.8549561182
184112.4788309398	455056.6253843701
192259.16532130475	469575.0094344618
183632.88812753916	473899.2455539281
191967.6372795582	461397.6220841345
186819.2022493552	456640.60321446887
176649.99041976657	447028.0837580528
190725.7802866192	425389.95142700453
185198.79592000163	470956.9987794771
195232.48271493055	428177.63119871647
189157.89039126958	457033.4861416281
176740.6991409082	457334.54448857415
182932.26105659403	468591.06161376135
190441.75069969258	445480.0504595995
185835.8424034288	470657.1285657076
190116.68878241684	470619.78638284013
183123.90498780168	456339.80383018334
177676.1145567104	471504.5411257829
187299.7002584765	451743.97241779004
187045.2503803545	465694.29911023274
189967.85625562188	458068.9288402617
179211.4199678695	456813.1664014997
175344.91396891017	438390.2844133323
189668.83028521173	469137.5218168503
175396.47187451838	449976.86636046343
189484.15734762058	436279.5782551617
181093.64342150214	445211.48426441936
186699.3793389502	461068.3171069756
189012.68568736687	444103.85319111124
180233.7038447276	440027.5897184786
193172.4735624838	448278.6302379692
181161.01178647944	452329.4159526974
185695.78477081656	456945.6806684127
194122.07416246683	468478.18550823967
181500.13358251308	447049.44330579136
188479.02108924466	459610.2865067347
183781.85285879165	459363.4520312502
183856.09129999543	419532.1135061706
189746.29097827658	457563.0510629661
174914.5440591545	451373.9922866614
193345.11579242026	455682.46481362474
183708.02134496003	461348.7452066034
183033.42040940386	443066.2480094666
178750.3630709223	469335.4318406591
178506.13300652886	469671.0739568379
182875.3838650364	443066.965123126
183982.88251393818	464719.5520262221
186830.92289810657	453227.1653682507
183007.25571998802	467450.3431861724
157829.83705021325	415534.47853602085
191774.26284213254	468799.01915939234
195153.9112811251	449865.61340493755
181841.58028253063	456949.3850086529
187263.15521501593	456955.9963941225
186148.0401505067	460050.81361227285
195256.40660456696	475320.31046276994
186516.86491552173	448991.54070471006
192616.57824725582	458929.11715336965
186674.44870096687	437685.18357707164
195718.65215149074	463117.7793439868
191667.10273518617	469217.1669999987
184408.3413625537	424644.26862835896
196494.92639693746	469493.17796561506
177017.3603477518	464229.8991884672
187316.4814647371	468286.44121983653
188452.64126061514	467115.3332541766
186209.19220650976	446637.4250462223
181063.14185470258	454480.62514391093
172481.71080547202	429956.79038140154
191982.9801142953	459204.9755833739
189559.39650132257	444667.8555147222
186938.12103289145	450671.0093721141
194271.17551809398	440415.6662205914
187416.0625340839	450461.2040355036
177712.02345535712	467904.45809146157
172709.9346836221	427832.6739620039
183065.78336232985	470608.23652615433
175854.72102123935	452200.13503381656
190327.84336853249	452450.90599983
190417.7657824669	478356.77367265837
186511.13845942472	434885.10342602886
184354.9816315585	459914.7887965336
182937.36759810877	451249.69357554644
183703.31422523636	450257.70577475673
172723.39218515338	445011.14132176246
194172.23265468256	441240.45711089356
174126.22473439376	425337.0737910977
183142.18674844602	459753.3873305178
192319.8981772948	456409.4634135671
186311.50296520218	461209.92374419665
190564.52056728816	469730.6385649791
184442.11228330055	451065.4383812337
181223.30337613975	447710.9869182352
187005.09792063403	450003.6062970322
184476.99949987372	461193.6540130988
189566.81148877644	471924.65799183265
177261.37326385	468620.06481571594
190567.73913796077	472053.97647037834
184744.60645051755	459933.9152098972
188070.2079329702	435414.12465476466
180695.95858281053	449262.72743979073
174116.87878079357	469102.482879258
190614.60669589246	442800.2111875465
163743.2240739272	445637.8783597287
190746.2851619699	449131.4941569213
185484.0794420028	443141.48528923094
194260.44893731235	468691.452579514
182675.37747823427	461846.1879008403
183256.43099131493	461890.38525588147
187570.03893302003	451774.15330921905
181915.9857807832	442031.4837666637
184005.7388095284	457180.7860264706
182232.54172447912	439931.6859901737
179409.80928454036	432175.594455367
180621.12865326984	464893.8720216562
182398.69321909442	474873.8744850273
187189.131766134	446182.14525882486
188345.58567966224	424752.3262657879
180846.90917231957	462664.10454292415
178559.9611692684	452232.0505116677
177891.514954007	454183.979691101
178693.92353782427	450426.65902804723
185259.9703635663	462275.3736033399
192853.9641640148	446545.79295041633
188448.047762446	455446.62991528166
192247.31650474307	482705.0173963617
184367.61510958255	461491.82529052
197601.0106170284	451541.47290167154
170924.36642182508	438485.35864895466
186322.7010084546	470466.9308108911
188430.27265456953	455597.4238936816
190122.87852024368	478652.61221319006
187648.47019980638	457596.10463436245
182976.98252104927	456696.87160818145
189243.8350006616	450375.42014004523
183180.71808178283	433356.34634043404
183582.42847062252	431222.6970884985
170940.92526528536	427028.34826592245
185262.72238228327	479436.4503142773
170880.67061887175	446278.93776810414
188358.2035719009	472041.640155207
188662.1847429931	449314.2214518267
191445.9043915547	459368.27784008766
190665.2197664436	458012.3020825737
188069.99590582622	442959.53868479736
197751.9363594378	449822.87772156426
191953.25538321203	459589.60889760737
191073.3412794062	467949.04257777566
189255.39968736982	452904.2376956529
190156.90168451343	457785.7515057607
179695.46770164283	436368.0969901915
189822.04717478328	450783.03312883084
172351.14242346786	443109.5794405411
187038.44436964783	469389.3278277117
183685.30259151876	454082.8886392445
183624.7478562402	441757.9771219657
180954.6555503863	453973.2653358588
190991.43269228475	447723.79747411486
181028.53999913245	464094.60486306285
182757.81594600982	442421.0848384238
183903.93470950032	433082.9537063661
184271.139673651	472648.8021011532
188499.5754193489	441001.0851010572
180512.4179712466	430131.9523118748
192974.70031108157	464133.5248205905
180181.6172259182	474752.081839469
190037.3594118621	454343.37068295234
179178.41027381492	456939.828243608
188354.4524918531	465973.7767160748
184478.2726291818	460842.9812443692
177273.84978569273	418574.42493678373
176537.48102228774	449341.5989888793
193031.4533701642	465693.14274219726
176398.65094169907	469909.6066153468
188248.80448441335	480634.21581932297
172477.13930238842	455333.363014095
173436.28137545887	445870.3035828535
182239.28028034355	433560.3043826703
181598.1068331778	449640.25581771694
193898.90849456287	453822.2558186166
187212.17523108085	450078.0869436596
196468.29469858622	454476.3642460931
169840.7800204287	471672.869675681
181289.45282323967	448950.6893692324
192142.6029367323	470320.1592419337
186540.93287115643	472711.6167915184
175077.75672744852	432521.259801883
193535.3031387041	443750.5591239976
181469.42286981046	464828.6261246179
189962.67647501297	460468.61619958875
192234.37702983478	450471.8308547933
184698.33249673632	457951.983084606
185493.83851345984	446342.12439948716
182229.68332381162	458487.10647502623
185167.81827368643	461378.7326303226
193718.92195371637	467440.2233059433
180879.29773523484	462749.2251642946
180789.444683397	448663.8625705712
184911.76856834357	455113.4658225893
186091.19022645475	459636.0786581399
188455.43534785853	446722.86242506234
191422.06345039635	445165.5209987635
183154.59689893833	441543.89084818517
193446.5643404123	465745.3716754665
175988.29314639734	459562.9284254618
175673.11592750257	452410.6016857671
172062.4562858886	437614.4124014308
191218.61713014526	470348.9528482736
174693.6489101748	447700.2917215073
182293.05911498965	447947.24820530193
183818.15210995896	454287.4004889489
188629.96122219003	437823.0127822121
174781.06343382422	421836.6707172601
181545.41704680576	447933.36199411104
181985.99194219094	469259.1629880818
188683.0513958818	446225.9312663842
177446.65508322784	451887.9324664901
178908.36056008923	455054.0506177215
190034.94913941942	465870.63423221017
180562.204909763	454120.2031514648
179262.80454749824	472389.3203017134
185154.8855340372	444009.4376022829
184452.29774069114	416436.1433111096
183362.03678646643	456648.7991510674
182208.69374186167	445959.60910483
186881.07939944565	461280.1493250545
188958.050536763	474147.0189339302
181797.42794715008	448913.93129903404
183391.44185533383	475974.49096696684
194570.3598711851	453629.4201197114
173061.32679010305	451780.7296556069
173969.76902404064	464192.70948166295
187611.87540797913	478557.25761879416
180007.19572123955	450249.990150011
186504.57332113065	450008.13245805376
181773.55149166193	456568.3158855664
184935.4715428753	469007.2907533641
184052.55118112272	430377.88410031627
183910.38223152375	429520.56284769415
182093.07352086538	442436.7169377041
177694.84259209677	478704.33948230394
174984.8638111588	468967.1130681755
191352.59616679559	475638.7692787257
190472.0739342483	477584.20283516624
171805.83905295227	439015.66742071905
186347.7024892943	461575.6853946337
182621.99247730518	434693.1539980315
180372.42241706472	432304.4269895229
183104.28979974543	464456.40844285325
186746.66278586333	446641.97215752664
181536.94053612597	463733.3525138382
187154.01587156588	461860.18149237515
192822.0896028545	443029.20360076916
194779.29365929257	456491.7973999074
191867.78059840534	445864.8403535704
180975.10656801914	467441.69620547007
188942.34423536508	445658.6470266201
189615.24814794297	440702.8280728095
192460.4642275243	461986.25374642946
175439.64718059366	452792.49327184516
185178.41305199947	464771.6161825086
191348.7180785047	431811.03088387137
187422.1538502571	453000.55548338004
180084.69381660066	465014.66016900435
