262.5165910035322
268.298532323688
235.0308906342215
238.93097931907982
220.41408663755146
240.14561761228714
521.5347620081002
280.3345403945099
285.0003032767525
241.59882612476457
262.2735990638712
277.29215074887765
295.99368844726166
197.83679334716214
201.76573691946203
254.06758395546436
194.725961419245
283.09943319815034
268.3825367924496
217.5302870010227
195.251645802499
294.798432910865
214.81659697705655
267.83270656329364
297.79762677369587
422.1158924636634
273.1911805140504
255.32480996367366
523.9265118137251
255.17030075705975
249.63281617920083
277.0989319297749
219.9592860904609
254.29619566471968
334.7370320683804
202.1597775716259
282.66104334900655
278.2461066020728
194.89171238328692
223.95124733101545
243.55909089297808
240.32666339113823
270.80813349503586
253.0520991464611
218.3749803223345
214.28596043420518
254.05884312524987
268.57344778060997
300.3056248840566
441.02657122457117
307.8499703709989
220.52500679743216
237.40402547381217
278.62996907836623
236.0083584560748
193.64209863696345
282.20713346342575
236.46172946682736
291.4375574330132
285.5295066348778
225.59818835982318
265.02994477422686
256.96728330950054
246.19813933303968
259.68788766054223
257.8846982630336
249.29149776281596
268.5065461908815
236.75261598268054
256.7866647299704
208.4860534954957
378.1029217382831
242.65723186609452
268.6367591707801
349.49578184051217
236.62153199957174
216.0029633878851
220.20755337054428
231.3642718485013
303.46040440559017
382.76285744314697
262.8846864979594
236.70804199838528
260.91678072385594
222.2685864195802
397.4200463731998
262.1515284855194
237.29548615154363
231.15264076396846
239.640233024607
233.96750356750664
432.4103953317251
323.7246376337383
272.6829009792616
266.3315077510592
282.93032768433443
222.82762782945395
320.03748909997284
279.5959646649108
247.39476973542583
244.3839922402359
456.73602590453686
239.23740626640367
245.5415731343166
205.6100852136174
221.69838513010194
200.76409066805763
254.51197717170044
293.39760864795807
352.2747685677656
215.4154825583833
366.13081289499894
230.9273243274372
249.13867109635254
209.2184653302957
345.10074699301293
226.69940274687906
428.5743489258668
259.22594701484934
280.23288362509015
211.6825895580003
211.7838655789995
311.43654334764307
344.401436093175
225.2625146383755
242.39112688589933
306.9184889554861
218.87002096387192
202.83022016152356
549.1857388136121
216.07130877351872
227.81996029417334
209.84746498289968
232.18065726559547
224.3812275468842
241.68158388585297
289.30673783923265
288.7964078362877
248.71259612324977
241.3151055490146
210.70948100515258
217.00055136201607
258.40094403622294
228.8759476156417
300.2149121172366
271.17602406196283
259.4164179523797
330.3041927203606
196.79991778084553
207.62961570934124
348.7783549035504
228.43149608401566
224.11687196358523
266.5349538017576
268.60791036778835
447.6390228782692
221.95042969411767
394.389586408628
252.4735316407538
217.5124360459672
290.2516480128877
235.18218140088186
281.5574481532159
272.7174934584604
291.90249046692145
236.26733615905638
275.21473434481
199.18581477821695
255.898994947619
207.82131294222063
257.1088062426445
263.6947977880535
219.40093107359007
201.99336540104557
277.02248337908765
367.9421264076911
248.63251097269494
256.4087701029164
203.1464852275266
257.3361711031841
225.92456253920625
224.13876327063892
427.8539757462163
315.2654734950912
422.10025623390584
335.7346467066686
508.9028568265543
372.42156332573404
337.418158007565
418.81224714199254
216.37032387029103
219.47558128395647
235.77401928562463
292.9573125130196
263.76257887975964
299.66092616560303
400.3398612349035
208.152222500858
433.1234092412492
327.92422739044434
320.79556573867126
257.19153523894994
253.35206443521685
294.3617186590714
356.3872238777004
237.68619187715655
315.74432985321187
225.11874749725996
269.3444659559555
255.10462081287523
241.5254130355387
300.0089483855819
287.3046491241609
238.87944598299697
206.73716265374483
214.32659552449795
220.2328945754066
345.07182857184705
288.8610701480337
272.72523525051247
219.263833358917
236.76063975116114
251.43805634423762
374.93894308380567
256.97604195792627
236.82733793225262
256.0083081815008
274.43735226002224
268.76423208513785
295.5930926614977
248.40592381353918
263.43652373314706
260.2887362482583
246.35483415174417
305.00719581882754
258.2214390111056
234.04568912311677
260.1190661933749
225.05301890855745
228.66743288283598
301.2567575721456
276.7008644675992
375.68233705245495
382.5115202454676
254.98970129384372
229.50692853040226
334.19416637196633
283.9751089950404
243.84934700863343
298.25591336927545
271.76410926780505
352.3517504784021
481.11245810425584
314.70856150273187
270.8166001039376
247.2024732426121
201.28932270246173
370.86420118833183
392.4399436626091
232.60991865526907
275.2756171636993
295.00989002438223
246.88968334625457
352.9292392831723
230.93386948601312
275.86177428026485
250.09931619250779
222.80200403192705
303.072783571961
214.6082735333942
254.79321133841142
509.90383129662564
221.17519784108435
217.36861113864654
227.65948119118846
229.80838617294918
254.9986474772023
257.25500902024004
219.29560474435308
220.55606691542366
200.62577880224023
223.04772009304605
231.34266171508543
246.65002543901082
280.68498479337
315.5727938882536
197.67727975115278
226.80711981245983
231.43289224915716
224.71281395237162
291.50976554535947
210.11701859101976
227.22937320622864
212.72947461718678
233.1186960301664
337.96675524546345
221.16670345462998
288.73244416065114
211.14240233911133
344.17892529945726
329.2076037683062
257.2453780412033
292.72860051412005
517.2837951251288
301.5442498303296
309.21725318447795
330.30402313868
241.27582999897322
237.95737064524363
294.94576380937957
296.8115714464216
283.57998963145485
398.4376387809595
350.128414657432
242.80021006859656
248.62610093851117
267.2767594323556
201.67618009242628
241.92668395981167
246.605993352401
364.9056008390685
283.05235067466754
435.4551689248736
216.06310872201618
220.7388065606202
252.15296250549372
288.8867642958176
225.7360399052702
222.1240603865527
325.2404576145071
204.8477410009254
291.80895606351464
312.3623887389171
317.57564679486006
250.5646870272215
226.9852149736437
330.74308452887135
200.72028712683363
268.85699386860244
575.2297662657702
294.05479211837167
244.6625071667305
233.5169156280111
216.17336281993667
267.2244279894036
225.87037226042239
211.39796970982155
225.31450687059802
197.63552187089465
333.95940314458664
254.0180386179554
229.4532783681297
265.3002413967657
381.87834770776465
249.74276561700117
237.9711835818774
282.33477052868733
443.79815768127736
214.65147238031247
235.14345940459822
209.60040425012528
296.6859472991278
218.5187435840837
240.39606012493735
345.9773915130893
219.66826713752192
212.95413000004353
388.375562411185
260.9013251375884
326.3304305572681
248.60468533961787
282.3535256794617
220.72652558995307
216.48374407017383
296.904094925042
311.43890276318075
281.01662620215893
347.6116606614516
216.56141492642516
239.05746942188807
285.7519103898372
291.05195160650095
325.7880826842475
237.06491462116497
250.39036431583668
224.64891340121238
207.94427443968735
226.51966138681507
385.6333767127798
245.1244733634031
249.10137148052328
249.57874112304623
238.85087443992822
193.25945999460203
389.483268542862
315.37298701766275
255.34390830153703
314.1740551372075
206.34437864146912
250.09278526237946
209.46364040991403
248.44006230936972
215.6921661637083
260.105026767762
343.4639893371328
235.2905724145633
385.93370537398135
253.00383480996555
205.38369682548606
337.5276153296412
227.50976911975482
300.2082713432278
244.17924323550915
312.5994841759345
271.05459656221
223.0390683460988
217.06488515127904
342.8149467455038
418.60435376369753
251.50113528255153
210.71904099710872
337.4042473087819
411.1117112977473
205.1886273421559
413.87753786928164
244.0651573662437
220.20379388416637
243.21351495668324
490.9253786203773
236.50485112497242
245.36423006209765
245.3280711916603
390.93441945159753
195.89639881707834
356.5859628760655
211.93667403786284
203.23761773802462
262.2027345975931
235.40263626774916
221.22587363000008
246.21367880970402
295.29790611128055
272.3504942934106
331.34376334757354
227.69354784927074
266.6354867258478
246.2372557110924
218.9228518635369
346.2153430519289
249.81891888366175
244.5296599647763
229.80769884014666
247.02799315976364
255.33477081401216
270.11158387716995
229.17717489113085
246.0697377692747
205.4998555181197
221.92017699753018
412.53406823619054
302.25333823063903
232.95575922207908
240.00150878690144
250.17888840153583
288.22569261362446
214.0493368587434
354.25631079893975
372.35790450134596
254.6082089464255
218.9060633564709
237.76419483178927
252.46938367183628
220.42109212761483
192.8844022982962
233.88983644446776
343.34176731847543
354.5962172309981
328.3849381953306
370.129891612011
231.0712517371551
407.564621425278
274.62573054365
197.7477278637328
322.31794733675787
245.88540741620258
210.1230775452391
230.84427296233105
230.29995824791357
314.4680870522831
244.86298773070743
212.15484621555152
269.48539216172423
274.4246186504661
198.96773453435088
194.04611666297117
224.53822454745776
247.41990254797446
220.47310806294198
203.73421211192073
254.67922860311361
