1228.9687500405585
1227.5315854561904
1225.7674147719313
1192.217554001576
1202.8768492385498
1201.5947265196232
1256.2340225888481
1238.6082450799136
1243.908070617451
1223.4466278616471
1214.6979073159137
1224.032660844538
1220.8117611517796
1153.6339175511712
1153.4609373522148
1235.0888983009945
1158.5989118000666
1235.8143708179414
1179.364230326532
1187.4016907150371
1169.1309122154103
1198.2464923244718
1194.3670512818476
1219.7567668665968
1220.7399615738143
1289.3286593533428
1245.181067506407
1232.8139351101167
1289.5772730118492
1236.2394231641856
1214.0448236461793
1260.5578615849888
1183.404522856374
1216.2116615805567
1230.3825755736993
1157.5644590804982
1179.035783522913
1239.3749084667816
1146.7905593982737
1209.37851858683
1220.3046172592117
1165.0578080974692
1208.2451663162783
1228.4736841672975
1187.070100247808
1178.9354787641896
1213.8257345496709
1247.352108564312
1263.8505170422266
1193.9084740283013
1240.2717410595894
1163.9357836256286
1190.2476602751708
1211.3583409494522
1218.4975884320393
1152.2468861882553
1255.6692996314218
1185.3332443995107
1263.2601963297316
1181.4361261125512
1192.0626007792157
1239.8896640302078
1218.962011362139
1212.5318394703609
1208.295448334734
1246.4513865740962
1201.9287126189424
1224.643041177581
1191.8362897353259
1218.2474337511262
1170.901259091474
1259.4910780189962
1212.3118102266953
1209.848678692852
1288.6317638346181
1193.2672203872862
1183.9865157480958
1192.4624702816286
1221.0110407053749
1304.371572080352
1192.658051374377
1187.9043093519228
1217.5014340268672
1227.5829145800826
1199.3754961926707
1295.8362507651773
1182.1020464263256
1181.0958558571042
1203.4439816770937
1197.8338257973412
1211.6432735990068
1362.9550701196465
1205.208747917351
1211.9883183106251
1248.391953495362
1229.599617926448
1165.5628279655655
1308.181625234291
1212.0146212587597
1208.5105700758522
1237.1826300209784
1287.1040962320233
1199.6275998753165
1198.5455586615253
1157.532946133676
1176.9073317557904
1159.561107008633
1222.2162862376958
1250.7481027129859
1241.374515243795
1162.2598487213834
1244.1698680926088
1194.3862949756244
1208.102178871487
1158.4355984249885
1192.1988286075493
1182.1111697456417
1282.8260714120552
1224.8262297548515
1203.8443205604763
1169.4319568193257
1174.331948450784
1286.8933024801538
1267.2939235367885
1197.0123846046015
1217.2295123431854
1229.4745117857547
1177.475400105885
1158.6740949841696
1268.892528344225
1196.7784339177829
1193.3386664267996
1173.660604487858
1213.0296904351048
1211.473124360015
1214.4825273256156
1238.05818709349
1195.8422977928287
1226.4637912335465
1212.4620587621093
1164.5673592082667
1172.6108446398782
1221.2551903579217
1173.1030952935434
1288.2951518013429
1232.3995386559236
1215.106584526219
1220.021648029306
1150.680887543244
1166.283467681635
1298.4218248484815
1192.5141418641597
1173.634688468343
1205.5708576245252
1226.6070314494016
1223.634702689893
1192.5179385580677
1263.0099732054857
1187.9141371155538
1162.5606646603308
1226.3943482435898
1197.7050660440682
1230.8980510555402
1224.3289618231213
1288.3360359931212
1199.2548811949484
1208.3117948696442
1160.6156563597415
1226.5852863980385
1173.6684560703275
1195.8050297404388
1212.410932491882
1188.0189935181904
1150.922695399871
1214.7733364394962
1301.6945031668029
1215.1474039213876
1229.3224818954968
1165.9037753040973
1202.0128669860935
1183.3246254693067
1188.0548971867725
1292.1213863432042
1237.026604002011
1250.818517353599
1226.958373426118
1349.7218627942282
1271.4957753731303
1254.88041476701
1236.2334428001254
1213.2044274794582
1185.0283829771465
1211.5608968904608
1258.356514763032
1213.1439533360378
1228.302658756416
1283.6209800852266
1180.8099849272608
1318.215433748113
1259.0569436744026
1268.180903529701
1173.326294265955
1201.9609033777665
1249.087276003076
1248.0830743146485
1197.7466971394883
1267.7722211465157
1186.207865196923
1234.3626674197158
1186.2410609650465
1192.887041074971
1264.8445958551288
1172.960592233358
1176.5677808736723
1174.9950172593863
1212.7159747359096
1175.0854687909314
1188.0319993478915
1192.5489927997205
1229.330462498577
1182.9124594464424
1205.8939687706359
1225.2926485741123
1225.1870350321842
1194.556950984159
1211.6614950417518
1216.173263037209
1192.4120707231036
1225.792301451174
1252.0698760157995
1232.3664034410917
1223.3959347051198
1201.8223570174507
1198.2440616428657
1237.4226487401859
1211.836318208605
1211.6080860041538
1237.1911104900623
1190.1214986458895
1177.847452726902
1205.266405790535
1224.729442321371
1263.8061372524437
1273.5850463356555
1198.0368723039073
1192.2788660950475
1260.9346174099387
1244.903348268126
1196.2024032774766
1216.4222593684078
1238.3997315136583
1237.748092052755
1322.053010652542
1285.5926396304158
1213.7658026805257
1229.128731066887
1147.0060865670853
1235.4087162298636
1348.0972549560563
1187.1399512208523
1221.9986796389692
1238.5797296614
1221.1502429077314
1343.5848806868512
1199.5225846255717
1198.5720420064133
1202.9663472022798
1176.2330989341176
1247.0119060599445
1183.5557261890194
1205.5016324704416
1427.6113989712007
1194.851708561176
1177.712365441968
1223.910906641111
1209.194075441766
1231.9815680409342
1222.4707701439593
1210.2096118979784
1180.1209504969552
1174.250442000643
1175.2735019283305
1197.8088026073606
1185.7912874839537
1225.3382637521947
1215.4694196946896
1166.4869141827658
1198.4766364633397
1207.1060668344753
1181.768776860581
1221.0453582243517
1172.6086959927216
1209.1005119136457
1180.00228862035
1169.8905254956044
1262.7863540261487
1182.407590123125
1256.0175956156927
1162.0825087575543
1224.4035412317048
1310.6050143819512
1220.7100541758668
1179.0699918907294
1233.1732028737702
1259.5019845297752
1226.4942104010065
1212.5639849645008
1211.8748553004932
1225.845008876941
1275.1069452126721
1267.6573005574462
1289.3138021884195
1190.0388235081684
1254.543163670689
1183.333856112898
1219.4146706949346
1203.6471587257884
1162.5889381607753
1197.9015837585766
1227.2509723193884
1281.4068699278544
1255.5588120383375
1206.0005671498634
1194.9878956828038
1181.1298981291911
1213.6411409473235
1271.6678834184022
1185.3668113708077
1172.73085140798
1230.036222843269
1172.5119822997544
1222.553402694069
1245.665721010589
1301.6252796542067
1240.9877701330693
1196.2468514880247
1280.2895565826948
1158.651290538823
1239.4631882068616
1322.0342447997157
1237.6090475356746
1216.9066207053188
1223.8623756744064
1198.9603980019278
1235.8992120025632
1188.909356043715
1174.2442790922764
1205.8733560045857
1170.306616438486
1242.8835794651968
1197.7101589065583
1192.2158173379444
1212.891436292443
1207.549827228256
1226.1768717105208
1188.4702490438483
1247.4432441568165
1275.3168254113953
1182.490195492745
1177.1049676751377
1168.419943474978
1267.0645679160355
1171.8687090774688
1204.5547226854283
1307.7538792080554
1175.4880268466209
1178.1295852229941
1291.6944049844133
1212.7540761653927
1232.963075067264
1188.9747099754509
1227.4007856383503
1176.8259840964624
1183.068375943807
1203.3035430561029
1264.8113721488135
1228.7784591877025
1249.1925578789414
1168.7444238022522
1212.8617297859855
1218.2975285328853
1205.929397930508
1288.7508937127322
1242.1046700007169
1220.5843233519768
1190.3247476511658
1153.6012517301647
1190.1269253432297
1254.9934874753462
1194.6357678444913
1216.967529096732
1216.7821126877711
1192.9473004340766
1166.6577986185434
1263.4590598083537
1264.8031819803073
1242.5772166371698
1255.984937906323
1184.761160262967
1193.5265243373412
1187.2130672836593
1196.108359689736
1170.2267124867715
1204.7284001255985
1235.2459926943366
1202.8208621486642
1256.9879286860764
1205.8252714970067
1161.9111443457496
1256.2529022487074
1169.1911040748541
1221.7455417897088
1216.157464584501
1225.3423679759358
1238.873613318402
1195.561110137254
1158.5722365778204
1224.3312493248022
1252.70599479077
1242.7213445674797
1170.6436747231592
1280.7614503489299
1241.9038976471193
1143.9980856747334
1252.248894118865
1204.7086027834353
1180.184547758436
1198.8130566537752
1249.6837159746574
1155.8851395293289
1209.4476941175103
1219.7316472581665
1289.3667795360398
1155.8064628843158
1174.6651983825363
1180.6932753138644
1179.3512366737539
1210.8068193878917
1185.0871280770778
1175.8618972109193
1205.4268074553017
1233.111841691418
1238.7278104974248
1210.7257945511374
1187.8116338407126
1184.784485575009
1221.8616036928518
1208.2385645765723
1225.5227691565144
1223.9582995499095
1221.31903009914
1209.3520866600516
1206.4705268089574
1189.888879327481
1224.868024191922
1197.609650410579
1193.7437327316627
1164.466442774295
1198.2277612420053
1247.5733196010347
1258.3888637990317
1215.3158721288473
1224.8946704170048
1171.4003981343908
1228.9023466805215
1180.7552514407344
1300.6042345267053
1245.2799969918722
1209.712380212889
1177.0163099875856
1212.9847401901875
1200.5781563140513
1195.0173364265336
1156.7366713454053
1213.4582545702747
1208.3460551039607
1206.2674462023695
1248.9087513641582
1291.4360064525622
1200.3982170186355
1260.0180980457424
1228.2649384928236
1168.6973504563266
1262.153896666021
1216.0534269121608
1168.4009469613043
1165.1117939587052
1182.5781162526255
1168.4903267924367
1212.527957298942
1166.9998326126965
1247.5576848325495
1195.4815845956416
1156.6402122080901
1140.9530257154447
1218.1732070073504
1207.5719699150195
1196.0048848106549
1168.590360754532
1217.3743672764554
