183484.1437182895	468048.1044007146
196528.295256457	459799.5549212655
188833.2782848329	472997.7670025221
183581.87458073464	473637.0857578728
194430.88422786462	459810.0606706799
187538.51321403368	457612.1570849405
189259.27780053215	470262.43608115683
197695.91042171416	489938.5847807143
192469.04788450012	463131.9161030551
197263.55876949185	494874.62347067473
196879.9904956121	484364.5892590551
195451.5245075847	474536.84565126034
190379.565681245	457541.17009459937
186655.2560914312	461663.7916407967
177008.7776664251	462800.30212719436
186067.14579532412	472757.84270432044
175277.80487996864	480051.5001791562
185398.19403526446	469574.6010713987
196451.93453201023	473826.17419145344
192701.359921773	485441.480223979
192175.84197840595	464081.1814509707
183116.5134097188	423046.3775882464
206141.14125383418	473687.92359118955
190610.53717257944	467715.2805238598
178920.98593227493	438333.0494710691
209627.29613054637	505257.3101438244
197939.32130082822	480181.3627763422
188673.24629169592	476104.43815749895
199639.00482161134	490099.29354585806
197667.77617273616	466596.55352805415
188926.97782228928	464385.2148194765
198913.74443919986	467700.4983117543
191082.81149787566	486747.9484203783
193751.43571299713	456872.67002296646
190518.34098003333	467980.7625154813
185766.31959968572	451789.5723417421
190828.3873928885	467869.96015256987
195636.74474916668	469618.4620400872
186899.36565862893	468056.16479893203
198106.2799600229	500355.4847880304
188920.87925199693	468788.90945543384
192445.06100706154	451540.5617948835
187789.44972285462	475936.8683351502
199454.96122163892	488313.11182618595
198688.550225558	499139.0090311634
182717.84220307868	445565.11020997056
200361.22724683577	461367.79780925164
179353.21326647868	460995.18928411254
195186.958678077	459741.6861585954
186458.91286507103	467573.9519251669
189816.87251661334	491699.70832664444
184840.51206005717	436024.8574536018
194050.67791715483	480181.7527743263
189350.47433183924	475708.85694749677
184227.40025685017	491139.2526606306
189355.83527575852	454684.6871430186
198638.4669065958	481090.820524487
188531.32005879376	471033.86090065003
195230.75937554546	468486.0721618015
196315.97358045744	471861.03977590415
189276.6291339076	475720.78676678083
200232.71852728128	473645.0251903016
185875.55118634948	455835.76129145303
190058.2544999882	470329.44970301865
183199.1056681323	473944.22695090657
192972.18715673545	477609.3818566709
193428.00145256828	480166.12337411346
189503.62291199787	469686.8707090565
195547.46169621314	485760.5437706283
198352.22221438645	483985.43357915257
177474.1380882862	468686.821018934
195136.85917053485	481236.62141071365
183533.66130328976	476952.8478239459
190619.12822312608	459746.81716203596
190816.10363088525	469388.9302248206
186537.6529334772	490047.3773668435
186078.27680251043	463995.8344323778
192599.66295051665	454193.65561205184
188595.4703998231	445034.4158867082
209579.1143762593	497482.88668545143
189918.8710124155	490284.8280036928
192593.66936451185	458469.21381770604
191386.01875402228	475976.1766506054
195323.22920566594	467924.21504479006
192070.6099892347	480134.1951342735
196633.78228185565	486256.4150854723
180921.3499373616	476227.00679938495
185315.26780866526	460432.131397445
195200.94251850425	475054.7335768298
191023.20857914299	464249.5077961985
188126.94562272163	465690.6715905805
200755.6060308469	467345.86536637845
200085.41926353658	494235.0676302869
187789.0885077868	470574.5889865845
203433.40590189258	474611.2368989758
189016.92650566206	492102.02800350136
188607.3170016488	469538.91105937626
197810.44658443687	497423.9948920341
187192.8390834827	463106.1531508524
184083.96294359252	467441.9063738789
183790.9405467587	463929.9190388037
195926.3954598346	518266.14466574765
194554.46304553543	475731.9254607321
193529.02568526368	457692.5388252661
192479.01962389515	472284.5385103506
186377.36338002532	467011.18627799756
178801.55595749238	463518.9739435153
195807.89234869037	494921.2809299876
183984.13783577993	482014.01895758125
188502.93593599868	470878.2065835785
188247.75758871797	454789.6975194521
198298.81759525166	512796.3595072897
187119.61209432373	455206.3816999737
191180.19419675373	461305.36291055963
188990.73462169617	478421.71953866316
195234.9029739027	483914.9778725905
181963.99406159722	479277.45326728764
193662.28453414564	459496.5837220595
194497.46262244417	497924.19071000104
190666.36165135447	429211.2736808361
191722.45641098646	481768.12779033417
186197.21178688732	458333.720205773
191108.41123862145	484870.20189576905
210638.26455682222	472469.7569660271
187568.09687729334	467729.2732623015
196603.697572551	447871.8764138407
192832.38063548028	488168.2586957133
181742.80515205773	455261.51334356726
187732.43486825185	436376.82330003474
207037.49326430008	475763.7129077463
205707.4774661532	480039.48501373647
194580.4075592032	461584.1526101179
189995.57112247538	448809.2690644866
196724.26493864728	449885.0929370952
190605.31816528935	478914.80361904146
199185.76090933313	482412.4149566856
193723.7672183005	460543.0313472495
187686.3504129963	455971.80497883965
192314.21484456267	481351.132560579
186530.0280653031	474536.81148522726
180569.2693592859	479988.59096496896
185929.07873787696	459361.6173873692
204518.75103305915	463582.6379452916
188958.6716093675	448832.0979390265
205900.95119164998	474921.7896491005
188330.99111473252	470491.3471430583
181720.99956807797	471514.3486462672
186645.5824509543	456006.1319779698
194279.14893238034	469181.01423633413
178918.49755093345	484378.49265103845
202495.04871379322	493168.56075526995
193735.45182522258	488285.12708165275
194074.93779798184	492810.0227429704
192497.30888251244	445001.81569191895
190807.22262863512	461741.40644924797
190340.41509784356	484027.4784268817
183477.87919895587	459246.3031021361
187513.99248254357	481684.02025441313
196807.92895798368	477411.54599832895
194256.55112413387	458085.7569085504
200781.31046537744	482860.20457328396
189742.23825154692	439204.14651523845
194550.23421618814	478015.24366633553
191070.91724417784	490566.8962414873
198852.92390502134	485611.1449536208
192437.00798839488	467247.7983868136
199133.52684337154	464252.7395226326
186516.48767135345	473304.15470934426
197238.9889605174	474476.25311351696
189448.1254167586	443703.7274668684
205083.3146464915	474178.6096996657
183780.94832686288	472024.70379496133
190434.5666926138	457729.09956917656
183644.88405955982	468017.0808599269
189328.03544524885	479336.2944599009
185997.64118491684	488385.0043611522
189284.61575259845	463534.9601754482
185646.84192137446	479063.9627540235
187223.20318331086	464182.75351604744
190497.5980089486	476070.1221487159
186994.54897665436	451014.80316168885
194124.52930039994	492597.36955496855
194047.83572580392	492650.1733408426
196982.78366297454	488997.1498045853
197966.8689609717	460877.7592154251
199056.38195588643	470157.39552740904
197803.51229829402	483048.7767743817
193831.57024440618	477211.45580161794
190969.50145273656	453548.2855357949
196814.90582605964	458242.3994239403
198148.160551817	462115.98461559095
183798.01198500444	465492.8939197932
187088.41265178274	469108.3515764062
191249.64405154478	483526.15189279773
184549.07471335272	465525.1971903766
188293.40151242318	427246.1919506039
191682.30901866237	459537.8293858993
193344.92395111697	479320.6914154774
205720.75995250966	483166.2737072217
187530.89285491596	482320.6861064272
205652.33615527133	480435.0618880633
196702.9919746109	476398.0123830642
189521.07926682674	467629.0188367672
182221.81747487787	461572.80248127575
193955.56966636542	498506.2693068421
195516.08423718496	480786.8990637353
192390.21149475907	510861.1327646284
197654.30107403724	449026.1969695474
194652.86846643343	493701.04353813175
198248.42662839478	478575.4710865416
194048.05936191976	449127.8848162356
196330.3411059142	457508.1125054674
188257.28165997047	477783.8284956197
190345.22343731247	466709.0999194517
196080.23263768386	469137.2133906163
189123.7302802162	442177.4707018661
190536.04120133002	454292.2840133405
190013.0825461416	454672.957911376
185230.2937661957	472513.64279522933
187515.88776146132	455178.6014862115
180954.46318766027	470135.41866870923
195450.74303851946	470397.91659415583
187953.7801164242	469054.57947278646
181056.3525856998	474147.2885946084
185805.49976516445	470561.3683332909
194472.23033310514	486445.2957123164
193566.60823687795	461307.26480390906
181440.0503233485	482258.3561206271
192241.94098411527	460515.78951054416
190936.0124143891	454708.66744064866
188800.42626267156	464323.1421130176
202391.59849071747	485779.5343254026
195376.84749318584	444559.2390570587
191821.18918845226	479634.27420615527
190636.50358948496	459852.99823131255
198061.7666409734	484184.90438818606
195762.33298316452	464022.8493725222
191890.99848697922	463481.3672072987
194164.62747799992	479021.07989643567
189528.669548543	479689.1023669498
195984.94617670652	437620.35630682996
189271.5253232978	487612.16108628147
197078.86715015883	472453.94595632516
204241.2435687354	475218.22113978735
192088.2822542595	458938.81873158115
197376.6074038435	444154.2375321558
200086.41570265853	498460.5813850744
178571.64869570115	459040.02085226116
184672.07945088387	484405.7592018962
201519.15763547854	484844.24109028926
196735.33928055654	484877.8199661969
193064.12103290836	454221.7385826155
189705.75859624654	452640.32139283384
194959.38857552706	471162.4757941171
185777.8759909686	458254.03829516436
194897.4499325016	501678.53873954853
183365.2786439928	475147.3316857191
190931.42073060252	460857.16735603457
201715.38307565858	482046.55384680745
184262.74769688625	452566.8844170173
181699.337090484	481543.34745526174
199426.34635804157	483166.00948138995
181943.13132837298	454859.28284569544
195513.12219466883	490474.71956613177
187157.3781767434	475972.90258356347
193236.81695634528	468479.4707286825
195664.2349936675	481927.05721500306
195390.1319718835	465547.45968413027
185317.16165501642	470624.40132401977
188471.5835653239	480598.53687281336
188917.50431571394	456521.4430669091
190761.55667045776	477059.1458160199
200153.00344599565	467150.8049585732
189919.58595137746	460336.3394008927
203040.39238171832	487356.29707098816
184441.6059266255	467953.2387048658
193759.922902459	439927.5564246533
186877.25232345844	486174.4449313944
193985.37148504797	452749.9703899994
185924.84261186962	470166.62396221946
188895.28088910892	459326.14586368727
195243.37718103657	465932.6944288614
193657.03054268335	469594.0119700323
185222.86866594147	440723.068126892
188645.94328231347	470940.6990863723
187292.58474737348	450143.4778506091
190420.30289346617	465709.46457758587
200363.35957082448	476675.304558196
189700.55039568112	459055.6284833406
181189.70814938314	454929.3785021787
198403.14892385463	470709.10489978665
197904.75270901964	474589.2832554873
189351.51366233022	482662.8494854198
187253.60042637528	443679.79182199534
187386.90941944686	446805.3612266824
200752.08309326967	467015.97972435085
183604.17750353832	451503.523796881
198233.6791888232	487249.66601980606
184519.2694744756	480661.9198886667
198008.15822284046	488979.6677310382
180084.7434293221	483694.096228831
189930.48666837695	467751.07210159954
193499.4005841828	455221.0712795271
192062.40813463437	471390.2809307581
194818.93843698828	468814.2748849037
201774.93682058228	477970.3922100259
180875.7102035749	450837.0326765145
183651.87180151572	455298.9750728038
195788.23923267657	471268.55463583616
197333.79111212306	481384.40879703674
189594.11222382306	462996.9427162411
182546.47012330894	455094.8051851347
190564.0992602268	493189.5333335609
201926.54120898258	489214.37826814724
194759.8087398213	462082.0435797033
196029.71378193024	491844.76479827083
197029.45821368578	478707.6616946411
197007.58853255998	454485.1628502479
185231.8537585157	454775.9408127173
203038.84915358105	471727.0815765938
188579.00222571427	496600.5502544854
197352.58765784572	467799.51569887967
205406.7461462734	487201.9770028378
191112.72189197928	453563.2189057194
193129.4468313157	472657.6467404108
192864.978078351	473076.8538098749
208156.8530242317	465553.20049302734
182917.28338483104	472356.05538682133
185686.18464599512	474982.89821431146
200721.51817430294	483156.7151567914
184327.43069744014	450389.96025619743
192594.89996147875	458267.17677988636
191229.74826920507	473330.81369279505
188100.1256085055	474422.7668512551
189274.28105407846	454387.06089084933
179878.25026232624	477929.57273289387
187404.5566719729	473543.6727475259
180418.52906351897	479111.11102992576
189250.98471885547	479311.45528372226
193727.42691468302	489202.68701962754
201149.9737041583	478090.79672888527
188733.5252890103	479089.42356201424
185952.7607730487	452134.502555756
194156.70763533952	462874.88687396236
193674.19588980413	469117.21644693473
181277.72050300107	487763.13046376954
192878.79967784748	458077.9666761779
194128.44708811142	469258.91290229006
190235.14924739586	467772.0733295373
194067.6525879489	460494.9425754937
199797.4002002062	479343.6408683625
185360.25664174906	495936.6825285253
195745.9693026772	459334.33972846763
192531.34609121515	471077.07057799445
187551.03747369273	490448.8239027179
179630.41895249003	449732.37770439807
197442.84205200584	495675.94576673186
199883.87527295525	461592.59735991963
190364.30877144655	496863.9606264063
188507.15407552064	474048.03931519424
190822.1401778276	457189.1940194067
197611.4688759158	473750.7516831253
192576.9147070791	493764.0648319222
201062.56942053128	483284.8239203377
191232.49717000948	458570.24642327003
201629.46431223286	468540.8941234045
194136.39212265273	470616.0703000842
192047.69526445988	469164.73543921777
190831.41037442093	489792.4956002522
191617.08468464506	472247.0469349486
184815.76611613648	433764.3192722027
182775.7106826068	471808.44963792653
190951.25995585189	462476.82724380435
191325.80605992646	476889.3971190414
204289.75102816528	483039.49711754837
206602.19226589717	462550.12086462753
186465.7012294765	474968.3464249235
201573.0902457302	493309.8722875713
192089.54459369992	462911.66509418876
200783.4817255888	497814.8195439654
187227.72427536917	478549.99291721766
195425.28162691055	484554.5542415261
194761.10209672665	464829.1982607961
196467.38747671992	460335.9369782051
198308.04898591846	454702.39570866054
190364.47765190067	472257.79380207363
187835.9401495842	457664.6780556553
186952.96202034914	465307.82015163044
204891.16614071262	455487.7175006859
194511.90909262485	481132.87399621995
196294.83576108742	480078.53574421117
197515.41027161822	447076.499133633
188383.28753910508	476538.8345674397
183543.62521271218	479570.8711819327
192934.93067494483	483305.2956171518
187636.88552584895	477287.65536035155
198493.7966652686	449914.9406242956
202950.32034062935	470702.0352676314
189138.6669447756	468120.18348343286
176407.26720598762	463664.40807634185
187858.7634865027	467427.8764592288
178942.32576065414	452977.85364497633
187011.46888550158	461897.7777717362
184681.72725860885	456044.35473464755
197660.69764827116	488177.6184926144
199891.763007655	454573.7418712111
191894.32238971273	481462.65335995704
184975.80529788413	450948.9669313716
189783.52180979162	470780.93873368984
203054.53118251642	476661.64446664334
182530.66701775006	466277.6360077035
191780.55976189638	455210.8732352857
184698.8616989906	451313.30610669195
195317.19370777928	475010.5574142579
177754.95771770575	463443.12806648796
187402.3153302914	470774.98103810754
192803.38399555732	459609.0012448894
184409.66991627915	465469.15462204197
200870.61026679407	478135.34051206027
193119.86630602696	468400.2544004513
197328.51050502667	479595.07752474735
206552.34469730992	477583.59466338914
201408.5786353888	499997.40886788745
187800.30664171203	468348.8973025604
195499.233634542	479991.0980892103
194503.56453824608	489797.9852608756
203267.93352531941	443286.37480889854
188543.6473447733	474797.42242166796
192811.22849780152	488522.0004014404
183720.11588485684	460044.78205917473
199460.6774026119	453063.55485330604
195805.71089956426	463734.1949024779
190325.8166256057	458107.7419870789
175949.79159018135	459507.0376319663
198876.7234777772	468814.22763983347
201997.14858568023	458871.26555719634
191800.7718589264	476999.2550037091
195884.13350932614	461395.82207674836
180458.83708736725	464122.12460438523
192977.8805658702	475736.52078805945
193158.4520498357	468401.1894558866
202334.5018838609	478885.8396274891
192965.9788520978	460424.65549084
191590.80195626995	452605.9189195159
183320.3314848292	468669.1598304678
188687.52023204975	450681.7545522796
192353.84487221343	460486.3245729206
194588.13634556398	478483.30119505455
201261.3525044767	467216.96352371323
191455.85030896927	470890.29007863527
184922.3218298083	461190.6577539956
194929.51690376736	490517.0947833279
180871.61807447003	449997.971211483
198306.53158164036	499803.69144894904
190112.33714040194	460649.11725986784
172224.26591737935	457440.17455898965
187712.91858831313	476925.10295231343
185872.4825475528	459427.09915481415
186519.46946481377	455894.22473142564
193173.01627709417	464400.076647276
197169.62253523336	461134.1729607857
184355.3422180673	491138.80214471626
193721.1778237813	454755.43074475834
188399.32612652617	458529.51410178794
177380.64607860325	471177.3663415015
192971.9198140005	479729.73153242236
207021.29168465128	464151.3842046086
201048.0829031048	462352.1338806882
189167.58770510452	492071.7320172357
184368.25795861194	460664.27594570216
191901.11052301468	451384.75368389767
183993.6562905048	458873.9013179395
187727.78560173645	447227.04409024015
196694.21892215265	468706.4108847083
186699.12701719464	479202.99381454976
184643.98318371637	475338.4982088287
196551.2905253478	497564.5768371688
196290.56677292212	484969.1560319384
197788.1765342559	482215.7547931909
192952.67173165426	467508.87130069593
191170.3566042888	466034.3370707367
194507.7351286051	452806.79607133055
183947.26265100707	482496.78420005005
193435.89991629717	454494.78057289496
200132.90977231856	476931.0675614851
193195.8420863966	463421.9201496865
184623.1752199935	472875.09666129155
192506.85280383407	466303.4889765801
188809.91537190042	463018.12438733515
187981.44883009564	477892.8696913541
183443.91820878966	449362.7703166688
194395.19955804537	462658.43117655715
184476.93485011836	443260.7269765306
187860.74961169978	467574.99044791947
184254.72495775536	475242.2448623957
201603.20471059182	478157.4431862803
184721.32952288928	457887.46065247105
205197.16002986944	433989.1509914803
183810.05698140024	457617.4803392296
184509.1205708625	460031.10893367266
