64225.01318674855	167125.49916350862
69568.49509681501	153152.66925827257
65514.425953117716	156164.02612779476
64974.0036335836	170931.63786124298
57921.55792129896	175982.3127501457
62420.76187134837	160817.34202211438
59786.71725922802	158194.82797129324
64106.972048937576	174120.83830083837
63612.214577002866	158654.53661881716
60851.934392458366	145120.62099725808
58101.57872914978	152913.95031212908
65898.13729218507	168751.71681219764
58027.49317950841	165228.20170476113
63603.229701268145	155972.51161403823
68803.7358241289	182408.17310005418
70994.89231619127	155526.57264742462
72471.56065685034	167937.8359105727
55572.62080019749	148031.34949021597
69974.95295409014	151352.78090451658
60174.83654048367	159616.25431765328
72717.69294525075	159062.65735842814
60239.708778965745	174386.09558037107
68248.54649855297	149616.91747816422
63585.399155292296	159515.01498201664
65812.49426018109	179622.90281759363
56372.19910770599	134979.20184679393
59435.17118695422	180126.15219504162
63310.82283762609	174252.8630328222
65264.86401060309	168448.75921057572
62681.61259856817	152358.5318928638
70029.90708273214	170574.69008979306
66886.21734554897	146888.5458991127
66653.84637782388	154473.53228711212
56705.42055782161	153880.4384524284
55790.59471857925	160458.987416097
63856.68250117368	134551.69121281497
61804.97345001846	150199.83113267805
66849.9406205166	158672.0006938749
63366.29601873357	132581.33192342045
62751.51626850646	136361.9487829071
64756.21679315714	161873.90851811846
65530.887881888564	167496.9440293324
65386.04986386951	156311.83275549626
70629.77048535737	168003.59431893326
57596.12778325414	163099.60288518187
60270.453467094325	153407.94726369804
69800.1382568343	179848.24813153906
61046.07422494236	163830.31154918548
59872.49760451336	145649.97284139518
54534.39535475226	161908.39061126194
65525.48484701828	163286.6293977658
65628.59694418167	161733.11007607428
63404.7415735826	153792.17652862112
65153.46712603632	179658.79148005997
57952.80279620178	154918.57448282395
64522.79574586222	155531.1368088049
63711.81904574428	165052.54460154864
65673.93716860397	164812.5383464472
71507.25735510068	178086.0746624347
65821.80296328578	154113.85607713123
65332.52303965043	150621.99842099453
64077.27235115721	173027.2224938467
65169.86624206905	162838.30910040945
62910.1839742823	173965.7249331397
66213.91606027266	153376.03459330395
63888.05705679119	161518.1586029807
58606.989390650764	149889.44310459224
68414.05522615922	166019.95582785422
63990.79560102157	172999.5266160857
59467.016724158835	185027.36936296173
68173.07033396252	160610.35888607343
54077.69172024521	157550.11272950488
62769.080593543826	157907.91951167243
60738.904107597846	142092.9962801474
66444.4546696492	162846.2636668542
58328.509911168934	154268.01166163044
61557.44995059763	170736.52025911742
64862.45545208019	157243.8264666526
62794.93388314312	153202.93649445908
63973.23983764037	168328.88413063277
60191.11899655192	163102.8448758457
56690.77961466585	161327.181653938
62804.5767994719	147295.59776323574
62780.02962011225	161918.8569027599
66473.19261266051	166453.2974489644
56571.74993567796	153639.15727146945
67532.6656346102	171835.28817969764
75570.99321659868	152274.19083070068
63902.25149236312	174636.608808884
58631.81280649012	149485.055080209
65869.92348600601	175572.02696918964
62129.0277583539	184120.02837039734
69179.83989122816	171403.42240300478
60977.25202850536	157065.60964301444
61811.71274078774	148546.3869668414
70287.97855968506	180030.32605364785
66167.68736534641	160876.51193422911
63783.01126773648	162409.70672414327
58536.192799549484	155702.41919919057
55573.58730797903	139771.07037541922
67247.96963800107	156186.47289910322
63583.720296693726	168210.22298293788
71454.1532868999	159477.20904601633
56230.814178031185	156493.02588600505
57790.9903032814	142586.15567369258
59906.469019895274	152017.1991301725
58941.870859091054	147861.84317859073
58454.28912355323	182301.33688294474
58816.10782790836	169069.60424168408
64475.059854862644	152846.27337162168
67347.63589346984	155509.34412844092
73537.91588079257	162131.06375078962
69385.75183786714	163224.6706800886
71469.34963224645	163000.00994296963
62181.40429768323	156390.30726577167
57621.35358224279	172504.8852001
63911.35142780583	151104.91706204144
57406.27751706975	177005.18784954373
61584.50671494039	139614.44585819644
64890.76291831148	155111.62725153408
59698.62210870158	163575.03303816816
65113.562378079245	155554.70877759362
64389.31114691633	157359.35442658153
53981.87447172312	159837.23052242992
63923.140505537216	134863.8214333587
58629.030815455	171586.63891314238
62104.93971836848	131029.89092304568
63792.61060745893	168946.03021141893
61279.78138367068	171513.88698818776
66863.493397134	189507.49128347126
71600.269810358	150459.7163559019
61849.18046138512	155898.92875423006
65004.22762556707	159625.7437271309
60482.4159959217	156785.97699363568
69292.04705296106	167642.2649291428
61807.396216411435	177529.2932315652
64752.38699552494	160857.51822303803
68599.63349090789	159548.09263851374
69926.26233385762	159418.01471318185
65256.924820875545	149625.94699188587
64485.828091694566	166569.32253696944
70713.51656778103	149150.28034190132
63536.088183655454	171781.48553915526
69337.67370634667	171297.541916929
53600.8816110353	166868.2973676457
71019.14341276884	157587.40450817056
66722.9065876964	148810.65574178132
60492.90718503593	171948.71638510388
61511.55103963296	157924.8156170827
68059.76172300489	165931.5465978569
61332.44528007834	175962.87024661127
74861.90009146252	165524.1880327126
65822.92920712172	147821.06810270323
60314.86799926198	166427.26596242498
61900.36446737603	138383.91095877605
48536.115317727694	163957.532520979
71174.19912745626	152326.9411664057
61423.33547424572	173443.1430133059
58936.22443232403	144022.91518265769
64147.389297427624	144805.61540877054
61498.201410305184	163624.7484753017
61755.95666294801	153831.14160543602
62763.09293916351	170516.01667107176
62434.54469804551	169793.44530169928
64124.41225028775	157876.14289633796
60979.73624035948	158025.24366487193
64972.60219781	156505.36414065765
61139.77022684192	150607.45301753914
61703.68232728043	159207.29569932577
64300.817658604676	164607.81513930688
55576.98126413433	150915.80818957702
67063.11781702601	164031.9934887864
55099.02936179903	153269.06432955893
63932.51642460857	151150.9471216204
57681.90531293645	141079.2032647751
64295.03011251605	156048.03733685476
58813.291714368854	135332.07890503437
63349.70769866998	161141.1784915445
67821.28458204427	151367.31335186426
52747.87467118348	166951.40961675334
72728.75456230181	169512.5476446698
57946.47651097347	150190.6171097657
58149.976303069714	165394.99008465002
67697.60870780982	144934.85779489725
62984.523962436106	166809.03357913162
63922.03984062953	161977.85137197416
61229.416825441454	165132.40686919514
57737.52364641504	160121.1157438899
59081.613167608135	156349.15270055598
59890.793056517665	166927.44165023667
63907.5361767163	147960.7015774911
67465.78842084699	165747.45872426682
62951.21846548397	144939.87888108482
64427.607179614395	168898.5448599178
67446.94119706162	166304.58603426968
65622.73835497348	166860.2491967566
63638.40874985437	169353.43548179328
58789.44308068049	152941.10746254807
62447.04979008362	170219.84029890058
64774.79846676921	164803.58968320247
52876.80631038154	148645.6198094132
62768.974503816135	170923.7930141438
62900.750547758784	182651.24212690454
57588.54366794419	161811.41465589943
55681.35720277386	150703.60656397927
61050.83342092931	153258.33204930314
64945.037784722095	190288.6748280727
70213.47179106162	145545.52152653557
55947.556895033726	163941.62326945475
67562.65889755856	165364.94511734994
69612.93394850988	174975.97789823895
56477.0522548207	157858.01224160855
64722.743976333695	163683.31749318546
61973.02989856405	164450.80623650472
69531.3818067417	166085.33869325582
64907.76832597757	161758.92198444396
63991.51099454911	160348.12697878235
68738.01698362366	146287.8028608653
57581.219668980804	164543.90367478857
58258.786696843636	165871.20599205533
66814.99632874072	157149.2428753274
60325.27624452561	164223.23419290592
68729.23956396844	171021.33673281482
64872.4768904675	146630.37802742035
68320.38746803364	165666.48787974945
61591.51561494203	165632.05850152756
71536.028157628	181689.7968064324
62429.763295907454	150344.39531019572
63014.737017655076	171772.16344743737
55766.965339441624	163637.46952279817
75376.25580645172	175674.54404691904
63026.13377386439	158574.59969846343
69941.5441925584	178595.43767317614
66775.76379598211	159323.4358091109
62378.53230043652	142659.61468674528
57205.67778076058	152095.68489987176
64421.80755784964	174794.90458926055
61180.11099978727	159402.63674008916
58461.51818798486	155266.88732707023
58033.83261633841	143730.36466548985
60440.8217819063	149133.86663692867
67471.96829027546	157820.5908126174
61499.36913448111	153631.01215939564
54000.39095190034	139723.26529852228
69135.45636155782	157969.4140433368
59511.36282302441	162050.06353436026
59952.214733743785	178819.00023092318
66622.84157058227	150498.58182372098
64181.16391262309	180906.5121676684
56994.26670066483	177379.5203971926
61984.86388482379	153256.3936545273
59200.986885161736	154632.45891706675
67678.93618695419	163522.34309653737
60581.959233562346	166876.3187063681
57447.81264600859	152282.45400017826
61979.01010687943	151885.2528710467
59877.514887357545	149934.71226325215
57263.76215323826	172091.0706401125
47294.42930631833	158139.33287507592
60163.35932291035	139325.3915841211
57081.18294727395	159682.19292947755
53538.12597949911	138004.77406273142
69813.70002959535	174208.30951489866
59124.26962250211	156022.5561488781
69211.81915870725	174470.67703668712
59295.33546554569	148050.39894594884
60321.42102694869	164572.04989251713
62147.640558465355	144737.39814267293
65542.7507051042	144793.13118291512
63420.5104022337	157987.2060857178
68226.34096718422	161142.81031435187
54085.22039168987	159151.98831816082
73611.45343264166	174522.5496730448
67218.29350599315	180883.6934796624
66529.85672067077	165825.86603267485
69403.0522735193	164541.1617678678
59735.14265453459	153376.59810027666
57676.73344012983	151015.07002492918
74070.1363127146	158898.18070395588
70476.85596888252	146825.62044811534
71541.88103218518	158927.45551065885
63618.155084071215	146823.07565551237
60181.48895759308	138404.71743268776
62224.090118891705	145705.10690071754
67694.7419029498	165460.06186564098
55054.10078224248	158261.60105514544
57205.26488761879	148869.1032216327
59538.073406389034	166655.1714447788
59916.256620667016	156581.89845515124
56610.33732240071	149346.1771774801
60506.41094950039	161776.13027555085
62673.37496366977	138594.09848142808
61328.921669542135	168836.51243478074
61760.21658746916	163611.4359689644
69693.7622798142	143779.42816543902
52179.343908228395	146972.4676229376
60938.44349823262	147565.56694742187
56125.706101779084	157156.75811594902
64418.010812143526	143956.88268362873
64537.16616180692	159568.59407458955
61615.330244945486	169557.01544576333
63226.13850092192	152054.16333415464
60812.73828698447	185427.00012615902
59419.77278118781	146753.82609559645
65832.64584392466	154272.40940055536
63145.45690250653	171054.2277581201
62921.86124973291	167651.36205952073
62022.64874740324	170590.0811802894
66193.91777068452	150528.55133984005
59516.8483642255	157461.57055450842
64125.27344306948	148049.14119717208
66118.84393694723	199611.31573353335
65344.26884538557	157992.6889799058
78383.01024248962	188589.05037133
66187.0196921445	178873.12688593214
64173.84823314377	170912.3685690546
69152.78235077302	159586.36880495225
64838.54997400888	158774.22545232336
57535.14082034725	150382.7642340378
64822.52778840752	162909.44617895302
62538.18686438795	165661.81299171262
63276.07796683736	180251.00289623617
66601.26048473586	182242.55274277276
63955.14426073412	139655.3521840186
59912.169113519354	152292.46224364202
63558.25967565782	160316.37216176442
57381.14552515378	148878.12377135627
62985.60285307102	138525.40252902044
61096.239641978726	159323.80450459136
64098.627168288585	161494.2500145398
66165.85122101034	151092.65386258715
59143.81124640544	151589.36521361422
65211.00123162918	145493.9099356302
70736.07526850743	160288.46181912092
65652.21116864636	165098.60471496597
62520.94213227022	177665.81677351805
65319.907657729585	150583.53264796932
56309.94365886777	153707.19949309304
56671.05069739072	151415.44422200002
57271.80024761727	175493.51849833087
68170.28052916493	162942.15199904813
66067.88349760592	146848.67453678805
55478.946437192775	151797.02254270428
59966.94110026004	171432.4942439283
68293.3171211312	161935.04558255727
61841.06335611123	159625.81977182772
65228.423376598585	166715.59588997316
60608.69971700837	162938.04494722362
67103.13580629899	163623.72122239653
62597.81574440992	168331.8444835159
57838.793642612756	149580.0892055337
68252.58317693614	150599.56052217077
65690.19662531934	169420.09750845403
62168.64019671859	176201.1761984549
64016.09077380144	146554.77017149964
69937.50903603015	157078.65516172192
66617.78832233805	156121.91331813647
57241.302051520695	163285.14460680523
66151.24611094077	139088.4203476609
65023.951519194925	171993.87110326256
60977.866179961144	163897.5095217806
64114.893404284245	149706.54403636037
73606.39260612064	158071.1721674435
59984.44275514234	178701.18134434358
64613.78029328841	188447.11998653808
65748.09358283237	122125.12863378046
64289.44325401023	147329.32874914666
54758.964647507135	157725.51940608118
68733.72058094076	168428.85244257248
62040.13460484509	154047.60891225302
63668.05345072957	173319.99101404293
63415.74823635097	165911.8040623823
63557.447256666856	158637.28292527384
69212.15290084199	166529.7734599635
53942.6246716796	152832.20869175514
58652.62169597205	155192.19956170602
60813.78206112681	149055.85968774144
62466.66373302811	166175.3683360121
56554.88417994183	150547.54714952887
60362.486247854074	172972.11920571065
67288.13674546698	170940.29468714324
58021.24741000126	174258.20561294278
62748.59908606461	144813.36398117655
63495.74724832332	151067.27296232633
64665.77668485184	174092.50940511437
57429.00576064001	153936.66435542642
61549.664551292146	168582.31655049612
61038.66045897358	151192.00660875544
57671.77746030889	160538.11962097217
55006.43425494783	151284.91414530764
63194.89972917333	166151.72698021878
67038.10284737739	170439.83411124602
60136.98309300671	143024.32838916095
62764.80091766797	158399.59403363414
61481.66673889518	156215.01212516063
61950.16725272947	168130.6099757595
58416.207589662416	155878.67568655452
62600.182065325105	177412.88775881747
64039.65807786477	163952.12379643097
63844.70444523777	178829.6930953122
62172.99657943937	160584.88850213663
63151.33132828312	141734.9017803394
69228.29724667894	155865.3174210468
67827.16285413087	161121.6489518055
66999.50809191768	152488.5699284361
59969.43750038791	146932.3723291221
59076.851778184195	176497.08182215178
64926.34252626206	163677.81604199766
63191.82609681599	164152.8649879357
76343.24163173429	159711.6170554928
67690.86910186245	154392.49095836817
58422.922480422865	158563.78568901855
67968.64710408295	158901.9265129616
65804.946947013	158917.48510842017
63444.67933933277	150970.40492163293
63976.04416833228	157041.3960445681
67006.68841556791	155779.55274373767
61875.4532789969	168862.04644234327
55322.40261456832	144427.7733928828
62603.12487722045	154172.4352279204
63371.82104195487	149932.55843980736
54224.26853361477	150475.80586103574
59244.049175773835	163037.06243129703
58435.450582992155	158290.16875903646
63684.692621620066	158293.84625980636
61375.12747143673	164023.02309399654
63610.517830267665	160886.72821631498
60005.61697064123	149678.52006275844
61986.00614497849	158411.54176776737
61373.698407105505	146569.94778934808
69675.98437734743	158929.41444009228
59781.33097597412	152788.1606772474
49333.3166942444	159007.30644402505
64318.2376485712	168430.19547238556
66841.29752079859	168267.38067193548
67786.96412018893	152656.70983096538
67792.59927388986	171008.6268356001
55086.38137391208	155388.33027796177
59636.69578013486	152844.38958830442
55532.92802209267	128699.90438419809
75910.11899432552	170765.127182145
61563.59526157663	168202.67433050307
61311.03419612196	147892.52643766638
63523.36289168372	166351.3253052658
68614.403166645	153731.02366743985
64839.15700380171	154978.82963963496
68447.60312386895	151460.43081602067
57381.66655936745	179224.44750891303
62060.36676298084	165500.77736760612
65072.378988836535	155530.15819430375
61157.03869330828	155850.15692822554
59959.16395839497	148933.5111471186
68639.8397121875	152822.48652702168
62774.53761074001	148939.4933017475
63067.86024533473	152524.44299042464
67652.6609680236	151344.61450070658
69190.31034228623	142117.1836508281
72293.13525590784	167652.28400982873
63583.00472986629	158880.06189271947
62048.93846619346	172049.08581368008
56472.63547906774	154764.6919177729
62650.98117028651	153102.9990902261
56457.59071631612	166958.80770012768
65587.02136875801	150841.71143341923
67034.96358592185	160681.55395610342
62463.56451266674	161887.56999354518
70522.11862349778	172362.90851062338
58399.29021266737	159861.52501541146
55851.5183181077	146217.23363968145
65577.11767050697	152262.8736889386
59979.76583842496	153423.47200298568
65865.87812814585	157753.0187334042
62922.983835358464	141151.99979308044
64015.07278482118	151532.4250548183
72728.88249394402	179662.53557661732
65603.23101664316	137990.17298839072
57646.78671813903	130825.39138082118
58553.76491433155	153124.97101444914
48859.02410355014	133532.61720239627
61318.17808103182	139265.13376048484
67648.2127102027	157698.1259985519
62654.88789774275	160493.08812537132
72854.80641052607	159393.53478548292
61105.72676515855	162046.28804520762
61403.38318217847	170248.13472227973
56537.86747122615	170072.2466179501
71585.47249303281	161688.0656370364
70644.3745926295	162833.4280296229
64392.89655288463	171582.85485763225
61006.93924047371	155791.10569934436
58320.87080457488	167361.49489293288
66724.02450380006	148439.78177485242
64730.587825316	148219.23413817454
59685.63531248024	155768.9455538297
67775.29782293922	151817.11761956345
76453.99455187505	142214.70371380876
67410.48180304533	150940.0631133809
61821.7040328512	170656.73855220183
60320.39594968799	142286.6270277545
62165.49090963359	159869.03521527638
