2450.2481399128546
2451.5238587518397
2455.7128936533454
2454.6205163419418
2454.682313664885
2454.9229283309087
2453.688321168205
2452.0336585622517
2447.130515992318
2451.3460315218795
2453.489918769395
2444.5372906592247
2451.32654191686
2456.6557420125873
2456.8780592277135
2449.370160209014
2456.3341596338123
2444.959548000883
2458.1126557591106
2451.781037737466
2458.2900007325957
2448.866522729041
2455.9941178303197
2458.945634602338
2455.0747262374016
2456.0577253396564
2456.256120975172
2452.3572070720325
2449.519475141592
2460.7995981496447
2452.939752286473
2453.785957462677
2454.4021679436064
2455.8243317219667
2441.0140070475145
2456.7495673687454
2456.052032102148
2446.855428186567
2455.74249969013
2456.2674522871716
2452.0090408476344
2456.9500523381157
2445.1037278160757
2447.9221321063515
2457.4971916523273
2457.504773055556
2454.106229208309
2451.335469189677
2451.2892370480768
2453.6955612174065
2444.1542109626926
2454.141552164296
2452.9238154045306
2454.3679622706695
2457.5638619729034
2457.9973695225644
2440.4141225475323
2446.675733325512
2446.7689343527804
2457.3421217699547
2456.7517406057887
2454.178018208485
2456.8633903188393
2455.816503283918
2456.348961926805
2452.5956274194614
2448.358764183081
2446.877897627828
2452.8864151736407
2451.7966913308173
2453.092278595073
2449.5964845623976
2451.127604541909
2444.7193456714876
2431.5296579129363
2454.428743817115
2450.598170278412
2452.5853851952143
2454.940089135366
2444.004379982038
2453.5212768840274
2448.000859461519
2451.791891826767
2455.485622553656
2455.2342492315092
2441.383096145801
2454.237322310473
2457.5731445455967
2459.485650776295
2454.03984266361
2453.253688006402
2444.1744803814117
2455.1625237284575
2447.3665314216314
2457.597197066229
2454.193497347109
2450.2911705485067
2444.258694205435
2453.9910655714248
2454.997722919119
2452.980463688498
2450.407946893302
2451.0567564503
2458.8557785276407
2456.4167581673137
2456.1731837022144
2455.5046013529
2455.811228043872
2452.3481847132957
2424.7162037727862
2451.3927087659936
2451.7784634608097
2456.0150273184563
2460.647283238355
2451.9573487621906
2453.9546943135883
2458.6669501521283
2448.463820958404
2451.6545227160914
2452.0653927053836
2457.8734339393045
2452.652724099032
2434.624940848059
2450.030508328764
2450.221252379888
2454.7004966219356
2451.6683429224895
2452.7870230649028
2456.663034774212
2454.654792306913
2457.1644993640175
2452.189830401405
2453.5185616720696
2456.077715303957
2459.24172672481
2454.4968412418975
2454.434289572544
2445.3995164748108
2457.383155815567
2458.2259197714643
2460.303687829295
2456.1341729944547
2448.6994756461418
2455.1794192695434
2460.2532331283146
2451.2756329172457
2459.356680814958
2447.8666227146177
2455.579397171995
2455.2132659955105
2436.685836217975
2459.0607168120705
2456.1322265526037
2457.5892568250706
2453.957137607235
2453.661266736056
2453.5808643063797
2438.770956788919
2456.7270110052987
2454.238731529051
2460.2731378658855
2448.452556377015
2443.2914976735638
2450.9664066941896
2448.548396182721
2455.258980004137
2454.621627147246
2455.4626831770606
2455.842771558663
2458.252114119804
2454.534853679581
2451.101786775389
2455.9094534802034
2456.9373556412975
2452.617034103511
2454.754498703918
2449.322011638922
2454.751133101516
2458.930362125032
2451.9458619240404
2455.5662285549433
2456.079327186522
2429.9190825142196
2449.912972248042
2440.535481264602
2453.5341995701033
2456.8261127078167
2432.776101996515
2445.7011059070956
2453.718335647673
2458.1771017013816
2456.0036496911116
2449.943638581313
2448.731375982864
2453.1654323156176
2440.314135884884
2444.7991359321522
2456.4360157062383
2427.1819114937643
2450.1989865063388
2447.03505929469
2454.905408066951
2452.220548180583
2452.2674883103923
2452.3293603845023
2448.616457953394
2452.6258080655766
2453.8424901108815
2456.7046857251016
2453.8543437913518
2458.4061919983087
2452.3014716538155
2446.428190603533
2458.070796142608
2455.815110824194
2453.343052495337
2454.6534387913034
2452.8179609479594
2432.7798753283214
2450.4349801092785
2454.946068054288
2453.010584805245
2453.8051488137025
2459.2847184494094
2450.3604589016404
2454.8381801709415
2450.618896734019
2454.4682314593765
2455.9265505783264
2443.445202561689
2451.5053525794256
2451.3542189383534
2457.5169574915626
2460.9349267684206
2448.7921307121587
2449.876762408783
2455.15092999605
2453.2548939171875
2454.0757740147574
2451.108870797992
2449.434860105301
2455.6820204799624
2436.06450609035
2418.8071150564074
2448.849613386613
2449.9619520700617
2446.3747528156437
2450.1974348278145
2450.3560926891923
2451.673242740589
2450.5421982446787
2445.472571926758
2446.445762339135
2430.0965817022197
2445.3105491463066
2454.0742399336978
2457.8556700851464
2448.161656706394
2416.2760744809057
2458.741875666641
2451.5098525968965
2435.478125060109
2455.7491527406623
2443.4097742168974
2455.6140819489356
2451.081542921434
2446.76660911405
2456.9133198761333
2457.199273234094
2446.519378065359
2451.931614899534
2452.0610369402957
2450.5420621245107
2456.001844456835
2455.2210146498624
2449.676941147197
2448.393241440874
2454.7819557799403
2457.365479021608
2452.153706139532
2458.167572933112
2451.6541810327526
2454.2658221127167
2454.1947982905535
2449.1618737638073
2437.1043190510018
2457.4299318543276
2450.199240731309
2454.2136523017866
2449.4317031964147
2456.4447852771705
2454.327720758437
2452.33734100276
2455.680922782657
2454.1453264440242
2452.12757651485
2452.0072369709924
2451.256471089792
2455.8652479423613
2453.744161021836
2448.635869102802
2451.77572359257
2453.3568347538403
2456.271303216606
2440.925832491117
2456.207707385722
2455.859117848801
2451.2779490199846
2452.26511694773
2444.213193551077
2447.8714404499183
2446.739701140887
2456.7812654662484
2444.9328439768205
2453.532663378731
2455.4491784012125
2449.985010032675
2456.300542591982
2456.316481372047
2456.6852683495645
2448.264657545742
2452.1408075562244
2451.710056852725
2453.745452995214
2451.833793677837
2450.9112688198534
2441.558139743388
2451.0030605429465
2453.594799917953
2451.4997157539947
2454.7228954556595
2456.0093383232693
2450.2506875930767
2450.7859752225722
2457.8142086295366
2457.8472456497975
2458.753627592626
2454.5664566529626
2452.524616008179
2445.693510603318
2453.960502738417
2456.5825284278226
2455.4539945563183
2455.8707324168136
2452.520643200558
2455.7315612261377
2453.8329971287485
2452.6432924648234
2454.974591780623
2447.1476047441893
2457.4367084841106
2453.5786017111213
2448.919354764421
2459.4579691399904
2460.0478428357465
2455.5061242160887
2438.3690526145047
2454.575173012775
2456.4587387657134
2450.3316939836945
2458.208239450306
2455.3421302891475
2454.953532520082
2454.298661412726
2448.229780389068
2456.2529144296877
2452.7030242010233
2456.3097831115665
2458.9619832196868
2458.55231443017
2448.639229614714
2432.678057763751
2450.885810922199
2457.7990854281948
2449.719737586034
2438.4311669183903
2445.2768432630464
2450.4868605600154
2453.4063508231047
2458.5074298451073
2453.541456327086
2454.680698400285
2452.3071248449423
2456.8244348222015
2451.433671971042
2450.4055763796127
2453.6129239183592
2450.773875028234
2408.6459333046746
2456.456219917476
2454.508158433282
2448.8454836869737
2453.1758556528393
2454.4235329354024
2450.5297300064467
2446.3040981028594
2450.784055938366
2450.752859192322
2454.5362426178363
2454.9455223938994
2459.0497782889124
2448.212854218705
2455.348562341066
2444.822228299523
2453.8733119281924
2456.047719892204
2445.382462588058
2456.4069105026183
2457.0104605699707
2435.224596446502
2456.2096249867973
2450.847484994365
2452.4540806184186
2443.5032247606314
2460.0892389723926
2456.1058319323065
2455.444565457771
2449.80432843787
2432.2078181882907
2451.793049435224
2455.558483869193
2455.1141106922178
2452.190852226404
2457.1310250369456
2449.596403102846
2447.497374528712
2452.2185106924244
2448.577095341845
2456.9722064549123
2451.178410339837
2456.864410847696
2459.166429502977
2450.3848752702434
2456.8010147398472
2453.1714377627136
2448.9167013356578
2454.0245156860738
2447.3342822791165
2451.601459118513
2454.8629236182524
2455.626057784327
2451.5583963358977
2448.7775699504105
2455.797903708344
2454.5051126207973
2453.0610051743647
2457.0414370628614
2458.3226716178756
2451.669893982191
2452.3270341835646
2452.428868530312
2447.55336984306
2454.1437787054074
2439.8773375763544
2458.791265705385
2447.724946066508
2457.4455875632702
2454.0450602204273
2455.1310349987025
2440.8110030605535
2445.9727480136803
2456.6657302696813
2453.944994865767
2452.559811350773
2442.3177021113306
2455.5478773803343
2451.9232248606363
2451.8387173001697
2456.706251230826
2454.6032838208093
2452.3999089153795
2449.653076183996
2451.9395796299427
2457.715421104615
2450.8552051110346
2445.6359572132997
2443.7581657652017
2450.830343304491
2442.088613200997
2459.1209575811395
2444.539292442027
2448.67636754869
2457.4761118905235
2450.2142851346243
2450.0064895904134
2451.0711406813525
2447.3231228599116
2459.86499038189
2454.633449560046
2453.021809720558
2449.3828630422945
2450.0256295546715
2455.268543251691
2452.280301381792
2455.5014063469785
2455.6630050953063
2452.845393934524
2455.7854913956908
2458.4896517696156
2446.8520669897516
