1315.6087982003066
1315.0251747051482
1323.51169281262
1321.4304475180006
1319.2158285398805
1318.558077819358
1264.8563162956052
1308.5483515380256
1306.0226341800894
1301.931066191618
1319.7103501318766
1295.2316074898408
1294.9798861237457
1320.8917329054652
1320.776798293935
1314.574808531625
1322.812238541897
1308.275393360539
1322.6687011704598
1317.4448221234545
1322.6956883888847
1324.1470311376113
1322.1220748893043
1322.0798426393321
1302.6815910974449
1254.1471304373417
1314.8646722099938
1322.8609788339086
1281.137915099872
1322.485326685739
1319.1845189966039
1322.7666794755396
1318.0240833353093
1322.1592329000548
1296.8463475045496
1322.352588064712
1321.2997893841762
1319.772300786879
1320.7874043633208
1320.7453344122728
1309.9696951762874
1321.8784439270744
1314.3490543936778
1321.8003386004566
1326.9790286790533
1322.2652045358177
1302.449128063614
1313.72010273256
1307.488239756709
1323.1278332723896
1316.7369594754464
1320.7711941444627
1318.9780402023835
1322.3890526504197
1321.1347049307633
1323.425908134089
1258.3498744534327
1316.874951801356
1314.2085490188774
1321.4792588885307
1324.7022529376127
1322.7665383180954
1321.2932729732581
1320.2028560783467
1322.8499999741334
1318.334762838221
1308.8662877785723
1316.8939776702778
1315.6770799144338
1311.9575456281887
1319.1188407947895
1283.4901659991397
1318.7212124697717
1323.7691610647516
1262.1187844493052
1321.71192050877
1321.247964831572
1316.8581096417197
1323.2033266631695
1247.6391816094397
1320.0884848316189
1317.926009761603
1317.8145960819024
1323.5676551507195
1320.5715067739618
1243.2447945487647
1321.8442900345535
1321.4708197951823
1320.3230903322403
1321.5890726468429
1319.6496000627517
1275.3657893767472
1271.0163742994532
1317.5208269139334
1270.8716708750253
1318.409596116378
1321.407638165133
1308.7786689147526
1320.0612671289236
1316.8334340128058
1320.8516290810544
1316.8594319781491
1321.0729664448627
1319.3418243010742
1320.8404276133047
1324.2314006074207
1322.7292549761605
1304.2190031529803
1304.7592644858346
1299.6277659179596
1319.0903896182888
1321.8238906562094
1322.2018955460715
1325.2054178626095
1321.5639451625145
1319.7468981830766
1321.266455697975
1263.0798656414026
1317.0398054151897
1320.291582583448
1324.2448840567413
1318.9354392438504
1310.1857718818287
1291.1292525254175
1316.4965802928946
1322.9541110127186
1310.3893592686231
1320.4636071663704
1321.6875972804328
1266.9749654715447
1321.4705661492972
1318.1213741155393
1318.2857626002688
1320.7937273395144
1322.4826838607196
1313.382307979747
1321.4426930524314
1314.959814780011
1305.3068649232314
1323.5478503751165
1319.9064592862387
1322.465593423763
1317.4755842490013
1321.9934408643267
1311.3936721258356
1307.197299401278
1321.409540641636
1315.2198489429538
1320.8259008749433
1319.8747848826101
1298.366754326008
1320.9889757356204
1318.5604921228573
1320.0545829214097
1315.0743375074662
1317.3178889344135
1321.237241958821
1286.6754767333096
1322.16086786882
1322.357920757594
1328.1241666898045
1317.1091709765842
1314.2480734737107
1306.1624400488095
1320.7169227245301
1325.2667885592537
1312.5174292144357
1320.2266853792657
1326.4337963556407
1322.8104627360935
1321.1730809476708
1267.3149499668057
1320.123360068877
1321.9986671004567
1318.8896243442935
1315.4038334575957
1323.0054028019135
1328.3408808342808
1322.5414271885165
1316.1975988788072
1320.2929502489992
1324.295663740665
1260.6820522903763
1304.0892907751627
1283.8144270939965
1323.7875775651476
1269.8900256008164
1264.6073638727496
1300.2440777919119
1262.4223745762743
1322.6942895701986
1322.2128705502157
1314.0412168669172
1319.2432682210078
1314.3944478579183
1318.1087274195015
1286.8980293861518
1322.254762265935
1283.5625611727905
1312.6943321072056
1307.1345675882092
1318.3972749817494
1313.7155046371754
1324.9500627752254
1315.2042643832915
1269.7039473299142
1321.2460812465038
1319.9252801380367
1314.572067162043
1317.39002815423
1320.5841501933469
1309.819326863671
1320.7853736029865
1322.2165990732037
1320.3052055515043
1320.3109037407953
1323.5163906644075
1317.4984400013545
1309.6587367600814
1314.1131156394345
1321.3285375991045
1318.4398943027272
1313.669583738324
1324.622914683703
1316.972106450058
1317.6546387561257
1315.8192458566043
1322.9155826999659
1313.8371515205476
1312.5213814961949
1321.7711011477168
1319.3179420868792
1321.1841946644472
1325.8280696215306
1321.2451275245683
1272.7024254730538
1325.1778613844122
1314.379614126714
1322.7347973955434
1318.5908962332076
1301.890791995971
1321.846082183114
1247.7291196719623
1282.1522436202858
1309.2379368552793
1319.1303459048604
1286.1915503920345
1322.693723034895
1299.5691697573548
1313.769906189106
1321.3317496276222
1308.0564074256915
1312.1030256190304
1297.8161771619607
1316.9950884066002
1310.3561842680638
1323.4454251325085
1296.237646020636
1269.118781840673
1319.0958223300097
1317.5427086412988
1297.7424053098425
1320.4577177574574
1291.5049399285713
1319.692538912497
1308.741334728571
1313.252433278707
1322.9952566224606
1306.4145451957734
1316.465957497502
1317.1649840490777
1272.6694718202189
1320.5277181733704
1321.0502174973585
1322.7024440667533
1316.2638073999801
1316.8130159802504
1326.48322456115
1322.891863772849
1322.7127551857686
1324.5106033631273
1318.7031351220644
1323.0568335287467
1321.3395469406603
1319.0192906267453
1262.3202993117031
1322.6265585699741
1324.3428414904943
1317.7635105910686
1320.899196223138
1318.5497929704134
1322.9544764891716
1316.4251513124063
1322.1756642407024
1317.6623693107395
1293.723854589636
1316.7337625970813
1250.080244180701
1321.313721382232
1323.3378179323045
1301.5764317186263
1320.2148975516839
1320.9931052670154
1272.7717232185223
1307.0396255827138
1310.877129006403
1324.601456145614
1322.2620861617847
1321.22143377975
1304.2832963671335
1317.6567309244335
1246.8969649906285
1323.2759908310954
1303.0078669858108
1323.2250851652598
1321.2120870525043
1310.6743555186474
1324.6330986616058
1320.593549280151
1319.5001079338422
1272.897470858802
1315.7544695229913
1253.9699732845888
1320.9279581240507
1319.025191981797
1318.4173797701221
1311.5333847539005
1317.3585935996975
1319.7575746700463
1302.3876499308496
1322.2513463314249
1320.0911705498897
1306.7363028254254
1307.4099870765458
1322.8237006603642
1324.1145355407407
1323.7313635557027
1321.625696190118
1319.7796870614354
1250.875510564756
1326.6064445760335
1286.1324872124555
1323.022200505953
1320.2896687352404
1323.2945529024382
1323.824319207048
1322.6714003376478
1322.152232722342
1321.0919802220556
1311.3964518058779
1326.1919927663484
1323.0847263959954
1285.333934861731
1288.8966038135763
1322.1251532855758
1322.060071353685
1260.2705021092659
1302.6734752705702
1321.5923570198152
1316.7852142580941
1322.5130940026606
1321.387987081438
1320.36654499015
1315.8990297329433
1287.59142834889
1320.1395270336673
1318.5679232830912
1261.4582870221034
1322.8031577457052
1327.2130002129115
1318.063989573417
1300.5092694399145
1318.8512197962336
1324.2291949035894
1250.7467469742883
1290.3486608861444
1314.5440785152487
1262.92016113854
1322.533538135722
1324.0765346038834
1317.398421648543
1317.97279710481
1305.1016425365863
1322.3905456946611
1306.3890837573854
1316.859460601936
1319.6909998143046
1321.5036899541842
1254.9188097653382
1321.0468584170137
1266.4508661703348
1312.5134991964123
1305.4516374157174
1322.1821941212538
1247.982008076107
1301.8127707903163
1320.6958913914243
1281.7950154779082
1321.1605120072606
1324.7970560641659
1323.4633296764368
1319.757665309419
1319.9709104632423
1263.9879902057103
1308.065331681222
1320.8657105140792
1299.7497157373052
1318.6750839204115
1323.4306682779506
1294.7477761766092
1326.7688862006214
1264.4102104897781
1321.2673658182455
1304.6215185042488
1326.566742896478
1327.0299351303793
1320.261096881926
1303.061855620178
1234.574327689967
1313.2669437287454
1320.1625382696316
1304.2200727132306
1294.2373118726966
1321.488855073879
1306.6237528012841
1320.5185853285075
1319.935237761118
1316.6416526392945
1323.4831745168515
1319.7214761618807
1324.0450383452198
1320.6535222770299
1266.272695770266
1320.8468066981582
1318.4923978082206
1322.893804231167
1318.96196129999
1309.9002434357953
1313.2032082749834
1319.57667576133
1316.1558541337636
1232.1891638334544
1275.7052132234085
1321.2609744488868
1317.6982384514201
1318.2112988769113
1328.1213520654283
1322.1839518448926
1255.3264074254064
1316.4242324636136
1324.5316159892425
1307.2490577721464
1314.4820612586282
1306.153904365557
1322.611875496594
1320.1425110022415
1324.0703289527585
1320.5288764426696
1321.6695264132873
1223.824261827576
1316.7149184197888
1322.9366656001046
1287.5436286523077
1316.8986913063775
1322.53123744284
1320.9153272740339
1300.4222808788745
1284.9267242505698
1294.132897694839
1324.0025802062783
1315.0302911998556
1318.3011743673692
1321.68430233658
1322.7977506745283
1316.812728368442
1268.9969812971185
1249.0500761274739
1321.1848594776095
1307.4271034307444
1322.8342733394416
1287.0015491427926
1314.7990619058955
1324.8312650063658
1312.2169994283481
1314.7033249087594
1316.6153122349479
1316.4113639989623
1325.81500317973
1326.7279865937758
1318.0705467364355
1319.9807599831117
1318.2521472612407
1318.7353189308542
1320.082714533462
1322.167097184517
1318.4747248962462
1324.0573108511887
1319.9092412016748
1324.716304108065
1315.732931066629
