945.5706746089298
942.618609122471
941.1243052028871
932.7618009826662
944.6081593395937
944.9040510663793
869.855442395665
930.5227289381899
929.8829666539712
925.437645228249
877.861813861532
915.5803335909264
939.6301295546366
944.888990545009
944.2671972699466
939.6268947109018
944.7041989049078
942.8113918652001
945.3053456173154
942.1797568386654
944.9215728564586
926.4404460345422
945.0154348597888
942.9344647211965
900.8403692113723
890.8357872981418
937.3881919720873
884.9061059299769
891.0549280146267
936.6850598285744
875.4222316473766
938.8620624869386
934.1082380181412
946.8432926547491
874.832006902569
944.9158723143911
865.788397404257
945.6963534996419
944.9140937618935
944.6021288687385
940.486191568883
937.3132834906173
940.9745807698839
944.4044875207694
946.1430649102392
944.280349317789
941.1132790181
945.7881203228445
921.6160516725222
887.5643185246782
941.3171432698992
941.8701433878864
940.1671854706549
935.7044833591775
945.4625582225225
944.4198027590799
932.341702066783
939.0844335245896
937.430031859066
946.8461549293146
947.9600387775247
948.2608949940177
947.0802587933516
941.6569185210257
952.0028689614871
944.4640565756099
935.6319986319629
931.9621865841006
945.1351529788924
937.3950620973411
939.6549412926393
900.1392975222069
947.2844781734522
944.4951940080488
860.8189483239862
945.4502589623113
935.3573061424358
939.7074883370101
943.5437656753137
930.557809029457
871.7194786260704
944.7623299895339
923.2258990755278
940.9533196663028
943.7494463497994
920.3223020708008
937.7176541795301
946.285504637271
944.9696421406189
918.9596068495783
935.4571513844292
871.5834041301588
924.242547289112
943.4386474759282
888.1835897826203
940.7804187656038
942.0438025380428
894.7039730648673
945.4698273347329
946.8228273340266
942.7135734365596
929.8848117739093
941.6797580987304
936.9092753373766
943.8491386276187
938.216532619042
944.8314896272105
874.0425856416424
931.0216396525303
909.5408079279224
945.8903550329364
943.6769960661165
946.0767298960955
947.7226300406575
946.465905266034
931.2835754286671
942.4820223181043
894.5754924611117
942.6663792787426
938.6344877240775
944.8867867803183
943.1922860190934
932.4492373436648
904.9071207299587
895.6459096797289
942.7959802426371
933.5904605491041
944.7439772960345
944.9441266890847
882.7817579229509
946.2473899061413
939.2161934014856
946.6216316145595
946.9261620427671
945.6514657657034
944.4743457984472
941.5420909405111
937.6341941345901
945.7672774247063
948.4383756434693
944.8068281638284
944.6269221984456
947.134916070861
938.2706853855394
893.3124382716335
942.5732902238926
942.1954131994792
921.9351747848265
944.7862765702753
943.5485141047155
902.6374139561584
935.0081708814395
941.5041266982878
943.2886890358047
936.9474999557053
940.5203700761873
944.5644993541137
910.6278363042605
942.0093560187981
947.3475166950179
947.1095835391335
944.2081229123505
941.4834599879806
934.6559224914083
856.7711697424104
948.6146947439875
943.5267349075926
944.7873389359315
935.7635056496863
944.9306085525218
942.5877426812015
893.364931766691
945.7199402529318
945.6700209558046
939.6001308607475
930.7016743775724
940.764881177795
946.0811577063772
944.7958375722147
932.2628699782852
881.6558270079478
945.5258917900511
883.1683692673682
924.1123927804931
901.3566111449275
938.5975233882173
941.8945506872717
897.8037173663465
883.4396487923115
866.8219837609602
943.8661167962163
932.9577990734521
943.5273447038905
937.2160557585837
921.9696174845046
938.395395552714
883.5841010449062
945.0735365009117
903.7384658476267
932.738824379248
860.3701278152869
941.9913638922741
940.6537045156367
942.561196726991
922.967417592308
914.4062459771554
942.7800798611037
946.9367796459551
856.035129479474
942.561291664698
944.5052135857286
933.7241183582701
920.7925708792017
948.2590106049702
945.164254925385
945.2949184381665
944.0318773932281
941.6255512886902
922.3151848491111
940.7415628386292
940.3831888914251
943.4192445724641
941.1462120190404
950.6294723043759
943.4818438450912
934.0638698284121
946.9123732283377
941.0567383045134
906.944786104849
936.9899215421972
938.7696946063012
942.3458261456536
926.4762808458521
948.86092924053
937.375299557612
887.9264954671139
947.2701004235743
939.9906487766834
944.3141630016044
942.4547828246702
929.0369034019055
931.6813953995098
890.2003929190662
908.2477577249842
942.2143218776602
944.5610883258682
883.5751760527266
939.2088149249992
940.9057876264757
899.1185388905699
942.6449883340372
929.4847650299457
887.0304169982996
896.938493889832
947.6969921834504
939.2354452528148
945.6058621637405
862.2367231024766
848.5552950848041
947.1094727191548
934.7958740865743
900.3394055576147
943.0844718113188
910.4245127048247
942.0956274725671
910.1308246873728
938.7903656790307
944.0317938146202
938.9911411815825
940.0241195177707
943.5788948576547
894.1435725603894
941.5704363157245
944.9735991118986
944.0256885791093
941.1785372958932
940.617250634961
942.645024381042
946.5077761572489
945.5856205230725
944.8717449280979
936.3687913696122
943.1914524358506
950.4644959595088
942.101895013775
888.9261617297423
944.6887401214542
944.4152482952537
940.5240858984948
941.7047379090665
943.7207306506623
941.3532443816478
941.1651021572357
944.6315797679335
943.4038190277251
897.5852904683976
943.4387087939168
880.994927944245
944.0177892802651
922.5224549548516
936.5642215915225
943.9396522257819
894.4574536878965
901.9759994575259
934.2759381690416
934.3773721703595
946.9745047845275
943.4560064477381
942.7059978718312
932.964566516864
940.4405284027703
874.2418710288526
945.3783154914357
932.3559765885169
907.1543823771125
913.716257154726
935.0159374422401
944.5361903759374
942.1091396639042
947.0589639042033
903.2670147374602
867.4931287185661
875.199413728299
945.7080895565604
939.236488346407
870.5879811390938
889.7962858271504
940.5899772893576
942.3911674057595
937.0869895831894
941.6505457427926
939.7354244502695
938.6802713988537
925.1564576011295
944.2307273629461
947.6321854614123
945.7428667902187
946.8049139531525
939.0703086471133
890.7591760740276
945.0439273439106
942.939709488539
945.3070161824126
946.93450562823
938.7326295704347
880.934924824968
942.7482939333363
942.5926964208799
857.8030674501799
899.2797061926029
942.195359486268
946.9016916088457
879.1023520299805
862.6073697569382
945.8045041342289
946.2286156201671
885.7555857204209
913.5534538218348
944.8356139207766
933.7843694561747
944.5145097136318
942.5177932615544
944.9553490868457
886.4076956305983
909.3633561352207
944.4957257983253
940.4574672322847
883.0209115639434
932.4454190603395
952.3074371872538
940.6219531665552
932.6949404441418
942.9168689349441
944.4576317363772
886.0009775538343
871.233335942037
938.0810405771778
883.9610468622998
947.431357503914
946.5231326411908
943.3784315002392
863.3896359330463
921.4981134647377
945.779475082465
923.0490536885765
940.5910843621724
945.6433294381725
928.5768072638034
904.720944695616
943.0867065266139
945.5526116679836
944.3802106823857
922.1676873150091
944.3163878205177
880.7733891719981
929.3458067498659
898.4753890290749
918.1081419978923
905.4592324360254
944.4026609859619
943.787644293736
943.4252636832181
944.6269756949968
902.5300553266209
927.9856938103535
933.2973074199625
909.6483900814756
946.394763424962
947.7715962769831
885.2567130639675
949.1480830128506
926.0139117303662
941.618161324725
942.008481701151
945.0182091691602
942.2578179822085
946.8994363413445
933.0367019311728
908.6627112195395
936.4282665894817
944.4723551028768
872.2039730856188
870.2788597084044
945.4426075735132
861.5495444987918
945.1846695500695
918.805614801442
939.8323025843983
943.9735905120353
943.3759013721503
943.8914500376196
938.6727111657099
880.0446362831779
944.9196516740014
885.3620268399068
940.0552492411035
942.5778197407228
940.7966215636313
944.4446774437494
943.1048522817312
942.8232418509426
872.1591069559184
905.9760647679504
924.4915008761483
944.6278498887483
943.704558369627
945.3842865525341
943.74721899336
935.4878082135051
939.7732432043144
946.324354593851
918.6409696815596
939.8509432581684
942.3557760306754
941.2464401081099
943.2713902479278
946.8452499733161
943.6608078248271
941.9320100232392
899.7646092934194
937.3336867254333
944.5292514312617
932.6414521090151
936.1513857645404
941.7664641272065
943.7236026413455
929.4751219628804
902.0029373121993
929.6828723164481
947.3425438519007
938.3732800750328
938.4552610899764
944.41627279769
944.9731064050992
938.7896608486008
886.3522629562708
889.905333068518
932.2178019430507
885.6091572490047
876.3180067202674
922.7394927504032
942.2520971719554
943.8046016773139
908.7021830960173
927.6658081880295
940.7634552312027
941.3600431044695
947.2321917904858
941.572708789396
884.4587223531191
944.8061625971052
947.9432710774837
941.8256012779506
943.7989539216752
945.3132689902327
941.2698444320741
939.2306602540449
944.9621797102749
945.7307842048579
920.3102484795716
