384.9733050808179
327.1794389645107
377.1932144296273
373.79585656567684
353.92456392707
387.06559894788086
352.5718705069642
384.1353792550459
318.28831097792585
384.9991769705184
326.86870622655283
335.2148999815731
334.8580982889973
380.8294573647344
381.8501346108399
350.5242365843888
381.99109791653746
377.3168310340275
359.4249092833479
374.44678705562956
383.60002981651104
378.9049905927149
386.09416787238456
382.9822614538982
329.6050220394416
346.04048734404006
385.4253074370776
381.00290618515953
361.0005143588639
374.91928706346704
350.09171395885073
377.81917410974177
353.3847428891121
386.02855964972014
348.23669699519286
380.3976681740086
374.4247553273859
387.9621206434272
379.99514683111465
383.88190335964424
375.7508247524213
378.4107753048915
377.2480005891172
387.78323018682534
382.2784602679952
382.93723055490915
390.2050043772376
387.58844788711446
314.80755607403194
353.7534338840101
370.42890567820496
379.12663518770546
387.79718490278816
342.52398849268866
343.3553556297468
380.96893581992344
341.96413510489515
390.3337710369639
381.30724265157505
384.3182924556139
386.9100699804225
374.0745026015341
388.12710857936946
387.62973959599674
380.76636117672126
379.8107152788731
377.50696346750095
373.02922421369755
372.44667547525074
369.8259126897822
376.8542397212898
337.36145863542225
384.13474936627665
380.1185126553416
353.5472419470003
380.0978672425695
378.3676344432191
384.9103357299286
387.2151518064126
355.5915583112924
360.07192460669324
379.18553305968123
392.17136704167063
375.43685449324414
354.267187065843
353.2631405913791
370.1796138278031
383.42558698031166
383.2267764088109
332.8193564692695
380.9985191825162
358.47310906293075
328.22672862716445
384.7100299567503
341.7569934417824
382.68716762972167
391.3575292377384
349.7358179061245
361.8339004862389
377.7096448123197
383.5602688407253
331.8462892356524
385.7202111744501
377.15637504757
380.7713093231129
380.8206247375593
378.9828088978411
383.8156050192283
347.3008912429133
350.61214211819447
380.9982031170566
363.9257407045524
376.78791073111137
375.33924200060227
380.95361443827545
315.5599963967627
382.0018302746875
345.307560815757
387.6501224163333
317.3276048811902
382.16734573587974
382.1351951443082
383.1527752580221
359.1034126870862
344.3252164476907
357.335250129503
373.3008094954891
357.47634921800636
382.959052113515
317.8062070838134
385.5587433676701
377.8935343392931
369.09199862529175
383.28055932714415
388.29931717714607
389.41753936878445
353.7312206667265
387.6518345541139
326.49873922791784
373.45556621270333
382.8713538666817
376.98551602840394
385.62112809442704
378.14224801616297
343.3366942973417
317.8762080047984
385.90367730591475
369.99993238992636
378.96150434920503
379.26915145728447
338.7478707477507
389.12356624345665
383.66193528070346
388.49841735804813
381.6028356631065
355.3758158408358
398.02963213812825
350.0768765757247
384.0252787289148
382.61367501231706
372.936705344008
327.87450492745063
380.53523905223767
372.31483720004843
343.3028511467596
388.123739472693
366.8416763057914
375.4189455953489
387.17829402847326
377.8223300437385
392.3564430509984
338.6712088934866
383.91382245821717
378.74319093343667
382.18597634068954
367.18226086574373
379.1306522311934
381.362642056704
383.08283060046176
376.6456705292902
340.23234246535236
383.26611452164184
327.1858915985707
368.1975980232164
353.76258890999077
387.06326272634243
344.59759426273985
350.405953065116
352.1386514431193
354.90004780134365
381.3833442835547
386.5547358227674
385.2815198946284
379.03420143413354
343.28326638477813
379.7365162649603
361.15819377376437
380.98293223994824
337.8034507824878
350.13765414800264
342.32493554889425
342.28089409556196
389.63564190098793
350.36399458681694
371.4616263586181
378.1663499374976
370.0014016619257
386.47568286761805
359.1858331925892
383.4347889950574
380.8291372659306
392.6082585177733
341.2660919789214
387.41564718431823
381.9039654463079
382.0831984229563
381.42139130390996
387.74717664482364
370.303460952406
379.16592817060666
350.8652512324331
383.67857544163235
396.7339752252669
385.78668013023326
388.5261686097695
368.1435289105218
385.93857223406457
392.65668539422177
319.330630632617
378.9671562340956
358.0342729718893
370.52969055806363
348.2599340216843
379.94089783639185
368.6895137645276
347.468437682043
389.7255516586253
380.1321136727744
357.7126623156539
380.61412384906765
376.1467384671005
368.72814882506805
341.4211354293515
344.55880995554344
388.2848311203301
385.4950696869323
342.7718933313448
380.20494945605003
354.4519961460435
349.5040145382893
386.9345935344787
383.68951585477606
326.94514778398917
326.13459270238735
382.87476040019607
380.23677325099675
377.57172509143453
341.45289803929387
305.42536575455756
379.28342788594097
380.95018168967255
348.0869463885492
383.91856504740474
351.64930546848524
386.34984022603976
324.789268547652
388.20769422376986
383.15754109292743
372.6225940226208
381.216575633666
359.3029438002681
360.60666048439833
387.16271606326546
313.17429737649496
384.6734872742104
380.7697324365726
327.223334240547
380.00411363140455
387.54961267039766
384.3617508566603
379.85125255872026
379.2083822979901
385.1404445947118
381.5566218148621
335.87677488741537
334.3099287258122
380.8180498883392
385.45235013160556
383.7798880315859
379.9748648441846
371.7181139909264
337.84304236741275
381.52149069855744
380.2003162338824
379.87327471877774
351.87219310265505
384.4456004236307
304.7094108879437
379.92150901447116
328.0845845270813
382.48615454476106
380.1792576881989
363.8435065195242
367.4224770213843
345.0882234979698
348.5566396556027
381.33558611730183
378.29499166910773
374.9406034415167
371.5626430869617
387.95119755414817
362.81089637842393
342.44151700303735
338.70612664110973
386.40393819086466
338.6580632419311
399.9563466911638
378.97809393162197
370.8502476070179
378.6655458084265
318.8898847856808
325.6392580488623
319.9832670899831
384.52810375951765
376.51297777105816
362.19055277316227
354.7399811355663
382.16534037893973
381.61571917024025
332.07392562290715
380.7703741781606
365.9921018525479
379.0550406428206
378.50972851969743
378.26396258565217
382.3628317399692
379.83489244980416
379.96177302962514
385.2229725689652
332.24044523209966
378.6678336750248
380.37225832027815
390.5201566847519
380.3301600965913
383.36176131197544
326.403837327186
380.6890934668647
387.10535674781624
379.6042252409475
318.3304848540056
384.2279344265901
387.5702711327466
369.9269268905426
330.72679217724084
344.14698043963426
379.83925640686493
364.51880593459526
351.5698960219422
381.84739442243097
384.1673199905257
385.9764015346219
376.17654997043667
384.0935288405424
344.2536573805937
336.26991827945864
380.43823304466844
384.1569551084692
344.67145161058846
390.58944807682326
392.84649791134217
380.6275290728367
386.75689861352396
382.75972459653224
378.93538086233656
358.98343425817757
340.04643213461554
349.7047883747674
327.9677955364648
382.1401794226267
386.5118916270101
395.5978856909103
358.70953658387697
350.742126455146
382.1238446921509
372.43211942653556
394.64064988706673
383.73293503541566
340.33455311442987
336.1005229857134
350.3369802979429
343.0908344854022
354.6664052871688
374.5108918630034
380.9834976340734
339.4901599038601
392.37181218471517
350.85836975779625
352.57089002263785
348.66757262670166
380.6498424891802
383.7827523571135
363.4643199012177
379.69922289534
356.22799619635634
378.3029544429824
374.0426403721998
360.3432635899453
376.5264207788579
377.40726208030975
361.29580560621844
380.01209968817165
355.4319740668728
388.40168670932104
387.83094073214323
359.6907239562322
383.124204006311
380.5490981804207
386.0421574474305
373.4291807813382
378.4570620846156
381.64453629539867
366.1697848937828
352.88592178565847
378.93333632241826
373.99416612889223
379.5896686982146
380.69265686790675
378.30273369458837
346.61706943096203
381.7366384081377
380.81844733107414
387.01449132669865
331.83209180431766
379.9815731042127
383.9538673298297
390.59903543181883
385.7931339357206
361.8699975683897
380.8317515156321
377.9039005013856
393.784165955169
322.4498695646389
361.416738008665
380.31375630692685
386.65062289341313
388.6771379636206
384.00201826686435
379.1805962318425
369.06784065038573
365.1832703498718
387.16461301763167
376.5980244273103
378.20268838925455
374.85444308165467
379.0336244149124
384.38551594475575
380.59605126613394
383.881364844739
384.82017970668414
353.99623203609053
342.14847520729364
377.2326274577082
345.0660433855204
379.59991834387046
382.58370354608155
381.620291156522
361.2469985369461
354.22702002183206
322.5627475458638
383.10602034965655
383.7242359778708
390.9949864523848
387.818317806979
378.94011589230274
384.39279092860113
328.09699853227664
356.14601142459037
350.3781504581327
359.660181400512
351.554067005527
331.3576335810728
330.1661816137656
378.9903073782831
355.8993968274817
381.88266968977143
388.29643841061886
385.17319395636406
378.94669289635306
377.91212112314525
384.01830349874115
380.27765254266797
379.8593919930382
385.0629835607057
380.35908645595947
379.45701477567576
385.3599109083075
333.53552586084083
380.6653651568467
383.9570992111765
381.23945128655635
