1714.0669315314508
1716.3559677991084
1712.6844160322707
1715.7923912097986
1710.8527964277405
1715.3676811182752
1709.5553436729392
1710.402305895379
1720.9359177040274
1713.7634198468918
1712.3729930949648
1714.8999608207255
1708.7455858549588
1706.7167217951082
1699.0023467115932
1702.177322427359
1702.3942511020732
1705.6121396318622
1707.993597467757
1709.279486240766
1712.178810162648
1704.1412336124583
1711.9735516117864
1719.278239390227
1705.7693529700164
1716.6500884826294
1712.4945928108384
1709.8283994097173
1717.339447034753
1723.352125486315
1721.9799042859263
1714.7122561974224
1712.342236090673
1720.9860020012452
1711.3018087529758
1706.2422445427333
1705.867626840571
1711.4197380401474
1702.7642404959884
1709.14479411217
1712.9291158186484
1723.0921955799326
1717.0095379487477
1720.5285658116186
1708.0892940648077
1710.7870743124581
1727.12674793083
1718.405002277091
1720.8428948812436
1711.4025951976573
1711.257475996384
1703.437369714423
1712.1787459913685
1708.523616484928
1715.8857793646116
1706.3472230902507
1709.1990691208775
1710.5809707797084
1725.2958533040066
1705.3925916642143
1704.369716591353
1709.4381035695833
1719.8749193191525
1715.8888779724498
1709.541327476732
1710.2262291347413
1703.078482053936
1711.6204809252486
1710.9218783887359
1710.655939612489
1707.398154874478
1713.3490315587433
1709.442544443596
1717.9447506450006
1696.1664917737
1710.6008636552674
1695.9324653221242
1706.6142336288212
1713.8892706201177
1716.6205612811045
1706.8521751308838
1705.732466258105
1708.1127049795887
1720.9472270178485
1708.1333260257113
1720.8759717592102
1706.859533813889
1711.406463476407
1710.4267150029384
1708.4342754641343
1719.5279310620426
1698.2204030335656
1711.7453427150735
1714.5618159848211
1718.1451614480816
1711.2785413527797
1699.9933379646318
1699.1021500459765
1711.707780984782
1716.7173908218447
1714.3114749022075
1718.6983303783386
1710.2781803773287
1712.2517260640243
1709.4239499032424
1706.367997109719
1704.7396019013536
1709.547562045572
1726.9734731864928
1706.670644681406
1705.8966141122223
1712.8116514487117
1705.052356419876
1710.1994113585542
1707.2856426758
1716.30939193589
1712.554925737944
1714.163181708112
1725.0349113221805
1708.4813619780487
1710.9494446243077
1706.3144322358735
1716.10619173021
1711.8186267518863
1720.1865618254556
1714.6310222940879
1693.9217489022778
1705.2921802125495
1709.875565868809
1725.4368031347358
1708.2101723802775
1708.1310287694032
1712.4717827869767
1717.7604525706192
1720.600284953881
1720.8843218009174
1708.0906633847449
1728.830597983682
1716.63426867403
1713.9348147053106
1707.6881415478224
1705.9256492191817
1711.271337006906
1710.4289430119006
1715.5755719508466
1710.622379962726
1719.9322100572442
1719.4166184957214
1703.653402628051
1707.8554036111473
1705.827452287282
1708.1796351505702
1710.5220592256624
1714.2211332011286
1711.3724368676367
1710.851374094968
1709.02824883176
1728.036354659576
1709.9107637688462
1702.0353611618511
1714.2929872935213
1716.7336682756695
1715.8474828838641
1696.5551501288437
1708.6447160748605
1715.3263617847042
1720.6510760835988
1701.4900378711563
1713.5326489602626
1705.8090241436646
1713.491754291955
1714.583688866769
1709.0694701149305
1707.3530698911868
1708.4020185314894
1710.1626626890543
1717.483975232285
1718.9225544925948
1711.817803367076
1713.872789710014
1713.1147051128
1706.2144736411192
1723.4273100225878
1712.113653197335
1710.57374888041
1713.0268221968645
1708.802550241638
1719.5308269089437
1706.4711049306948
1720.9417071055552
1716.0225061441274
1721.2591829372845
1707.8355653886601
1704.7755559816383
1716.8392847499717
1709.6189278440845
1691.3838414793406
1702.8937668247206
1725.2753561512313
1714.106001814713
1722.7299356515182
1707.4037008276405
1711.0729370808122
1705.3311682379044
1715.6804557446553
1714.6500707568575
1716.5703083452695
1704.3702928744333
1697.257258090288
1713.4221044889769
1716.745535774617
1718.4131085171205
1701.9097937596525
1713.6831116404883
1707.3963085166474
1715.1157929210563
1699.4343747709195
1705.446890754115
1697.5663779102638
1717.1120680080157
1709.9675427443744
1714.6781596226306
1717.0251052847511
1715.9106192330098
1713.697916232828
1712.870289530727
1710.3819612987895
1715.8002759513356
1710.5501373739355
1719.758901478138
1713.474887341273
1718.975809239153
1719.4583405725014
1711.3481640796454
1704.2158101491086
1695.7190832307856
1717.8996503168044
1725.4277462416917
1705.6867816317213
1705.2200288081033
1708.2201262599515
1706.6724383359874
1709.0716025851543
1696.3879387276445
1708.9223935706555
1714.59342945634
1715.4194934277675
1704.9803302000691
1709.0504794856279
1716.974710777908
1711.2572087734143
1706.5513513308852
1716.0330219075636
1708.714249300009
1716.0596273245299
1715.4597393304957
1703.2450990988732
1704.6211567414866
1713.6881585370975
1713.4204332295963
1718.5979669142966
1708.041158446531
1712.9600407051623
1714.8792892689835
1717.710161507105
1715.1367098025028
1704.9523262374364
1706.678775897462
1712.3640272977168
1706.1320150274064
1719.849461050194
1705.3820429460025
1713.526076403141
1705.4349037891348
1712.9127847836016
1708.1540245041444
1708.3423732978713
1709.2680196280303
1712.3974763445726
1705.9922433520946
1704.6198314337087
1701.9411953022518
1707.1646379819767
1713.3657527017085
1711.9075512253555
1711.2673956293374
1705.4828943528846
1709.1030008662883
1706.1630306791267
1699.9296904255007
1709.9725477057837
1703.8694318862745
1713.1769280624635
1708.3729609394259
1701.1916449038035
1706.1642876197948
1709.239244626005
1726.0908814694303
1704.1044800579373
1713.903422925323
1708.9724753612118
1716.2354707083246
1705.1433507574748
1720.6939417657538
1703.122353763504
1714.4657131967192
1712.0299537046017
1706.089582948629
1717.9417452005428
1720.0306613346022
1724.2384986669072
1712.3142706026747
1707.3948897672603
1711.1449360420143
1714.7830583410873
1710.550181638157
1715.4353057666603
1703.4843294286675
1703.6213767508546
1715.5144236969927
1720.60885739555
1705.20774474604
1712.093663118077
1710.6640058346968
1705.6382589105467
1714.4555049306998
1727.698818899969
1702.5363835134438
1700.326729332337
1717.7137268149154
1706.7355638602648
1715.4554156296244
1718.8635210155237
1726.7149930802884
1722.515900979629
1711.7870541546877
1717.1021539603096
1705.7509447564553
1708.0729343135304
1719.5368524720434
1714.830000513475
1718.0794479999581
1715.7293129484747
1720.2744651457592
1719.1956838452593
1707.0788077450097
1705.137898685552
1710.3479296339037
1704.3801080534427
1705.527772034372
1712.5735999250642
1711.1534623899508
1708.830533506486
1716.5689050517785
1717.8322391229517
1706.7228250788344
1710.0603579237304
1719.0207658651434
1708.4330986663908
1703.570744977017
1705.4031361137972
1713.547444348029
1712.625352594453
1706.4640393390396
1702.0569641674883
1713.9389420905432
1707.041335415113
1716.8559953851136
1721.2821665612512
1721.6228718726766
1709.1945411205754
1708.517396670478
1715.4035423511107
1707.272507826343
1726.416299516232
1711.2753734172975
1714.4183521713173
1704.2597773783903
1706.9349533616494
1712.3037277337276
1714.8346495435103
1710.18800433918
1724.9143893865241
1714.9745316369417
1716.8368340382083
1709.5294292722451
1707.2681070224585
1703.5167915550664
1723.8564332964147
1710.1359112047921
1708.4240943462519
1709.857137413313
1714.4325542044517
1704.0607929096682
1709.7205985270784
1707.9039599238636
1721.1970541024234
1718.6056135610534
1703.4987365701036
1712.8835908519252
1713.2828347419645
1709.701072243931
1704.8417941122116
1709.060472555438
1705.887259603663
1709.3843243685624
1720.4548219909345
1708.299055074056
1708.2159286971696
1710.823230356993
1705.677793356894
1716.171146318186
1714.2624013374561
1711.680888661679
1725.9022566067215
1709.4346335586351
1701.160402508965
1717.3709360204846
1704.4406835027783
1714.8732141611954
1704.4054214496146
1730.0266117016092
1724.2974623248879
1701.4061427381057
1721.2731040554856
1714.5045698601702
1716.1104232259104
1705.4096040779727
1714.1335804182124
1698.262342648091
1712.7116008429139
1715.1231976325735
1713.2412648131203
1703.8294041158392
1710.3179386932866
1703.3080723494782
1703.613657047827
1714.7652368321524
1707.9090926239764
1702.5595172862409
1721.4883668833652
1709.6304728020286
1701.9485366950084
1717.2820076454732
1705.370525812595
1709.9472467495757
1716.4465220552572
1710.8319970630537
1714.030330064747
1709.3786117313696
1717.2911014642746
1707.580961976105
1708.3744808137112
1713.0685643479135
1723.0252867769773
1707.5444633225413
1709.9503271374906
1709.6264001525658
1715.099159101053
1717.5662633592551
1709.980113826091
1721.5046381287734
1721.8370790905713
1704.5333313348524
1702.353960721798
1714.4893412707004
1732.9070983103672
1707.2605255729586
1709.7747203798344
1710.1109576323863
1718.5720017644344
1707.255257613615
1707.2911638165974
1706.741216944169
1709.1479731430427
1710.5818087802572
1711.89514891875
1706.7546519097618
1695.8222872988918
1706.0817881598673
1720.8479274127947
1703.894790706972
1702.5065921688438
1708.6472303073072
1712.269792191752
1701.5743964792605
1707.858339516301
1709.6201077280923
1703.8703900631622
1699.5598361945504
1701.704308204695
1705.426421998472
1717.9322876633416
1705.3371252342713
1701.6552707556498
1713.8313145009465
1710.2678564286773
1707.2403063160446
1707.6272186626788
1711.624113638531
