275.4373450841677
268.6217689875879
252.4763243656713
319.06936901815226
343.2365334914347
277.19567878508207
519.9543678316317
301.0772872741668
257.20445345323867
264.08449529443993
240.21410942731802
268.6382266786526
414.3457480570582
194.76552360995308
200.499782772294
257.22779326571526
192.7390721752982
261.26733839826375
233.75272431927505
203.82942379322787
193.33880491508438
293.6892161172116
203.68641126693274
240.906485103427
474.9402124249705
414.1296205530175
278.6288539896721
293.55160266175454
450.61637389715105
283.74200907686344
514.334982932353
252.4777451697012
317.7869443364197
221.8881938647704
309.3984361557837
196.03666086584354
233.0401511066615
286.1017436437089
191.92332194666471
207.01224108100178
198.9742696344287
266.5499446377471
256.0152264126376
243.75636341601225
210.7462407073516
205.19240481880436
251.44408790248914
255.08440282479137
580.9682299237196
466.9274359369473
292.7949062990498
206.06385636416263
219.07796588969168
277.7800506689753
213.69745698239558
190.4801109848404
330.2637970379277
256.12571240799326
262.0843875624652
228.92222751955515
228.37004670497492
287.84641418463895
279.11402972988066
219.7785968602754
254.17273180415793
269.67476381113886
426.8298361482781
255.1290801075225
220.03730304387508
238.0696660806475
213.1734606366238
366.2284120338038
224.5110415332374
268.3688593456959
542.8466714366477
233.39023608413962
210.3868006787061
229.74784418014983
217.63061708649403
278.1083079198663
342.3898058463407
250.14487890713727
285.90891299954023
239.1391378997871
234.40866838880922
520.0635032520589
243.25172333531924
244.34372440373218
233.63914100095656
279.16042417999967
223.5024137950181
423.1464220703591
216.74020447593554
265.7557026941738
310.63958490705966
262.8797939070387
222.27886737832503
295.0774407660221
264.89692443969096
225.04686845133966
217.63741149390916
310.01345833591677
273.0006104592574
243.21765838185877
198.66668625932545
208.90000222611766
195.77419405606707
239.22034011351604
319.5783011696792
328.9093191489178
212.9756381146153
318.1856626575358
229.73041672465158
241.7434354714029
207.5378252593357
576.1088328379237
215.3034227606496
439.76405955551985
249.12074109651962
263.46169351249017
203.52079118204327
207.27270524227816
290.83741265208926
410.39467136751443
218.73942499696335
222.44806132572324
347.6420951736561
217.2866467211552
198.76145274849569
585.5941192242441
207.21884805442895
232.32267257773384
435.7555734142988
217.31185744313916
208.44110422728212
223.6925305049557
273.22234637668583
295.53184377359577
224.6734907881553
234.98369797617804
209.93196954258067
213.27106277701225
259.1361139467849
239.85291259953615
278.3166664553142
304.144915333546
246.83709757936361
304.2086130567583
193.86807450742396
200.88307416068955
335.01264225779573
292.0179714606583
214.87457938120383
237.43850794640994
270.55208654114307
423.2127108062895
208.34293216627597
410.0612929038988
246.62811259818824
212.07287472993642
281.19763753656144
226.76797759707978
267.3642747777402
241.60765910179015
256.80195625281175
220.98066276880328
256.5677720366266
196.04723522999907
264.3221948461761
202.06360417987224
260.63058392587976
281.3252818707625
203.25544018847748
196.6095170199014
256.0026930656659
372.4039496867762
237.49571314374577
241.37128149189718
199.77715096555468
392.55697278798004
212.9355752416086
215.73212904837047
417.67670936096283
350.6314877329161
426.8891543262301
317.2299228050081
503.33210364846184
260.98945254397415
326.04202127297583
573.3045769488568
207.26523239536178
270.3255252543663
217.468174105891
259.7376165964454
250.52430169027852
261.92124898540123
519.8760448182929
203.11633769869408
366.81876409192176
324.6113843920774
331.22622656164043
324.73118697600097
273.5034453398466
288.91150359583384
335.1118453855798
229.1694869265938
314.40962040596105
213.45502363644812
452.99041374757866
246.68293070767717
357.40848690027
270.03066792047696
275.55849412078635
474.17564474824405
200.81582626110162
207.38125680567654
216.52261328547527
334.7646029988152
264.9771981899048
244.09808904516527
244.45174237184986
221.22945354204364
237.47991996064061
332.1276430292142
285.1973591148108
229.4546877626456
229.70880690560486
266.69794042749584
474.08713993943746
299.35159210909273
239.6168633094018
217.43835240078997
256.92147404611666
236.48246241246514
268.80271639081957
271.9416217580168
329.5603410871284
254.2412916390582
215.5638883268937
219.57231373900527
283.3465086090111
247.39645994319255
392.19577975518234
431.9646124873805
206.68482287366493
233.10150444509983
286.6753033353535
277.7155135861851
290.7446530935675
449.30702224527056
265.48289481008436
319.986845310419
413.41691547276633
335.78397840629754
277.1629554360957
231.77853232098963
197.2851686655869
420.38608122076795
786.76067874574
219.35617830037842
336.3564975822849
386.4792316252773
229.22538030330287
368.55599620869754
221.34573052240086
307.77412596399984
258.1146823749064
213.08213780143714
300.04930212561317
295.2589688988596
242.4804890133152
406.5016201201373
225.842097061014
211.65502643166678
211.00419571152295
214.67195232801248
255.25532667359684
327.7005458723652
207.10974505449514
218.7205465302882
197.29671794570547
218.4280800384796
212.35722854821137
240.7311747503
269.0418705437964
442.8080982489966
195.7407500580536
222.69189650838848
216.8629808169253
219.2538903031531
347.43845888042307
472.38183594711467
226.61975383984
206.8322946242156
224.30802998532542
354.9179240747867
210.34148615606153
267.26376420694004
203.49351148046125
319.5790263249694
312.14680754447977
247.9087767500742
249.28741940556253
455.38946333345876
275.43909839325636
331.88621631953225
300.482998051074
208.76346640928725
244.22605737261588
328.9994559994276
280.25539782566534
261.24710588995094
475.6359932236891
301.53719454326495
253.33148487888562
254.73045458336944
257.6651907135531
196.74433968501216
396.75010658064775
233.56076608918073
414.0989961847224
257.57781367369864
482.7419914608274
211.2893215681284
218.45622637372276
369.0804917931213
311.4364145941698
214.69926938260113
231.02466929250716
302.96038500683375
202.92005507327903
321.7942999828131
298.79891800168633
344.5536296758941
234.81087160450488
210.8173992415369
287.4063944906452
200.79469020313866
249.2329425372067
496.5690451007218
287.7852022328553
269.3084361656892
211.99902045078204
206.37515987170192
282.4497141979966
231.51368209615788
205.9711596615959
224.63624171084385
230.9828609793765
552.2245634696932
238.85411274558342
205.13029337428262
260.2704754675833
550.9781500925219
232.9120239253066
222.1934453395312
267.17479246762974
475.8426988008199
204.7000891478384
214.92644874443752
198.6448663775707
287.9789753697402
212.59025744577684
288.0621538393323
362.72634759289247
214.94073890133362
201.62072914327914
287.26207138556776
325.2707582890344
318.77994397626935
232.01689727916678
298.1397207580891
250.4001456127915
206.41384561097647
494.3087490974295
364.4121623520142
358.3247860749112
351.74284224522614
218.0643813789322
223.26141187350245
241.0251814252985
303.34574503557684
229.18084872347185
301.2798710603145
234.75670544462517
230.19543586936967
201.03350147877123
215.23151807123222
349.50898941522024
328.06204628077154
231.8759538868984
250.37621387153607
225.56937646138437
195.24812529061492
455.7126944825803
302.02259537911414
202.47056722367225
311.5630759899029
199.05541342895202
258.6682017093338
200.52206417696655
227.1241610438915
214.8517098855603
249.61147229616415
324.54291550801446
231.49342544604994
375.52283383644874
244.22471228287057
202.64589980517562
370.7106433011903
220.30962251890492
326.7229218539621
231.953002329765
283.9969381963575
311.4340512150945
210.74207959225245
202.41994960044124
209.3542042273719
404.25554572630386
287.97060380974267
206.91731704654262
469.96748289863905
498.41321981638
199.26094574049483
252.1239503285204
234.63853548489502
261.51896140318905
240.92153292088153
467.2709203413162
235.22845604552106
228.18791582080732
241.84758340437813
388.31735852829576
194.8994120809893
292.6139566667027
204.54662621452925
203.20059407360847
258.62238908511813
239.2230428260988
213.48458199614572
228.88700604787823
338.94456903269435
262.8140764515503
230.59042754839072
219.77915531861134
246.0721687182523
220.4957580118868
219.0836854282557
397.77171351481917
227.10474536264982
230.82598788030205
240.15232242260785
272.2100480877086
250.84947410884055
288.07900326345623
260.74526709805275
238.51491755240008
200.72981710525528
206.7220057252006
451.0792231556048
317.0122075060353
227.8133576779007
245.53722202048021
244.55345663957698
342.2291323079781
207.573945062838
299.50306261667856
403.51112258313856
390.51034317453787
218.59198286521308
225.54497214792477
227.88565392109746
224.2082255879341
191.84837901712248
229.32450492365967
394.14618693045264
214.5003490905887
343.04687268039544
403.0161132672521
220.16774294256433
388.67478714493257
276.50521721198123
195.75937143760314
382.07156699671424
364.60141397391914
331.6205068851405
219.74477066036442
215.55416132329006
222.1088284454556
230.64293998220444
206.625389583538
252.37762795386092
268.9012894707885
212.79378065217932
193.0561047002057
213.78323471920314
243.82647538381192
204.67998164334173
197.76928855276674
246.7331003167013
