50.445988429028745
31.378134692926164
47.17076977825206
73.51526085678903
252.78980551033123
36.31381878931008
142.27292780729638
79.4795177211226
187.92711145505712
23.505282403658487
207.34245795258727
56.232598932425276
185.00377841313494
2.9166435009513925
3.4828165820606625
195.58679677067357
1.9366805057737342
62.16045970598934
42.725004163216695
111.75227891984663
4.472708604350359
41.67842901745848
11.344143788719043
62.490684024086995
233.20255945455162
196.1398873072162
42.92042821202196
164.23855991921002
171.52110342547735
67.6362679666059
220.84987310421562
35.812222084902956
298.03011875608996
29.14637418681855
226.18688241458082
4.649731073713642
174.86920935437763
41.88314488826463
0.0
9.85582153808532
76.44877466853245
78.38635694228955
37.855017039501035
21.297239193507817
12.53351282564501
5.75408147364346
74.77723052895908
40.77498668184872
178.58465470398548
147.08931970542312
37.06251637383758
20.35628260047549
32.08364504809097
229.002979473819
14.577329350041651
1.9832924904696023
140.08673017372186
24.946257511131744
83.28680633541171
35.28597887652014
15.152483299804917
54.599961608358704
46.536913852481625
25.36386427144451
24.857532137615276
63.563388008962626
81.94965635946636
297.35814200645007
60.931204669663295
121.08042449323933
59.04882027622745
172.98669664510265
19.157349592273462
24.166402263101133
220.5460628467672
207.96673198205397
26.446198364633467
16.045072475909578
20.029217648053038
239.1703803402073
141.46389503940657
33.2535295505769
47.79992226668831
41.7704200512212
11.52476237484559
223.57049435832096
150.13299324854577
66.27403154943632
40.09631433383595
197.34334263520554
56.71408995680926
186.0950422297114
244.3512717940804
33.53850195953042
173.75122708602734
82.28983207788009
22.362136004150962
278.2707540570027
40.93238180025586
37.267199494790766
11.20223434529598
176.97568342683917
35.1518845817531
37.17332996569111
8.827488840913917
19.119917215196526
3.971522620485459
85.75228029383548
50.22931509848546
169.29399071689295
9.63163768769915
180.66535007242072
22.21706380004581
24.981941612325112
5.767639824553127
272.8297253636321
9.506676403781263
174.1910726937596
33.62158526810745
77.00584391984427
91.42879590699052
11.664035457027921
48.333755613956825
185.01176240474578
21.082578119694293
189.89836452987322
58.340669782686724
114.25601904941026
2.983104050881583
199.11027136666328
5.624081670273984
91.51888550800591
129.14134704412973
16.284368896361975
17.205093871247833
19.76319748102206
105.9637120512513
51.658596904832606
197.38916324437847
26.03489736877408
6.66333197780317
10.138332911835857
47.619192859806745
32.34409242250292
186.7975937477161
97.07783708497665
58.501628163034326
72.02287060978745
0.9868854788634379
9.21713278838314
162.3493897174999
40.923090058544126
36.05585791245513
26.293671204549224
27.50990161687408
216.53623418117513
69.82635119640197
192.2511260387511
67.10295671749421
10.631650109958503
29.969161078195352
27.16844423780246
48.466158553254694
59.851323092848794
192.83556998935774
20.135494563271028
108.20377447753415
5.745888423807159
36.096813912463794
4.821562674544843
91.35461867075065
204.4930002083879
8.927359741472602
8.655606180279845
31.004812959474606
101.63614963180157
58.64385403860249
25.071059155886722
6.429373178465683
93.82718366246739
188.0345932354492
11.609727735761362
204.38376192704433
81.33261464789679
206.9233180419042
57.76180677917432
142.82748664055856
257.05228652330504
161.3988143301703
175.99743485262331
7.58155154866409
36.364375632178074
90.39723980860309
49.3909786877259
113.17021233719849
44.25410718550434
155.1748685447419
3.9484628038846976
247.37002987820404
100.27695623859837
145.52894904309423
249.85375656695896
37.254981930976115
55.05874080375511
58.54415691542888
190.31173634785674
165.41781983442317
18.465098660787113
122.68230617750346
17.865591244718182
227.98397439305958
76.65619363065278
83.6181964546389
307.38203341374685
3.5095281837113705
40.5805139312116
11.566661262483315
62.89794505292787
86.49078678053927
34.696598728606006
239.23795856356872
21.44915337199531
75.42289570100667
57.340027127850945
48.48573895085234
210.03338185959896
24.63587960647916
68.66293664189467
262.79867453705424
76.81007771132016
169.3818340493099
69.26299525681009
22.533476006794757
18.522082576521193
53.81005349269152
183.8944079719533
80.90363069361597
40.91106491902105
219.1366977259815
15.366205140199877
168.51905324739135
198.67361019369883
181.35757127691073
157.27330627205907
63.46621548759694
28.942672901825645
202.95866798026313
29.750763478143202
137.75306020212562
257.0603932423341
54.8416116788346
54.497138173646725
132.9128742926656
256.90453545771027
48.884238988011596
66.25821802431653
6.74823566773648
160.63903994164826
265.93947408170186
17.83747852663278
50.258014355836366
180.86130884314147
20.659897155019284
146.8354405140812
19.092625109643425
227.65254756362313
43.803645177317755
9.824787354834424
36.720722411965596
41.17308353783969
44.600266995746225
175.28280612006913
14.0669358881106
117.99423700873582
18.413597026456603
9.925828932533268
222.05552321538406
59.11255562231072
13.547599063695246
11.877512379249987
3.898520319068412
11.039973829273425
14.283470077315414
20.342478097819885
23.80785629842438
153.23648713990983
1.887105599470154
20.566357046275243
11.840711325623287
15.894392142077676
174.13806519894763
235.18009909983164
38.122832012187075
9.104405108359037
12.390721600095851
114.57631991025423
13.498211342200367
215.1448352917061
5.50654945626511
61.445454317620026
95.93957508720446
68.26207521953627
181.15969214457132
192.64871965767932
67.70323995742729
289.4349299421404
45.92697683454548
56.55684988291519
54.120674122316316
130.9450497123489
44.05799457132193
192.93763742101947
176.506105408475
208.17106560258142
189.69262562979577
195.4999631949755
53.92924946145281
2.9564876584362243
63.15828650651661
35.94487244739021
225.88139039638352
264.59943181486824
198.9549586027836
6.671559905239313
13.83958567778029
133.43033299196387
148.06547890170316
8.959306779734826
11.021566420401559
55.6573387094277
3.918730719794645
38.78583174965787
55.52395108762966
48.623204209291465
53.616455559813176
11.409901204878054
67.18402291080119
3.9517163428492132
62.66716371969661
215.18404999745002
46.65834574456394
43.68508731636719
13.569597122379761
61.80160532586018
61.70757030887766
265.131136461898
6.763261689238685
21.091634756886418
54.018692913893645
269.64864991043083
29.962098196213077
8.917531942813513
199.6426837756692
79.54757058540217
25.00977072021555
22.49672656947829
175.923314283107
161.8216085024776
9.883196308029138
13.148686784587802
7.9334557892500905
52.384064194718505
12.283520860400081
159.86199311034434
233.86042620053934
97.13151258679099
7.313713428789518
206.72303406259124
36.435785699072504
65.92375232998283
16.21828214452608
51.43131539226805
24.999907498520052
5.921757967044089
149.95007877421898
206.1603423034769
69.14754707794343
193.30448937410713
9.862427520098201
15.63028562405793
67.85936362052254
173.7902017278143
168.89382986925762
43.34311589746644
50.533406671727754
23.061844339152234
5.754727167156304
13.79133586691489
219.46921955981634
213.05715574018723
180.1161141597509
166.6139723805069
53.577148399548044
0.9415043285411409
115.71122260938702
67.34615622536934
83.37331926338594
209.3045838672024
199.28242768061264
28.035409231567996
6.833423115973672
20.771829668288085
7.634049897675676
219.35559176181184
83.76710882602431
18.115293697245573
94.52410093603183
30.85347802318388
6.405119657066212
143.71267095598412
16.577387302694586
146.5092895001354
25.86664566922331
67.22829916273113
31.797781823218713
17.93610125991016
11.301279408692004
81.99480691947387
149.89065397810242
53.31049854689408
7.132860534200022
226.16122432445968
152.3228384241386
3.719010510589124
116.45004151404994
63.528391396313665
42.55710937372858
53.24947410268665
278.87834774897055
40.17758554947294
20.86057716017097
35.083305280018344
228.34431191067083
1.9687637951062953
217.7046819015665
84.35751265251562
3.8823067100330393
168.16570010934257
262.837049365436
10.928475134914962
22.022412090393367
253.36694411826437
163.75272684353163
56.26449789523069
12.236069545052896
35.82436850282907
29.22997930259845
81.94963218042909
112.60874445133453
142.49812834809424
18.549245281796754
82.986785994318
21.354529406105275
97.30929648333233
162.8261021323998
18.60375991923331
22.298279313729598
7.339955686685742
19.331447584775084
112.71004072855547
230.9804858820041
77.73923064584984
224.8404819599585
16.52170789934891
85.54933203314306
18.76740312207166
141.35051587782203
170.39673557218285
215.0027362649897
15.62190420217464
39.987945506899514
20.242112197144408
15.919373081359655
1.9834374400155035
131.66877579601658
261.46947707543893
214.6292469602359
125.23789051795863
115.05429083219877
13.688235481290992
216.91965207254307
205.74806101887347
1.8540688354520491
151.35313027963022
187.65741730336552
71.19306077486854
15.832295917287766
12.825023952947902
42.31865124813424
136.29146609423836
4.956102690912905
52.2583556737839
38.57716793301783
6.063914183391059
3.5071746261533825
10.105777100697468
229.55155790092252
11.498948363728852
5.961468890838126
51.99038340560191
