2313.3526680822206
2298.850337800396
2300.7711839419762
2302.136948543925
2280.896608913547
2306.8623108857764
2306.1934168156763
2301.6672312230066
2325.5823238407074
2291.908111044576
2300.3067315777143
2307.6538802107493
2301.9891834002246
2274.5257532468722
2277.856787814446
2291.0549985127313
2281.395948884241
2318.2993698845667
2290.2207729124893
2285.859621993561
2287.1073492027067
2303.4667146103284
2299.033358224107
2300.329106514513
2310.041352916968
2348.48251662962
2315.8069944928097
2322.2352927425773
2335.5059760776294
2320.696686670287
2314.8847939623515
2321.261203219073
2287.4207537313437
2314.4653588728174
2303.1585000055525
2276.4769726032628
2284.31035496816
2311.1841789821165
2269.7414182176335
2302.3602308815257
2293.557087263503
2278.6645485992585
2305.814648374675
2287.0306243458444
2300.6924987312386
2285.498728821887
2307.876482541053
2324.6376009583237
2322.5626443961564
2295.3824426860538
2318.086150550409
2276.9732946714075
2298.0239934316837
2317.1001079586877
2303.283581897559
2275.8288342221367
2323.302421216601
2305.440130055808
2341.47173950091
2298.3139582107324
2294.1085433374496
2324.2793107069847
2310.053474869591
2307.8332530393072
2299.210786954307
2291.648431362159
2285.897167608219
2319.7387672923674
2290.4114294137735
2311.938770024558
2287.769945039543
2341.410471324107
2307.669789868278
2319.098818581339
2333.9957803206626
2305.960832303612
2285.3918687521946
2293.4208088365526
2285.8802247716562
2333.7794222171187
2294.4159220414886
2298.565634867313
2298.9660188951125
2308.612964783871
2299.42127450972
2353.0498926545333
2286.575638604513
2290.267697905215
2301.937235518954
2299.464042345169
2312.3311111586963
2320.402907515138
2305.7488615542134
2295.6832400368157
2326.4563417821655
2310.7557491405164
2281.590193414201
2365.5927665235877
2299.1022430366324
2295.6496814277525
2308.6445877659107
2298.648424554327
2289.9452841918255
2305.260169728228
2286.411663225403
2284.9404861756784
2283.5123941696597
2304.868985982748
2324.506661790205
2318.293410619733
2284.4785959578016
2299.2341925772225
2299.159677790784
2306.629552509846
2274.9477304721195
2291.7493719671766
2292.2409358185705
2347.3117163787624
2316.095081159685
2290.9613342123826
2279.718916377018
2284.726542669381
2312.4599524040073
2317.6231707660218
2298.4712218415007
2301.3162379855175
2308.8236246651795
2285.5075650983645
2278.527637231692
2301.0783611265247
2298.1475817424334
2286.199218671545
2281.209005976359
2304.652997541359
2308.875604988963
2307.1835475423113
2281.415420871823
2321.595788649278
2320.97965867144
2310.904887210617
2278.4568267020204
2286.4634578104087
2303.5435140111135
2285.6049636921034
2328.6458750514703
2312.292092200361
2313.0241380887255
2302.280513470223
2277.5414729908925
2280.589998704555
2337.033539214794
2302.271858775476
2290.6411868553373
2307.7880985282445
2313.0482544888273
2305.448551131305
2301.629463092737
2346.218121205816
2300.8922400331994
2276.7686147181594
2304.030971199573
2292.1117331771284
2311.4305391149574
2307.0075209484435
2317.607949394499
2303.391847062282
2305.4061280770843
2280.1973530884197
2314.6906677573265
2286.314622844453
2292.2827426398476
2294.4543158100223
2296.2400659145756
2279.888841957706
2296.890811253287
2324.8237913867924
2314.16475625911
2320.547763708393
2285.158968427465
2295.6978395866413
2300.461711543947
2294.4139799838654
2317.93661051476
2322.9636584994914
2320.7676209837605
2316.9352286618105
2304.292745940166
2325.6439107689166
2308.5368772252064
2311.8828218599906
2308.99230609704
2296.4650395334384
2298.453315147911
2318.0795073976246
2307.4106740830966
2303.9582568467927
2327.693895786344
2294.471653208259
2318.312279038501
2331.4936098789135
2328.600472524239
2288.6444911686644
2307.2948287781496
2308.3286865703076
2312.4377644284223
2297.566416037682
2358.919743654131
2293.8297042759964
2311.095924621236
2297.072132660348
2295.2566748888703
2277.452820488892
2292.0184171853957
2296.136945034853
2287.8404047543127
2298.5702695173404
2288.282762549163
2291.6093071736823
2296.125640106786
2292.312600271677
2290.5189025965633
2278.2427755926265
2317.050625459555
2309.9358591523915
2296.671675817219
2286.4602249447476
2304.9352894564363
2291.9858274382477
2303.776162715439
2307.9283658761274
2311.4598640998656
2294.9801140512777
2297.920604388424
2300.012180559827
2307.968641658234
2304.9453941698375
2295.421744289762
2324.51774287253
2288.5083952584264
2288.4114195566344
2307.0718158957006
2296.441368685483
2318.8902365484937
2310.1169378677046
2292.853145588432
2297.33675341913
2331.1817118144872
2317.618208887521
2289.381270360403
2304.876947107158
2310.804632805185
2311.979910598976
2314.130214628606
2298.903516121625
2303.630298953834
2302.7570766888875
2277.649852495963
2350.4896428015904
2309.0828739759945
2291.143493489928
2306.15633392125
2312.573282890582
2299.8837814255194
2346.834389370534
2305.1050610235798
2295.7003896830074
2286.124414227169
2287.116978994871
2315.9572144629865
2285.372708887762
2295.044844199289
2362.938123703924
2288.333433379369
2291.6548915006615
2310.5163312964632
2290.8188470331297
2314.60668513368
2298.6115236706264
2292.2449455250144
2292.7892945116837
2286.744261886367
2282.763972300523
2291.7899497481576
2291.0684482987613
2314.3709956303815
2325.465168757217
2281.3721717858034
2287.9166188860563
2301.003357432305
2284.1621634301073
2287.412448403
2286.3332278708676
2303.2792478817146
2293.7537793666515
2275.8498551501807
2331.7050035891198
2286.0000149074513
2312.913555249682
2278.6812995408627
2308.2834786452404
2360.2609361785435
2305.7738599043705
2289.3972714906095
2322.464007311454
2330.3562267981533
2303.64254455652
2306.8919878406195
2303.2471567570774
2301.814048066927
2336.1261935830644
2315.5375268777366
2306.653165136948
2293.4245094318376
2335.9779066839706
2293.0329387415295
2308.412014345559
2301.4386361367297
2283.5154484586024
2286.3601379662273
2305.6012061703987
2318.9563100482565
2320.35110751504
2301.8924860385237
2300.0461139673284
2290.7420059980095
2309.401504133194
2328.6622340476542
2288.18532128906
2285.3808697443233
2303.3172384053278
2289.3353507508336
2307.7951350146986
2310.601719778402
2282.37751346832
2300.6391376059196
2303.376828937852
2321.679549355986
2275.5570224993207
2326.7143943760148
2308.032533120343
2317.7638464102934
2314.0529327085364
2307.2846282293617
2298.6817241750796
2312.8921699470147
2291.7922359234008
2287.0247580480063
2307.5310591366933
2290.2048248006718
2337.6503277632314
2306.5863409386875
2296.078838202585
2298.265977788221
2308.948764321026
2298.187704627069
2297.030379244173
2293.3971515645717
2324.3467218178575
2292.3546315339513
2289.462465956766
2283.8131319246345
2288.927270635333
2286.5563177093113
2294.1224874103164
2344.5021245104285
2288.2002543180106
2284.982062431983
2314.7293477894104
2316.507064102743
2312.3063769323835
2295.1077023853395
2293.457114338637
2288.5598756557683
2293.9006654465475
2300.883896819037
2311.9048532772495
2306.0069870742327
2311.60292731865
2286.953926494042
2310.986090336467
2305.41977634474
2300.9363736031205
2309.9662259961087
2306.31360635878
2303.262957077473
2293.448810278541
2278.5345749900453
2298.3994380978356
2311.0197635263166
2292.2223992405625
2317.407946328325
2294.769699035429
2304.6606736986255
2272.5355856422084
2329.320877712384
2333.9477665045415
2307.9497602159427
2317.99786606192
2301.4740064670964
2304.1205366847375
2300.1328440924894
2290.7516354234767
2287.9294753110735
2298.774889882254
2322.714590867195
2301.169720344803
2310.913210301771
2301.9915244783406
2282.266687208761
2314.310933377771
2278.620400796881
2317.7151511382535
2308.9517627311134
2311.1590979662296
2327.805594738874
2292.6157832052936
2276.6151275079565
2305.744494614318
2320.960719399571
2304.834906782915
2275.8463565718416
2319.70477616915
2322.5098953202646
2275.960920041711
2318.3716145834887
2311.7405931800886
2284.425281454548
2286.616242325169
2320.8825080827883
2274.8277084388164
2316.3082379437315
2308.6656064149847
2313.8434848664842
2274.7438398541253
2283.815814592928
2289.996795457922
2274.8930966462567
2292.408541787533
2294.1013982574445
2288.783235789927
2300.2345894683713
2315.478073450885
2322.5704570754797
2300.2022829883776
2295.0653052726084
2296.736369791554
2312.300404855269
2301.2096000117417
2311.832516458723
2308.135387602319
2312.4181843720917
2302.664920502773
2311.194158546969
2292.222295167063
2291.8828628378037
2302.1293470952023
2296.5351149620756
2286.93150229643
2307.0365951301915
2321.8241716718003
2299.6554337098733
2303.774431051061
2310.837920065447
2284.01939666712
2304.662463765688
2299.433122680824
2349.2705635857074
2311.5230038701247
2309.9666751749874
2290.566478697122
2301.164197174239
2299.4256829833657
2299.4340988467757
2280.5842749726708
2297.1724996786925
2301.8617066989727
2293.3035323445465
2311.5065556091195
2306.878817119098
2302.466925673586
2334.702368960109
2302.5593212370704
2280.5923783225026
2315.533512819745
2306.6591830528378
2278.5586791403493
2280.0227950944027
2295.135951869075
2280.6901270131293
2294.3863130123773
2271.6909186599546
2319.612789812618
2298.748097895582
2273.689048928594
2269.9197499957636
2302.2247157219963
2309.924779617546
2301.6228730733656
2291.500653533828
2302.0348649989774
