111394.12398713584	248350.13997578243
103669.33477075821	271059.3951291587
106052.75688979583	260332.97445310283
104689.97077564703	246248.23425764946
107403.51917253132	249216.83366413007
107313.47714047617	282889.4425695531
110785.4833944935	266815.4624823662
103665.75408985987	264141.9210494229
103717.23239269826	260632.24028537032
104133.44979160119	256623.6990046182
110110.60469254512	265669.0452125925
102527.97396893319	247201.64475093764
107480.40537649186	272805.81590181397
98953.66850324877	257287.1718173937
106806.86801206804	255551.78747626639
99532.62083764665	247459.68010270942
110244.14435796461	226507.36876010132
110300.86377067651	246075.45657916873
100238.0414429428	260164.29868998777
102559.85447200603	246279.17947889923
93683.86638687947	244219.6931165546
114216.51382229719	283221.5862756688
100485.78657379806	253615.46740440317
106866.34736158073	249492.9051584829
108201.63801227999	284994.8622910778
120616.690273919	264440.1086495359
112199.43893610626	271934.3977159004
107406.37634070766	248292.5377750657
111692.2039955921	258357.07875979372
108454.88788169948	274074.1061683474
107485.95281420654	244788.62904649103
104181.72627974008	265005.2559100119
98219.9225159373	239780.82709557892
102787.00916382122	264406.51752204174
109260.1898183494	253604.44638170616
109860.01712430568	277091.64889815677
101692.54704028023	269081.0844300294
108022.87046610808	247163.7263322027
108438.43730562861	262930.483480792
102029.59540216345	232712.52168423004
108126.21385586004	247306.7174252417
101799.23012910318	259580.2345025708
108662.01747332026	265308.8691605753
100361.18223114473	253606.22810161137
99013.7040780934	237274.8676167081
121650.39719945578	252339.51860898762
99772.27888427566	264677.1748720129
115965.31348501347	246558.06723281447
115943.60167685864	269030.6830424345
116676.72059417045	279427.80534279405
106937.52652078558	244465.55964711448
105635.98585973242	257037.69961718138
107943.34483653665	253556.30677947102
108544.33590836101	260431.94517041155
118030.08478804438	247747.84406021287
100606.30509765497	268567.6601001608
111783.32744414324	249467.057121729
109325.76061114206	263864.32504713786
99394.667161108	251704.67761675804
102326.21482679802	253588.62955172977
111792.43000713334	260054.28101968576
106602.48683817682	263319.479058949
112089.4642516348	271547.05389787676
107877.6360680983	237292.0115567792
111413.62503885181	262463.1058865752
102303.49242117329	260877.22226777105
101016.980538332	268887.5326466825
102926.01636490805	289244.4834870357
103314.82388786247	264021.7521589597
108277.84127598055	249370.20031352018
106397.72367304702	245894.88550928482
111046.71595356429	241824.65107099008
118430.63656884362	251648.65445370215
108680.81894617312	257975.81052513092
105422.43086620362	267704.0361825062
112487.35704929706	269785.78480021964
98633.86854545535	244180.16613631265
95453.86248476221	247615.52820066133
103096.86388321829	262256.52133779356
96356.29314928508	250376.37995263797
112653.95721891007	249892.9887477091
104921.38862869558	267031.2126600673
107639.52169846618	258820.18853164045
99544.1621891126	243628.94640152343
102738.47211093668	234406.40397069408
109792.88037917114	259705.09879210478
114267.09424607501	259562.48224592197
106646.3022542931	245503.79997813166
104991.38036271435	258809.6597983452
107859.56950517754	263037.0555080898
111581.96212033497	270345.46957927383
107932.17674596068	235507.00526530648
101020.8862951252	256353.30688957422
114176.32357735216	278116.527615144
104497.12056232995	248573.34698853694
105685.41035261954	227323.28020867376
108674.11486093146	237597.68557454096
118157.00820714558	233814.48166252754
110489.09836981459	263868.73975432466
112874.0440582718	258408.64724957405
104084.4485977916	266741.16580264055
105495.77285835406	250469.0785228175
103296.19813836308	262688.4601470642
102470.1502634218	249858.35307605128
101749.35347750151	263256.03785069985
110464.38230690558	253913.12909018953
101032.7648126208	252055.97932723552
105660.2995516229	246071.92408208875
116398.32782834885	256365.66783285124
114262.05755187038	272680.15316335147
102428.19003302243	268426.54060051905
106984.16884246128	261602.99825509108
101869.57536389105	257761.18049118406
101997.54518738184	265029.2277489986
108760.730314652	251110.92501204813
107209.03623563147	250739.88801083207
112371.03108447042	238174.13006826548
110505.46353065578	261891.49295939994
119081.05882962336	252799.90984482144
101778.41352773606	277643.552361857
108943.73202849037	246023.64878296436
102805.32207416756	265661.7032604339
107150.19424183737	263857.45828172646
113628.63959320044	257994.69822600245
113316.68613457608	238025.2207547086
108407.32446200617	265849.5673087678
111351.97527457948	267877.20801358286
109947.5249746586	252950.06595878175
108731.08274544773	266829.9760092907
106706.76767623596	223449.62529898816
97335.41374989893	269610.8309071594
100704.90669971031	278055.83566349396
98008.86683795636	277996.7777852788
108254.10826918985	285728.676779535
109234.8852970808	233557.82925192986
113178.34599286578	253393.52234777188
101071.5174002843	265432.4999197466
105737.53116151411	272673.2957590031
112228.22915545193	259593.3846418469
114028.09910996424	272535.2443916379
108787.84194943935	239263.02393194774
102600.55188298531	274579.4247255274
95943.36021064443	283383.92223445134
101303.59189227803	250746.6846441689
110754.25822766992	259941.82925250407
106777.32961467947	260580.68354328902
117431.22109935735	268954.1778609483
105545.01793271609	255810.9497693741
102010.30011860919	254882.73166826513
108545.17977826783	248172.33886020273
105902.6944265442	255033.35211955558
104132.99265959744	250484.09571744036
96506.3313447104	247154.5490968604
107932.80931452499	258908.62812975983
106718.32428688521	272614.5425471885
107861.59581455882	244974.70312087634
101641.05652576547	242168.72266581125
120246.40086735695	267157.0303065234
100302.8372131148	258487.1037663346
107171.22907982892	278788.6387835398
104653.82143335405	244785.44970632863
105276.15276865393	272213.67972637847
104443.34216223907	249552.22072130098
111470.38002241204	238517.9102431641
105113.12657859054	255858.78370252138
111794.64667850512	254556.12379014655
108829.11959700353	263128.2609968595
109064.23515844585	251716.2030288616
102778.97879902952	252679.37483467464
104614.9175957408	259919.85066480766
107951.62749855974	258337.66970245403
108256.26135094994	256117.74291615427
107481.90734346432	257458.3463180176
104718.94054031288	254728.63880883882
104284.9603938157	279695.7520375607
103775.66758258897	258242.57995826422
111040.33710967096	266538.52632956055
113530.84917297628	268102.51124737214
102888.29990143608	265900.50198740675
107665.59661977843	274919.7122218694
101551.37126369248	276471.5546857972
108825.58008023338	255170.09091538092
111247.61030171557	250725.23876385606
100936.73772077113	243780.31452992852
110076.99355263685	288176.1204394714
104105.97668379269	265732.4454468692
107496.49504373019	261762.77646895222
108074.85951253654	274332.22281931015
109503.46760806587	246433.92664801292
102263.329883856	263807.4089302872
102463.49485730962	274996.82720646483
113860.79608052925	266653.082433811
105356.65932770907	252593.18730929447
106709.4605510204	246557.2615981373
113316.19538587597	267381.87942367233
107221.62091648242	279573.11936343566
103551.93192686571	255591.08960660215
105058.81590289756	251475.88067332128
117048.54641295061	257149.06778223236
103126.1783454066	256978.34092446353
111771.127349319	261191.26947820882
104029.06087158843	242457.3178243267
108856.62165596202	250119.20891199782
111996.84067120895	286596.7613814788
109170.18129763707	269016.4983277183
103052.48290847096	255450.2027523693
111189.5436405786	245207.4055061262
98883.58173866509	259851.77914576724
104032.52124528051	253004.50763368016
99444.77459779072	256976.98398380124
105025.85214889309	271048.86839389073
102488.60851582371	276775.2866158492
111936.44789028012	250101.02025112533
106480.28013837179	261158.178988658
100652.74783132362	243981.4295112734
113792.5692553292	265067.29698295536
101983.92441327745	263587.44088248425
102654.7622613797	265493.66551429156
105491.67101357569	285279.1192689881
113135.86399764704	270788.22745945374
110742.98566460841	260031.18852475256
105898.15255817438	257440.91426636692
107523.73448734792	253897.99572451325
108426.22611463213	266739.86471069383
103712.39698388582	262200.1926862413
108150.34305174295	270340.9721254596
101746.49395216111	254624.64834692952
114649.91834391445	246019.39070204593
101425.1621483464	265015.0839958907
111429.03831321996	302590.75893120165
104721.95796308256	257661.1064611657
103167.10836007493	245655.62224355823
107878.88726378667	265434.25471783965
104018.39905381031	254621.05446232966
113521.03736167197	281560.2415006525
104848.28965631477	260167.3299507868
110477.50015844862	277047.23120083363
104204.83134462548	248825.39183015388
102366.66005768687	252055.10292324587
105133.92122046063	278365.4030391518
99724.2076480329	288453.89877786324
104046.90146811362	247747.96284935842
110245.30722488655	269644.35466893396
109193.24816562397	281327.11780760356
97743.17666205291	257296.62992840458
102022.65681905289	277120.6779727841
112206.55849679833	252009.0962520447
117296.21220423692	265992.21072812745
117462.90972464	250218.1894447539
113078.3255684668	264228.3486928818
101145.74553547123	261005.58178362437
113029.72466124213	278563.5223939414
116840.91619262513	297473.6051243474
117222.11946349761	273926.8805134145
102984.3847263747	252146.5361558259
105514.79419714032	245535.65188216977
109126.38087939315	251645.59954769688
110207.05372085783	263992.29784619575
103731.68542413853	268557.3855185817
105214.63415754307	273605.54954264575
110940.32266655748	259278.54103066074
103674.03482733555	262162.38600175467
105345.70865555026	266422.1293228339
121009.44506485932	270803.4846103508
109605.89090621816	259131.95061862704
102848.63915485403	248705.61581031894
101334.99162413504	235123.3100471156
97653.44255914775	278753.161569268
110875.98453630475	261419.6588336437
107601.87622101781	241902.08389172138
105373.23988243486	264497.39220732905
118646.05545162782	266467.5162175596
93298.63339455197	258821.67127813539
109156.03269585091	249014.0497323525
105094.39670429377	249036.10886783976
103710.6540980947	242473.71724604847
110961.72761645554	274305.5240883923
105327.87920855943	239475.2553395773
101535.79973004833	257599.88934821007
104762.29047403258	255562.71750729994
104710.79963920802	268317.6206256768
104545.82457042564	249016.95657481125
109493.33671719283	259348.45711621142
106275.14622894122	282804.2123016388
100243.29828909898	249624.94448948096
109751.96327085295	256968.03289728356
109118.63986720287	253137.8738986795
98985.22051380505	266464.12151415396
101397.64082392561	254335.2505915898
109749.45404620828	269874.4503844499
97599.58393282774	245847.13433277817
99513.35358494356	249665.98741532667
111168.74236523383	259022.7296013146
109529.10064189069	257087.52895803424
111436.92044401393	265566.2356852695
106701.92195761242	262054.66474810103
110720.04203213826	274098.516120291
110659.53013674424	267492.11817881843
106295.24074869015	251151.43591696103
97109.69434508697	244692.33521122308
116922.7560578156	273131.3483952248
111167.24942041165	270420.4761443071
101841.43708388749	238612.11040774485
109838.8724150515	272659.27333544585
99431.65714986659	252648.5453530994
104949.142401605	269307.63819883054
115244.95802820814	267186.02368206263
110111.84405515822	249707.41176166502
100636.44213909793	267256.7595706218
107316.56205615746	277236.25801904645
100408.90292356293	262261.52733879955
111561.58456800945	259490.9385061546
102898.06615186832	230033.83691084673
112511.84877037873	259175.99462581266
110457.57918965699	269492.40712796565
108134.4716412004	243484.7066253071
103034.85546324903	263742.64767319226
99987.02150382982	242852.14443253304
118068.76450499843	260907.94827472477
97869.77463530132	241250.68876744082
105982.59861256843	236164.50706995322
111513.75510334957	260988.9558224677
96404.60705443598	243469.7977385241
107177.94240688693	270134.45057139476
105882.8821970711	261626.08674120242
104945.4148189325	252488.3775575483
99371.8735823466	287490.3178268233
109351.32372359672	267582.8210968972
109001.65317848077	226944.46355662515
108487.02862032366	247503.53226755175
100575.61248390259	265982.37173687085
108163.12957643374	267324.91938727174
101247.35686456705	275782.65204008325
104395.45910308172	276901.6200366741
107493.70883681391	290454.45583252393
110684.82962853304	240768.9012766591
112108.59408681755	254794.54761926184
104213.25886668297	233639.58875560053
105104.68995543837	239028.64936449425
110711.51082774063	261280.95608270852
96040.36015738321	229858.8812848112
113577.48151352644	260677.0618959533
119294.09799846102	277521.10721188603
109853.45780773686	261576.32398353488
107691.49337236212	259102.19426045904
108886.41560566062	236660.34379478483
101680.22331158034	254597.64050507557
109014.77879354588	269404.8972157635
103019.69002820786	253977.52505944596
114828.04173532575	266837.43421015254
102415.11068629207	279673.42576840485
96439.59270971805	247094.99545965815
108340.45918176959	267182.3320228236
119132.1666079443	284069.72302443546
109196.08683032358	247629.65650268894
111830.1345507931	272056.9457895133
98222.51555792545	271249.9416454176
103095.60604677552	270239.54192199185
103785.4113145909	255985.0506751101
98159.04846597949	259643.6999054032
97230.79975549331	262160.9218514349
103140.10853746253	268861.1764876974
108427.04745814859	247761.48855997724
100916.4424246572	243223.7318542588
106724.27956154048	260311.8401805586
99965.54408403805	294084.1490146299
101611.67516869697	247228.06726852187
114850.77989091119	274956.20160611987
103307.50899007541	239326.41871830987
112365.96497135136	265041.439847632
111795.77547868379	278007.80498647713
107163.84131080189	262578.23044169706
105975.51954353641	262649.60786322673
107533.5697278929	235556.91615180398
101147.99146418019	244337.9188936723
104879.02121098424	264038.2758443343
110017.99421530921	263493.18872428604
110394.66376656073	231371.3993682944
112172.40905840765	271091.0491477642
106195.66710074569	237915.3082834395
103677.55825372174	250014.13631816997
108754.13533038595	252544.40555526668
106550.79118765987	252714.87993577783
102191.02057839718	260894.3158446109
104657.87178540694	260865.20810283665
103003.92192106412	260486.58887812734
104363.25491129285	255185.9403440796
98924.5142323871	251527.57101988248
107762.17623746363	271614.769982469
102242.76385389434	256675.4238359036
103175.66826863233	265165.3508839113
99777.73021413767	245083.90520939868
106344.03313126531	251792.00378025044
107762.3935983756	241864.60735752922
107836.29085393528	251626.83073659425
112686.02380169979	267148.7932444994
108712.36639712151	269657.91744223307
113057.67340919332	275370.59541711217
112653.30332102871	246406.65580173556
109869.26418197632	260672.22021233023
109452.59674574592	263524.6767095743
108565.75788011572	267004.7004983479
107760.43666994547	269489.4181255769
105648.25214775198	263399.5989186693
109142.16099848447	258459.78826927574
97311.52097894056	260333.4353627903
108250.26659373281	255816.56451530222
108446.45374129359	239187.20608619353
104099.57363708237	266359.71628723515
101957.50946152996	257618.0141612109
105720.74364305426	252339.61482738072
110440.61394668142	267416.83284401486
107532.74665104185	258400.93487309426
109664.27555742812	250771.65652247638
112005.89631328356	274335.7261896125
105596.30172500435	256095.234238538
105724.19101977002	264445.64855489886
112464.21407536184	270715.73605802667
109118.7184110299	252220.31679169222
105530.26391376698	266700.556340588
113884.5007102887	260249.8228320266
104895.91108739818	277644.9476951257
108015.07470598062	249773.3054028108
108807.87846488314	252906.37153571312
104417.15166788748	257025.83392476322
103987.25788227939	254537.25500976248
94914.19258774124	255657.52859763292
98338.42368363455	246888.37440099035
107268.40053702127	267536.44986361347
105583.40605728832	236672.61825092873
94375.76253077808	262376.37560619146
112147.10296447866	263163.52775676857
111676.51169036812	254426.97801238598
109278.29037371978	258981.23376165473
103654.6689036995	268066.4984126612
99012.97066576187	276860.3467762543
104964.89489606529	236616.32965484698
110994.57450153716	272142.8894337258
118946.00848880596	273612.4517343032
108424.00896211917	249122.40498328942
101739.29323073114	261915.3279856153
108174.85447891871	265029.66119233327
113315.3687853625	253965.72500772314
103625.01156776556	270371.16524129576
105401.05399623609	260761.65577464283
104000.54790754331	257468.4168001811
101913.10506921491	265170.0873728158
106878.25502947734	245087.48466767845
102695.19578149452	253824.0914368215
109442.94496767927	255596.6931530912
109288.34601540756	272521.0930315894
106509.36125851517	262568.77442763257
110186.14732371783	263863.2184252431
104303.16572417387	258102.60859372874
112311.54559886787	259820.22192223274
115520.55500749106	270903.98348512006
104348.3718431303	268320.2387154905
117248.5392126739	267433.97710788733
97755.59904112399	244440.26907620166
113496.38320944768	252614.94337012002
106804.58091744137	256767.48232438444
119750.15789806443	250589.39964887575
104001.76667857255	250583.01253454303
100664.56327974302	268002.8284276367
112973.93053825342	263220.2763473156
115623.93208534765	250676.27187762188
112751.16199725267	294794.0454972702
107548.37669923078	249684.81517535634
107910.28049062917	254920.5913757816
113532.1800441006	271224.43443684716
108565.3856987163	268275.4956499253
107067.2554264098	279891.42119568377
108972.65049279504	266598.8782458183
96324.0301963306	260649.2496243019
112091.89798624662	246346.38203031707
111720.9158958056	247772.69330810997
101818.20146035243	253058.10944481823
104079.46683304638	259942.03015505528
118142.88489228504	276212.05552222696
123900.38545079116	270395.38023640995
110250.67317747159	255382.23515866953
107391.65234659643	272031.7750702389
105532.4091452723	235501.54713051204
101690.4373331682	260026.10844996572
101336.98371797494	265018.1562153452
108377.85810423785	230521.95776460125
104615.04668246089	257013.97295565627
94724.49881584119	250954.5424920441
103487.23283796811	249321.6946472089
112068.64979936185	270309.3180302913
115222.0040924665	262414.02071722574
99386.94164105487	260757.90596222298
113549.70334796267	284736.10353212967
102296.67794518388	248726.33980193356
102755.30242348067	246087.9135255829
105509.56931583518	267459.0421940614
98691.6839474396	278725.25379794434
100837.84514377774	257824.1494249382
115427.66766501029	268578.1938934908
101712.34474931564	279724.6044546927
