385.13756522292067
395.6515942030245
399.64840402621167
381.789598442003
421.28571899224283
402.7900320888103
448.4084226674396
411.43407985463676
498.8134746759476
470.6896634436556
491.08279225744235
438.4574098043181
468.5690920188398
377.9787106385709
378.44276877589954
382.46529912972363
378.94220881802227
398.3040881821814
377.7413507315656
427.26696483778494
376.9788417666844
408.72454526926845
379.50434223879483
406.4036265352935
447.6579975313793
410.62322681699703
399.35915544735957
387.03460946694275
468.0568087461616
397.95110128940723
455.991858050267
392.4158318192558
397.3639246505394
455.18045934101133
450.0055071945701
376.85910769832486
444.9159448799264
403.87574085510926
376.8609224321041
376.81838363592493
385.5672146652417
383.5850716499669
416.71924848806054
410.85721020610765
384.14067995396283
377.9151644663611
422.2053959057256
395.27258384378723
466.8105948745821
381.9783084915511
403.06858913529277
385.7438343965421
390.44355158750494
454.00097204509603
459.38630753422257
378.71576279764406
463.39126688616807
381.80233591461683
392.7962937577128
388.0207367501708
383.07818933766265
407.54932775871396
451.98224661635464
386.76910876633474
389.41961659197233
407.8423160158376
420.71499309543145
422.53238026580675
402.3880078310447
449.0210840716521
401.34400012343264
493.70729996702227
381.3238813488729
425.2853627380975
471.5269645031802
465.7248705295732
471.8551945256371
378.3367989387856
384.363251937158
477.1886711389884
422.59727886496427
395.8311990683455
406.3070924560063
384.5985196626799
448.2996922417394
502.1547335630483
379.41960787941105
408.7662462432024
391.5533563283938
484.42453488742126
410.8920599497675
434.5678695774545
494.08073109234874
386.9488628973026
502.95073169589637
479.95619048645796
381.0681438509691
528.3562733720701
454.91285813229325
394.41916838367865
380.75116394028964
440.5673022241766
388.4645275273371
459.28202698658606
376.9776663478911
396.11746043364565
377.95427243409114
462.78830044896006
477.2057332616435
413.0652515015062
380.06022218399465
435.60897750646734
383.6023824606536
385.7098728442654
383.00208024643393
500.3737265390916
378.57388330326444
450.6796459125224
383.7744907429878
398.1536402905924
379.51245253225807
379.2082153640138
462.4686003703802
446.2339306499735
433.57854874989863
381.5309036336835
411.56812904729355
471.94393959611926
376.9056850889681
486.20819282512775
379.76848436128626
414.94111780660006
414.3908308697036
378.44270547589593
379.3962028933278
402.5476659345555
424.39479577867394
402.747036329416
501.9896142565515
399.03265501754123
376.8688711850427
383.3576019215433
413.4064227412253
380.2711252572062
487.86698252508506
471.9618503045139
411.07401479167044
387.8847158293526
376.91880159295204
376.3851562782521
435.68091299343416
404.3212602900898
386.35057273137926
376.230153160617
415.5090208681811
460.1657939516499
403.6115704999002
442.6809747193341
388.41624752122647
383.264183853508
397.31107230502164
379.9640980212241
409.90481372270983
394.47636307621735
462.6931683117066
384.08703382980366
439.4107374861253
378.7863679114752
415.7084070148092
379.6976575327609
515.159162740448
418.89416646662573
376.5074793308307
377.8791087309588
385.74227353906616
466.9301561505355
402.2452061302404
452.8233955273288
376.7849036829157
452.12215559191196
471.2301556020028
381.2387837118201
446.4917679735744
398.14673322933567
486.36348622286687
404.05716312419025
461.51340451776457
502.80350227524013
426.00910834582635
394.71896734273315
376.8430961204042
376.64863152342286
417.7418235992457
397.6988786958092
426.70603413407247
404.2687465032848
453.12229910189825
379.6539340150222
473.94937550356934
473.9050942376842
484.3725031196039
376.8361342892832
401.2275362765038
446.75695367135097
403.5715054338827
461.1811858281634
440.2438475313221
378.68437362661456
474.65656041530997
399.453527584311
407.1171831644776
393.7938742041737
490.64432133783555
381.52985479683167
378.0964783896916
405.7858996151545
385.819058351697
406.0977922761101
414.092638867695
392.97651612722206
492.1157669419161
382.054028517289
395.0981686823209
415.193519491838
382.12540545893853
494.8660140364467
383.18263257957915
381.4542259404333
486.8423105584724
393.2981253432674
378.81140686595876
415.8852691231782
377.5861331369133
388.0044070540246
421.0795164239761
428.6455277088211
401.019253385117
394.52743323020877
479.06777769927174
382.2204965140328
449.64714391052496
487.3758097144274
471.5209550311529
480.40662313133953
396.79992748976287
394.4116431343815
471.88305585708434
397.1782179294462
461.8314158418025
463.2558885503326
418.10767784982585
395.22802581444165
437.60120871193845
487.69273038157843
400.27908197911387
422.1396017400275
378.95665222496075
468.94023718637874
488.920763835314
385.74160279064404
492.0261245172268
423.53876996828666
378.0189816936815
472.3700107975524
381.95816073772465
436.4245227550088
388.41628870854487
381.57796237952897
400.6720260232605
407.31396211434026
464.60451855325084
469.27526852882244
380.2200702337443
472.35995619701737
379.7033026703185
375.6638368202546
397.77179583240485
402.4731339359442
380.3486756835305
382.81902611031194
379.9391165965851
381.21907941587267
379.71120975229405
388.56677341899507
386.19110947397246
433.9099856215302
378.94703725947227
415.2127363731373
379.61591478174006
388.9450099756936
468.24631865450255
472.4812794511943
407.20312954465265
379.0446693600284
386.83962936204074
408.7437974505956
376.37888582749883
503.0675268490612
376.54958420945593
441.07782593037916
413.5612056500361
404.86138294560584
449.65562060371974
443.7192759029692
397.9479121264546
402.9165094237286
407.6353736737045
386.53497352238116
386.4933383017695
466.6491867777386
396.7562523188641
450.13126293470435
441.20432687238605
441.2688274121103
479.5248156181113
454.59001488113165
378.4234590017518
379.7983840971089
380.91060529106426
404.99759810502593
467.8401848814864
459.83903517493883
475.971606122619
376.4488564022094
486.69569951315185
377.72173023974386
478.48589063230054
379.19444675598766
396.8811741083672
405.01026651137573
380.34282299938064
402.30826703946275
494.92462372061215
404.7895632316537
392.7089140034249
382.14401384787806
418.2269946997636
379.9214416706151
398.37192568385444
470.67970479604406
409.300963113236
451.04356680764334
378.0212694554169
422.1893008062616
484.80022490135957
506.0340093096922
378.12065969844815
433.082818803962
514.6318121951489
496.4920505272319
380.51857543521584
419.04349008920224
475.3645087121526
479.7711460582166
379.46837480430463
439.0609378095453
436.3672817747192
438.1298352894418
377.84080921065726
390.00845819027114
379.61536350854425
394.18614665861196
378.65576122490234
457.8268516571638
524.4628023848128
407.51203097050995
376.03208581738596
493.12990902277477
421.8249669252365
390.4581490529248
383.20231340038725
416.1671872707178
381.3287046373675
379.5689971263975
426.5613892781882
458.28728843617193
449.3612444975314
438.1791902469923
381.48820121436336
382.9724956377059
414.5745843214695
439.9683373640876
462.74783433152913
404.0253338069316
395.19821681706236
380.8563592666241
378.7281098076539
464.8450203874064
424.0443297346684
477.0809490719153
442.5700902564331
402.5501979193511
470.49129442096387
378.5895376367493
397.4052091235639
400.53233839229216
485.7059994415572
454.385692740509
481.69559425082406
388.81320482060687
377.62934070609793
474.91687327392896
376.2935985561884
487.9134177439888
435.28003110664747
416.9070177052203
411.41033686370395
390.3761179291288
380.64626199001555
415.5406046762877
384.9891582941467
451.4785914445139
382.6078688924487
399.58040211325454
408.55532619406756
394.95040663958844
381.2534582952862
424.75690634574534
460.6477538267104
415.0597171454722
378.5062796073179
459.22221424538515
458.4487716393966
376.6927650832403
448.6869811488027
477.2772065696358
403.80352887986425
405.6009925486616
447.10750015690104
377.238796042023
382.51030887159664
393.5964250805381
488.9797461066339
376.95269426488983
470.91204089850635
415.0191532335887
378.6318596661553
450.8905040671044
502.90434865199785
380.46081039247036
399.9189529778118
451.84129928068256
427.68677756565035
404.7457841170067
381.45333485588105
381.0783513128272
387.9196505192701
405.69422338841474
420.9839007385154
433.26509753341713
385.2694970718213
471.64782862859363
405.7580689609527
411.64466352100607
401.8843486692165
420.1376551966366
385.972237803407
376.5896619401933
376.5177942737859
422.5634372319517
518.7303301891352
418.17014612942734
416.0980995640433
382.61501935439514
403.46723357580674
380.99135465116916
407.52972034168624
472.02705554227265
473.9872681649791
380.02815974228236
403.17308590702885
379.5037405596261
380.3556890837306
377.8502995046037
487.1676918947719
526.4895873821197
455.54585482949625
408.9546805804024
417.9471304841442
377.9669233086947
492.22948583930736
503.74680718731355
378.9446856007965
473.4173670446519
450.99345733303073
388.28892363028456
383.73300887632394
384.37468477744216
384.416997882384
422.55130722491543
377.2264824272423
397.1092400349907
387.222769350157
378.9079264599982
377.4010234864535
377.8315222117419
438.3291192370106
375.40360076008767
378.8310950747252
410.1572883370498
