26968.689725954697	75371.9996749402
32999.07060548126	69659.00991343583
25006.811116341516	72495.19546013701
26671.556089379974	75012.14272651773
39905.681088738624	122497.67879718926
22428.648480094867	63913.06211780772
35016.90319726567	81627.03368392364
28406.901332595284	84312.57895407279
23306.77240501183	66302.74453233356
24970.74089309291	66114.72526416981
36935.20125402585	79410.94620411909
33002.070809380675	84804.41933214685
43844.22075394806	108981.23485401734
18181.84742994282	56768.53166751021
21670.695447237333	72975.43568315548
37887.0940712843	71706.46876495448
24025.525555059576	64436.03719773006
21802.325360140036	64648.180985279236
26779.584638396722	58967.52361067292
38193.54555032321	99808.74729637823
28821.320847661045	63071.30352743202
25951.377544758907	87552.8361301527
34551.952308867214	65844.13698709087
27316.293137365734	68193.71720894052
24661.03846980605	85254.0230371789
33349.73892850561	62548.92539838911
29779.58828384242	92238.5414497721
26442.06243927955	74415.9965385453
36803.69672951598	99122.12889084971
26854.397030570995	67376.24918938446
44940.3753474846	100875.88602508578
32724.01648847744	70440.26456305741
28535.02279141377	67119.72245963795
24091.91189147821	68102.08204131432
35947.79134373857	85135.28050203098
22206.880089633793	43617.617305793254
41893.66793594775	79292.35050840085
28773.999568106	64759.331761161644
22646.16631732829	48833.65504246723
31175.591716150528	59587.07698191923
27632.357928450587	76897.79758748299
35577.24510243829	69937.3424464501
27431.4654983181	81969.15841294765
31346.007625560705	74397.5561073196
20833.55238691549	68965.43424772417
20241.388158963156	58311.27356149249
29355.014642968556	74253.43756836365
21698.8632301506	61568.41933491077
37419.81662318812	71546.1575274865
39754.909206258395	116746.58113529727
20128.70890798946	62039.042794837966
22481.48953540915	56892.63249253113
25375.03370886916	53343.249492993695
43619.82681665368	122612.2640969831
24740.337198992736	60694.691460425274
20417.51234068634	52988.28564251041
44114.78693547896	121134.99984357152
34311.68581241438	82784.50573808113
33230.2787708302	72159.85880848594
25759.453815564062	62763.2789601101
22593.715204868447	64062.957884946125
27552.87148982534	73715.29264152246
25898.577871339137	67775.7932441375
29945.578089043713	81585.9022154407
25083.90157676788	73897.65955284446
27460.811040807952	88945.9418302778
24365.88307254825	73665.22472105183
26979.401636878207	87202.89788918893
33011.96227436098	92529.90391179993
34921.93511823051	101679.49656372744
24480.422526479393	79690.72720492948
32988.02253894558	76565.88905031809
25505.66737222314	71741.75215950746
23805.952974925654	52459.92322910429
47310.65754679744	93419.28403855755
23912.25535612928	71826.38282939498
23025.560712950282	85353.88579180201
23304.3794532245	56404.091890154305
22504.650865495674	60859.402873715124
44895.080040304514	112242.58067140303
38849.75722102929	82403.47913522269
20375.808745030896	60050.1930436048
27414.104085351206	75898.69200558003
29449.881379731214	62147.8640883848
29800.580224043104	64871.032687610576
39766.344388458194	95978.30148277777
30420.610330308777	76123.6674410294
30706.140983921592	72371.04809162788
28589.706677538874	81575.88315882035
20731.746241428	54300.6635961308
24526.737740577846	78330.9027248398
43679.34975898875	117201.6869411332
43026.75614870945	108839.19502739109
24892.386395303	82239.20911261262
36731.313768666296	72700.87871881557
35147.01635662684	90564.34940388714
28479.541413076033	74603.90409261838
39448.61952468644	95562.15530647486
24702.103877615955	72993.66690530612
19205.015467411693	56992.40733653429
26612.321541575224	61230.06385061881
40825.57852025784	109430.13893812109
34449.0536424596	82135.18945333482
24531.707065939423	74498.93128300658
18351.40650801898	54128.47755153045
19902.57648721654	68567.58336388272
20058.343809406873	52895.205086094196
28692.731444192916	92541.98462291138
27162.08083987321	85755.82573627938
37760.379556521	71772.34472986458
23007.89961263626	52581.409261273955
41067.84717320939	100593.9350828101
29031.626028099116	65072.77410716458
29631.473921721696	69495.54565624357
24280.6552411893	59602.44995219856
35902.751774391785	80438.87995897843
22746.48302100231	60526.203848307116
36898.78713107554	96374.87740020703
30235.046426965764	68505.06150886006
34250.92564048337	75962.17052925378
22202.083752612896	67806.74077593634
23020.307120378413	56397.293050159606
30613.227231046763	70213.78042757227
42089.56261253243	111139.25904309374
31999.92968384274	56251.381363942695
42685.611242215615	117138.7268492913
28243.08812133003	57855.10209316923
35822.91789205584	90736.54781870359
22312.927321153526	55673.422720171984
43113.24374097251	105767.24001965416
33082.18809413876	69265.18810120337
30486.2962401915	78489.41571109617
44936.42100455995	95721.66177593355
24252.446351668823	62028.03343166673
30188.55019745638	66915.89636407864
32495.121858037775	71823.3426566133
33663.562733442566	98911.9563452353
27722.15074190239	71205.66106708272
34901.84959253793	76063.73748234099
24130.33043450657	67690.59313326061
19186.92713118133	71472.33755854417
22947.073959028334	58110.66680310955
27181.63648973726	71325.09749288436
28421.31185183464	72827.46653228217
34590.585645360385	111875.04651018254
41577.10552154688	75352.58674292154
28579.255684938413	67900.09724149274
20920.3641793058	80714.79822183932
19932.85676063	55299.23588420451
21038.610119853365	58080.31494024757
40476.63372347589	98098.66291142485
28856.50180803523	74385.54923100608
28943.06581500802	65565.45482425771
26206.742643587942	68759.70938616018
24420.526573924173	55837.32778862635
37684.90071393601	120450.56717453255
30131.711166490117	73093.78457284311
46302.000754242516	115208.62095836224
21795.50888587208	59109.869966976315
26437.39406484829	65413.19327384218
29763.020043202625	68405.85392468247
31587.20339949135	73329.06090821906
25572.70972902492	70738.1210024352
27028.343811596704	93787.95108220904
34552.87503027251	66429.95689650266
25860.014258214564	57754.82630068644
30199.699824270465	66164.08000823804
26065.226395890648	61658.50118769418
29378.675146592912	70399.34744410783
23664.59558960505	54829.05943652275
32815.44905202222	72183.4675594671
39566.39019164042	88198.10434792867
19644.859471138025	53379.012825023725
19854.570082331524	57145.175025063756
20758.160072819457	59781.47487293691
26659.63395223628	67371.26540182496
20360.572442474513	53564.95282513734
23162.138076806732	61860.17707536725
23265.123652259826	57471.708242310306
25329.311758158496	100703.18056355872
32674.25719428739	70574.51656642032
23424.850987178535	63497.80969083059
42760.66693243455	108697.55248622279
27460.308468502993	63920.58799025346
45859.49346726409	108433.41231240108
25176.954404150456	70548.833946914
38410.44202155673	84398.21560147508
39788.02671058867	98416.78159941838
44549.90609478875	98152.076307611
45372.99203019118	98581.89409380038
24016.735262815084	59947.67736891196
32283.522673759704	73825.5882865111
29351.80632647866	64083.80546008653
26333.050569463743	77873.24054586198
31380.687919754004	90068.2811675819
24844.137109875996	69635.39702795887
38872.43655588083	94929.84352022188
20402.914923048098	67091.50340201109
39148.972037875574	83809.05876177657
32296.209892328225	73373.16820929585
37013.477690824904	94809.19615640228
30467.19168627328	108125.19699427228
26145.93473244039	75942.60608318548
26200.110223546322	63370.37417256887
24773.813644251157	88428.7404342569
35131.69370727503	67740.16768705918
37126.517879155515	138616.31383421898
29833.660283075955	58041.99301294554
35743.117716428256	89969.35230386085
27793.049123708915	65855.1549527631
38267.66759614019	85609.28999563376
26705.124840678385	75441.49701244304
30373.87028255125	80156.50830982057
21035.219615053335	66914.92860431531
26861.916438070566	59050.05902597097
24259.17961878782	62628.769531601305
26413.176718398092	62396.14912908157
31092.490285871612	69572.45719620501
23373.870594129443	82257.03869583858
23719.41813970705	83824.56454123504
32508.99454654133	93252.60201698793
24690.853960055632	79790.44214150052
33579.10097889721	77098.59743079943
25497.50936016273	76864.02953162655
33303.708934261645	70537.02262622953
37569.00122855916	105230.815168157
32175.03746955138	79770.70074301098
33367.7337830647	82727.58314091324
28893.854346819917	65397.46504178651
25944.198414113765	78380.27612975857
41368.93306397485	90411.74185739027
28326.678186739067	71513.77052877458
32193.575658005528	64717.1884474574
24105.30355145201	68738.49679607367
26538.985094499272	73242.03323895669
35099.10834639398	81444.13264747708
26232.846905477127	78037.59087988322
25402.34513224341	61330.966628176466
34316.66526034561	93115.44927505589
21132.49580414124	62987.43764426808
30436.772093571984	63546.7551864177
29882.490935194797	84333.9750290761
42277.78070979318	95519.21926748467
35848.34251466507	82902.7208526417
31252.556415477156	60889.26439504269
24249.775680316525	63575.02899020701
47710.63083683596	134153.23173905432
23337.210684596863	46986.92299174295
37939.45710900135	101809.37842446467
40145.53713160423	114004.38297303389
31030.316827798753	66243.00960651186
23571.761190498688	66342.37685130587
47829.14251156157	93478.0304205385
43948.12212292203	118900.84364918307
21155.125197146703	67109.30972642163
25602.531389808944	64175.85555328952
19108.799659659824	61347.591900988
35925.50331960428	93518.92248364488
36901.25932374636	125624.5610190703
21807.97469778076	57225.53014911753
25488.608258699685	92135.7693724576
35149.49842374898	79774.7386544749
24250.908836916315	69148.02716549022
37533.91079063724	85825.65542368985
24868.886915722003	69602.10980742132
27864.480885874982	75003.96065275985
30544.70892074405	76134.60898973774
21715.278183764258	57117.62541507908
26259.750995219605	54209.44026374928
25014.652830937863	65842.01485630323
30817.028312153067	73348.32666427983
37585.47726895384	98665.85538337543
32211.33209442166	67332.3154797915
31158.834807758136	105257.52086445646
30269.909138920688	77982.28235011223
22241.76503923931	59088.34329869384
26678.939805494076	53915.930114817136
27574.413707332104	77330.99355522635
26502.282789806683	62482.9332139453
26582.881621215325	60546.0502561599
30027.823315532263	55505.28285987532
23334.174466374876	55950.422682562865
25858.481595211815	53277.61547527329
22527.5005386634	57337.476130471696
23616.61606748458	71057.38817531387
36180.56326247341	93066.7345666621
19640.0925418234	52379.75794492791
23395.330997285244	75213.43821599495
21677.721962828913	60942.596925788544
22020.547328808196	57247.13864470483
31406.11838818828	69011.32693108798
39635.10244117672	82312.89505284598
27433.689861083985	70926.0739684072
26114.185891229645	49347.663440709046
26040.06445258869	54139.02110436935
33162.56994151622	81824.22973895395
22272.19206908304	59293.18274496197
35269.903689912055	89487.78830755128
17971.60542061148	55092.402112085285
29632.31132912483	91771.9183797908
28699.557453963636	90539.53672899812
30869.689499351545	65899.02259621935
48208.03059238133	119591.10027899675
43364.977973561836	95559.42336793797
34394.69511158134	78055.75245971685
30978.02273650001	95853.44421147139
23677.02303585138	72977.9729751952
23411.683550747526	71181.29411668467
27532.011433681815	67473.33307863546
38311.269743784826	100463.09282444621
24950.007925641243	71700.78613790107
53103.21916715229	132719.76813544615
50791.61173979471	99649.34596897858
56931.892582533896	117072.95287330083
34908.36466799089	93352.90274565128
30195.395880338405	87706.70621642076
35308.29364031901	86719.07666486684
22874.811981140723	53024.42536778921
25356.802289588544	70035.54633522463
29031.49367896797	62026.60502247763
35852.9686128653	86631.11803593597
38992.43507491323	136603.45058414337
47687.885097195176	107911.26006257944
24179.479495090374	47790.11282471218
21919.063250702347	62185.53010516171
31794.193986508897	68443.44590187633
33864.799180380316	89166.10690786886
22344.92751047749	43234.966878130894
21552.332437660454	58627.71541779712
28466.266119084812	75081.75321889763
23763.55406418319	62550.63669361058
24230.667667999107	62631.64966052942
29659.82285704759	83488.21019940947
22920.155441352512	68493.50550166405
27572.646056168363	76086.38606954123
22459.28228759251	77041.99521801989
24129.810603692746	62904.41457618642
16241.152390126725	47074.26579345728
27786.889585016535	70035.6264576444
36847.62342561819	98476.90885896605
26924.961375555788	70663.49463954539
28938.423029116857	67475.81077756036
25763.79840307986	59960.16383046878
28641.9570548418	72467.88287785323
31095.127468207495	61810.55708339291
41134.70178783027	116681.84770367217
26581.265383753806	70351.02978745966
28468.642776872875	74575.90877527322
28635.521603777746	80588.46947133879
45448.97436501688	100377.4677996367
25331.288740557393	60981.51151371304
21938.892161177326	67994.91929364161
36390.18173022401	72703.65021927549
27123.653546038528	83838.30133782043
27515.59500109699	64987.3104736495
26310.40777177979	71090.50475302037
56150.69468028781	123361.64099871546
46273.351689043164	105144.83132073621
23045.835868920418	63453.583231623175
26050.73677333405	75214.63200924704
21678.181612889894	62597.19139503415
36248.67781932975	86565.7702764934
30998.141746413057	72156.26558742316
45430.66618603626	108406.9695200478
44763.32648728859	111375.48484343555
30484.61637334364	64866.43222939362
26640.58434797563	56506.98038374765
30887.272058616403	81217.3197766399
27137.520009992288	66503.79184731576
24704.171114214587	73969.97738242499
22051.533797191194	68907.31417963476
28285.419853995212	76824.97732734239
23114.17831797033	62856.02141614542
32101.34362396998	73454.96661601868
37439.92238244201	92767.51216922708
39911.06250591486	116445.46991339859
25432.809545643104	80915.42105534185
38259.68371408801	89139.34717717291
23835.129861187943	71807.15726905511
30784.74104466845	76308.45227829122
28204.02633542835	80686.75582395824
34220.5762931647	102489.69647428679
31788.45317463179	63646.69899954788
25343.14442889575	66109.3191983071
31185.75676947261	69166.75699244718
22835.225867176694	61187.65604066995
20633.460573944223	57239.626837987955
23233.710390393113	59651.20340652291
35719.92303301171	91387.02201350963
40724.31322989942	99174.88882109892
40694.50314481013	87239.21337334867
34808.29583254529	68447.71931128144
24956.183383882202	62714.46078684831
21179.836951813384	56846.73699288195
38520.788727219144	85714.7931500247
25976.634630678465	88387.25526230311
29064.864699787013	60641.51937978105
43328.48888965132	110230.2149149512
26727.593592816324	72544.57579206674
21188.73261222126	65477.20919894335
22999.953762711182	72972.5985593217
22526.874118088985	52177.83419119776
22951.8140836757	62755.465438198495
39111.298087374525	85809.3985927499
30288.54731252908	85298.24065027651
21329.303043878936	47255.7838330975
25388.696436083894	86198.27689012534
23963.35887030757	58710.61877137519
22285.027228594452	60024.613756622035
49311.92971546889	87733.64897061225
23120.27963100481	58630.02378127451
40165.07766212637	82552.26384963932
24013.625978109263	69690.90798789207
34315.415057542195	72317.8733855879
22117.60652101184	61194.7437195394
23603.474023714436	66693.74480961262
24195.270020153017	55972.657098061834
26705.66955527581	87115.34072104498
39882.549231154786	88643.01608547736
26419.686480087614	69938.30679303019
31335.959748031582	67359.63252821793
39432.693503099166	107128.460570619
44525.33387002624	95767.41196894541
22268.466202577267	55241.34747849554
35489.16120684233	87415.81468078404
26072.6200301779	70162.43461102083
32083.90664920774	81328.51472502902
21783.523058503968	59948.34663815009
41501.94182619732	87827.71016591527
20875.378035307996	45568.52260669367
24934.38182067133	54233.26376777608
28116.27800986123	66856.15568946129
29944.132882434373	76232.82279925366
25520.714587873357	74076.63455575456
34437.365208997566	69403.14853404673
36607.26450537724	77386.1061335072
26275.5453185637	70645.1438870671
39932.96552610154	115396.69393608176
24855.931705896346	63851.72049418632
20141.311644160764	45235.51585611813
32573.101068156637	64433.36687920376
47871.72222000662	107845.14016356076
40511.10531540859	75559.77593460566
26105.848666807316	70031.2128894741
25610.88321901679	64908.85103223655
26706.816905132102	70004.67266980738
27650.66700671503	66065.42667967654
28351.91644020962	86777.6137892384
42780.97082565617	81051.58933013931
25735.474280345155	57828.87584620813
23114.4761193831	60115.90763799103
25927.945009895033	77178.2503685135
25099.90724487111	51669.88266741616
32583.636853478194	79326.55142771539
30624.152063032416	72154.48819879217
25050.914459440137	54676.88228901326
26204.08486231937	63477.65811967095
28372.243316752596	68919.35414327703
20077.908544614795	59703.93073626289
45930.72111902201	110365.53287320465
40039.000897777434	95340.09189760244
23475.458333049988	78540.0989931415
41956.178094383904	124219.56324684988
26179.136658567433	63636.66530477352
26585.27681023865	70590.87654772389
25549.555197097783	56475.17683880891
43523.77726848566	87014.66759685968
37047.24916520731	83155.2671843211
33629.51549209481	78923.96777353395
25911.085251584875	76241.3221854523
26153.96621015158	68070.6579380158
25663.32927630666	65720.65627600197
24995.33328591132	57675.57428464138
24223.919611301095	59694.022792936914
37899.768568790416	84298.74030626968
43797.54120904287	128310.97701426248
33284.68829364296	75188.85614670062
24139.47596916995	65322.35901805851
35153.566591489755	89352.93372588034
28139.441083791302	50782.22365453995
34067.24540284726	66504.89668507042
26939.516501255686	59056.41847262724
27041.30129189621	59334.27570621189
32509.500781962175	75963.59167044786
44529.69489308841	103557.3911997529
24979.788883548485	82879.06841546358
29326.069275816117	62570.54143409127
30317.958858655547	71706.37114229955
25611.17659160037	72640.57142330904
42684.47010193362	97398.44317106811
21667.78426836604	76573.03307471094
29702.54820815439	59462.109032052795
28941.188141270355	57620.07509113559
18775.354229195837	53580.86091945938
24020.72029378288	52510.42925349228
33847.44893649976	55738.445076065225
37595.07124170665	81552.80787385075
26173.50757925358	54805.254236891196
22269.944381602498	53194.55251777963
27289.09252461396	69918.73065483669
