6894.594351400938	19682.59984117167
6155.533245551418	26321.555301680848
7143.417752971855	17865.338166478756
14631.726402266806	23089.052998923882
27247.284555524588	73439.66701562464
4672.01567371058	25345.862790064766
20461.137597832283	44473.90095086475
7326.478131214679	34247.37398811868
14981.535250345874	58192.29346871155
9459.054178362858	27537.242501091896
23210.32139624685	75947.94985662098
10745.43992758777	46217.02199213605
24412.304927838028	65538.24447602607
770.683139143461	9123.977875779026
2093.0657324429158	13869.30230114029
24798.195815995517	59896.60202079464
1020.3771561469819	5838.747221494027
4476.3705156331125	23439.93300126696
4378.234726125852	19365.70616600445
24784.554391338315	56129.65204451201
1860.2606818881077	12376.753888186582
8460.105653804701	43146.5155402177
8710.17370881595	13220.881159080747
7909.195993854172	18325.516915870336
9877.566485405514	34691.0817284212
13565.001031623502	23166.306027540664
9916.571275591079	26004.91701445526
26085.406675256534	55056.33504065287
23756.600160086113	50514.63354957331
5513.650982640131	25737.08950130863
37296.04314078897	92171.26716574734
9383.333579811406	25340.86543988196
37835.656229708125	93658.28690182873
7815.967182154446	26582.933463791087
22355.38965654761	35326.793633579924
852.8459215790584	5727.669642657849
25249.196710843367	38574.857639053196
7192.388554738545	15568.534077408161
824.36191661104	8100.890827049592
10466.372880743209	8497.353710673815
13543.947773803538	55981.41223248504
15048.635735850918	28274.87634722895
9447.259783444095	42109.16020844478
7011.263591723999	19793.70994575265
3104.0021064345983	20235.963924769676
3058.732945381331	10777.285920780554
10654.6483334888	18386.45213365144
4124.09617320052	12819.339362246283
14481.11572935576	33271.32635848089
24259.454739644796	73081.61764947706
3858.0421856663343	11555.34474519745
5080.901208249296	13608.343777704249
3550.871806277959	10931.153672035442
25933.14946067355	73383.7523417277
6838.55299878599	10302.226624680368
1172.8372279816747	6249.466934924189
27323.455360514337	76080.60097725496
14371.99446281004	28522.444093532507
13052.115305935047	23664.11540124514
3849.242340783633	14176.773452884181
2369.6912329711076	13580.589926174558
5449.568349616151	17963.453205966707
7197.219126270659	26382.655920134228
7657.7569910847205	14460.370963327608
5956.417718819372	18012.475989803123
6263.909708005731	27410.05462003205
8086.985993848173	41103.282352739254
7975.7208427617325	43396.86767159603
12086.162039405102	48923.43060231807
20078.631854254498	52220.83694783661
6132.701979598873	36951.26244772391
26007.64016600575	57325.68046885867
3773.115095116372	11981.740585691663
3336.3986672721335	13495.575915729481
31430.323452412336	60370.21162038855
8577.57830449464	40917.71953101558
6677.820758288982	29514.706296789926
3079.9773093513827	10796.49985185907
6186.113955102758	16980.667079836392
38263.44922378652	96732.02330565163
27720.467679010384	48717.77105986019
5006.319164424372	16570.981245709187
12332.445571403488	23238.10255505485
12826.549435085311	18469.512800476787
8943.237325135578	12548.550115074897
25973.600120775845	51998.315430562005
16967.94103496844	23934.624083432464
7196.8968604669535	37057.18538930405
8386.014715801284	23227.95464436685
22162.096449711782	50422.06386362044
5808.2652013658535	25556.375253826736
34319.058625436905	82752.18743864525
35584.677964229864	101297.87720830017
7787.9774209754705	23184.11973885349
20932.744490538385	36435.075704056
14172.63950211502	23877.253553515435
9803.947416449777	37393.253503596345
35013.31421736322	102945.48585522111
8907.21369838744	27950.92632231931
2942.9559235427664	11298.085611391705
5595.1347553024425	16790.10276531705
22708.992029756253	75997.89951728456
13757.109671573347	38132.55479626107
8615.591152972167	35682.88487759609
724.8237370298116	6687.536535406995
3531.8409951822446	14609.936055607317
846.4440780561761	8018.880380682437
10790.846449249833	21380.290646842328
11182.111338519902	48365.75407806977
25071.505547099347	62205.71206341687
3415.3118677893085	18811.148914076915
25979.835674551316	79597.86235480547
3038.7651733501993	11270.302040805167
3611.275089251075	9668.134608986507
4310.752397373072	11499.098578075247
26742.25573807968	75095.72114502054
3185.3669686486	5304.125964332923
24439.516845931616	40777.99122554678
9011.557040618576	22101.868745254393
13006.007900781857	52778.638960942015
10298.270471359963	47481.59939198646
1558.5176500830369	8977.695741285088
11144.685751874616	20124.277817550632
28089.9447946649	71316.01763536526
15028.844851940088	10198.656313015339
26069.59708673638	76497.77217125698
8922.767389124303	17154.60951152734
17731.54379517561	34278.775718392564
1155.7656428640428	6184.603448456048
28359.823013125657	60943.63719825177
11880.467173750856	10509.901549080969
13713.340844659768	50937.70067283297
28899.126963428716	54852.54195722751
9358.90112084816	12739.008682023616
7717.647228640574	18359.10701487607
13515.565076975545	15203.914766391637
21531.74980386774	68230.82687978547
7857.496919275121	25297.170319799505
13402.465736422027	38167.68056791522
5991.813376292197	17433.63521957956
1695.0051923902474	12385.103106146767
2276.977521410638	18438.86180908513
4939.688276076966	18164.892800415753
6125.636172617497	23024.416542711995
22926.8854566807	74355.69481346963
30805.934128632103	41242.38073762085
4229.668494118588	13513.70881914742
5208.797642010575	32585.43660936774
1292.0486065184245	7970.645231808472
3600.137460883918	11032.046518298155
25072.400604320515	50482.98518285354
4991.694483294145	16852.25213112634
11121.343548632833	19448.679048287362
6592.379876123809	14021.972767888847
3153.3981096515286	6567.073648466964
26153.854637009696	88980.11476075159
5827.217773889024	34047.373762602685
34219.17689824053	69168.08225825922
4221.558547914458	15632.044414487222
4148.087725029889	16089.648753163228
4906.198971910164	15590.718386165114
12352.981481165672	36055.3842657155
6270.486822131521	26762.21378086394
7828.222441112303	49298.826018604275
24199.137470399473	61414.86791701288
4262.591347353584	9297.058471790226
10865.415312004996	13369.831160872121
4194.013627642044	9213.628146013769
7804.526653096753	27831.824253635663
3624.823025580321	6425.976255462745
14575.607958217635	30788.458439883554
27210.041138261833	41813.5537512326
3107.97993467244	13814.774959009937
326.6901951785527	5024.3088222535
3571.014638716628	15000.38853213144
10287.69805945988	45659.04333563534
5700.104591063173	24903.1417070684
5064.556902631699	14452.149330928081
3487.021946165082	13491.2169843503
10863.687198675427	52386.0641125857
9008.007952781432	21531.14810842118
4533.472153452526	15759.279783589054
21443.50911125695	64630.258674634686
10355.086631839606	41797.61684286382
27608.797618109777	59206.89696615633
5028.370286394624	27551.347140814734
27945.081037772183	68756.3896274327
23923.682940585295	71036.39503750508
30773.54276412005	59645.74615519021
24161.902644326838	60386.72201279059
8914.629855493631	14440.202187633287
10876.908147621822	27311.791900823267
9455.675278279246	21477.89939239649
5232.922164446723	34125.963267734216
19270.75615361658	69080.9614787576
4231.561488945357	20348.608645805925
24946.46208337127	59775.1736534259
2573.914895743007	14286.156211199495
23073.384063544443	67059.46726782269
18829.99484446043	27195.79857004728
22364.45733371017	67390.68780825319
27093.77420535302	103950.64845040653
5368.330578085002	15185.458246281964
8183.086391574345	30183.5868916459
8674.841690622645	29475.11775789731
17436.166129035155	24253.348121569863
14661.587611699331	75246.84760190413
6810.035192068346	11832.098943855031
23665.016630619713	43275.064069092274
4906.850103337849	13985.480334262616
20497.10547198142	31398.294125518056
7886.325653831055	40235.341258505556
11446.212472497496	32796.31354755416
13510.480026747875	63021.7848840843
4033.724081967698	6380.265128220646
7465.225683847454	22857.619078780986
6893.334892718291	13830.130891119232
5964.618650494446	32764.072879213152
11533.455346549386	50765.81875056401
6863.9489983257	27382.498836593168
12375.565515665074	48580.502825561576
4785.299361386476	18948.503751930897
19132.75814365127	58927.70896895856
9228.005967607918	31614.594171894787
10466.532006059257	28237.161404288097
23431.82057016099	53724.85987777083
10459.389600022836	23171.850859168706
17363.713794672814	45238.514366840755
30668.052555292055	79223.55080531708
8411.054610124596	32824.1535975117
22179.947818478468	49169.78678563
7466.698618409456	27056.306880888736
13173.659019866387	17354.709338550678
3470.1678980333595	14905.908801903823
6671.844075637217	29608.637197431464
22817.366258300728	40150.61886436119
7378.255433910162	29189.22764328105
4029.666898700413	19030.91208709134
18993.43885423971	59074.13547055707
4284.998317253155	12562.398195216916
11782.1389029993	12415.268296707038
15072.925706428843	40191.6249165996
26120.052908980913	57373.93364243219
26582.204758573986	62604.85222815615
5472.869694514673	11958.418086920812
5048.325905465836	21342.482870561078
31230.14005006556	94159.25683767727
3909.945934850569	11287.51728058811
22609.45880319771	60183.73239654447
22529.22066598352	75097.92826723495
12400.556055768246	17212.12570338903
6777.2995625975655	31947.400087882103
26631.116672578893	46908.52541120452
26506.730355039675	89767.80143932092
3966.8664991826527	16327.350196134395
7942.637049428682	23636.15588447633
118.92064111916247	3627.913073575303
24953.34554667477	62371.53227572752
21329.80194250553	88684.80682286706
4678.639327055945	14467.712328959282
15266.441098813499	49596.24705419553
28112.62118782381	77352.89493165648
3991.4338156761805	17478.796368303487
25469.22194452046	55301.16280406098
3688.9210422168167	11580.295357064355
14788.353719464802	54146.8930617386
11567.0484223288	19324.99946883573
2524.7678918295046	12010.922469979043
4494.056311298987	11324.836802714592
7087.3337423503735	18423.591724156755
10993.106001159875	42359.54542050488
22369.95006643203	55279.8211921346
4827.974866960415	12476.542552380386
11619.76144420676	58804.03859847125
13448.010606219435	14104.105781836786
3323.065889909374	13761.174226756963
11784.641439069117	18101.98214116039
9574.235603371824	37662.96774826606
3853.878262779288	18961.1402302902
3262.4023848862234	17248.60692982807
8201.118294122507	7139.17484360035
2546.502229970185	12251.029846227802
3559.602807826755	9568.501938963991
4140.518843223652	15156.67820327205
7787.531743156419	12354.730068208337
29712.322819850415	63727.33400897695
1041.3912198690641	13656.27709001329
6039.606535818891	27920.895958742614
3497.872397418774	10630.517819570046
4093.27693157509	11134.622642411012
13236.986956878773	18432.871641137666
20427.632937669317	46968.04121961929
6279.162487232833	22087.550270444946
7232.425630361932	6708.823674373558
4284.96700102762	17008.999259442084
20300.469474938123	43795.970423575585
3885.1344660726613	7571.558170607385
25824.481346288547	59650.00480012446
1670.2554061246224	11707.85551686899
12078.594713100103	45137.85619910889
9643.268771221254	47089.99054285298
11364.009842836389	21474.0414386619
33270.084573316184	79316.39220973199
27582.44543644209	66144.88409254758
18095.2993941389	24469.57755323107
10273.18040512445	42554.683219192404
4485.890039115014	20559.521851148067
5865.754330337872	32477.610706630152
5720.119846824658	24981.25628398777
17747.133929888296	32009.67164070658
6422.8015067770975	24113.591025568854
32076.470665929977	74810.32272662873
36238.22940565041	66380.54259932351
25661.742691976775	60573.403514779064
15496.01013729667	42715.088013590255
14951.308054090085	47980.0900827132
14274.915990098003	46658.47520711075
888.0379945195369	4587.184123576517
7184.822402624704	38285.65112601452
5096.248619833883	18634.871780388265
26227.87615124707	75835.91403449496
26608.957545013625	93964.20755873427
24482.109491600484	69286.95591805944
4130.497509222993	11136.013136170357
2311.628805815665	13684.682393453442
28606.17617790309	49438.3894442907
21684.72818041515	53102.52390319647
4461.295068678405	7949.382039950828
1363.2261065793657	3128.738278523647
9324.842247665852	13955.324975455249
5025.228631427063	15025.289073494281
4095.58461290573	15682.055748041477
9975.531136668236	44578.741237347545
6899.011649376426	29622.05327391713
7077.374586172337	28906.142302537784
3736.921270564243	17862.55424995158
6633.173685278748	32848.29388423625
919.1729561706989	4549.8616728916995
10377.658160467567	29855.60241060234
28823.34401698309	87289.58000626133
5342.425780388231	15586.24849770845
13995.84133354103	18416.392562538353
9318.12204259791	17199.263330120815
6683.084874104836	27644.253629967166
7528.189710028557	15218.662870117398
28225.370432493044	81761.84286683892
2991.6637641935545	18872.56519847853
10803.806056549802	23974.03333520556
10239.32845986489	30920.97037720275
29751.858247039312	94879.92293325707
4901.348245492463	10254.492474692928
3247.727337551215	15857.448218790369
17983.96895766926	39753.31044502323
9181.396899875435	37481.372270404594
17063.211358742534	22582.6084680465
5681.708563394035	18382.441934608338
36804.330592735176	77808.53537583833
25946.204672850967	77800.93432766588
3449.149669023759	10548.645415314937
3824.794075042524	12966.041407971248
2092.957494890638	7157.702816788142
20434.598187924817	37873.72715528914
10629.764139156996	26595.4586484075
26772.739825569435	73488.43436235204
31141.55694946126	64256.53302889099
13225.574159524162	53896.23396098183
4167.75794721946	13187.0418244965
18883.581461144247	40604.12601083787
6577.22347076257	16587.26539034986
7998.511190661365	22378.191505452647
2853.7103624767983	10879.159351270324
9765.864566770535	41255.867515711536
6591.312579666829	22214.841420139317
9265.77211362189	10766.72106536319
24342.638521455905	59268.724917669046
22628.93718954955	92404.52019285828
9406.0066192515	30112.377782469892
23843.104481152248	61533.38616613842
4565.617768008191	25434.218936677982
6337.884707775844	15045.688125915784
6783.65057424433	24595.34591340578
24043.410175484023	55279.72564965211
21723.9308047133	36383.19492125341
5365.828322092244	18470.132288175173
9711.295528453778	16528.03401872452
7687.986461187134	16190.252089746491
952.8639955926033	13606.692443507882
9183.245481778233	14718.064863256966
21204.891527693733	54455.87098427403
28099.850058278935	77773.29841524905
25228.647721049903	60109.26759541594
15592.567087915071	22774.53771445669
11557.757529421646	21071.65140181455
1264.5430560123286	4850.375954223455
25789.408558261683	58449.21962913519
8103.9441275090485	48952.69553923118
11860.331851105862	16228.180332588227
29565.1813855261	72476.03019925395
8549.392796148426	28680.1204208864
3621.336527190504	15692.436194938353
2410.3287914691077	18079.670284336436
3480.578559170769	12145.75878949247
3108.332454258029	5214.0080691463945
26852.079765887775	49113.26152523522
11438.959273241888	42259.764797732634
4549.074030092672	13511.204155128107
10383.757354407557	53688.44052567621
4724.652202321618	17757.70478355758
1894.5778089499322	11823.351494151244
27907.70034341918	56866.05148718766
1281.9719555759518	7350.870394551921
23412.41739957797	51510.74309101354
3872.894989229864	18975.945109222812
15018.703293050485	25084.02957932284
4572.52018050768	16719.537782720585
3950.5098007358874	20072.69925350325
856.7672877550185	7440.388841319824
7526.12043715124	33843.088936831846
22144.896040723237	47875.16467825507
5922.1650234878725	27384.524607471732
4416.612144304263	15140.067816628949
27339.814635079718	70345.83519614935
28540.565197705473	61584.73809093169
203.98667545924803	2510.202841242823
24843.50218721314	60290.05348548521
6144.907903606174	24229.12570753242
15376.145301527222	48083.219947878904
5774.0211164905695	21505.57998631172
23650.558162621557	44856.90428935262
3368.6173627661715	7914.888948345815
5098.853768152586	14064.98522414089
9165.60117202412	18310.706881321647
30537.47075371865	99583.08898846219
1949.8239724134792	12849.915342071698
20254.08977254285	59113.334417280115
18513.51025168119	46251.56443607202
2701.635738415972	13048.306767322834
26981.796781298184	72651.05357772007
8370.483832643247	14816.476760453772
1476.0232670274042	4119.721936624771
9201.191950554861	16171.383078344974
33451.80694163432	102432.16258620411
27055.454199888463	40899.74361240853
5922.272333795907	27505.030710339055
4304.137392661327	18896.701157443295
8124.878596439823	25255.356443767443
6801.127910985431	12665.88174016301
8745.75300933958	43731.60431835239
24897.222900083212	38272.335154797904
26340.54074391311	56928.34358407005
6214.695921176583	11704.781492278194
8520.1001437561	41802.41375047674
3412.2392292212594	9116.420202308924
15951.947688547334	44656.246639168254
7462.567143067389	16528.741103400906
3837.0649518996747	22202.03689626328
3277.7533196111426	7256.575241399169
2907.66565267557	12960.367576361099
2212.718455603029	8139.769631041817
25957.028443777806	57400.545118936934
22964.40103875508	77717.94779197962
3832.5296605307135	24214.361095670836
27571.20491965914	94712.92200395657
4135.93646804235	12939.345851407483
9748.178479917864	26824.00414578824
2894.320400106299	12356.556018730025
25744.78675682842	54423.26446146558
19529.11289049337	46425.711497108416
16193.90695428292	42546.60525159021
4422.314946315032	13675.43671838249
8015.263241189043	23092.057065158355
10450.56699051865	15496.488055357482
5183.7219841815895	11153.872823209429
1074.4457337869294	6749.964545477648
26204.794968674534	57436.45471043131
22386.32976443768	81284.15274973057
28919.94319595449	66211.99084456643
11773.734967960903	18048.482974729246
23424.635812796507	54413.41672213939
10645.533405252241	5606.5199469712725
20427.62498432159	28219.101931368696
18656.66958349386	63648.790462677796
2638.4328052022165	9597.255038713669
27274.642910201324	53918.734782553605
30475.574239115307	65198.88390989358
6532.756110443135	37501.993246682265
3246.379987766618	8306.698066776444
4970.109264237677	13329.978239180862
8245.187942309009	25236.81266904407
30108.332026147546	54989.35310959701
3237.966239692774	15959.652091420785
7290.314473928089	23370.061833623655
14737.364588711524	23665.496312094077
2297.405113525002	5223.240777997667
949.8311500465983	7333.328467978768
10899.717452009465	11636.911537379116
20425.435883193233	52654.675384089816
7343.423098157891	3664.948984026733
1242.0689267532034	8218.322943943387
7178.625336525482	28414.590172685683
