1286.2812587004105
1279.1221609886675
1289.8119026528263
1229.7722680384409
1204.1483958134863
1269.848718384057
1292.250242547745
1323.8418237947135
1290.2892639487693
1276.1849619034451
1296.9406559605939
1297.8385326000985
1275.0803627833902
1165.5722577046527
1178.9502838893652
1325.2842414547736
1179.5608845450693
1332.8315015535986
1260.88791731834
1246.1546779787393
1199.1212168552638
1239.3292011567123
1259.3002196465532
1286.7511730147298
1281.2888290914798
1347.0898352453066
1319.0965197126266
1289.5932488554154
1343.1174040913675
1297.2312424621705
1295.490658619142
1358.7969009230474
1237.6822616674913
1263.7612078377256
1314.449022138258
1169.5911729353652
1230.528229584714
1300.5992000266667
1167.850648531789
1267.5861534274022
1236.7588940863789
1200.059725425228
1256.3912163697014
1258.7393671323694
1230.941424854951
1218.8485031926796
1284.6294287945109
1308.248040575755
1301.467937992659
1413.0588861511364
1310.0187221376991
1194.6490335321537
1227.7368357534222
1264.7008785270853
1251.7714498524324
1167.2120349305883
1357.4520894395641
1247.6083447495166
1332.071579521336
1211.4779143205617
1233.8029937832328
1234.0624457481006
1275.7592031437046
1251.056254758456
1240.724009577526
1325.4188631807108
1259.4848382755838
1280.7433276788902
1237.1034494000537
1305.302293927804
1213.861510462435
1343.8598104184712
1251.0354428271949
1252.8883601088744
1382.6865936533254
1261.2601719410002
1211.6758661110289
1240.0057577485227
1289.621410412286
1369.8850919235601
1252.2769222094926
1219.0775128796176
1266.9425988002904
1290.860042629763
1248.3510098919332
1421.7164471208898
1221.6461766631983
1212.9269130436016
1250.1547806049502
1266.649408422324
1272.5057015785342
1351.5104599176343
1263.9860212558215
1267.7605020061062
1345.9711567370168
1302.502670534437
1239.1282044040481
1400.3884755426411
1262.384736476517
1275.060569722566
1302.8607891544848
1265.241502447912
1250.0022121602951
1249.2393784067806
1171.4267354633853
1214.6062710307233
1177.5383509661374
1256.4715101918982
1322.4990970365611
1356.447328300665
1209.0622501115424
1327.6099156984146
1225.7549184717377
1249.4491785915475
1190.237973568719
1255.489952504943
1221.047466054135
1381.7613166104748
1277.1687552915146
1236.1810453534158
1222.6974770161846
1202.6527480604586
1334.5187496726744
1368.6799807176988
1260.7578821262614
1275.7990236943533
1291.6104420382499
1205.7944009118519
1181.6147794604817
1317.6680860706037
1272.3678473383327
1239.3579746983223
1227.0477562200022
1276.9225084424952
1269.1307017217061
1271.1323275716327
1329.6455098658262
1270.0872023304491
1281.1293348167205
1285.5016000513383
1205.584051211821
1222.5893522523838
1284.6526418196445
1209.7649670544986
1361.5940875886463
1294.3625779825727
1284.4640957888028
1334.3060690622547
1166.600837976651
1216.2762064557903
1398.6530985235881
1220.5858108957773
1205.9526598770017
1252.5702369794808
1280.2877315185942
1484.6772869391998
1230.4873720761886
1354.3198096224112
1216.1805183903243
1223.0153857326295
1286.9947488760272
1246.8336011520287
1280.935621861683
1299.135839996226
1285.0275775681064
1242.3749675483396
1289.4838500085848
1206.3059676721348
1315.0588719981301
1228.5752500617434
1310.236312118202
1255.044779540152
1240.61280833508
1154.9236514205015
1219.898825106029
1284.697034744615
1241.7617229177513
1287.053541110949
1197.4240705084708
1274.0957572734362
1235.6569180548022
1220.5067243991537
1337.749843237639
1283.4482577322372
1333.072253861702
1298.2218405063236
1339.7714233609138
1293.1216214914075
1299.2433441444336
1321.25162599151
1276.1075043193935
1254.055521280036
1271.6180162082223
1327.6047951175547
1295.4466465141795
1289.8942670739093
1341.7731369571043
1227.6608679084663
1407.5266887925438
1333.6175711865199
1348.2289195603466
1221.1106812622788
1237.8748516918404
1291.966491280443
1302.130812126919
1237.680224337741
1317.7635976898682
1239.545169102627
1296.5797632999372
1231.4440993539636
1235.010723347627
1350.1063036394985
1219.6883990250972
1230.41613077269
1232.2121293377172
1277.5559453178228
1211.6578709612381
1242.4678524003662
1246.4785026870977
1278.7656490856862
1245.9351144665666
1242.358866211627
1283.4656680893356
1295.7609681860147
1264.5472855124585
1263.7465749955777
1290.2838751730487
1317.9551421254273
1287.232793439859
1317.5344196285098
1310.9405172546872
1254.5971666487667
1302.3849643468914
1220.248544448294
1281.359397797487
1282.97482178579
1272.7270379543204
1289.732896777744
1241.063525853704
1213.3457661502634
1239.400706038819
1226.960168934207
1337.5924465766823
1334.364318626342
1213.134996440377
1233.7245319520594
1339.7745533028365
1234.0338184950842
1281.2410847075296
1303.5736265335995
1296.1594725019054
1302.7329936099914
1323.8261001651483
1307.7380881351314
1235.1653954002832
1290.9331229146487
1147.7774792965006
1339.9798210065028
1378.2529492710205
1204.339491602248
1267.2846636393924
1341.0862042449053
1265.3088477744411
1421.2056648184289
1228.1849414708763
1317.7258809894142
1222.9440570360111
1209.5199563674855
1291.5667171198818
1241.138638618144
1226.9605095413494
1527.9788306535856
1226.6933691451584
1203.7737820339526
1268.2275532541012
1260.4332545987684
1315.7371871415658
1311.8171789183607
1264.7275162289711
1225.6441521845932
1220.8500828332767
1208.1271771421216
1250.865179507935
1248.8253025743193
1299.5205766241675
1289.7415545253023
1192.4648096230708
1256.4596908264496
1250.9033978543662
1219.2158174664469
1287.2239340086392
1207.682766963099
1268.1032390211135
1227.3570535742724
1221.3089671849505
1341.919542273131
1219.0679499703433
1300.7355948284776
1199.5133729009883
1295.8228150324883
1412.762976388262
1302.3482019712326
1218.1341065613447
1304.771855768353
1286.9606049568215
1285.996808906742
1236.6105448346084
1279.082716509667
1289.921897192958
1367.6583884135935
1374.698720322585
1305.5574571566854
1237.3817831430506
1357.003490885419
1225.210298866815
1300.4571826550555
1280.534870698234
1204.6397085286567
1242.6639962177662
1277.8197946151001
1324.286640063769
1335.725645711857
1290.548037566086
1234.0374424583936
1203.800369863563
1278.9145770976997
1351.0025455913085
1236.138402871573
1196.6857825509724
1257.8578756713155
1214.4723513954136
1280.567546119428
1318.1366544569985
1366.5108065175536
1249.1411739181676
1244.000366537851
1324.041297705709
1171.6573336722054
1301.680695298307
1339.6864059699058
1277.8821781060878
1276.3604861221238
1299.7329420192575
1245.0085540707505
1304.4572521670607
1240.1135418121212
1227.2698854597015
1289.934482073546
1211.2957060202853
1337.1449997761474
1242.1794372780362
1228.775020228971
1299.3704346069076
1244.8951506672165
1295.1353400194344
1209.1231552777522
1277.736720339256
1457.6003565867777
1234.5289058724043
1210.3189405590483
1206.469598306183
1324.0917995769894
1259.0146685101963
1262.7061856561709
1429.5886124955875
1224.2804785165163
1236.1978258874522
1313.561485207807
1265.044149851271
1301.706406874149
1218.9554052108688
1296.1201342607624
1194.0451510401615
1254.1889342556756
1303.8224523358942
1303.700506828758
1294.9597156103705
1334.904193967739
1233.4109272343358
1265.3924353024217
1292.1154372969395
1398.8687979970516
1274.8281740425177
1268.0807087090725
1252.922453626971
1232.5137248173837
1172.5891286812343
1244.9677720237764
1344.0154442510425
1250.94438421939
1269.0810335893966
1264.3435575324893
1239.791920179313
1192.9753822159234
1330.235986847987
1317.1261056773246
1286.0649713889013
1379.817500526031
1224.6052759268132
1229.06428715497
1231.3584494654503
1217.915997496061
1201.2870458648895
1262.9117096489979
1291.8620524140056
1250.5947997750052
1344.197452604476
1245.0220642634963
1183.2910738241017
1329.9345211503583
1196.7336663238902
1282.6795195572192
1272.6924647114843
1297.816017789355
1316.2186293370303
1212.038484511857
1183.405813808477
1308.0087708022643
1285.9116365062066
1288.9170004308407
1195.9493603342835
1395.5644119566273
1329.6532142040182
1152.1048685886851
1309.6743393773395
1233.0381612639876
1214.6336495771875
1240.9757320825088
1326.8050123360717
1200.637731041765
1260.638024235599
1254.5060048538312
1349.1204775720498
1191.8129822310848
1222.7769066063352
1219.8784049869987
1237.6805697315276
1242.5579769710753
1230.6439922999537
1205.1074559849783
1256.2333175889307
1316.0126391782571
1304.1193097322648
1283.0057650865454
1235.7324883458307
1220.1672478944406
1288.591868723949
1267.7684371147307
1286.5435793867514
1281.7469965759515
1295.0589967285132
1287.9460272013148
1234.6531936611095
1237.8444676957797
1284.7116162396615
1237.245635382988
1223.2894511461643
1197.0362777414948
1240.128045018937
1326.0799833418175
1341.115130914206
1288.05425643034
1284.8971969171107
1207.5447618665917
1267.7671056157326
1210.7340199011996
1400.680245995306
1314.6406071030146
1248.2372104000983
1220.1587065020797
1263.7808901505277
1255.6716072881097
1228.3442024086369
1179.661854445377
1277.891849544957
1258.4994594386326
1260.0268602462925
1342.263118705106
1365.1251664958177
1253.578758685363
1332.1718657968984
1286.423843426001
1207.6989458828536
1341.7336656082348
1273.78992849434
1226.4762803433991
1217.473256242979
1233.2132237697479
1184.5791591306483
1293.3099673773786
1207.7922542172605
1317.1025414435271
1270.2691507214015
1196.7269726166899
1156.0779200155505
1286.6062001170048
1241.9064663788322
1238.9823836709963
1183.644044392851
1241.8650714054772
