399.1252882362909
416.9347716082977
393.86569210319044
394.06150433731926
415.7695628278048
404.7800078528322
402.7960168363151
418.3128495736163
402.0007483749867
403.4062799888215
414.8037547426299
419.4964986702942
402.5994735841048
383.82896764775097
381.13031531575535
388.46848217679974
382.89207470413396
403.15060026763547
406.0222099630992
425.6119684902386
390.34075552561933
400.9942235667821
393.02196039914696
394.7417190709694
413.46507940350847
441.63908103212435
406.1397904815099
400.37403405638804
418.61612120548415
404.9809309871002
445.72598338865737
387.48461101901114
463.2423059123707
399.3658648565572
416.232599832371
383.38464329157813
418.48989389773
399.01787175470946
380.9871107707404
404.72393241502255
401.3551535314757
401.5190456313818
398.95570059987887
411.4457887782164
392.049451153185
393.767648909822
411.2046085856223
405.35526762307836
410.9838725359098
421.84262586027324
398.31297985585115
387.63996462390634
402.16283704004854
414.45557808051825
401.30386766263524
382.9665504741541
433.9648479672238
398.60094248358865
404.83429687522147
391.3639457826177
395.1904663198331
400.97390291995356
398.217530673682
404.2519001607758
395.84144429613167
404.79915379199787
400.47293215246754
447.8682064934293
400.15358424494053
408.77377985565806
385.8730496723331
393.6005202335429
394.4193300013368
391.4982998039014
406.2845726816212
428.8444029150848
392.44321674807486
396.70685566967194
403.1774526590708
447.53080173539826
418.3929758782684
399.3802712290337
398.12770506002136
404.66745507633084
393.1681693700703
399.77343254755186
429.25540458381926
387.249327131308
409.5381161918377
375.92525272248537
391.2811704046839
439.7068772507828
435.6562451582785
397.4183638171229
397.24230989290874
407.8271973418501
414.87183039789215
422.0801591299291
403.32831533938145
388.6594251690162
403.9576225703636
401.51282346755414
407.29049119004276
392.9197451325408
384.844292880899
393.76091625607114
381.9323328210614
410.217931322788
398.7552858049091
395.50235253997124
390.98165488294546
437.5283212047365
385.45952606206185
390.1785432580354
393.2266846087449
392.7297929795769
387.90993016931844
402.71932508557023
412.3940194412839
402.03602356173735
410.28219759920916
393.775920448278
416.01668441798785
423.04212607742926
405.71912881344036
430.0426901339193
388.75969735743615
404.5950331169918
384.96991905671246
418.45380501082633
393.5986091209019
417.97334532072847
430.8915233851568
395.28600616002973
397.8786902088449
408.4013308541407
447.8625506548013
409.0779226876505
415.7192575336012
391.9006456329326
392.877578183895
395.967812114333
394.2117823833823
399.59932536531994
425.4951605179412
390.5335011583718
402.34558270491686
407.71256099087424
382.95655695293715
388.2808663513315
421.30530530280953
403.0092983341967
408.59261640429577
401.2825882190311
396.4961513609283
416.8457715887871
411.49305748821365
409.8711561758933
401.3640922674676
389.36660368073547
386.1903118783336
405.31862052810743
401.56831580400313
394.2621756156465
404.8998296296952
400.3828548836899
412.1159974820179
385.15056990081945
401.20577067946675
389.82228698910626
416.1821911931431
405.3529221347419
391.922871004081
381.5882116919205
387.9212791030936
405.083069170146
404.47005651771525
396.4404141873467
392.3229329451717
412.7683122627893
404.4063538969507
394.5164023127282
401.4854817843493
400.9677829622181
443.08407419565685
405.9567603169966
412.1410725300471
412.44216129175163
402.3477449388954
411.89456969175643
397.3596499906879
409.47199376540124
411.9511557464347
395.8647544735055
417.6934316194963
393.40679397854467
429.7100441954745
387.8862625723307
412.09182406319655
414.68438639362427
406.8595095828326
418.4795827204874
401.4102987622131
418.9041412394122
404.03593819993733
389.1978108302254
428.06979780789237
388.6215941983306
393.37453444878554
396.48017510029524
420.7220899370948
418.96588477760605
406.3773895254245
418.860531864352
389.15161526165843
407.73699994420093
394.8993640906181
411.91417863361573
417.7951276153121
410.9227378999154
417.8353770480787
394.77066511641044
434.6332773439068
403.3285933184527
419.94587935523157
418.2371806195866
403.06477854220356
421.06474909358144
396.6588497819036
412.2790681359977
426.48896236920257
405.4894715700905
406.6219457301153
386.68035549645845
401.11068599768794
422.6302713991843
416.52590208728054
400.7613990833937
419.63265169861324
389.3986454807291
400.7858430446935
446.3211533265305
417.23791435742567
409.6594878087247
399.5512451744055
393.2215093071736
408.3663075829597
396.21239851995244
414.9620951700095
420.4735732932262
400.4846076019463
402.45113429875363
396.88085408682196
404.82890663238123
400.01538180990747
407.8666897255061
379.57773716200984
432.00347118718423
388.8320524028012
391.0985822005934
397.2774999087569
418.7633065392991
389.7746575213613
409.71181796668077
395.3388589419793
410.578211920426
400.912706054538
387.6376764454611
399.2300708863903
401.28462151031755
394.2182080975415
407.950623723382
397.96900779634854
402.0407736583777
398.44411612836564
392.43440955470766
408.83231963324755
408.425240017948
397.52679486858176
392.11489793249916
392.8676062029614
387.47018092347264
393.43737071577806
394.66081258075843
398.49247188235626
410.5071598565903
384.8054750782237
403.053883857448
392.5195409969681
388.1758774670109
405.91192093270126
430.3567653306883
402.6233762124647
391.00153211454915
392.467661071059
400.4944587190696
395.57943462528476
407.7107293847725
384.4504672075927
420.62839017353315
414.90586228046595
408.1049346448179
415.3421854508109
447.3114216789928
407.83309904862784
439.84210698222415
391.66084217073086
398.51502206323386
391.7207731316717
403.04641306680793
405.2824505527376
424.1216648351562
392.2585683792868
409.8445402262274
398.36131772938677
412.03484843041207
423.716196253847
382.97860705721945
401.358424196733
394.7624991414246
400.1853815788111
425.5716794068328
383.77464302593836
389.44068634254035
390.65176310415205
411.0955357008775
404.28831723186937
389.7700195347281
386.95800563152994
412.14567074858536
394.82382350730063
386.0920218077108
400.7252715057963
409.00260144848187
407.2582448937112
390.34374034081986
407.72603043575816
380.96028156255994
409.3673684043916
409.66843519519523
397.38755795354996
403.26585380701266
406.5341912540139
409.94391923224896
405.2341201668853
397.55837595233163
393.5948716688837
403.4093460301522
387.4954325722163
417.835561471834
394.502094826679
389.9217007322599
394.2982448896306
404.69583889089085
428.85105106672654
395.20733318572786
432.6025885447713
403.9869905204564
394.85767965405364
385.8902520920782
390.9502521289907
421.1308603405147
397.1547489691222
405.58528663396095
398.6145603561175
394.73704222992694
391.93993291920106
404.3296392369339
416.39674527130137
418.22111377179914
388.4555806915116
402.42642204278366
399.97549376906113
395.9263745459177
413.7017896448149
402.86666251770407
409.200150105842
409.7978133537872
397.7740091266279
394.50518495490405
423.1868323164295
407.8011409264381
390.95681026576835
396.3367004731678
393.5568524526602
410.74482078188856
385.70133874105795
405.9493789277028
391.1142766725921
420.1905938243767
410.08912141789966
411.68375347940616
402.4573271034637
382.8691499146453
403.38294428994305
417.4526751141159
425.88090651669677
434.8972294652645
402.5407166921036
389.011562590181
394.7929483517748
386.85698805678436
386.6075022747008
410.0083152251391
428.76547884831143
404.3479995222197
398.8182636005555
399.5797236391792
385.30247453948056
414.50618777182086
386.696551944573
426.2148721307269
399.94427739725336
400.53335051229004
391.22108895484695
389.3845536216626
384.4040486560857
409.9036136501715
422.05227840461487
411.8097622880523
386.183021232538
431.09369851722096
411.19762166970605
379.6240147532849
427.5755490005972
389.3679050076712
416.90008745762344
396.72269521809295
419.19735427135674
386.01300251264956
396.9235213684463
405.09487782415573
427.997576011762
381.91888721379354
395.472711950268
416.9941581532596
396.1308203111622
429.31002693082513
394.97852062854287
385.3048437740074
410.85016023058944
418.8260655235668
396.45958407508937
405.26685462729034
395.71798492040193
420.44107968624405
409.39303217276563
395.47155884492076
419.5438318097303
431.4974680670113
398.81060963401546
401.57742691123525
389.9773695740724
402.3371972423072
395.49117053931985
398.43626274944245
391.1726463026383
392.40122261084514
396.0273162035295
422.6297985572348
417.70392121422384
394.2619859066116
427.8186038244274
387.1055344556928
412.8649301137599
393.63582632829207
424.69661145381446
400.48846341920165
404.07093323372015
398.6398610857757
404.8759710545716
411.7890772035345
394.85568832947297
384.9411034097451
405.6498835976865
419.0631362908087
440.136949712923
414.85665826787374
396.35094351781316
393.9554103830073
406.22590494092134
399.06500224689825
385.97737315017605
401.82858177292826
399.785549297696
423.4049895587404
395.208239185521
392.75032604591485
403.00182653227256
425.52510108581816
388.9972751084565
409.0474856107233
411.7181249123517
385.34595319974966
381.4972525651631
398.8636022461616
407.39469490458936
385.5810232031415
384.94485860119846
395.7938915751711
