3473.1659997969196	12281.35644988943
3695.2214664649205	18351.833560810224
4590.412279322796	14493.639359387253
10846.593708771665	19797.294931619217
26465.255684681208	74058.23176447267
3267.8133347451394	15572.479732801596
16893.144985560415	33785.511497689506
10879.015805355244	48965.37219173566
3992.939847385953	28920.39348576085
6573.037140196804	24013.414449907003
16455.75966890317	37044.9474568733
9753.83084867978	38500.26689671261
24905.199296139406	46998.98567682517
202.72720848951892	2669.456176197458
439.1249190025658	4437.888063870503
8751.446247832453	15170.614830142747
483.3810375108694	4377.3247560553655
3779.2990865925185	20695.6302968011
1882.2242290316035	12610.793466300096
19006.806428380034	43147.64741595722
929.536659385808	6470.14341295187
4720.109232958142	27917.55787385195
4654.422429664742	9721.92157556417
4097.057731820797	8132.311038866375
5775.752540900662	31596.870807085044
14950.29256995749	23399.82543236236
6522.395369550927	19649.643464251247
6910.77153429791	16121.212726583975
19743.429132646495	41546.617741884
6115.037641532463	19303.45184072648
27232.883663700122	72744.94662769252
5182.0274233540995	14532.545747024289
35061.1020414051	70548.92159929957
4012.696594917196	12879.399647088792
23551.04093452873	63719.19613407787
377.95187815985435	2241.3680603961398
28352.84768352962	54997.7749155443
4059.178244480141	12585.745543482182
209.57803560695376	2788.1086352287234
4086.2284551483463	3238.9363193910726
4986.583586077639	16548.371311411865
13359.371571949332	22152.380389459533
5216.358578436809	23224.199203037904
4049.068328812923	11285.742591575652
1544.7388569558402	11934.649913517134
1413.3918021017362	4771.692199321604
9708.681414397126	15698.53815942764
3116.6459381552636	8149.810141438231
11818.76048264496	19652.654987999995
23345.552371740516	61338.54513501311
2358.1712120151624	8673.72300491026
1602.4657474223534	4685.754603740953
2953.891693394679	8380.519699326183
21292.44435560694	76626.33014378037
4288.7268259376915	8498.14129147751
303.12108159152405	2320.492047908661
22410.894158371288	64611.65692860612
8951.386795355076	26302.797813874466
11446.734716012217	22003.117532112763
3396.6564191336934	8729.269326143012
1127.4169260197348	7769.590250384772
3342.3373539399918	13998.090922991425
5443.086658982113	20875.711544976602
5477.822237192786	9164.99420475007
2793.370810505905	10083.4594984382
4698.535163348731	24729.48603105012
5920.049417650463	34745.08626545739
4965.041523097852	38969.90938242926
7799.290791880309	48082.61354104032
19500.83168693408	45793.43816554169
5611.106669697505	22834.039943902768
15611.467848413391	26522.777547971174
2814.4281667506607	7201.31514143769
1606.304559009047	7428.816014672972
31753.550947019263	54374.99838350041
2882.993240531455	16633.53310469975
3485.4906622721696	13924.537455020543
1767.5087426527152	6490.45600127721
3231.6091477973246	12015.961513147431
26090.287627817903	51681.136893250434
22834.91249181647	39599.39387464074
2119.3903879144264	12384.104105190218
9212.794110853158	15141.9567889684
8304.587468122196	7583.704381708822
4321.29106084511	6892.0008357831975
20649.303689798697	44601.5041649373
10526.906675716134	27229.394618338953
5609.770714222823	25617.95282313894
6056.5995668238775	16672.914118956985
20048.457051032645	40461.00915235667
3438.603396069467	14882.324419265055
20097.632795697005	50967.63362298654
21297.90830509379	57241.14566614275
5627.037827083443	15456.204416288307
16615.521941319857	25851.807700615533
12183.26581929049	20006.12836418011
4834.678924267592	11006.939904102768
18870.29050607644	46879.13104947507
5960.114618427595	19213.81029172066
2154.1917749676977	8272.025397374844
1642.115892689096	7478.934530505639
19498.445625770524	62377.12986260177
6540.84557712065	14021.642159114908
3763.437236631289	26131.00760662876
631.6622217221446	3704.9828793565207
2135.7311487161837	7346.717526953155
184.66473224193652	2562.433503024926
6105.867672727661	14874.627003626794
8473.893497899218	32726.673005542125
24569.01445031187	46534.37924144669
414.16991898763524	3357.6262414826997
16508.548641175475	41466.667064698726
2694.0410349391937	7816.755678184888
2089.4328553420323	7498.51609439888
1644.339625351166	3491.3404428450217
34741.60184064466	76188.29788950752
1973.0960960903128	5960.485890139923
16474.238538976875	32948.63545560053
4655.205099030626	12910.352498333392
8922.703994654335	31069.75630005938
531.8168870767681	5987.348338640418
759.5705166764378	4684.469144971723
9002.624160626823	18285.470514759156
28640.363870362213	64481.7377524479
6663.185379639696	6056.5293833922515
25553.252795302342	68572.6023735917
7846.360319204681	13844.483490380731
15744.430057635069	35990.46325365103
738.6544273333047	5400.524403867771
27028.425604735654	58098.67610870052
4796.379859892035	5032.370494904432
5657.947880173202	22153.236283132857
22356.095367341557	40187.95906392108
5656.783789818689	5745.993824365814
4331.254176384339	14557.482531555646
5438.969884899416	8046.957929386399
12736.270216263612	50057.331530401854
6145.918494883606	23129.81213253839
8063.690031605984	12835.087927211538
4588.730359922589	10291.028868098703
513.7202421366851	4368.620792694006
769.8230568059308	6520.185220456366
2930.6777652853702	13671.022145627356
3486.555252647984	9866.29380039346
17762.72161407972	57675.209120064996
15609.278283539375	27777.373231383477
3560.5365049974585	13126.564224489191
8191.084582133072	53801.477331994305
654.3999559614738	2074.542872395966
1831.8767895303263	6266.835790875246
18198.904816690054	36680.886948338586
2942.7888516317316	11753.074702398077
2882.7822689500194	9262.524934651723
3944.0686591025565	10460.905436218713
2149.1556572369122	2793.6819196951055
22561.67707938036	65669.52004615123
5334.239957415883	21486.135885807602
26744.07165794671	58610.38286573464
3009.9597022290086	9088.451292106505
1632.5484857967924	7974.525669385925
3183.467218330914	11501.517776079887
7867.551608648722	22620.663857300435
4510.260140632812	16452.45518797943
6955.267113082665	47133.76620183608
11602.140456499834	14101.262136121824
2589.0687179239744	7246.387757486218
6612.8178021988	4246.958713694977
741.5440969735589	1771.2868681416048
4787.753897504873	21171.63085984602
2767.551138827408	1751.169207877313
9977.330242952743	17980.026860593334
17449.898117075478	31876.476033264644
1163.6088634378532	6110.968763417539
398.90342065240975	6404.2738843909065
2935.3025431606666	10485.364391758423
8281.375219901889	40201.510147812216
3500.727595509499	19231.411487477755
3159.646521792599	10416.818932638334
1323.984919759619	8180.814072640598
9006.298877431353	41014.76125847358
4007.2793321164563	11972.519026761474
1175.8399144072632	7638.609345335815
19254.06774947617	45065.65601721237
4580.081909248484	19098.475358998807
24942.214384038092	45429.98942182401
4544.880371082639	25256.363004627798
22322.48638306775	39861.6092872583
23214.85116100601	71172.90724590543
25519.108455066395	50162.114343187306
27235.30343294992	54486.482750486946
3397.375137647314	5812.618590616646
8584.173828744695	16193.797144278014
4578.6101153810405	12730.555537718448
4494.975219185936	31320.45313169968
8993.846850427399	34226.8866359483
3829.6803404950874	13815.663074039025
22933.489903805006	45864.162132240555
1366.1302285871807	6246.070173142036
23043.004643063265	53758.03686365648
13486.3513140474	26178.927465836787
19964.559878331	46011.18631522855
6915.346782136174	50555.92219527781
3561.2383512393335	12482.714450682352
5145.137981013743	14167.894334343524
7579.526482706523	37455.49168902126
12868.40960495103	21598.18063189113
13897.353995521127	66744.15059668402
3630.8442114720206	7760.695842274604
17006.355683524627	29787.81458874112
2898.019958592363	12034.431881683982
21588.640054450014	43631.442523720456
5603.783521473788	30418.37050612218
11224.021597221952	31010.07950154822
3205.5929343138996	11485.471911635776
2363.571700266488	3301.197283649086
3214.4526531987754	9906.320312454372
2174.3177205471047	7919.085784609928
4765.67395096817	21786.120636863776
11041.572634926019	49793.58135799918
4657.240327025379	21397.26940596721
9085.727604771755	34785.700603031015
4438.925314405719	15277.08704399435
5411.844762089071	13412.732799192841
5509.19742365164	19758.437798222854
5553.617752484996	17850.97895935875
29051.88742136771	68863.80829634125
3990.70846006264	9462.859003264539
9149.622883544103	22826.56561862836
24152.200961210223	45184.33396686626
7975.0852476982545	28416.3957035252
11991.52774074718	27801.350753353796
5206.887483637265	15148.806366931707
6810.533639323804	11069.165916389113
1039.2918377985939	11310.390623709523
5149.619915312733	22794.242218441508
23137.384412474035	66672.13719813121
6702.335712988736	25629.00703965896
2741.7348380839776	8623.19042153413
17072.389860187955	49979.55452549719
1813.0155174541392	4678.543302610813
9099.260234753627	12766.650062367606
6712.68681675065	16462.316438547776
25789.777905931882	47737.19249104705
13448.669161368754	30963.16841633963
6710.036090807065	18160.503403066938
3752.282246875005	18011.687524145436
27636.956627916166	84027.45639870033
2869.205839147062	9454.156316019584
13068.021440609133	34055.84313852538
22110.43880086395	55233.1352437403
9784.511768673096	16877.69118655992
4030.1302262421395	16680.167808405666
21432.583904152336	33873.54760042413
21054.825975035572	63377.01659812914
3427.3907619476895	11296.239877514328
4558.124473919341	15158.344374731252
118.92064111916247	2634.943626994795
19681.732501444993	49055.52254173588
29385.347767462124	92877.10561574959
1800.5521045810622	7891.774886290019
6479.408170519489	37907.55127751529
19977.924816429797	36903.1861582077
2386.6855131274237	13195.224152450393
16049.85068398847	31028.573298904783
2967.664755295814	7640.06784941859
9320.697270937477	32714.257903027734
7637.385180627558	15484.51606833679
827.3636688320182	5251.4622910929265
2234.569251287608	6062.528306020778
4262.730116034599	11457.002802390265
6554.980601772314	32346.921393094723
21474.12253793443	54657.5619844281
2755.6868679499726	3668.1613662225955
9550.336060676613	44998.281101379616
6306.699544458499	7567.868781460719
1558.139865664543	5673.750578551536
20734.169100653264	42819.78260075049
7286.978352907181	26723.0777393864
1583.336234681407	6931.333033834771
1709.8127772416706	7928.900047832572
3679.7481383397253	3628.7198590380876
1842.4805347352226	8333.959483021525
1792.926000416939	5923.9904421501205
1154.1300015565898	7544.134236214249
3997.374057920547	9889.722743938812
22655.586679246335	52604.93929805877
598.9602419586051	4368.368760303284
2751.700744821072	12790.708681583354
1625.6438927682962	4283.617970866667
2176.5864440284563	8523.668970846535
9311.264521299825	14960.22180061473
20073.00055345764	39012.822457936665
5035.0468036478305	11104.316115860865
4390.849742081621	2111.0747990044147
3120.3007541384586	9804.426971703075
17756.8926216232	33703.407149690254
1289.739314332156	3829.769740777714
22716.825666915705	49038.02066788473
573.0410650903659	2946.4136788080764
9057.816237410356	43292.747078737804
8448.53929541098	31577.718596997165
9223.29057000652	16201.877410403062
31001.305781050396	51574.890848152456
22020.620959716565	39096.36525641446
11075.74294767366	19433.188683415407
6998.163295149519	27862.882878186792
2930.3565748278693	14339.03462110462
2669.2968844720035	16430.616896160103
5221.412023264554	19030.360213952783
16690.71643435474	49237.99188326655
5959.0467714241	21492.27893756308
28853.59723692157	74220.63755619184
26605.143938569523	56355.92216771319
31910.233933432763	55535.35651156583
10563.130623754188	23132.774542389223
8562.684087664116	14481.41718965851
10884.850924365139	40613.44652242269
346.28986633321483	1311.9982826496118
6276.868240907564	28862.58825441731
4485.329372837483	9309.571217585213
19629.831489474447	39344.68544387341
29872.663325311645	104954.53096487028
24715.71531463979	59186.67354929628
2775.619550025753	9153.172265394825
899.7736146331802	8398.271694896792
12970.253608821125	22786.05907442909
16529.40609045585	47233.41826634346
1933.1002738358902	2615.1256547597923
1074.775608198789	1512.7687483228556
6695.438391330155	12914.158141398162
1251.463513150399	6559.538821455751
3146.868536303082	11266.296071582925
7298.608757696416	30823.042819646653
4645.519864131908	25112.759569430273
6700.608956500425	19936.4283431442
856.2529158549412	11016.100698829774
3724.0920207792033	23714.280220839446
212.36996198299323	1326.550049522486
6135.971668809637	19744.74380658684
20717.077625640108	49381.888270980206
3506.105493320455	10982.938516693279
8762.548222702157	11306.398857545344
5215.998879500879	6268.182362525251
7041.325794326923	27132.1138774271
9294.781589711092	15412.870121885011
30859.101889024714	90196.07646962498
1562.004271797412	5555.770646940161
3012.1736626569264	13394.76616162379
5766.245714984534	29182.6484125998
28617.307118711382	59219.476485514126
2830.440538735792	7456.73388712068
720.4762065233849	6825.689529560925
20449.379690202204	45562.68475178251
8266.152075404336	34269.91347193808
5686.63005676939	9764.111989289884
2667.6545661072278	7809.54444611134
37679.21397779811	63724.5403075406
27576.482402486246	66656.54905753749
1599.130669423999	5285.560820662395
2416.832293869833	11841.556785790082
534.0726919641943	4189.327890755984
14441.755265541386	27382.17561362621
5521.3148935638255	14850.095677991954
23231.314380114374	49899.66152154784
23132.32480037874	57222.086897452624
6404.424540879439	24695.924837609113
1383.9606000802971	5205.218419745513
15952.795451240112	33382.99638649967
3054.37448164693	9019.73705191167
5566.130661203348	15891.653842087193
1506.7383271836284	4120.754054582226
3633.267048590595	23446.064349064243
5529.850464861486	11850.196765145147
2670.757730474082	2781.7675660250657
19518.7119338937	46054.01672592622
25783.025068666153	92870.75778069907
7970.833238078181	34428.93266925998
19415.65435034508	21924.779979329338
976.0198526042238	8472.679821289805
3271.02891520592	13103.51616381784
3954.161165303752	18256.78949930059
18024.94189273708	57746.179900658375
8695.09780293098	17516.020829205478
2985.7869282233087	12498.42501935646
6175.315801444671	14687.033967582389
3459.7043335707167	7421.649684282137
692.0269046756116	8224.610036738783
4982.478104780473	5384.125908266619
18828.473775574166	43110.20244908501
28163.118532950906	45177.95797886148
22533.69919114236	35175.21203278882
10984.772197215749	15334.2814590112
6700.552408662975	16879.396908533283
353.7230535768252	2632.955381104313
19132.761539140047	34595.302515113
6769.334489421585	41031.11456739483
9951.096411438513	17546.691193719074
27013.371085336545	59324.460482483446
15990.643434600697	52595.3405626074
3134.0173896199312	13806.803305089188
1010.9373607530284	6817.023711999941
1912.6261203412364	9121.628501843978
967.1728559254792	4028.5211561504057
22012.543397876536	40821.87106134241
8061.207929044183	32672.063856230307
2787.9552999775315	6671.56695385905
4655.97319062937	26500.335906853306
2996.159965840174	11502.599893839715
413.47502155444374	7624.207076747571
23595.151568465695	40998.52918626349
260.2498766260931	4373.821271667958
22048.855486456097	43052.84730046875
3074.285352742813	15523.589348884278
12580.38771595791	21969.992815294005
3908.5574348915125	17636.925353265357
1217.0552928120285	13095.224885348707
245.37995071984574	3986.1709522341503
7448.425781850657	38666.69399269504
17345.802899914743	33645.255734841034
6190.118918288699	21504.76075852773
1829.494157468107	5506.320052003742
22303.620494389404	57492.312087081445
21627.877207531823	35315.62604892635
223.44215403089748	1577.8390986032443
18405.400123156767	47387.78438979067
4902.236224294595	22245.510029623158
8843.158822798114	31693.778792373807
3360.8520360346474	17791.79707791569
22113.410467153786	40104.49332197424
4185.115618644	14324.721266697738
2575.6260087140927	8637.171174629486
5983.663093633206	11437.901234636513
24376.636807819406	85105.51984589269
376.19015993500284	5104.59995271846
3213.147464887868	15263.225908959917
13714.506608200536	20650.11556551882
350.2347707695336	5099.070913171504
19931.36031185095	47771.11722968605
8244.26819911052	15996.64034370222
1411.3348171204068	3382.3336497277005
5193.5742251874	9571.17470887517
38597.98630741494	89616.19944629679
20766.54612811502	34477.52720588177
6398.479796973303	24244.137232203255
1529.5470433414032	10664.418333002895
3671.71186652507	14914.948235037426
3063.25803753964	6134.246782527206
7524.932161349376	35730.14464816925
23267.595627172435	31946.770457904262
3991.288949644415	10784.563042589534
2837.985299508274	8112.148974501339
7067.250118306762	33565.91977965217
2202.138491071753	6223.208419704203
7962.799678483367	28686.255971957544
5103.896667316152	12406.003068542708
1791.2018419865594	10906.737105625298
2010.1567608279472	3006.872117833226
1580.8540444441232	5588.969992849656
1195.4389958857244	3456.35463311535
19880.57458622002	43598.589253733466
25464.097220049633	60700.62693445514
3905.9956833755746	21816.839774248176
26713.138739540642	80896.26608419901
2715.234279302177	8092.306713735456
8465.052756636545	19692.11790907484
2335.8924805130623	9182.754442171972
23463.016421070373	40574.07969673911
22481.177976171464	34079.205883266935
18318.58421240344	49106.12184171437
1811.2644546351255	6663.155468084026
5831.0225340503075	18393.320256440304
4616.208643730209	8476.741236807502
3822.7303433452194	6174.64614513996
468.5625850079529	3778.7611740231932
10613.065270281577	24324.972512554297
26424.05074050027	84452.22918147386
17070.512882128944	32591.497117803625
19053.94237325661	34896.91306026059
16215.692861341624	43578.06766490403
4413.777931284833	2031.5356908385022
6192.616652391323	13859.312161944936
7801.701725277109	6085.373698274701
393.22425589770813	2775.0014368617167
9887.674241212622	17589.613481601806
27252.472668382085	52049.35224511274
6545.193412026609	29351.872807657302
1613.3785987029719	4891.094569734045
2096.5525792775434	4242.193690149632
4439.898814586836	16322.91842075077
24359.76293816768	45521.772543691164
1026.8168460318147	3245.646539800695
2905.618092959008	19704.631881505396
9255.182891653436	10385.818049322226
527.1951626170653	2010.357575717572
112.22264942807004	5131.047571140467
3920.327071047817	6023.935137643498
15873.396402224833	46930.551444730496
3618.47097887704	1882.0554568780822
402.41362831227184	4946.543402799495
4474.823905914965	20607.284285301947
