104374.03237007436	260393.08313268045
99099.5391541954	241149.47417728027
101343.8750542884	259949.38404933322
107123.79920958057	260801.10539860258
109368.79379301872	245793.78728550946
96148.9251212852	255958.06529480463
102985.55263456437	261829.18422359132
111888.23917278665	268164.7986018764
105072.4048135576	265922.16073614266
113965.21095047193	279305.61506787373
101600.81548137017	284735.2316020916
108352.82504388649	262752.7002908418
110633.95383075219	251819.63683657174
108473.67705958386	241761.13947055847
94613.64959434321	236611.7945571946
98253.02439626116	267417.3267678809
96489.84904193095	276760.2314034662
99601.44282681667	261149.22859666529
103840.14266935676	265159.89032962004
98294.0725171585	262968.0171648846
100950.31791214243	240103.7998981463
102275.66581490649	237933.35742461626
113898.60209872108	258182.92905350745
100494.7714562347	257096.12036386656
102291.0507574236	245610.49442778187
114700.18585777875	290965.9242427121
115339.7164228076	265252.2037896216
102688.48831765394	273376.64562361466
112725.72414187911	275163.2502530366
107297.69369242608	252997.57369147116
106942.88615314775	254632.47195031247
101697.07056969425	246989.15260913863
96599.17882039938	253914.31973334504
112465.72845627459	249034.7722846904
102972.84133596512	257625.41693110377
105174.38448601669	260401.37631983997
100666.89557512608	249933.48090845323
99492.35185338632	260903.1750578814
103313.11331874687	255173.5136904773
101833.86780111691	282605.0936019505
99122.48081563969	264860.63592353865
102470.38274747832	254845.49658267823
95131.07130835597	256664.4928269587
110575.46559931952	253421.11573023378
112042.21094624452	279241.85805584054
103124.8613837582	229213.0398501508
116347.90401947217	253085.90006098535
97783.4708053784	249032.22008702075
107511.53276889642	264646.99827018485
101001.04663613926	267889.0693036359
104362.36456495953	264167.84199366014
110844.93478850424	252208.6854263925
106067.49682009353	271295.6668674792
101888.34789933881	253443.96494644356
102097.5115494332	279064.7671579636
101546.47775897839	251830.5792354734
101850.70993257297	278290.51317053847
97389.9799701547	242847.3489660691
99837.75193540564	264375.49495301605
115033.93548311568	284238.9572349859
109351.26497844126	259432.06858491286
109627.56607759315	256073.06746568828
100000.39155657834	218167.50268369875
96863.1578411157	248091.8522286863
102599.87816632316	260688.5682160126
103841.61065413972	246669.36359154776
108859.40256088955	259740.37832099074
98560.13883456704	253320.07853279254
102197.81371422918	247769.7182662827
104606.02685768307	259198.95110880033
93850.92385767052	256511.98951199075
107992.24347088119	265919.5825231284
102389.29681695782	251048.5451410438
103531.56330673894	241502.94421585585
105803.87320421363	286801.89404823596
99870.59788252012	278305.44192813104
105280.21138039013	246435.3871517459
105038.44734506673	261385.5105743789
107290.91268737036	247144.53254749824
115121.06797647268	250166.47848012004
110371.51478011785	282947.2490307201
111888.12514957055	259290.65266962824
105628.75884350558	270403.07466867944
110315.66065080959	264313.88699704595
101322.62214897512	271278.8055965716
114324.4332929285	268686.7618906978
96103.59830537578	266740.1670116894
102493.20268420238	243172.8697760683
106698.84587652904	260738.31993336556
105066.27479173827	275893.381365401
104438.74137373311	234781.80474035096
100838.64707090464	255471.5257479623
105158.5300848139	272696.5074979466
100936.53755503688	249648.5800596452
112760.35718193976	272308.87584287376
98463.44176987634	251679.8448975375
99036.20545183794	251816.02944719448
102123.77909890114	301011.7757876504
109264.72251063041	245256.67450941866
106935.33039548548	254383.62621676648
101264.94885525187	250697.61326796512
103250.70555893579	262633.97849098267
101443.08636888933	259970.85888642812
106344.84595010913	269908.5344881485
111262.74384947558	255511.29715492472
107299.16069414065	234417.63020322437
99476.86918828572	267350.4480166425
106780.83311762649	268912.8103525073
102736.11234004592	280938.64593137614
95604.26147840294	254587.86659205044
97300.07919834738	250378.03585676246
99933.89931770539	270465.6650126634
100530.75612940396	235636.40480139013
100590.3723243528	244764.52090316283
102985.87237958243	269658.8073142606
109018.29170498691	257270.92806237005
101798.8388133476	263795.58023939043
100540.05899853545	229950.78303476135
102031.73525296798	261649.17583180947
114260.01705420791	245573.37867963722
108632.77210939508	263323.17580608197
101648.61064819295	259852.5854622843
99289.92225380469	260402.47838642728
105463.91651310939	255111.90552711757
94971.3811460707	248353.83179156223
112478.74764986456	253196.68811117616
105735.29473326425	279805.92754497053
103016.22491053307	238167.21441111408
102120.65935069128	254574.03072509234
109301.94846805776	271908.85581745807
113609.49358766948	263289.98906558426
104750.43764758724	238551.5700398539
105209.0548994795	247471.53232655424
105562.82717437489	234150.10337582807
102757.08587000992	265532.83375995717
103999.16131041225	272907.56148159935
107814.5237535629	240375.6981349086
103167.04102117302	254068.11530832548
99641.90868138157	256233.12004072138
100250.96775843523	253533.52779348046
98401.43297658887	255906.05271729475
99374.54689578414	242844.8321808733
114808.56170955944	250620.5077555757
102214.03025386212	241293.88888365825
107741.07601316558	260673.94502802275
100520.27430552818	263813.8295970584
95258.50715130867	248221.1836475501
106528.78619872658	256750.9592026937
112242.92224776818	262296.42725488765
102274.8358348068	265132.8806218197
107666.96919803318	277065.7119444521
103365.19161902304	246317.07034666024
103836.616954956	271975.8634847845
109638.19840702481	234113.7673016268
101313.85668983942	258511.60087465984
108945.32944701485	266014.96694556234
95326.18133491678	258624.50688365824
97762.08938519457	254075.91052420152
106493.55591563637	279495.6978449229
104120.04305133954	255037.77164897986
106487.135080962	256139.85394219667
99729.74829495058	249549.75527490862
104418.82451039387	250027.8997768936
106561.46913380365	274325.91808890307
105042.88287415619	257002.38953676558
108166.43479091988	274814.9019200092
106735.35814621113	272979.07217518194
103635.47344198429	263761.09594047035
107201.8807477043	263978.41896306595
107330.04985906066	247734.19511339173
115313.13691605219	268467.4935574359
102580.05451140483	250934.00790066813
112343.03102796251	243291.64471043035
103408.24969738317	256626.86664015806
106506.97519038265	261450.078291581
103221.77369544718	287663.4449208286
105082.2215716328	255806.3548131513
102573.4234336096	274370.61801410484
100490.97785115511	246164.1639911668
113663.52746865319	254075.5614744892
99248.75724307612	241807.72783409696
104663.08843907245	261940.83779460483
94326.2049286036	262296.70694947115
100856.30639055057	279050.75155051495
109352.53956736301	256587.08906041842
107389.35079119979	253512.92470455068
110434.29086352568	276374.4058420895
107299.38128918022	274131.906179974
103978.8035798094	258367.76231110806
112805.49779828153	260085.9469497506
105893.09520726098	234040.07733921875
104512.48430621724	261984.2330712921
103927.15366116303	255651.11240772603
105238.8851436743	253602.0000383925
98020.40675397782	236236.2989311722
104440.71749665138	242572.7943365102
104977.29327403897	263641.75098978414
108953.87320964893	253153.39385816752
110572.08952245783	267727.64352717507
98459.63641697163	260628.91452585685
108930.19513470988	262638.9604741103
108972.24822458033	240503.5617693655
100966.77328621664	248773.1470602552
99471.11837579956	259424.53460544025
102563.91665847276	271615.7604899659
103392.12245276055	276226.8971223047
107124.56561467984	265564.3856470543
101756.77871556257	242431.9423311154
104856.42670223769	282544.82805665606
112790.59335712709	273877.7016047181
103942.29136852309	244256.03538056533
107778.91821804704	238727.14320832692
103478.59633599744	263199.08147567
103917.67964260117	248106.86861019654
103380.1637459278	267415.64841178746
100972.82000524584	224000.49626293502
102664.16556995809	242760.17120795127
101910.86698397395	260792.2790699685
99935.545409869	261575.9705070844
104227.32653716378	247304.11223002564
96571.22000854039	257111.2128970914
107722.01057845724	234582.93224762435
92844.54884637734	253570.75521047754
105004.59833682457	251457.46311035735
101684.56838660943	250895.16594615782
110209.08039149185	266659.043380103
100000.61119609585	250847.34389852764
102007.32089531221	286640.51898138854
107276.20573175186	243352.8640541277
113544.42308758292	255550.27466107477
99488.12432667783	262905.4266857822
117634.21027200314	269720.965848164
108980.7967089834	242436.15485824615
110299.25899317564	258549.92925779292
108064.35626225543	248135.05669026985
107346.72422710952	278284.4080221193
106569.90037147322	266156.2231812797
102276.64557770689	245115.60323564374
103792.28624715519	259786.46925891083
109384.09397122658	260050.10902816366
105420.162473053	251622.9638964791
106499.92516220993	270482.80362008413
103831.56308118792	260584.52305189782
106027.05003045883	272389.75874731527
94532.49385661795	254686.84759349943
106379.6302993804	245819.68568958985
101327.49078834083	278637.30738098227
98824.04288593351	253862.87698017695
104296.35286253612	250638.74097866952
115394.3697541892	290504.1194824998
104723.20050305652	261509.0461411927
105536.68868249329	257555.4180043395
109321.11499904786	255336.45193262683
105612.64019724648	243599.64968951515
103725.12695523081	262723.4808605653
110714.26654167814	286883.8823683037
102799.53794162112	258830.31017134065
107375.12950837183	251304.7602891504
106917.93357541852	280191.5861344017
103516.04510610137	248640.20037855092
100000.19656662497	255038.93496634875
112365.61241243669	286017.35608482675
99838.2326706759	237591.31647355368
102824.96487593974	266455.5457830361
102078.24717977672	255604.60328726802
106980.55094848957	278023.4322270045
107716.68532374722	265453.40907999076
112932.49345345199	272088.08769229875
102745.27504710076	271480.2375751749
102333.76111433304	249299.90919992
106154.92518529393	280628.3855538037
101531.0735452382	246326.17132988275
106249.78421336325	259297.61042405668
108362.9116502247	264595.1083574256
112294.09683177256	257127.5642607407
105264.18529682222	255465.03547587866
102558.01146049844	247355.03123034252
98696.11130718811	266334.6924730869
104313.94195405339	259502.8681972691
100282.65539373028	249625.870789213
97677.66462318381	253656.33208538426
110737.402104277	261073.51898384208
108645.61093831967	275273.152563753
104159.46760124729	243001.07392237586
104937.20404802784	247423.74205538043
102061.42635481294	237669.69841265585
109766.69608368819	268028.67653355136
109940.08702374884	262734.93018689344
106208.32299915429	243782.08912052662
92693.6647263241	248233.39615518178
109272.3379767411	253527.53566780465
109923.8520866145	280550.245670987
106279.12855334135	284288.2189330925
103911.70422339765	238514.7598707029
105981.98931622817	250807.93957586063
106112.30369059519	264025.9122239478
104319.84131362238	256824.21822048846
108284.3676559998	275780.5682447714
105142.11342609859	265935.00427289784
108863.11649759271	283677.5700594029
95421.98536712509	249613.8895860606
101891.80719859	250515.4443399856
101997.8569241513	256837.8152332864
112222.52813886758	290650.80309628596
107339.45815715946	269028.4476153705
111663.05428907297	240762.98991430103
101571.99086659055	250136.74768483065
105081.0128258256	242268.5763603064
104103.0569161938	253144.16828455194
106223.3542234527	261959.4544447875
103690.03763277829	241820.06723904554
105458.31245144209	238097.46250920132
99867.1310801763	280929.38444709196
105239.39512992286	256902.63083455863
106229.07619302234	237006.1221621937
104528.4425199106	249499.42688437563
104191.79173593261	252915.41392925568
107711.56433465748	238877.74441985306
105495.43944557325	263291.18694108864
113394.37690838389	258486.3255168716
96567.18762932351	281081.117198895
104070.78791261479	251205.11259783717
109239.22432887128	262164.9329234612
107048.54287549893	270963.36198020744
108815.39594937518	264519.43922106567
101663.92477739864	263419.9368611859
108875.71580712427	249570.0473372065
103806.94388529066	276211.7863335439
103290.0822061117	274545.711030732
112289.22318636291	253451.15121451765
102509.07003811632	238434.14133664916
111930.21787040887	265059.9938547301
106585.24970041116	255525.085864976
107594.83971659314	259334.02402863148
107913.75375523616	245341.31342509887
100934.99377857997	275655.40904360294
101739.78100601182	261584.09717563976
115832.06888263022	271152.01689368923
101928.27905812106	272322.8785316767
104775.96712232567	268258.09370285703
108393.73064600147	256999.0137656353
103643.8800869968	263438.96550676425
103283.27737069421	243949.2576950849
104823.94284133961	252367.03459051152
100998.65221839034	267286.3287288786
94080.2175054988	278660.2040006226
101801.46513898243	261811.48851746632
105344.521210343	254886.25290398308
108471.79615259866	254785.08231115207
95743.59014204028	273083.4482376141
116464.64550777408	267840.87713582494
101601.72218244779	263627.6137307525
103252.2481612722	250387.3099089364
103872.49323722444	257665.21190699033
102258.09922973161	283411.29183889803
100734.83313333192	244321.0156604808
106453.14129804124	277320.7677819021
111901.56883131247	256601.93118538335
100203.13850743053	278268.2140317514
101862.08682943718	253313.84048451902
105291.19845488036	260918.71083727074
104430.90619355459	241963.21613592023
102507.49857362823	281863.1530249877
100231.4017942791	264063.75406194915
100836.63398191423	244967.19054291726
108377.07273666494	266872.3762703106
108481.86998199121	259529.21949370654
101120.02662635448	258225.44498706993
102617.48281221703	269959.19365973177
109206.06155729	258937.4616240522
102537.823203075	220025.68181735108
101488.87337264116	266644.54717897193
109427.85418787712	271872.8958221159
97656.92224721416	256274.76137781458
115036.74153046253	273964.37607847736
109816.84651265883	250093.73219397262
100156.30401157736	245924.19285710284
102274.95468427415	270779.9818580153
102841.39517977691	252401.1448286392
106630.47605869596	273282.44000648824
107365.32336262563	260248.21930782567
110887.18323460632	262567.4730769427
99028.74174607234	254812.02309004267
111306.75629309878	251872.5002104232
100043.73641565895	251258.15378245086
109224.09759438288	252803.23767784022
104675.82532084358	249310.37766067326
105064.35529747483	264706.4980525723
107584.34950693995	247320.41615953136
110398.99867050842	272985.4289413417
104029.30575740739	259066.51566505156
111382.29284646097	239730.09699949273
104485.38131008229	270904.1519036062
99005.40637234668	263235.8548022328
103287.4311726305	265797.5920099237
102297.34192358126	254807.21425070328
108948.67823852293	254704.53274478266
100027.49539704258	242116.496275734
101537.54779708952	259093.4618827309
94398.60484499327	265740.052843784
106805.21420124473	234265.13594556486
99359.991276577	237386.92519113206
100980.159422002	245780.6394921741
101668.26192620091	265885.28794731526
110367.75982798815	265813.6223385068
117960.82137959296	258483.0409682575
109999.4097807505	261165.0901681479
111329.94666267172	258237.19053238013
99224.964786069	255945.39654521996
110073.4753294771	255250.17958921852
101346.62940078542	258076.81024959352
104113.8417423499	250893.77812156378
104807.04936741893	254681.19951969484
110632.53039138066	277943.8741293624
97951.65904528585	267053.75189113186
104143.10251158773	252750.25674531757
104900.10552545387	260323.88052497988
101687.7961152624	249000.28816693652
104279.59713975717	259514.28920757447
106940.8081806487	253800.93413993734
104764.7576145477	252041.39262190816
111039.03172014822	262116.10550295853
109322.39851624225	287929.5212467478
107211.6283855723	281313.94063831994
105557.61225781546	252056.00833996665
110313.04074328931	270117.31442222133
111966.29826095866	245661.17193331878
106502.25861578861	279529.0451952701
101401.14882103508	277319.41568127956
104797.56014002014	265591.19277383003
108885.0776764813	264932.57845223503
103136.47744928741	247058.9411077688
109873.87861480631	261150.01779555652
92433.71077299333	241964.10889331755
103955.82656554473	262252.3117986148
106443.90723908304	249595.51017336707
109039.14740930792	246498.243926841
104636.66914756995	266328.81797217357
100777.13125828576	264138.424445796
105716.7090221304	274476.4545240505
104340.81616127046	250895.1965654758
104697.50210764425	248558.28541273228
111188.56015903884	280717.64485376806
106196.37616622166	247862.551521043
100406.90112321821	253575.89097643094
101941.83944640042	259166.501228175
106031.36515927306	261912.2226072518
105467.45528013128	273883.6520362253
111542.44468549683	268824.9083267994
104996.94916466453	259410.14763151298
109718.56916585562	245009.07044716307
106658.05273993182	268165.1517498912
96045.15670583668	249450.22857115616
111158.97047070145	283342.662912522
103541.38078308568	241306.00577602553
94405.03507423511	256617.30505330584
102221.83477886417	265718.3396399514
98374.0560583164	242264.7500808191
101808.34859758621	259710.61182358497
94462.55608047245	255543.71773669682
109909.94079685432	262980.491195165
100416.77222404203	277678.3851471982
102720.53431608611	264700.17693402455
95733.64425509979	254649.5473418268
103430.54886383569	260361.865773665
106438.23447810268	274910.24966022256
112910.9676085087	244829.39321658082
108034.35874022078	249907.7477598673
100914.85278154149	274509.3582795044
98593.54417057126	247574.34910435203
108210.94149025469	272277.1574719198
107938.13641941054	263134.0491929656
102264.18462465012	236478.27991779585
104258.64773316862	255681.35911274247
99521.98938869248	267439.3535016457
95930.45995271835	271826.7057870241
101454.09931365991	274616.072572089
112519.54519265973	272829.8771667248
99498.19338138858	282313.19898369844
107107.34945864332	262236.85964089294
105103.05091607379	264932.91798351944
110366.56716104601	254697.8726807948
98667.03087994685	278152.72070398304
106009.12984842958	248765.02068285763
117228.8303994642	277478.4480102549
107681.24152015892	241634.43324664055
91874.61423188637	273325.9747657734
100805.26283653636	236710.86338272493
110775.47874261615	254547.0113127159
101495.39279561411	276292.8065926075
99843.78654218196	242141.99269113704
109934.16066432968	262028.0203278198
94920.60125150724	268390.8474761916
102108.56009726142	268435.70027452346
100543.08546395009	277106.8038163535
111281.73142440402	273166.71403824014
97794.49637116943	257706.70957024308
111387.7228026802	248426.9591956898
105384.43251897622	261616.91655748064
98616.78664577653	268532.0142802207
