1139.1590645034998
1144.189533682511
1136.670452263571
1155.5347061648608
1131.5046782752993
1146.412928469198
1138.0147101463897
1135.6954635990537
1147.3470587301465
1141.0649514589722
1137.4096963914105
1141.727071614873
1143.5202309380777
1138.8107802914571
1131.1410804505028
1151.293292238936
1132.4129771965668
1134.5345532841143
1146.7922653329772
1140.071680646119
1139.3218108756842
1124.1587682119555
1144.6406479335517
1150.7828809523608
1140.933319758064
1146.8085675235989
1142.7502120431632
1143.3584749216511
1167.0699663426635
1156.0161475881719
1146.7123859019339
1143.8191596312352
1149.3513620064418
1147.1254409523285
1152.0235761082843
1138.3280187838272
1127.5389903232547
1141.9957624533808
1133.9546521370494
1140.5381442388205
1140.1990113241818
1151.6769479268473
1145.743944707395
1150.5083169232848
1140.8782085850587
1141.349699396174
1151.235960217336
1145.349234798522
1154.5807848884106
1132.3603583146423
1142.23314159832
1131.5917533868303
1141.4106390208312
1137.4970883203914
1144.6397193783366
1137.873551118902
1146.5125098309281
1141.7518553779005
1145.1303083566477
1138.8730722108357
1138.6930190864173
1138.7242396116485
1149.273931328356
1145.522195307951
1140.8525020592942
1141.5150457188356
1133.0195797732003
1145.757739799582
1143.7501641291813
1141.346782566451
1138.1175792589283
1139.0829558298276
1143.1213057442324
1134.2285454035223
1132.6912265913095
1140.1288698324333
1122.7595653453707
1142.347055634566
1147.0345160190432
1144.013176578122
1140.867278750671
1138.0044648005655
1143.0693754549839
1146.6016539899686
1139.2486819772307
1140.5323620209879
1140.3104044426736
1139.998692599771
1145.3593948012285
1136.1280818076625
1145.6242265926408
1152.1874422527271
1142.8999505408042
1142.123845130593
1149.8009905695026
1145.6608939380021
1141.4181970627722
1116.3756470137123
1145.1172574401376
1140.6494687627473
1139.8055239114942
1152.3429094368435
1139.5873483097116
1133.374209748536
1142.5268210053707
1136.619573182672
1136.7961536791004
1136.5159678591372
1155.0797153994215
1121.2162059279428
1138.8872993690925
1147.380773602365
1136.8565430094181
1140.6705076953594
1135.8038897411984
1148.2091043070682
1144.0359680731076
1125.9376613672828
1155.0852431965795
1138.739148579477
1139.807249980559
1140.645539116229
1149.0603168478833
1143.2930140903138
1148.5878968440848
1142.4701000686819
1127.4082403298987
1135.8800574030256
1138.9628609914262
1160.2382499886871
1138.4856707215063
1146.4101903914689
1125.8331835090012
1148.3413831921748
1145.478032161797
1144.929136686208
1154.280555684017
1154.9700974041127
1144.0573037588774
1145.0569132118844
1139.8268662528035
1138.853522598326
1142.474515183741
1147.5292831071938
1136.7002913513156
1157.6333523958767
1144.3917590454012
1140.7243064782806
1135.7427049052185
1138.3035106404818
1130.2546195327395
1144.3608522042173
1142.3059416109932
1145.538978221751
1141.4743424046633
1143.486806173635
1139.2004581445146
1147.7088408363147
1141.2787512381697
1137.3392842685698
1136.8248148287091
1147.4523373305085
1141.1457977614841
1132.5005310634801
1135.3075042931628
1142.7535235380733
1148.6519483519182
1134.9085333295893
1143.2032810204532
1139.2855589969645
1152.0708049786656
1135.3225817086666
1140.7229317123015
1139.4271040490266
1139.742855147045
1134.714234402026
1146.5686565869069
1143.6691221899453
1142.2392532661174
1147.7150261349173
1142.0587847440438
1138.3746808674853
1131.2139902194508
1140.769006937945
1154.941701921055
1141.7223572314629
1158.996078772922
1144.005902519706
1139.5374364782924
1149.0112639553354
1144.3528935267539
1149.9048125800982
1139.4816324341639
1129.7485171892454
1137.6309753921778
1138.7579198456674
1131.4656071599925
1135.2866830866158
1134.659975270875
1150.8788459717496
1142.6375484046239
1140.0867896467503
1144.895459830848
1142.8985953998376
1149.2682060565353
1149.919896104482
1144.9625643379477
1135.8711118942542
1120.1782596611906
1141.1161825002664
1149.079153380735
1151.7148931096722
1142.8180114040929
1143.4612505580444
1136.801028128495
1142.8534965446343
1131.1988046965023
1139.5329797706331
1126.8148885098158
1138.1260353943076
1142.1297766239077
1139.9902616879533
1146.0104239819339
1135.0060536614517
1143.4820715040498
1141.2822515578669
1141.2478107641632
1141.2784558472738
1144.867991155109
1146.343781213864
1142.1875878716573
1143.2637623691269
1148.6363728137699
1143.544546781478
1131.4729297451954
1145.5536378476368
1140.4927377940146
1145.8991603586728
1134.9810988310724
1139.080631928032
1139.4440581010422
1148.6720743953326
1152.8370115882387
1130.273541572324
1141.581710545414
1150.5432356585147
1136.205758044232
1136.6704935071161
1148.4389259758555
1147.0388808743392
1135.726372088733
1138.0877943662804
1173.9868362278426
1123.3244996435155
1145.735614021096
1142.7326883775092
1135.3954753160542
1120.2792313098585
1143.4101231975956
1147.9066520234578
1119.3833902920592
1101.5039399085886
1139.1588642739932
1133.3655980754745
1147.924475998264
1150.6358853862173
1137.9864474163332
1138.2615779052248
1133.828316673479
1141.4608828596383
1145.2569976637974
1116.8801078213705
1143.8225186457057
1137.4149080368481
1142.6184956358754
1137.1914881006337
1125.0572640428254
1141.4647412817337
1145.6671883072972
1136.1310813271887
1136.6898615724213
1133.8036435981753
1141.862010380406
1141.9825295703554
1140.5214387410117
1107.9646001451197
1136.7030962095141
1136.5759614106228
1139.587192950115
1131.1999748279259
1146.1109023126412
1134.8025700499757
1149.2674820960594
1138.0805006506507
1133.7626121565968
1137.1751872975283
1141.6659010882527
1120.083920517654
1136.5089730473667
1150.523432984172
1138.0159345003708
1142.046963645238
1125.0098011800128
1157.3544039464105
1134.4527437414654
1148.7758438749051
1141.8958984323194
1135.9023052965638
1142.0718644050621
1147.234267518395
1152.4946212111818
1147.7112630826132
1138.5077157417481
1136.556590783559
1142.8265039557127
1136.2217870678755
1151.6027283399833
1133.5246038679566
1132.4412336349315
1145.618912396769
1146.4659112733302
1135.620628116488
1142.145542366048
1142.0770689027397
1136.4044986897748
1143.5091051297773
1166.3779624794083
1137.6324442651535
1136.5730392677306
1150.3240186626963
1138.1694991819986
1152.8294646678391
1139.6594140923937
1153.974033148302
1162.0975419833417
1141.5111529761562
1160.6036460450393
1137.8964929746915
1139.6685937286406
1125.7485480015866
1144.8093349736366
1155.0138413674272
1148.564693040656
1150.8286520993731
1152.421731945211
1139.4620250380963
1135.4434276647742
1142.4546114334016
1136.4373916184577
1123.0105195990227
1146.4304881280664
1143.1274099012983
1138.7399322885021
1144.267500370819
1144.502109703428
1139.2145665758735
1141.300582657313
1134.3476605158944
1139.7687944533682
1134.7438166730967
1136.431751302197
1144.646518867412
1145.5874180854805
1139.4614551041036
1123.399283298747
1132.684886071902
1136.8168364450335
1153.268393102097
1153.1430458537766
1149.6553103500942
1133.979961667489
1142.0225508041058
1152.5679778932822
1138.6345000468377
1147.1866727866131
1123.379758000727
1143.888031622155
1134.9407770850773
1137.0507658744377
1144.9395894807985
1145.5517451859796
1148.4642619209658
1145.9779927555687
1139.731693042566
1148.7997037142868
1145.7817472862935
1139.5834295919572
1134.1405357068732
1130.5455913505223
1138.3431773613434
1140.7444639799724
1138.0076617300415
1140.905865830568
1136.3914081303637
1130.631879269881
1139.80968360422
1146.0631028413304
1138.5006748112944
1139.8322758078275
1144.0578993506163
1140.5595893038742
1142.006326404463
1137.145596402112
1132.095562077889
1150.6236340748287
1140.621306384624
1135.5343102131055
1138.9176554804185
1138.326025398714
1151.458718417673
1140.2790835356118
1157.7594550230729
1145.8833025532986
1143.2071447921885
1130.1899865209314
1135.0439858639952
1135.1652291109315
1146.27635874782
1126.1461355910703
1144.4520287357036
1134.9626389784225
1141.0539863739778
1141.988665629809
1133.4254845965866
1151.5827230253933
1145.458529162691
1146.6949589089977
1134.8574041712945
1151.0566405704838
1135.0849087714687
1143.4167169836928
1146.2471506025022
1135.9177330833886
1136.884141361169
1140.9051813525864
1139.1642875538555
1138.7673353819757
1140.934377291061
1141.5524229707555
1133.4278339793545
1151.043779314104
1131.071187133916
1135.2676346352425
1148.9860258113772
1138.3612422983597
1137.5316872997787
1146.7160092167946
1140.2055191377967
1141.3501325922757
1139.6670659714482
1144.6536880455124
1134.459302674662
1134.4602157012755
1149.2303052757768
1150.3983692572917
1145.5107688237717
1141.8937470243143
1138.195774497165
1144.9861852566892
1117.6349260127565
1136.8246338841564
1157.992109961322
1146.972176359
1135.9487886760442
1131.899827135945
1145.962346743691
1173.3708753330302
1134.1965016446754
1142.6177062226382
1134.7516614923902
1147.0549372410046
1140.6527032144609
1139.7727287118173
1135.918803832726
1146.0160917443654
1141.296520114813
1138.7897867371958
1135.5718832026182
1094.5229543253274
1136.6896708543622
1161.2951729295523
1139.3964181017514
1131.6178073581636
1127.140370229221
1148.0678289778941
1136.242529686229
1137.7645092107446
1140.21069611193
1142.9535672937914
1122.3528570218946
1132.6992415069337
1136.1789784758525
1149.685509077584
1135.3241645927073
1134.780876364036
1144.6494719458126
1137.486698451314
1139.8086693752539
1136.7258198860568
1136.1459188310073
