115487.94087185993	279722.32023260486
112018.80971985361	288264.0902481487
112026.15639821194	279060.14108668565
108065.45309425949	265418.76883576036
109892.32909864403	259416.2884436799
119647.42917355048	290545.1363293775
114805.08706124604	289948.39522196166
104270.71095625754	275165.04792603204
113993.66076361387	299981.75125745544
110848.39171044719	287429.83707924024
129087.00869021239	292810.4264457866
117380.25449587862	281223.63563179143
117932.78059742374	271815.63378453755
99085.90751640593	276402.26112965745
109438.53567767574	266284.5418450143
119015.8002007247	276797.16013426194
98979.35054368846	239381.6986825434
121924.56892304374	294297.8654283143
108849.07623009966	301285.09961394675
110952.4488021473	277287.8933065564
99813.68347266736	298101.872044743
117898.9729810305	284815.4443728513
110169.30353193496	258875.60393182657
125620.16050088256	268684.22673264035
102192.90635423071	289618.5551355091
133379.06243256322	296516.2524771804
117265.77152547354	261288.35078963445
123347.91013274809	281356.8570887661
124396.05156288625	277507.83003553847
117304.51668834062	294650.55152464926
127174.6827387895	246293.9657387454
122965.64566494999	295058.2483043731
116610.78202075673	260242.47721255996
118826.98856838833	275624.5002527959
117706.02137347002	289749.6483388645
104120.12374036979	300699.1906747893
108186.83968516516	271135.78551520256
116701.52380710814	285112.4279838247
104531.53381329341	275009.66247339844
114380.41453733134	238029.67205594684
116482.32831743559	258302.53818459556
112413.24358444117	276999.6034305809
126272.82323736683	297371.7934371906
106518.4924104053	286547.0249527857
104038.19639643686	257717.933992173
115142.2699360862	273831.738667359
114434.89049629445	256122.73799997973
127916.41992800857	279599.12595655245
127655.48260559444	320087.4266114796
129899.40844723766	312711.1413339419
112768.80179545374	275447.8701265575
112974.26910666976	247190.20201006913
117368.65305161648	276165.01772479096
114440.81791785278	285178.68426986155
120379.38801706118	270090.0439397582
102511.77842224122	274799.8708290937
137885.8622171682	292261.3164528458
118986.10952799376	285791.6558573924
122223.32516719014	285520.3951855244
104976.04539851643	264119.0309431403
110952.05252004252	277636.81193958863
114160.67431986074	276599.1639313248
120506.21298316075	274763.7175679223
114967.72394946229	255501.54090552055
116644.12678255183	275503.9110998522
112298.50885725833	285048.3965204989
106662.02867995265	280124.9188925807
115804.12732299163	315592.6405876477
117926.24848137124	302433.0961182666
129585.73953015494	271617.101950214
111697.9060013208	261147.51534613772
133127.82736199012	270057.19412448304
114999.95750644962	269078.0093728281
108051.5883588545	274300.95708839723
125352.16919956861	258859.28994528967
112806.88867945227	290399.01616616006
107209.82287691443	262951.94870851235
111419.50995399448	263937.36988945666
107828.76839735729	289798.2984066093
128245.15600751908	291565.59613438306
113536.53859573016	262808.9615234045
109111.99472134376	275557.6159086624
121093.34282448655	274725.09915610176
116899.72238826854	271975.7689139573
115924.14063983416	266479.9152816335
134000.84457965975	300539.0303658449
110200.68706189138	291016.2799868907
106143.707391231	258564.8527600934
110805.30305621878	251872.49031857937
115469.4062995934	256602.26543953648
113136.11936785473	294712.87534171704
140118.04417095214	292351.3990757884
110320.08693768358	287993.85692998715
114288.0452235484	289083.5515783704
123966.04036125299	262412.2823986377
108957.56659610651	243465.49716131866
113060.27508775218	274251.6192921311
127465.35341985748	263197.8385821718
115556.93726946646	264781.5277369256
112585.07430739762	268367.1886187942
116920.07439419624	309533.18302303355
129171.31811251404	299364.3777866693
117154.52974718722	280892.9693962692
107805.69781267983	284286.9822290208
103333.6397009027	275524.3744868113
108217.24857124762	272289.2366111675
104197.52502515036	281740.7145926304
112571.1111274686	272061.5901966425
129560.40855968502	298037.15118263965
123926.43889188717	285303.06490135746
107365.09583344529	266031.5483560517
121054.03052075644	274838.70012016856
108192.96280064645	273033.54179100855
105890.18915902606	289847.23511223274
112236.76522837636	251352.76231922564
113326.16833143173	258299.68722027933
110266.5742336669	255700.18403024314
141400.27437819756	270256.9205713955
124476.77272855793	283422.22273541347
104629.01088826297	289828.74556058284
108617.42757912591	260435.4806877825
109317.04241046525	273440.2494161563
125678.92667078812	296759.02076266654
140511.12087207675	285372.2769137404
122032.17388492482	261043.0920869954
116033.92877453391	264263.6860712923
113682.43012300017	289054.8079824612
111765.16491619538	275572.0744280384
107779.1925793097	252115.12509470864
122680.10468192559	253554.5534772777
107911.31537340095	275746.3034851062
114491.3402763106	282971.13562294416
110455.7987008717	252050.727365286
125221.0802203347	301605.3598177362
118086.66492186986	279152.5241657642
123560.57484755712	262092.51530023012
104457.23912670295	285964.4016478213
103828.0584335232	247370.29628617503
113131.28539587086	293384.04683867143
117160.57674406578	298726.09455569665
104861.17954585576	253355.96212967217
100732.74455586675	284320.3033155049
112049.51967568477	295561.52352855384
102956.13378534543	265684.5788614305
134201.6568148624	299914.80949422816
123557.95129177194	274815.00806862157
113885.80425267435	297617.1508546717
112960.95926836657	290022.8735714283
96855.00414347669	270539.04796494654
109807.64495268241	260488.83520386805
126209.245733118	284587.39577747835
98533.14775930022	274600.49575461616
106273.10571306664	261556.63737081693
115386.10180473907	261485.36777830584
114028.67964263877	291099.34493007936
141829.9615070561	303641.9077768778
112454.14172083321	266589.0059826381
136702.73079781758	275551.53986882174
103657.16506757641	284417.5832905997
112895.6660591164	271175.42324804823
109761.79114411533	255017.19341588422
112822.45334248248	282693.39153917274
109005.38332660228	287859.46817115776
111092.99577433632	272546.02908266755
111156.0573619653	296137.0417496173
104846.06667506295	264386.009253729
128528.69632205661	275238.8358065073
108731.47875459096	262491.31997683976
111728.34163362981	270068.27357411326
112168.69432334733	260912.93273644152
123466.38604750144	294105.70319781423
116216.90756254224	278398.4592213635
117039.88437968206	263993.8910370159
103321.30534349298	258456.66585144462
103986.057105126	264797.19246086007
129410.28199588999	321569.8554629794
110509.75769959402	269033.21191599575
111335.21025371067	261844.0633199278
105148.92910334686	292066.0527496525
116726.30213253612	299999.032412547
100751.53044208034	283479.3351335094
112318.92236288753	289554.982995565
131895.13450977954	294652.8058622036
116499.13649167249	307588.3349022634
122258.26604118958	284620.2171497403
112852.76851881853	277066.42235644354
143359.12854250608	299798.8800216515
115740.14669754077	302287.09368520475
127969.05037544366	260018.23894786317
113186.87172106009	274972.9670834162
115934.89529017164	286771.6807790827
116645.11337580535	292318.67299105006
111119.97107989574	283396.4544126795
116650.6789677834	278288.796364698
118471.29798219287	320297.52339636604
111894.70451244703	275515.83721209294
124100.52009289144	271409.1738924681
113930.00401707203	281580.1873732434
131938.0622752302	267790.37535319215
125871.02014586437	281749.59498508106
131809.69739385473	297639.0195504504
113673.19355949046	313455.1104936757
109652.6800190047	252585.5624665514
120571.7497673397	300395.7943353186
111488.33337787342	293081.63224181195
113383.7249385814	265953.51746792305
123978.54831254881	313050.93265778496
99884.59065240624	277759.4616706954
127073.35830177438	287071.36294412543
105382.69540975387	268747.1049779359
108659.09837431044	265444.3721217794
113971.34791530942	308439.60282863816
107286.51026076396	265976.2638979925
110519.97069212234	280430.1470310384
106312.0383357061	256599.92996886684
114721.35159398548	281863.7815133818
101099.89006597913	274962.9155651132
102075.42589565815	259689.7319108062
106585.11464945078	285564.473612795
115265.93838819509	281653.07974614046
115160.75587450832	280095.59730180935
113771.06497466324	277043.42449683434
121375.21935537584	278300.37283627666
111006.61500490169	294407.34586487885
108991.16225456819	266076.12823934125
115055.90500147354	273150.27453785745
114821.76533922247	298130.4965706673
120158.02753946996	277243.0997361019
121869.7712530354	286508.0824294571
121257.8229746754	297034.450374302
120788.53539445129	286094.09443440393
114724.05973927128	260917.2906506302
116417.21061532942	281341.4071359917
100045.36981105928	271504.7776435942
115117.47995715847	298212.3441377281
113563.26404172677	264337.1636435317
104376.29308158378	282767.2532967414
114841.38394307197	261134.3082333607
109470.02245290938	274488.1907266223
113339.6142353336	291810.6407462398
114296.82867841912	292169.0925612771
109016.18348514463	282258.6467966138
127336.37542374473	275637.4888616052
128645.68123546333	248973.09563146578
114863.76743099248	272441.45725611754
108485.3064320853	264022.665246101
130566.61890082163	283679.96607017424
110870.98665336976	279841.54275248933
114367.79859948088	289841.84545129846
119313.71824374385	267531.1576199085
111956.06947007883	271477.71864570776
120402.42373853012	292214.08820002124
135831.99597740738	317736.8383419839
122324.04564555059	280300.7825599902
107278.11938117858	277934.5037674753
112002.7441888899	270926.73765669786
101353.99380510545	245713.30637531105
126770.34763348027	265974.9418145707
140974.35866168828	291987.6403329284
110741.35391662346	267577.31776599056
113084.56547308256	291704.4997310806
124712.58998001894	287241.3336460148
110975.46197766552	279616.1894352123
143509.8720807858	303188.11364536925
115216.34871031392	280396.89487799036
114172.85602633565	294693.83472448704
114578.63561095958	259013.83107580274
98923.90217058343	267596.1782805299
113650.69921913967	277457.60683083924
112680.98950767369	271594.6148226797
108370.3919610309	275685.44182921894
149975.77379538724	326491.1953172844
109856.52994887339	271889.26513459906
109423.41271806369	255493.60336652404
116419.6828639676	258697.0643917589
102596.34224877489	266772.8407781495
115175.29352234509	280108.97747293377
110540.72116468723	260831.68728157657
105429.94847709662	261117.66972484373
105819.79600859573	273066.8647012294
113025.19427266717	252321.96678161618
100107.16938962985	259446.71058559138
108154.32991017908	284225.98077861534
104965.46012448307	277236.61074104084
111016.1394180689	286671.10275072255
120894.65263925205	268818.13702018093
105381.16926919876	272332.5089082792
110374.69725162792	274892.72740203294
106876.3996226927	269102.04724061454
114935.80975461048	270205.1625606865
111671.18344525478	288061.2966775923
114463.02467694666	264831.98701455357
117097.08235930189	261927.54771817708
120819.21782250468	268757.2388793066
113759.4625602504	265440.27746778005
129352.18457667869	286999.87018137955
118186.39440001902	274152.87299445336
128748.51896384818	265236.90337028814
113284.75362011968	252211.28679485165
109624.19220808335	302616.6670232075
128831.37354194555	307053.74022371916
119245.68387027398	266013.90397486684
112911.95531821324	254994.90873025407
127289.96489421747	301337.7345454038
116630.94561845838	288194.86790353653
115663.65954975903	279473.0750021994
110515.61911056886	273441.5034770747
115572.72490063019	278826.0039713239
111554.59535365555	273127.0036619921
118728.08182683354	322747.3993269786
113728.84852226701	306865.35470795777
121944.88087602089	280106.45915848407
115375.61301639563	271787.8193487115
123968.31875748947	284077.65650182375
116150.19306293683	281999.81749004056
121080.05270453719	292424.48592834384
118525.85133748435	284292.2681950783
104280.1506731851	272549.0675175657
107084.22229683734	284991.93866016285
107893.38546764292	273439.2678809372
132877.72731782502	283617.78329868487
126277.94434878553	309420.03294086986
111266.96019498933	253951.70762086177
106368.79341050204	282862.5090072915
107075.72731056993	278980.63003460545
114766.58829449728	268737.70972762967
119017.86878064352	323857.8663094379
114758.52762081785	264988.22186890873
104371.66954191742	244675.02841372052
109593.99108519417	262786.4706714846
110233.24253177588	286776.5017126526
115833.21493646965	299186.4942443011
114997.03428004825	332157.48969705525
119747.96101139078	337304.23447129165
109268.72157338657	285608.3231843519
113757.16425636792	262394.34771257587
106858.0524309802	267639.2287499719
95927.49395967578	261787.393392786
123115.52471394121	265677.90077710414
143057.4421752203	299819.9392596807
102058.88267928002	248855.68616904624
122386.66069528507	269612.4372225052
136365.88152063926	288822.7047840338
107256.60106180384	283947.1359574376
123118.64924307445	270284.58031126426
116624.52452337796	272710.67616078607
98829.16617878356	275733.6264276078
111548.64712375087	290228.06324260053
107214.5058202204	264945.93262823793
131167.35051943245	273595.3685174702
99562.0598059434	273733.9946032361
110491.6771650929	284269.97566427523
120445.43202199572	262379.80746434524
117154.09814186263	277197.610067677
117974.14827781159	282231.6307844878
107352.38020238356	268564.9507285194
107257.26396008924	261832.9390637364
136927.98725847906	330278.3326755891
101049.74393735512	268279.3641183299
109844.33725625041	255715.74967206523
106050.9976536742	264115.5775567167
126950.3347800471	312220.57154908276
113586.32380080168	274621.5957221662
120116.09412714324	278764.6008061088
134036.38179744972	272845.29995532107
104264.91860448908	286621.6017964611
102791.42220809966	269349.63125382905
123959.9303023256	299248.90929526824
115215.98119258306	274133.92141313746
108367.04030604669	269052.5365460308
111732.70548111535	277435.15533502895
114187.26584890005	291547.80388429976
109912.58186112663	255664.85860197418
104766.45506145695	236301.43981497534
122568.00285072828	289354.302482947
122430.52949656639	288695.6843258519
120235.84796542386	318997.36386333307
129724.56036142581	280973.57178267423
112957.61542860563	283311.39223164343
107929.4961877462	262589.97908147273
110011.35656119706	254551.51861233375
136896.59432137688	295489.2652482966
127303.60095267813	289318.32378590613
108987.14064982918	282559.25575463095
115558.78377232749	285349.7701455329
113281.02246010183	271695.428193849
97674.83019864686	264420.7136252649
114778.14656804597	269194.1420456581
121966.7287640463	289241.10143620695
113365.96524660746	294778.4485412364
117452.75035028145	281530.62149705313
111270.28965732496	266611.4250135057
107360.52053608836	272646.55043932627
114488.18585794949	263146.5663454125
127898.2338124505	264988.0674340766
116540.99562679348	293912.0192936155
114499.9325034821	268234.94313951326
139654.79721368765	304627.1203150512
115131.49050802393	272579.6951384513
108967.13076903982	255415.65223189475
109919.68766036388	279049.6098875294
107059.58920122561	290381.8351882798
106434.07389224239	252702.29829413295
119270.20786273453	260840.5359573749
115426.27197894051	271505.8375823973
111205.58385496613	287797.01226082485
117837.40867577534	302572.91461279785
103413.62660921464	269869.1573694673
109668.19287552024	288252.3281458857
118349.25124409467	290419.5668423885
103900.1164386234	273462.1064990438
120241.91849156187	298257.3123181858
105264.32080489262	273670.2842971387
112269.40932504203	266271.2066040068
113594.23841361437	268121.7424432477
110574.89027002608	270323.816890593
108092.87259139639	263244.6454759283
121186.90972194006	289726.33564540517
129969.36291681782	296319.532643418
110688.60601870649	271961.2020908792
116558.44344335052	280415.7354010943
135913.4474033175	325671.48181533685
110127.05846591572	252090.89096992603
106621.96546338357	243797.25679767397
122493.57845674294	276191.06089767616
113368.19820133167	287711.91675448616
105455.38744019394	274324.5743446891
108214.4203275147	273352.6498722722
118596.62660966664	277407.6179579721
108370.33541213846	268780.44218725665
104453.79998324346	274563.12918527203
115198.71533302712	283650.91497960564
136153.63481147896	286653.0210325149
107914.95444679479	267527.97855530033
106843.8010773876	279216.70224739774
105677.27381728559	278394.92715780827
107663.9125091456	252991.49570894422
115911.18902509125	258165.27313851647
110964.62285578187	259206.12241564554
107795.76245472442	261848.36201373674
103368.12869639778	275029.9875843734
122414.16822818136	298023.82384199166
127069.59748680016	262262.8994714624
119167.53946143089	286094.27734849614
106998.1269997832	273508.26354298665
99178.11516760876	272085.7736095201
113305.81918952981	281906.250269469
119678.16017636703	285424.9836806782
118769.85723967079	259879.02114576785
115658.13834942074	271417.7836790744
115535.40295393422	262524.2343935806
115545.07817523056	259959.35552981592
113013.87778688697	269295.5000813446
106807.58271902835	275695.803529065
118249.60248783087	278798.0200798018
114778.43230676431	275974.4932943397
102325.85619762861	268262.1525091516
108867.11750691658	254387.43966342873
112332.46178870401	258947.28014241706
125864.14926014544	273074.0930928801
119323.6843119131	290296.71734799596
109999.35173168723	257326.29772468435
119504.09000735465	298169.1163412107
104090.65113621729	262619.92923004145
113306.25037650646	287866.4294115084
108591.1484271634	248244.6940635098
135245.89600783735	312691.48005505104
136332.00836745164	281315.48869635
108989.18492963069	279116.3635910765
106745.44409739188	271945.92056102154
112356.74540256086	283433.4153968644
116667.43170529368	284356.4825294938
114380.83418717977	283704.92870652216
100655.92623157488	242788.5212344058
120572.02847260964	266127.8148460398
119787.71203729339	247637.59491133003
112405.50726291238	284268.273578963
110277.39598620949	276377.19146826165
130041.49716624239	312792.82993180386
120529.84248281443	275682.27958905115
115336.79062437503	279651.27812582854
120548.04608878044	296780.5383432346
110656.85633017539	242279.42621407582
121406.06887081626	265127.20691489463
111055.69514760401	273878.82255572284
107387.1788765531	265078.3728161384
110391.3058121794	273209.3208977495
110933.23919798859	275246.9583287856
115332.07214207324	272513.0621716955
121319.29718807706	287072.1830547779
118018.9830849214	280273.00714818947
103676.05360588987	304551.70629414136
122802.72925584117	274547.3779865653
106684.05941948721	251208.4816070953
111875.07374574368	242677.84052078426
107934.04228967453	280008.76806118886
115058.96661534603	311098.64460930065
111601.96134191442	263799.51234207593
108628.21345959406	256307.73735426398
106036.2666638656	299196.03557829146
