192066.2477501726	472793.2402130371
193610.6256202911	475724.1479480724
194359.6185375264	463433.43275777507
184915.71083578462	476242.8377962872
201726.50905627987	454433.52723974513
192758.07282439445	466927.3092729691
192397.1189184644	463732.81259817665
190006.4161193323	487294.5393322868
199477.6792686861	489611.0475450871
200939.57914985128	507702.51083006954
200515.3919828541	496337.5113653656
201396.02679580115	501322.80702558905
197905.8225914993	458780.33273165685
186333.16188490728	470853.34361541935
177596.03113878862	459511.0977790003
185555.84415417328	466773.36615124356
169088.8949131632	451649.1431496966
191307.08282666467	491234.58833867277
196943.11611155956	507960.16459470964
197500.51430146085	494376.74549797305
192797.48866916273	481830.79264899564
190960.54717684735	433496.64073150745
197757.58753378486	469690.95370988734
200934.88343080075	468235.8262935509
181939.7039107673	442153.7568213957
211297.80789563974	523053.60171780596
203581.5985365088	458373.9665393161
198198.87334094287	489993.2926176725
202672.0530555591	478354.73188704293
200512.11837545782	480226.40733888734
200111.7099298138	473648.11855104234
207519.6716141009	488702.6271045923
196846.21262781625	492745.1086289936
191369.21001484536	457876.66609077074
196961.3728877522	487989.63516962086
188409.0817126028	478058.1155556675
186157.65144214197	458953.37979283446
195151.49081259113	493520.9145125292
184402.83079023188	475874.16266844125
205041.64417024923	485422.3566584873
191793.84656042053	460114.308155157
196069.0905453168	473881.8187397544
193652.7719746191	469102.0744417119
193095.7939449465	489188.9036015439
199515.0229906416	486306.0098472069
185302.14730694017	469072.20947698655
202009.41014248674	439164.88390629087
190347.5150552948	470476.72907186486
196246.73983734654	487311.97987236164
187389.94590899878	472660.0090615137
192537.8378738325	493190.6468407843
191840.13725551934	443730.3981374875
198128.51497170297	485609.80838706216
196907.99188324506	482801.7525384048
199192.53309217916	496740.53697721194
190360.1813009709	463767.1084856002
206627.30408430926	492903.6702560046
196456.55757601786	476476.160780272
198020.3826458205	468115.0287631663
194008.89517881355	454462.0860009166
187928.36284731032	465170.84357553977
194583.59023045102	459224.26598710625
193525.37229816156	461166.67312433606
195651.1720636153	445387.2539452694
192727.8542043994	468070.8285675113
193925.2389916997	476615.3526436106
197966.69569655712	508831.8217528253
189572.30216091243	487362.84941599617
190852.31592305982	495059.7378385995
202601.94825217058	467467.9223754256
180572.3678125471	460009.40015108825
205426.7249830928	453183.5148397085
189949.71265980427	472733.7330041231
189122.76701490514	479636.0503520027
193869.2955517405	479460.56175616896
193018.25973847363	490890.38300404814
192154.22786703275	464468.0883658037
193676.9708071434	464835.03080552863
187977.09424302605	469938.71377974725
219758.57501965642	493990.15727744496
186782.63008653594	486169.4976802189
194744.4289640452	466428.7216843001
192668.4246210298	479441.3013396062
206489.29650143444	469735.78938608523
190644.49430004606	471350.6570168508
199784.15850457887	493088.3061522889
186731.11582011683	475101.92726591654
181858.15661874524	475508.312557476
191872.40113295353	466093.835982001
188611.8772308008	464941.76078904077
192433.26062507203	475236.70841320243
199401.63157157952	468244.7431588812
201771.1962578345	488857.0046397376
192565.2198358401	465852.17075535905
196420.69898711477	468849.82596573327
188658.1584805725	478092.9814591999
192050.04393830066	493830.5012171359
201049.8639070397	487827.5921234751
193938.457473236	465170.9014462384
195771.47270088486	465122.0456614832
193420.76936834166	477667.6664816579
206386.93877789454	531778.4981566644
198531.04158318983	477004.8890406445
200029.1125692166	464879.5950558984
196916.6850995863	490927.2355737574
193533.92297393276	467488.9060977051
181453.75766954955	485475.02631092106
195831.2375455079	487733.2034768796
193083.6179010354	498805.3418924138
194651.53437083564	476898.92380210763
188766.78693458275	439696.4550057447
197901.85389657336	485016.4922530411
187310.85524329025	447208.45439251
185133.1990578476	466644.86029614497
196566.97866777022	466611.66040773934
196643.77551369742	475721.31721629144
186787.94855055347	465156.8737230749
204509.78622493363	457139.25087746466
197867.931711499	510555.1762020091
186923.76641203408	454321.78515042015
189861.3250505877	465967.28143037483
189890.08270713667	471173.799070821
190570.38422874472	476513.0055567117
216068.34924545258	482926.48765552766
185894.39228496118	485838.0572252956
190919.65800549882	432692.7506119233
198795.8806277076	508215.0529967357
187632.4390131957	459223.8365689856
192467.68446191546	438229.02740050806
202613.72981264832	473299.05754407845
198966.80929812609	459195.77250590734
192465.39424273482	471709.56591370807
192911.98417588318	448943.4139083183
206253.75516696082	476632.03974113567
192745.67687354423	483869.03721734264
199220.20361294312	459372.63511718006
198356.06503388492	476079.62528616306
185471.9014991996	459166.4865978742
193220.96734644187	500032.4549013419
196627.19213213964	478045.16348642425
184684.72380401596	462194.2046200959
184887.6954458148	484137.0235719199
203443.45431751036	464369.997201966
182681.01506840775	455438.03865861776
210033.25055407506	490429.39689853776
198556.76189744496	478628.1203999595
177578.4915808661	489597.56980841514
189648.14451787926	461401.7972624841
190894.96979488572	478369.90089264803
183782.15920571357	477028.1632953767
200780.9603976405	500882.3328310004
186199.05229160824	467867.5700405872
194240.87630304383	484714.03296081116
192768.54290166157	443852.6655005735
199428.82874099276	470793.0589999459
196015.02292145824	478720.65952376556
182331.67791237283	482480.60562630463
204551.75624416984	478237.8872212188
195755.48907160386	490531.65113091446
186528.39768603415	455204.06884909706
195485.95695683768	475021.5181338976
191451.88922520913	455551.6980390595
198605.98725085286	474331.5335961642
192737.4941872444	471977.12132049724
209278.62244779573	500770.4042275703
192907.48331705248	468245.2132830885
206719.43275015	462151.96622002916
188853.61258409254	468200.8883660505
189697.6877287936	465700.0629145973
199686.37031953628	457247.93525007454
207479.86561722786	490967.4292954125
189445.69572536345	483131.75441083737
196145.03633659147	460480.706469983
180961.85669549325	464596.44657600624
194564.8952787764	491930.0978533797
190269.0258526644	479408.240070952
194140.4501031614	484572.12721085246
197418.74301322486	460311.3515948607
188384.00356889312	482787.9336287627
199445.69220137363	474452.2725772833
180925.7533362903	456508.0855901951
195966.5886026214	503136.37623982405
200015.51969323307	477037.2238514434
201217.05206283688	515627.7243677181
203466.48160919303	457587.88796048844
196271.50862142752	472093.5905334202
204666.90484057448	469889.8870374443
198770.70594323686	479457.60934683296
199755.629272464	469646.5346680981
194086.5620670539	467315.5271445024
207144.05921607054	490230.0043990976
182211.71958363155	463358.40914242296
184660.7032424842	492096.68552201433
187874.73844704416	475081.11254155857
189705.14854316565	497161.2751115168
189935.27499877755	445115.6422804637
209994.9611406997	459649.293311867
194276.88306122282	470929.95576249564
209214.5761456067	478731.99733772874
196601.36500749364	475471.2451621787
211230.44025214424	493377.8551979639
196707.69446765655	503726.18160540797
191593.53803723597	454388.9464916615
187209.37015075042	473380.2296035342
195194.13319462215	483208.33117481077
191805.11011722242	469624.92732595454
192552.5125677078	515762.5213130275
195759.13249245804	462589.2335373736
205644.86027900627	495883.6355500011
191087.85920321342	483035.50188962655
189137.34432153456	442859.9164298825
196231.07445308182	480990.56575549813
184958.084690675	484606.20855562214
197208.56166219438	474374.5276399683
191584.76083923454	474151.47930000006
196245.6655693128	462990.92390787613
191565.8808586207	469635.65883711405
185685.5419437838	462722.95149180276
189767.54818901583	472517.63910727797
193218.52761332272	474455.1941637376
189384.3549397561	473445.3833510629
198220.19044746546	467136.107805038
191520.86517333216	480248.3279089858
185096.7700370752	485727.6910749471
188131.99787600737	466505.9580720776
193712.51953676806	480692.4710782557
198832.96327077143	464532.5265419618
185938.25436672798	495002.1021248299
197097.68850984273	456052.64247682533
193749.24914319653	470850.1697853979
190951.90989089102	475125.9658320212
197295.7345182122	482516.45734543074
197451.63509843883	448830.69215744175
181599.19459029508	475695.6837255089
194980.89414235082	488689.74685753474
196068.1892856486	470831.7651931124
192616.86094295117	477768.2171632727
198168.0342492485	479327.8611993666
195810.17570199326	469519.11839839263
191588.24096493667	485921.24773546157
201058.79253230453	452091.9532862081
197416.6568959353	503137.70330528007
201458.22590738	484363.853943206
215083.8239251885	465963.09912910045
192902.25425273538	469241.7238762537
198023.56222118912	446509.697399617
204914.37809103384	503076.04590016976
173824.89327909716	477088.38249099924
192729.0069524759	478606.27443811105
198869.12706335323	454345.28001814225
193361.84897477773	477123.1242707871
203589.2013414543	475701.46254853916
198895.37033569417	454692.593350179
200950.86677157783	470603.7646750452
191031.5090946143	466015.8435638916
193297.4793022441	497199.8150054137
188094.5345490527	470954.9908112333
191762.8397385563	465142.0322759338
207821.82694771374	480738.7506293806
189380.42517502053	474934.12466450606
185057.63793329766	500784.5610212645
210120.02748730933	476455.66912443
188186.88416991907	471660.3345384174
204718.11276650068	492402.12661924097
186779.198428317	458675.71514671756
192829.68417707586	475298.32014335995
199385.74060923947	476149.9545630915
191959.35824390568	456789.15442946623
191684.35437740388	471119.0387832525
190141.23606783856	488444.22854892374
185529.56530619922	468928.8022110634
202012.6263654711	482653.63232985884
188321.84198319516	445508.54618468846
186134.6597552329	441371.39105325943
203526.08791246352	481850.11781889363
185754.5673176272	460277.0203862944
196342.6603502989	460416.8607370262
195666.18942804274	502128.94040976954
188250.93606220858	457171.9378561942
183834.9934750108	495466.88739868335
186542.42055620445	459748.4466504428
188875.0744745865	472596.05868841364
192991.62243160617	477689.04630996566
195570.94751500775	443388.5071249212
190600.8136333668	484819.64465491194
194522.7185928419	453241.82603773137
188328.2152856433	488298.25630178617
199907.96368020872	476955.93515577994
189558.81571489183	464017.75932930165
190923.79477012937	468531.75138261425
193776.7885853031	470587.39637077774
197327.71730451682	471633.6461319963
197604.31514626494	464243.689294582
193649.757931552	456597.6346844634
182494.7026892092	465513.9054052493
214356.47305052588	476772.02729207603
191663.02613169583	463317.51501574775
201382.59713950928	472147.7505283725
199393.97968138132	482780.3811883485
199707.56415289064	509114.368384781
188966.88228880457	493291.36977008823
192469.6281465891	471547.8850861658
195180.32863984024	469541.0107456975
195446.06256821277	495556.9686154885
205154.09465123637	463880.67092820484
197201.55642318208	479145.51608378266
185055.27125758954	452004.5226306347
195109.84746691716	482314.93260815344
195189.6076390046	465233.1748747289
206671.1336523533	506787.19072730996
193851.05127180996	491523.1898387107
183266.5562736633	452780.0455512444
195053.92592375728	507653.0276716896
197975.08817989807	490711.47000201076
203102.75102523813	466270.66644577286
202878.0890963294	496047.151039658
197652.40734621146	483288.9082649475
187266.28273653326	471875.5276839619
186096.1971958552	474059.5822115004
193902.5541460787	470065.4747010301
203041.73567820032	488316.38083442836
203000.59551122235	488499.72674704343
197913.24017081063	470453.1828684082
185239.62656377538	451168.6219781772
194581.15267801675	477833.8032994941
204633.2438904367	468782.0045984321
205831.51118523534	475462.08904394397
185719.67500711093	476184.8822149181
191497.1578716851	470220.41651689314
197763.77434058566	461819.29020057956
180622.79934076173	464115.8813799517
196540.3847941138	473375.87924268283
196936.67023527433	500592.06857064774
193081.47129637442	495887.9067499497
183258.629889002	467821.1725107383
187226.65210991586	466742.9853658505
181430.2726630022	477608.9228737014
182050.8808611723	487469.2915049619
194357.35401819393	478844.4626918706
213667.7533499666	512188.87127975863
200429.29625341177	474091.781513415
191835.86443236307	465897.00598428125
200218.74461287796	449858.9086569068
186903.93211640677	468280.17265856755
197070.93987170712	479551.81301709113
186585.81941775745	499928.313109127
188699.6960948354	467456.3889282977
197297.0498211101	482374.3809245562
191052.44752540358	464100.2135856787
190552.0241076919	468792.6951604724
188480.95673761	466968.3845716586
185710.1324359207	521353.1073376413
200117.59845533044	455186.9651762223
192929.9999653071	456138.94221957435
188816.0277795929	511008.09999063285
182472.88849287177	461180.15611806384
198146.43587177148	489079.6066446962
207327.67324254167	474371.538021748
189249.312947925	478377.71124910435
196037.46850210382	464914.8524221699
188356.50620225997	449897.90426655975
207338.79972115153	487557.20015562454
185222.370108567	485671.6815743655
205273.208775263	485273.20395333215
201737.06163205788	463563.37108585844
193738.42814298774	494612.68904119125
193616.97888303915	482492.8230958518
200841.9728310756	497120.18867555796
186220.9797461609	491083.1652058231
194821.50445863424	469969.0934647787
189963.23153540993	425587.1918705625
188297.95932882075	470847.32177872455
195609.154454316	457551.0091558305
185449.28115049482	455447.87146218977
206195.08029753203	504867.791475812
200622.70834786945	459889.71551092743
193556.78907281725	492307.7819984734
199913.7148683645	485147.77196909185
194051.646947028	464382.85945127974
194897.95844338124	494970.2885236017
189170.20698256188	462534.83750766504
209592.3701394239	475628.00577376096
210944.16575230623	492900.9510896717
194134.58858356293	479703.5902020057
199938.94456246897	449727.09486552037
194432.65347727266	474213.35106154997
182694.50974520296	444562.26291657594
201688.58484945557	474679.09956354916
205491.2415418864	469761.22966668085
190793.28845177527	497486.62683019583
193716.06582482602	482834.98409997905
197977.0464885429	438798.84901841404
188656.39504864387	478557.1264286277
189155.686374121	475542.76607556595
196294.63033806335	490289.6280051024
193369.03805615648	489330.31488908164
199963.03227699106	460902.1463269642
209921.95297867374	471179.5435364001
195130.94550376807	474449.5493891904
183160.44006694457	454963.10213159834
192557.15761480574	462913.0816285571
184152.74534604256	478078.63367082796
191087.6121606991	459884.18376118003
192402.59698566154	465552.7927076591
200702.81591101686	505578.4754209968
197938.0838451744	473166.4357636712
190502.69743314583	485868.4158913321
187606.55269109627	463896.9897141979
188776.21938396664	469964.6395977802
190649.07628492455	482681.55481215345
183201.29112914336	478852.5178324712
202449.9372775604	491152.2138575117
186785.37498593866	459237.320380589
195644.42941511623	474010.8480362226
190503.94921562093	476279.24829423486
191585.04389990153	482740.5412311539
193240.19397029787	464374.35779561417
193774.79048095498	476612.2647476669
206689.69365954841	511287.4022250055
187140.6111854858	453749.7953480355
196399.5492072982	483415.37313780736
216876.95809540694	513552.0994610898
194255.32308024896	483568.06044701894
194161.98145200638	462127.43261671637
194230.84647150533	474663.8185552147
196868.77731815563	498690.65907359344
203866.5301237724	456629.87615327304
197067.33991951216	483503.65970457543
195720.79035445047	481458.3030171136
188687.14370298124	482599.75716369087
201734.32576055333	476892.1717446182
195236.7013593409	467782.1703475885
207086.3210811042	488857.3042140852
184711.27069080708	452808.40208851977
194235.09584704583	473607.1468926399
201535.52024611156	463408.51492386486
188751.82668338882	461703.86391274096
204527.72684210213	460548.4659148732
181095.36644328124	461653.5182610619
193469.23501753493	475478.0710390035
186790.80052120416	471749.5652739095
207781.75586528366	481971.77892366634
194216.59691240537	472150.1393772885
195689.5712563535	471426.6152169573
176866.66811636236	468099.46705229173
188156.11944740778	464130.7979928035
191633.70252689422	466027.72992042697
200547.18489508267	484042.53780291276
202961.52826120317	470565.91712929355
190114.79774905977	473740.113471373
189917.96907092724	471650.0295074887
192200.65863569046	484247.9657306243
183380.54785190333	463261.3394852703
192694.9711816531	480531.1603953886
193310.1529914821	462456.64916014817
176602.77305018666	473844.80327101133
185892.0275320619	483251.22922712134
184335.12983988685	453172.0828106266
200129.62464517218	452942.3405449488
202024.40366035188	484692.1964269538
200277.60712537228	479249.37445717875
183511.18957825308	478907.26714134077
194115.39011730824	483173.5497583321
187556.739761295	450019.94951238064
187549.5691630413	472628.95716468
193110.40043625626	488762.0551429286
200662.0406872565	457198.3188385075
214888.54097823196	477103.36357388564
190275.15989532127	495551.63066934573
178081.07651610172	447724.476928529
190946.33360315248	469731.7656483308
185361.4610487903	465426.20713120187
189782.73865784728	463023.72438800114
190009.11600470188	456072.0883334332
193932.73794753582	462302.45818655664
192369.95531213415	469667.979558786
196126.5969995179	502929.57451761246
193296.459571447	492492.8294061391
200455.80848709954	496293.9765792416
198417.81620795454	472184.4739545102
190933.97408146734	479049.4735398438
198975.8530485846	460795.4104713174
180956.98064663552	469762.2659471
194977.5968069043	456605.62321132305
199750.2681029365	472150.22280497366
196436.1891324816	475550.5348330856
180123.10218862665	475562.8639819273
189667.21515565773	460792.35743572796
191591.15854251146	460960.8035405566
197697.40449764693	471068.1178084123
183435.0602062845	441469.4793374258
190567.67883053643	493637.78541073576
193188.09482710678	458008.2804603925
187582.37695194117	453512.1386599431
192028.5846465061	474345.3648212205
189663.66356964037	472697.4021055844
188441.18424211908	474989.63176269305
206143.68538834067	444310.30230746116
181050.4074785992	458693.57512008253
184811.78294055653	476587.9766568838
