171.79532909685494
201.98090517473625
189.37828969890447
111.80605926957375
151.72221515440393
159.08321207100738
175.94261213525556
203.8107817226858
172.11835396801615
182.12435413162316
198.0799938763072
153.57905098748807
175.98129086901406
40.51278884972675
46.73193696266606
234.33786587758362
60.358888326595654
233.18090038896233
95.02904240404474
106.0210532467251
64.98853816885433
163.95264287243552
150.6702236434402
154.62323744542687
211.63274172154124
213.5490831365487
206.04682163175087
157.7115642032625
189.6459144096657
248.39798143657782
181.12721320053532
235.9172437928523
95.3365984851262
149.76175938738336
215.40682780847493
46.54296357869977
112.16976231056148
220.84987344050495
37.78441169010496
164.22217792432195
148.34424604951988
89.44538639273267
152.29437436184725
186.20871474237052
85.2069699620627
89.52305759386064
189.67724568756094
191.92638230941446
187.65282284805906
330.02692825333696
177.45786426040507
56.312943014924876
102.46265285467493
132.8492091891606
167.87212854189337
37.06067558575845
219.77876464477467
109.37350688953232
211.56822149054733
101.89048410949044
105.08959811975112
90.723262286654
203.00794145311946
140.7069844337043
141.40648266988532
144.81192926595224
141.09674033101598
178.02699878729362
121.71707083927275
205.81228567487204
65.9864205804664
236.32268777175804
139.6135432366267
146.21349944669385
295.26760153840115
140.1605445676772
106.81463514396147
137.15861836308918
190.3219667247963
293.5912356232874
125.31441711096998
105.93020408906294
125.77340085366234
189.2499337467699
123.89714298217595
285.13698566629773
115.14522484427948
107.2914097994103
138.08394801693314
130.69000252264942
142.94075727236466
377.3381519156227
129.2017999475618
164.67666748009182
164.2867096002043
162.78122500009547
97.80410403467344
240.34285049034102
140.43315441192865
145.91747768693642
216.07489851464624
298.5239731958584
151.87027571744403
136.64868341963668
44.31155135381409
79.66521603484487
54.501911102104906
181.85784407223974
208.69971508221664
243.79467775069708
66.33150737883585
249.75575798937857
91.38036507121302
116.09551983884947
66.65583447392179
127.69191718902879
104.14084111467668
216.44315183692012
199.03387411862528
143.66917168320995
88.167708753845
84.67397557069044
247.67402066682422
270.1240810259941
129.55706425330908
133.3626433908894
173.46153518144206
79.40944956369677
59.59273237440852
258.9834802867216
138.1929899349459
108.3751231875643
88.87321968291906
168.80400676571364
157.8087664300558
161.0041720616369
89.55420601394292
155.8175645615603
175.9976127351246
172.95721133696966
73.51042204793464
81.70847677585506
111.43478393558098
99.2184105676031
203.65348016867728
167.01044219876923
154.62349559086022
255.8265638176959
39.598090372763565
71.64700756364181
311.33283024741974
115.40364474008791
93.50509936216517
219.58659877327028
151.6529633244144
161.94148700734183
105.47298865358812
230.98433546519902
93.86393888605859
99.53401266858475
163.12161938616018
143.70538870300453
178.01554519875376
188.92021904360138
285.5218039856945
144.32643623924724
147.24154060865067
74.93508831615671
194.3714410866934
102.28964122865594
143.31959276425619
145.61613580888445
119.74280598513151
26.883688461325406
115.8792715313464
154.0380481427025
113.29502757728962
165.29620388929607
66.15185594804234
161.50519012898764
142.46005367491858
112.9508498809705
261.5045721527929
178.97364582497474
234.39494127238405
169.387072187796
186.65194443519252
213.32339814239288
182.77053137893677
220.41885244680844
138.7678693091861
138.11857467750772
101.725945435449
208.07883404590595
164.47621181329305
202.0839110484963
381.9192111558353
93.46714690156955
359.2715593430107
215.49124363201207
262.9150878140047
97.65661643599836
139.0051558799873
160.09605264454936
230.29912553904538
119.81880924113878
186.1139823387725
99.06047805998593
183.13690316652895
122.9193333217634
117.47416004856309
232.58562128320642
89.41865321098908
104.6429140353799
100.65588165243595
182.45032961552286
93.78992170241119
118.99740547777628
113.53945798375807
138.57453407525938
101.91486420766344
141.3141636488149
186.47783937245256
190.34618202759293
123.53762518718096
147.62942323083206
199.5536267178217
124.99421818647185
170.19529373002925
212.47779119345373
191.1211197523244
184.53932732290414
183.5056937195779
116.80178980380792
229.38821658831407
164.7211056586675
138.28815659250202
198.7134149497405
135.0622407969548
98.46114504968564
114.50456386468221
111.29917350451568
284.5939033283377
228.6712918881134
83.74878922977294
136.0985043113211
222.03012392346776
121.90843388550232
145.34820381283285
179.1572334648443
205.3972231230964
277.05734104920185
219.66731206195274
235.9303720458531
170.12984983526778
167.73968168833565
20.758214015064993
179.77376684233272
198.1204522538264
87.76415591233393
183.38545332282573
256.9009772113938
164.3525978950492
332.50589209741986
104.36933414916541
132.5479771270183
160.48814187699514
103.98070487928001
217.9254668503049
110.62023509184776
128.18425481257322
332.25414865048447
96.57005589866719
65.59730931171515
158.49564413744002
152.51340464990304
186.6467248342587
218.56866403636002
158.6214988417195
99.5983151333228
97.8828478790913
85.1853019872109
135.07061859574847
145.0745648218036
146.7563058260162
159.07861061548593
59.32395318666011
131.73148407968307
142.196848170309
85.46084410240145
88.98036167160761
83.42200540827723
156.94512026107986
102.14085293935116
84.93761759217041
189.0814566736378
102.44118026143353
258.88202984749427
74.07329812702963
182.49426121501045
285.5193093776716
176.75064377092156
103.55203465358808
181.12311173580196
183.03601129984108
199.49032417438045
118.3773209586699
140.44403288341096
184.50530389966588
291.5799161150538
238.54272567815735
260.0289831641571
113.11551122803365
161.13131165746276
112.8711223908279
155.73654018304438
126.18636126462799
53.373440232983555
83.64985202131108
154.6749001009374
227.8837873966477
237.98261963770926
147.47738035534456
121.53104398559438
82.8970982529714
149.6433954999899
233.60719212583328
97.22789762871997
84.46095297699965
184.85217931678625
77.82540926599745
192.7513857442659
214.91564288942266
95.89561480682696
145.3336287075602
128.51426538726713
104.9805603603213
55.58788947076965
189.04303340319527
418.24626540284567
174.42726022324254
168.42771645727353
160.2764830050165
145.37536432183796
221.0686756070443
101.37394270438081
111.9394434182457
151.7201767626219
91.31246250342893
200.29245486042598
155.54138593208387
103.5932684755972
163.82042080521643
182.69187928999108
204.54308735570132
114.49837147586365
155.03738022242965
376.2843986534461
111.34688205546675
75.84857562582096
80.2700894229461
191.12542047229456
143.54282860299654
143.94385996849007
386.9369168498239
85.79063427474208
92.72258067795076
178.74519042946025
139.27856603224078
161.0987797127869
112.46927827828762
161.27918135502023
86.91240175983972
129.88822527931316
185.01973545703342
188.0654307098188
161.60064169158002
226.69099735297465
103.41914298585687
143.97683891348294
165.59463494892736
313.432343292973
262.8291601190809
189.49651139719202
162.44424814691473
126.67876039576824
46.584488706727626
101.876749947704
239.1446590453776
139.3831312042948
132.8103759775427
184.44020738595668
134.91376108439982
70.47048119092615
223.9335875352539
201.47793264824404
203.5881538243638
251.90983624438263
116.0780275105395
114.79474241215313
111.01349269413068
126.41943395359911
90.44288250694768
179.8008922489873
185.31274257598002
123.29658334639981
187.65023913207133
139.6024501225809
64.835567989181
238.58642226913904
72.81638107898789
188.28718353462762
154.90392152446466
201.98716886944365
212.64862326591057
96.17002332266829
51.55468927539557
196.0482407303576
216.67946844427988
200.83714250368902
77.73991567527159
339.67929847807414
159.57187104796273
24.77754598769293
191.29457344481068
108.4471012749299
121.74225470026002
105.25535404801822
184.43714537863343
64.73813215934449
131.00614328491793
148.52974167289568
225.5750998298408
58.76495767322107
92.53009203330117
99.42392713513502
93.35379060068067
121.37480809974579
125.04441231552909
76.2899124231426
178.6477640685512
201.42203068664836
159.73387784021975
147.09431255435047
101.45630288600046
106.4947258823911
163.63860125932993
142.42156167485365
183.47312453963184
177.81688887483057
183.1698571968527
161.20530608866974
134.4969526294543
123.61337939402937
181.48558758149562
83.48188070990875
92.53129425565997
73.52251921517532
124.26107356073881
244.73763475919347
236.90795560529233
152.4560529989041
177.07903510231563
81.55449163822507
173.22474296194306
79.36123478569905
218.8310292780405
215.28884205085257
162.79172549134896
98.710260064214
181.77826129921334
127.04035876589484
118.1210907129871
52.68161232068813
148.02754473849097
145.0074745443087
138.23686209853446
226.03114052568435
196.18112963606433
140.0621125907501
228.32776680840232
196.64739297816615
77.52732671645815
243.1445027386719
177.37105407987667
86.64303834623753
80.38075312435045
90.2391800934797
70.55652271885853
151.93765221357145
78.47145744573893
159.8512698780151
149.90328096518365
79.8160055595621
19.439223546144053
155.04008384001443
133.85971840353906
108.95534145665525
57.48747989160167
159.8716522976772
