36.87533436302086
34.24055727053202
87.89503787215014
96.56329763800849
5.850786989778459
8.882730310542897
51.174615184711165
65.30266313109306
82.73901241660295
26.934885234136257
16.627071690606943
54.72463014840163
40.15217566036777
0.0
4.532639491260518
35.46725304041475
3.4830126659128235
68.32335803263592
7.081004504353379
5.53700615940319
2.469569040670695
80.25585514342252
4.476141166902057
8.834497787236536
59.038234805134465
147.84558468490076
39.68935587620839
31.54397795452182
223.15020173624748
66.24860823950138
16.965164481729854
32.4824189614686
12.498896360407059
17.635828047438487
71.36823094916197
1.1553114545846357
2.7086694700865395
73.49747466433679
0.882684357465991
5.2921016037715845
23.312564867277274
66.23450136656146
30.951589765216443
30.87269862282318
12.615172674506702
2.3225973365978847
42.240387797908404
42.35132715539765
39.226145336025915
130.43656436405865
70.66028073163272
12.216658752231673
10.480875824344439
40.23216053522303
19.94460077474116
1.5112631239940677
38.662463727463056
37.242061597810256
49.76830306844753
49.89334787331725
17.179345938682275
27.654302623092175
22.45483961417332
36.41472425728611
45.75456447730457
4.4443322285868705
3.8552635270743667
80.10543998564913
7.510609265421458
36.93770793297171
13.469847726953045
173.77253332049727
19.836539605217993
53.17989125569535
274.7880669894187
28.155618478827332
14.718578452960678
22.041491781303495
21.988618136033317
52.29680087609198
148.1980441494998
43.39638004743142
58.18220419524894
24.490525000518048
12.21066308557213
234.35685205100182
28.988319329470638
14.303467383474358
42.44152314275972
271.00529203747755
75.88426492858463
167.63952481731772
119.78907885405089
30.657180449742942
170.70214801688778
84.14598803115068
22.99511926220484
60.33272779347982
36.86162449797615
23.019035832366725
22.03355152012435
66.24326175776142
46.615272993875145
34.24574631683044
0.8679289045126788
9.849742137153493
2.8231962460656974
40.876416664476736
47.04604661294676
108.9468758869194
8.840239513733419
44.28113514641539
23.84056097343439
31.74347227824018
13.116479366313042
282.0478391592393
19.113890349276932
122.59616156711527
43.31167756873285
44.004084473697546
13.056665181681646
12.36471404123649
62.73511523396112
178.16162043561488
27.059144159838862
8.432319589689337
117.87116143658541
5.618121191692039
2.80363433379786
32.67367415944062
9.439396036853157
21.609604275890447
9.046988046273105
9.128331088924797
4.446856727243797
13.048150696603363
72.06542303794723
34.04027177380041
17.341696578295966
45.70213322746233
12.01931674289028
19.30519712549511
56.005150512327866
29.899612828779862
59.36880635820633
75.96046466424312
22.64301399757397
79.02279134879876
0.0
2.894588109629035
79.9415555755477
72.69236631468404
10.54358287611885
17.085364457353585
34.2550703412519
162.81505732313883
6.182591652036656
157.03972357980845
36.66348717013556
21.434691353240297
15.86258016676331
17.821721063747503
49.58975938801759
53.61850133550379
54.838962380263766
14.980719177761017
10.701322312434636
3.9384282499063485
32.71058138418465
3.420904540322443
34.34536522072586
128.67135354254032
4.3941073591783075
2.7953833783581823
43.51279931078431
125.31659955692317
12.138100743123847
29.13256823175317
5.201900708787142
67.62119407881295
50.073620531601435
15.349385920746672
180.06265844441677
31.47155413863177
206.43759068127287
85.82540513202986
72.73659715606448
137.48976969295848
96.5261055346677
129.94267550109677
4.391228959183849
28.602486869002632
22.37022109360605
49.15816289028766
55.5352319309613
63.431435984713794
200.1231013091055
6.374164161604536
228.6079798079089
72.80132288569793
124.96875667586863
4.7579243211052304
59.2889195684003
62.047106602431455
80.87928704153062
111.8702406732794
94.09234904417714
10.524527888830008
222.57916705581584
20.274506616891404
42.120147380783344
57.74770560592584
89.55793243646448
60.99913600507425
3.780067100360681
13.144338282641474
14.142948925594197
120.42684088657197
71.56463717965119
41.63053175883893
36.0012563295824
16.42564369163975
19.91097321853504
114.61984652083338
11.435103966841849
16.88123535894627
28.145031261602337
28.54670629455025
294.1474065815415
57.996850726400666
34.23607047583135
21.661018848081895
43.17372449938373
31.526035761819518
74.39912640929555
29.218499740321093
113.22531869664772
41.366842732707084
14.771166528071241
21.573993837343526
58.35896948724968
63.12370632068594
267.5894933309851
125.5090669466214
24.32971923482395
19.30707313592307
75.16878732339661
60.63559018908738
27.200119263903822
74.66777136017389
108.77251703609016
97.61022018573561
200.15165887655303
233.1920631399234
70.50212794787932
44.00104733624503
3.990714444307916
208.2988647877993
325.90697344525165
26.649113769705075
101.88964665004754
125.62067993071516
16.821326440310894
145.8336088727629
15.015057015117359
87.11435178645974
34.14828650476555
17.664992805726726
84.38710904481881
59.00009550019277
30.550481156689152
229.49701862019867
11.249163568500695
62.93549042322723
8.74128961019411
16.278333590672474
45.91093777158717
91.99150609868958
9.368503278852106
15.84432456724233
4.510064411994724
23.74811148222441
6.1735615717975
35.628083326393686
36.31341744762868
127.36074611953899
2.783295462650246
20.904677956373384
14.178751626783114
23.85553437826127
7.614636899493906
3.400283796921592
7.481374074945773
8.383403761448486
18.798688874907224
112.89068684839128
10.771679616069802
202.1987239639137
1.7853976123674227
143.16967140671832
93.76220578085331
30.983060327324516
263.7461809373618
180.2457946729906
28.84757975373343
58.624254762388304
73.83778444773458
11.29089830011021
20.42598561992708
53.15048814858541
52.114164457934585
42.36669255028089
107.30186127220152
41.31408872364233
33.44951612885052
9.297637915823667
61.05969190918209
2.55504612287885
169.5877581535844
26.881771395261318
148.10341400075464
241.51343393118773
277.62282022821483
6.528525694824825
10.34653695596515
11.18079897888093
42.240429940298526
11.32514815496602
7.0919550980128925
90.76729452091897
7.523719126770024
73.80556878509906
34.61931610014358
69.0111308964897
39.996961748500674
13.794951382990332
80.98659391473349
2.906025190486633
43.82897279223063
269.58628408023884
69.36438781515525
34.731479992839716
12.882515354496912
10.736987581881193
62.762909886799754
23.10087570755412
1.9865303048436553
18.531630013745247
16.122849978934028
326.10649000638557
42.435496615080694
15.758764387328892
6.990428874125576
85.74798086466663
19.700947682325346
24.725697618210276
73.61691380043578
176.19457271715916
2.9558895281449895
12.682413569752699
6.4431620491526305
53.39316826636397
9.595592982829091
182.75908576997114
137.3608851689358
18.80360501108221
9.81946178618323
224.97249320814032
10.028238173872673
90.97084744591686
25.108308453701433
70.89539572273307
29.690461162007114
9.254381877164514
185.43797074078856
17.354510119558487
17.720355695383596
96.562433944716
22.58901823388427
15.553798673452125
93.46118480407347
54.76993350709511
73.57218359039932
19.105664931003805
28.528092383618027
21.986312438869213
4.5937258857696825
11.562705233209565
195.15934449653426
21.078471940014975
136.65037819041999
36.9034306806694
24.8698939057597
2.042095501281931
221.94519321964268
46.40745677827677
35.34994210217818
77.8591412655813
20.958788453436508
27.921824530151834
5.424947587604363
19.19616166899191
9.818677094009614
33.07888571937748
75.38654066354374
24.0437321586575
152.1776527571351
39.903309143717706
5.129980266263799
91.51172546504449
20.301852153474286
65.26513694142191
18.89519958536588
71.54484750560073
29.318268809212505
26.343489179321676
7.586797802514383
97.00868748011924
220.41127761474397
47.31705659806865
7.41876823357919
145.98574056806132
28.699877203091205
8.115784372170902
81.71110404678272
9.04383695905345
25.273744388602577
26.61962719161035
265.9312702516422
4.691810197174874
13.938004813057859
36.65387498107439
144.24681309306303
0.9655822940094108
116.76921740856038
4.633571977770041
8.333128517637576
16.402011590595414
25.40112983042847
17.28274268279302
16.553903506913183
99.47036189070015
100.69138152839129
56.44663259126409
20.602124000872724
42.828720534439164
34.35260714532487
12.722168196984992
72.72743703826359
13.961616658764928
26.988767131351874
95.39596558788972
50.195345405450034
44.8832098850501
43.18789691911883
58.40560194350254
26.835277386625915
2.4635341749830406
7.99084571669165
156.05118310567138
75.54834697939398
123.7233634567233
24.400599987571418
39.56036184178107
93.13568873469109
15.593652338686088
60.21143150698202
241.69001543496972
200.92644815134193
6.853756523003671
35.273001617504114
22.91477831721982
14.950910582385593
1.8578311458867165
7.561979873828144
127.50168727084612
109.22155051019762
53.10428875764601
128.72714372503452
12.453353308521368
90.9538217383234
68.28409317098081
4.62623009238439
104.96405920214237
197.64094320864996
6.303269442643359
21.725382596746023
16.58259031512615
36.83847659884281
21.917297709310517
10.940136645128497
49.13044436632329
38.961864569969116
6.4727425266796335
2.518665043882296
9.8494665559782
20.83294320959935
2.8446313331717272
3.79489101671086
47.18028051388402
