1907.2004724079552
1915.6319871822152
1908.9882956538709
1910.568104093757
1907.6617544773067
1904.607713486984
1913.9981152013606
1915.372767306343
1919.0290033306696
1908.3740612339352
1910.7408576925236
1911.9544219276397
1907.2225138290207
1893.6554394813033
1895.8600740272764
1899.2202340545005
1894.3337142514451
1908.7950961237389
1901.9836107190777
1900.365501946586
1899.9842931946637
1912.930483149979
1908.9740728395382
1916.522788731452
1907.3429507407395
1917.5197839000919
1915.8891324018357
1912.8758277786305
1934.5745076996818
1921.6128313504853
1913.8462002770268
1913.0711197823707
1897.3565512939354
1913.4736144142014
1916.5933931501343
1897.6826168116645
1899.5699225842318
1912.7811619173985
1889.750293879158
1910.3170383658091
1912.7954239388564
1897.6567802532586
1913.882176371423
1910.67495457202
1904.6668134241975
1901.6505783985804
1912.719156452854
1912.54329071662
1917.9571044643403
1900.9409820820692
1915.2491849872708
1896.304099003944
1902.7955681292765
1904.417462354906
1909.9640944288521
1895.2977363565296
1916.9889030679747
1898.5554264653626
1930.0090452362633
1913.6249390291732
1904.2424273982688
1907.363525916112
1923.2844376852886
1905.933247565935
1913.1351775361393
1894.801837974021
1894.8915416681627
1914.4589369082435
1903.0751277294773
1909.9912751369939
1895.8977612362726
1915.700975620457
1909.0797395254435
1921.6622735680921
1916.3175935857703
1910.1444263596295
1894.8402705394983
1901.2603790359658
1904.4473387548169
1937.1599711300453
1903.834470021562
1907.0092552439892
1905.2286725464737
1915.9038023488072
1898.2687296747058
1921.0462539460566
1898.1140464130451
1902.8740714191338
1906.1748478226637
1905.1916469895211
1914.7520714071152
1944.0468910899872
1912.7368626943392
1909.0509271749702
1915.8339696427397
1914.970911712052
1891.7350430055576
1915.6427443589591
1907.9335305404015
1915.087397554414
1905.6669408133328
1922.221893996334
1905.873230237985
1914.7471489220106
1903.2997509889424
1895.3852626170835
1896.5538710464903
1907.9079771106913
1926.6008052550885
1901.927977682012
1898.648587839711
1907.4048441592417
1909.238203676951
1917.5105277054354
1891.4201781038082
1897.6637775160887
1902.5429963588338
1912.1814456988534
1918.1467182621573
1904.7484878775163
1903.002263309972
1897.982688660921
1906.1565558726875
1919.8006173774359
1908.3202101258198
1906.2805585713347
1917.2355957456332
1897.6916198228757
1894.6471511529921
1916.1071468825842
1906.175631539535
1899.5493447947856
1904.9682173702877
1915.897135433016
1916.4601559821986
1913.319340132318
1895.448509080592
1919.0247328407413
1916.3061718036793
1912.4394271765966
1896.4555717820185
1897.8231997331554
1903.3312158314698
1899.4532843034203
1921.6020338025487
1916.225728221074
1916.6948248496324
1903.5228685735806
1891.5674803445281
1897.3107765989703
1932.868773950022
1912.8162063663028
1903.7300509130669
1907.6656848322511
1909.5281489708718
1910.047065130374
1900.3493767304562
1931.728690997881
1899.4076862991476
1896.8485644074792
1916.0720270186644
1907.006008855003
1912.2571002041727
1919.7161116848613
1936.0386843122587
1913.4185917277298
1907.390445949041
1896.1836725090493
1908.1130799696264
1901.1565128181182
1899.3790067840764
1907.6109028565738
1906.8263731484208
1899.832136161222
1918.9039756037105
1912.40549610362
1905.5283089869924
1915.3958994879029
1900.45036001342
1897.334081997868
1905.689094189081
1904.0984590455746
1915.0471031595057
1917.388567920933
1911.5806103548628
1917.8570805121708
1907.434252735872
1938.6375802604157
1914.1112631508122
1900.0905205884187
1905.8563883382262
1901.9212239316082
1908.3074709546072
1914.196404988162
1911.4877982164262
1913.697614837846
1948.639929608728
1896.7019107301555
1932.4742554804461
1917.417916969922
1909.6768949000793
1894.7334271184593
1903.216521882311
1909.544853099369
1908.5931459104227
1910.630135027632
1919.6954112865333
1901.773754644609
1909.5916231004994
1908.574402564843
1907.9457298910074
1921.2218515393245
1896.383355945103
1905.6840315479174
1898.5923258526059
1908.4162520690606
1897.8176271776174
1900.7624002708712
1902.40697198094
1910.8942748759944
1903.8970857145637
1909.7992997051874
1916.2608496797823
1914.042220329788
1906.4036384416768
1902.6588506923163
1911.7936136867625
1906.3358902777554
1910.9576679215056
1921.9650338256345
1912.3397121454218
1909.3972736885344
1906.3705942338763
1912.7624299793765
1917.9069296880125
1905.8697213749451
1911.7532184378397
1927.34986500703
1905.1385667836166
1899.974587676476
1908.3057448726568
1911.1437571177917
1917.7888582353737
1915.0466223615153
1908.6633606941643
1915.2837406699023
1924.1031062216684
1914.0925776960792
1897.083221646239
1906.396890129156
1910.2970036026672
1922.5606611041546
1919.2274573436518
1918.3476659832434
1913.8553144574998
1907.8660576052616
1896.7373086777243
1912.0729431199675
1939.4546631512785
1900.7558507676417
1904.6628517323184
1904.4212960853597
1907.2022581161593
1947.9113172169214
1912.5701468321688
1907.33219772161
1897.6334358185968
1900.830128085831
1921.6065639983653
1898.937827442609
1914.5820728274462
1935.2550061281995
1899.0911049752033
1900.8271506704605
1912.3764632740713
1903.8863492322807
1910.2169565029776
1904.3903833602376
1908.3105489728061
1900.4021203059242
1899.2234630440123
1894.4225985004314
1905.0985643223034
1906.6450943121265
1904.9847501823851
1917.503602453441
1893.313348980691
1905.725239110443
1905.1736519458004
1895.7790417645824
1899.5768485744552
1898.4386963143775
1913.0483400079106
1901.7284731244097
1895.0007381172445
1910.9193095505302
1898.6701689434904
1930.712974697441
1895.2753616670457
1918.6464822611952
1935.113194992683
1909.0435723884227
1905.6791407439998
1937.1155226276835
1907.6611013563906
1913.9245169297224
1907.8275285979628
1901.8826550731
1902.3592369292687
1930.4548302378093
1911.9939909412242
1909.4961550944531
1904.7212858103144
1916.0561653291325
1909.523431392618
1908.9981873898437
1905.664776243249
1894.291100772833
1899.2156155072066
1907.5750237778125
1927.0373753327297
1911.4641856069684
1903.0829190534673
1902.331348004209
1902.3220382137467
1907.8638623202344
1927.2014397074863
1896.5525346616928
1896.488126118029
1907.5542447009907
1895.432668749554
1913.8258962880848
1924.0745568335205
1898.812686507475
1913.7997220077757
1906.6875345376816
1910.7894877791236
1896.556459171494
1914.5746967785974
1938.3772771903589
1919.062493706713
1919.3396597459741
1913.3096444441996
1912.6640507435122
1915.0616483140773
1901.6390494612801
1898.635536542479
1902.8042995913747
1898.1426629229531
1911.5523130798156
1915.2895581151838
1905.9760211994026
1903.8902936533639
1919.2990187614591
1913.2268368941627
1907.9205864428077
1918.569064753406
1923.0055616175055
1907.3301459831155
1892.934193351227
1897.2068878422792
1909.0284384358624
1899.5275556328356
1902.6846969809812
1931.5648309425783
1903.8268124214214
1897.5856825895519
1920.5822095982703
1914.516104466108
1907.1236085318324
1903.5758805855812
1902.7725143215648
1902.6123260162753
1898.969507214952
1900.1983036675192
1915.3966979066383
1911.6603117296622
1905.7757029457043
1901.5896987818196
1910.8453491611167
1905.4236887888085
1910.6468335222726
1936.817245802328
1905.9368154611243
1916.4661608071629
1900.252051294065
1895.4648129900297
1907.0975237404377
1909.513681056157
1899.2727630874342
1906.2533862599764
1910.631800538632
1916.473175696209
1893.705826520441
1925.6481551899087
1908.8482370978797
1917.0814203630034
1916.3811422302233
1900.411477713425
1911.8064722683876
1903.9534179365419
1907.2552484743867
1904.3778683022983
1901.4417595488508
1917.5442471524052
1906.4136650663065
1915.9097126949068
1906.5766652424272
1899.063967677451
1919.2280990121442
1900.4520514532028
1922.169964626103
1911.9343458432413
1922.1754002886707
1928.9513139428618
1907.9803002758347
1899.276386933917
1904.7654309640498
1924.9865481927372
1913.3551345970484
1895.7454010972172
1915.708949343326
1915.1867336483915
1893.7293946182624
1924.0310679247846
1907.4291592504824
1902.644425484827
1897.7219635367483
1908.479555512322
1888.0620333643367
1912.8730215966016
1906.0892457374282
1928.6199833584142
1893.7370195326835
1898.589688332639
1896.8043252096577
1896.5359424776216
1905.7663295566012
1904.2013779668541
1898.6220476401186
1912.3378215036826
1921.1384363396671
1915.7819033454878
1903.9679745659673
1900.5119128860033
1905.6155098406152
1914.7541242437417
1909.522402023223
1931.5138717481245
1910.969924505478
1923.8298507333686
1897.1346063326173
1913.6053046371899
1907.6291743603756
1900.584029401498
1898.5242202786583
1910.5740609398113
1896.3983595758682
1911.1331085828028
1924.2503000561774
1930.0833051889163
1910.4141434871617
1914.1568535416632
1898.9388407180077
1921.3726075160387
1903.0740733014522
1933.4518425042043
1910.2696294062043
1914.2559393902075
1903.3982716738064
1909.657015411168
1898.738825005133
1905.077777943339
1895.7156896682313
1904.12878023244
1913.0021330807826
1896.995469034418
1911.1865227432613
1903.223575205885
1908.219357534142
1916.3093995515014
1907.9791548768737
1893.509349761402
1900.0512221229396
1913.9373988266295
1894.9438506390652
1902.4075495115048
1904.0406056428642
1896.6530328638355
1906.1429121151536
1891.2429063639438
1907.1340325535516
1922.9611240821587
1892.2027971751627
1894.3540267665398
1907.5343203662069
1901.735188230351
1906.9069897145807
1900.451055455072
1898.7875846923157
