2464.9960596888636
2469.1908496872934
2462.345090794998
2463.5544625084412
2467.1391660132717
2463.6571240511366
2464.4395166603604
2473.8509273734953
2466.6288302561093
2467.4998476095952
2464.321489250975
2466.776842499488
2466.7904581826683
2462.6506729731996
2455.8684637223387
2457.569712264202
2457.2936035884004
2454.820677658151
2464.9362897880446
2459.198928190485
2466.102653020367
2460.617406952755
2462.8416817785737
2469.4674011647976
2454.589524625345
2473.564694871222
2466.5200848155423
2464.0942094400034
2463.126779997541
2479.7722059128464
2472.351625557519
2461.2546582794507
2464.3846968794933
2461.4012784327897
2462.7670737032404
2460.660497219976
2462.453467021389
2463.867721545689
2456.743085406274
2468.4477156108755
2468.769769048333
2466.6869729578993
2460.3121145676714
2474.5684678640127
2463.93360932236
2463.604598894878
2476.8864679246717
2471.423841567399
2469.836501283462
2461.052534720224
2465.903717571073
2461.4014379271553
2457.4355652812633
2464.376995165644
2469.808729024617
2461.2904885957464
2464.043966214411
2460.943002605848
2468.741088553541
2460.1528213184765
2460.166623989259
2463.867949009249
2477.170293773911
2472.156765949687
2457.869123878698
2462.8348205494976
2458.828431618772
2462.3672792254374
2464.0137408294677
2459.9685389282613
2461.1694569976166
2466.693694721346
2457.7379860830742
2467.6004689450865
2444.601408154388
2463.472684431683
2453.8169185544684
2463.64800404805
2471.1184160621933
2471.245588399388
2464.7393300864715
2461.5004271133776
2464.7881308384717
2462.635291282914
2460.501443315807
2470.757455991681
2463.5878273811386
2463.0223186694266
2464.122286689364
2459.3979219759462
2465.684850524306
2473.622045973791
2468.275491777648
2461.746952414137
2465.733074963879
2461.8275033703085
2454.7297066719316
2460.0210692535056
2466.161710381668
2460.8433079197134
2463.7505729800787
2461.322953920132
2461.1238179012457
2462.3393560862223
2462.3113516140766
2457.26496637087
2458.5964920989722
2461.9596403487867
2472.797518325724
2450.4496183541823
2458.6084817332367
2463.7047206371394
2453.817696200354
2463.0819193176962
2461.594245750134
2458.5582332781196
2460.520505336251
2460.275596326708
2472.5010184712637
2455.4531855196046
2465.517035740149
2462.0958589231022
2458.925815464278
2463.620483310061
2465.0278124155366
2471.2027009359567
2448.841859105996
2458.5914403736333
2464.627286070112
2470.922201213902
2463.141258882735
2462.517639033581
2465.7069560537866
2463.848146833994
2472.0321124795582
2468.2089108392965
2460.585986634637
2461.8484211144205
2470.2647161880286
2467.3706250478704
2462.4727354922798
2460.398947277759
2462.460769861455
2457.3557067570946
2459.958865133005
2459.0779763689634
2476.581387404085
2454.8654083705987
2459.594754004149
2459.2731388211887
2453.4422566747235
2463.039140668719
2465.2650909819586
2460.6173298633485
2465.5908269861197
2464.2143741906966
2463.14035366686
2473.946177226082
2464.345219936739
2455.496791884597
2471.1418635540085
2464.721705930153
2462.0765583922503
2456.375897061437
2467.751538684714
2466.4393651369546
2471.341173497466
2453.538688396379
2471.8019409847407
2463.639263410455
2465.828612530613
2469.9530482914015
2465.820980624774
2459.8554489664884
2458.070331677763
2462.206921648605
2467.4368129435315
2469.8795359098776
2468.403922801749
2461.755725482798
2468.9346999819695
2457.818515147177
2458.827152611245
2464.288003537871
2471.3628748993224
2467.172864031714
2462.2999328163346
2469.0387478134835
2461.0201785520567
2459.071904958411
2469.8120406927046
2465.960891666917
2459.984383721763
2463.275459514996
2465.437527017636
2457.2525684122556
2476.892543939619
2460.852676201802
2459.4455175544626
2462.5759977665803
2457.611269173028
2459.768725417401
2458.478348895341
2459.52529083875
2466.362532807871
2460.2974074442714
2461.4649370530797
2457.3675311678303
2469.5730456520805
2467.5354310947687
2466.000952243282
2469.5910490570222
2455.26805198575
2466.555452329133
2460.4629481435286
2467.3442993264052
2454.4003240216725
2458.794173164561
2453.2829953109112
2469.767625070236
2459.6682260746074
2457.4316885329654
2467.1267464581647
2467.5667209164712
2463.315064559095
2463.751700399287
2457.504090290552
2462.3565943723397
2468.0125510590688
2465.004696631454
2464.534666639012
2468.6929851776963
2470.3021277514786
2458.8199293093094
2461.0761338877637
2450.1901208906766
2471.8271411387677
2475.8880782279803
2459.299267911776
2456.0933750993427
2460.098435016972
2462.6964663845765
2456.6258321305413
2466.070405652323
2461.267989735422
2465.642019475105
2476.430395374744
2454.6817751459257
2459.355995200511
2466.493518065121
2463.6782468403394
2459.324332024851
2469.3169911599853
2448.867360312116
2462.235662279591
2464.7153357742645
2457.6940690936444
2465.8906550377037
2459.4275253143496
2466.4277406782294
2468.3595177188618
2461.2684632210903
2463.440547834669
2466.998141927871
2468.497158825169
2456.067039621017
2456.393408367421
2458.772351943301
2465.4811251143024
2458.3181442826467
2467.506229590364
2464.5728376434986
2465.7749053927564
2460.8338485676754
2466.59686137754
2460.491247661089
2461.1023622832345
2463.6783830678396
2469.3265907729237
2456.314920310087
2464.2057019775125
2455.277519359735
2463.0646668191816
2460.6726575538473
2459.5425355187353
2460.1552091318163
2460.300959904446
2464.792832014737
2459.426435755785
2454.111745400548
2462.6363679032274
2464.5710325743885
2465.001151750469
2461.007535429225
2455.7022114241404
2468.6498169911574
2461.6124130081553
2479.096537747618
2460.3649603578397
2468.0545610708755
2462.5380552252864
2464.909342814667
2456.154343210519
2467.2321145831556
2461.5596336842164
2462.5912673402067
2462.5805659501666
2463.6050664055506
2466.741353406819
2468.8483665563185
2463.279773471686
2458.4586544041827
2456.6782113676713
2468.9334527597907
2468.409833896308
2465.8688471249575
2465.590172842833
2460.354969809574
2460.3672553568003
2467.5744952494824
2461.5945646752175
2458.7120235952625
2463.958213835594
2459.445432626524
2462.4372096062452
2464.6859132274176
2471.1823787566927
2456.433209005434
2457.501863122783
2461.2635885712566
2462.4210578469765
2472.7366231956503
2468.19950390084
2465.090227394374
2465.7428983767295
2460.7548524741533
2465.594415299298
2460.6729513049922
2460.106906142366
2452.676698025785
2460.6520818348545
2469.69697189674
2473.2819382389616
2469.962780534959
2466.059696213553
2461.523109727318
2458.8840237778827
2465.3574562666154
2459.2730855705486
2463.43804244405
2464.346480941883
2462.96047468671
2469.163507561203
2464.22322618042
2473.0961442453636
2456.5791839396006
2464.653623539876
2466.5814650248303
2464.3630619295586
2454.9686857038055
2461.201072051695
2465.1470853610867
2464.478298678724
2462.0326541631234
2449.6195809497294
2462.1789254581217
2461.0181290074834
2470.4403209098855
2465.87096122353
2468.6657322559686
2455.395159063049
2454.9747157931783
2454.84869319688
2462.943990296988
2459.6732785346303
2463.2399896063735
2460.326299585171
2468.0921327234637
2461.927325240902
2467.1133709400838
2465.8868913295346
2464.8226934432
2467.597742101506
2470.4407743229444
2465.2614570642113
2462.2775897087863
2459.4784820743653
2456.9984151070958
2466.8901833215787
2463.8052310243556
2465.6958793929416
2462.5683480542602
2467.350785598248
2458.6488069584348
2466.204961235014
2453.2544910746533
2465.3490933299086
2464.4031220342417
2462.143104899862
2460.7733074002863
2467.9197521317797
2453.6015441306763
2462.362718873752
2457.940194689377
2466.3189586284516
2460.578487950984
2463.648894736334
2456.716611782836
2462.0992462960994
2461.376428531941
2460.607077303323
2470.18438860031
2468.937069963361
2463.7125731859232
2467.598037994284
2464.996065916429
2460.6347785433727
2463.5923597328956
2471.1473132867773
2472.531356935586
2456.7294328357207
2468.747015125431
2472.7717230976896
2456.0348625290244
2467.266351702814
2461.339604896821
2464.7093505465164
2460.018912615254
2472.1723283687847
2453.131924531845
2463.9756551644477
2465.8225555456847
2467.1570198321124
2458.72140467169
2459.283836081395
2455.108499438537
2457.489472146322
2465.691997822222
2458.688146818953
2455.4460683924335
2473.8041432500463
2459.1391742765363
2453.7092891042676
2464.9533125198113
2453.429895587359
2463.5433652826287
2470.838688354569
2463.5418073988576
2466.6676777237876
2462.6579350283278
2469.7453828183525
2457.4465433498476
2457.4873070316035
2463.550343379367
2463.8684997270493
2461.462510552944
2461.098053349616
2462.369719430696
2468.199564530035
2468.4474719017203
2459.874968192406
2469.493577642897
2465.2493908234906
2454.408435242609
2463.1220413225765
2467.8346346939866
2474.018946281024
2456.1536143974736
2457.690785219031
2466.3235506593687
2463.503388577614
2463.6651185383334
2461.0010178071934
2460.6952580548473
2462.9682735841134
2463.0159994568553
2458.9296167033976
2464.0236932936987
2457.8598839263864
2462.861576665057
2459.654409822513
2456.293787830925
2461.462922588955
2460.3096897027344
2468.2374036366236
2456.161243379284
2463.395401179193
2463.029031876381
2456.750021509616
2462.191457633155
2456.6327667359737
2455.3363468147827
2464.0867029196756
2457.8646842265753
2458.2944872598428
2465.5175786471596
2459.5968346805876
2461.8519932463323
2462.455149034975
2453.2349621354183
