276012.12410643336	655423.6528901224
273196.79425918893	686389.4256231885
276144.3362057731	670630.5285462406
266128.6442483318	673921.9545274099
280946.89014008665	650168.8358724553
274134.78360224434	686573.65219528
282788.08776243054	665197.4126734065
270836.3852433351	672352.3003442127
278339.5486969487	673699.3356547684
277773.5376930016	697285.523573114
280495.85972866794	687466.6015410245
275503.7106178538	677498.2700488457
276616.306184051	674314.5920460629
265802.49028685904	663353.5085075486
265635.7337236032	661498.4773044186
259711.7869126143	652109.2564994603
259911.3903228186	629318.0582137394
277976.40314647916	672214.4658462481
273577.81692489306	697617.4256321819
275629.44703801745	668803.0579120818
263976.65137614385	678376.9817570614
280627.56159013184	643418.1682402699
275115.2322785527	665007.4364896404
279518.0255384676	653066.0380110418
265008.0657162577	641910.0176284892
290915.0332992269	721326.5266382128
287672.7121474327	659610.1335413391
276741.932508617	667543.5219335814
283032.8275739123	662632.5719217347
280488.59913014993	684455.5833888717
274804.89186062384	661023.945709851
282690.8848335589	686123.1498592901
271784.0629521024	670568.3625267368
268048.0284451867	654136.5604798223
278342.4011038098	670689.9835690231
278716.14676235453	685727.45482078
260777.8272745157	679778.7817166924
276932.8437896265	678694.0715957666
269924.5069364115	685725.8896409905
276829.9315444726	663508.746112714
275919.94763576926	646722.7651445927
275352.516290675	672114.6018498525
276565.180880004	664983.2243087888
269051.1098583566	671362.263997339
278197.92609388696	664460.5298581938
279450.3929943701	659019.9412145335
279169.77158115525	649133.9105463154
281647.6333830693	652969.7759606855
279333.33624682884	681172.3974173763
281708.6623044756	686983.5655434985
275984.722255241	678516.7152521564
274359.6351766061	647933.7225312169
278301.64523521514	672098.8260634688
277968.3081862743	671405.1493187324
286225.0706249933	684833.434416967
267453.2535035409	674100.9453789545
276715.4883622386	666500.6937634323
278955.9048338075	674663.4514735629
270231.86814740626	657142.3128148662
274574.7596543962	654401.5798185328
278903.7091248535	672777.3548060369
276213.8655100608	667816.9954632462
277673.79267217434	663859.3135860475
278826.485959121	635601.2761368868
276794.82301027083	665926.2141132661
272969.77980725444	669187.8921090874
271108.3513798705	690969.8392377252
272475.4091219299	700849.1473032456
274251.0378586062	683209.0519302292
279114.2749209715	648892.3009531065
264271.76130308537	662638.3845172189
278482.34775120765	639697.0234257015
279726.2402234444	669667.5956949557
273811.76370690414	672613.6387610317
267493.9636803202	676398.2614332316
279947.3576294935	699150.1566547323
270766.2214113783	647502.7829808013
266674.8077169688	659987.2082475083
263794.68823133735	661615.9527262293
276345.0505710029	669699.0045703416
270452.2650750433	663034.6888671204
279485.7017988354	676620.656635646
273607.3190082718	673448.6797729066
277338.78377928876	656279.2846679769
268736.3739791862	651386.1198644182
278574.68397749495	686526.4805767331
273801.52159234846	664887.8996665662
267974.7245419395	663185.7450923021
272347.83756259765	655226.9454311243
270505.2978664955	663473.5543075299
279397.1929274968	684916.4647937403
274262.53623063635	642946.9929556772
274303.7356640176	680751.7921108175
281555.70415797323	667976.7002404254
269093.7568093915	667861.6443605837
269519.29425148515	646661.7266261869
277249.42333078285	671715.4461216393
283301.484949043	661190.6291211862
276457.4874740359	661245.8166273593
278866.9870179044	672046.4780821725
270696.0167281225	685374.0821504735
277632.68490227463	695231.149533193
271396.7142497562	658227.5344747356
278579.14655830665	650406.8069967229
279427.7433821191	696711.1235497512
282519.68715873227	656840.9806285551
264617.2434891653	677231.3299097363
278411.57418117236	673050.830033666
277593.26517479634	677614.2189971888
276469.1184503527	671508.2268016424
265177.70218821405	652712.3363811283
271474.9795165905	668996.4658130268
264867.0863999394	646814.2593301046
262886.68828785745	656649.2428598271
279298.30614347395	656732.4945517016
271567.5613698332	677549.0406076927
275373.51526069304	645471.1471930472
282617.6903538857	655345.892692199
283933.93020699394	691145.1339390723
265537.2929111811	657118.3759823445
274082.69345202594	663792.0787759512
270288.5262142747	682895.2633406641
274569.11999635503	667079.7731369518
291690.0569377138	670644.7667754986
273029.20796890126	675326.9956377096
270696.31869664055	648491.8923788695
277581.1173685174	701348.668076517
272208.15727469546	657157.8683296102
277787.86647017254	643883.4822674439
271984.0433078485	626148.8804440415
269901.31374522956	665036.2496612775
269010.7700122009	679865.9737828686
266838.29462270637	665076.6448638173
283419.62416041	689183.8441819611
276688.37520975585	661628.3936693366
283088.89606306056	652589.8698041134
275107.5281782597	682179.0544358576
265376.7149883783	669821.2927595181
275232.50715492945	686743.0437679437
285584.1005292308	679206.3668704652
270743.25106164225	654587.1826675024
265150.96840118186	678637.0911685701
274218.4842489918	676437.7837713122
264857.3735199494	649497.237432516
285385.0909466945	671094.4540014989
274027.428864463	672141.0321629724
268086.5887677771	692652.0310522025
272289.7689516197	645114.3320805648
271559.79325910844	676678.3061020988
269469.31900138105	677869.68187197
279799.78176992486	676205.5844569465
267547.6527216127	669179.9663631623
266649.1834792629	681568.7664954616
276873.31481522566	651117.9067147593
281780.7335677162	690093.6639950223
278682.8029641211	669428.6936120145
262823.23210086714	671578.8906882284
279961.1317750248	672601.6402714404
275650.4864071406	688382.2043284432
271941.70714802446	671384.3902004259
274739.03735449316	661594.2743842336
272318.9637271099	657940.9495366708
275050.9924997519	658922.6368010419
280118.3901033513	652487.7079195098
278348.3651940472	681694.4377474842
280017.18948345527	666538.7360557817
286302.2354528272	669572.4926194742
273223.5896433963	669140.8305525535
267812.4818716621	655908.6330540646
276938.55741365673	654114.0551979099
285086.587818122	686623.658012986
266754.2466513548	668699.2185271969
282354.0811499825	661096.3920308128
265868.8367617345	664685.5014386689
274597.81459494284	693856.8307863745
270189.69245324493	661850.2996235501
279638.8323496632	689609.231164127
282307.9101664097	681314.2904320211
270785.1113475422	682659.1575992646
280249.23748470773	671681.209252732
261271.42957235605	668670.1204993378
279103.96061916166	695250.5110746217
282042.9099196718	665511.695993457
276632.1510689364	698536.1860823117
278119.08860712784	677846.7655208035
273230.3684314068	665184.2323942163
279759.42263091065	666159.3132511035
269025.2664254585	670493.0639831694
280986.59465486096	659986.0127977593
272928.4210446958	667195.8696602469
281650.7170939429	696596.7277278383
272291.81745272025	675673.0739690497
266532.84758720064	684640.277003167
271231.512638334	657850.6124142406
274388.83287681284	690395.0662069767
271122.132347944	656012.5460404323
277282.68183342356	652161.6332863091
278126.039200466	660411.1962782397
281434.8477067703	662316.8908974641
270909.98366069235	669165.4175594223
285289.7893351818	686353.1940134588
278181.6927227113	682320.7882718797
276337.7879102584	645958.0882149582
272103.77216746355	683469.0558468292
278493.16863922717	681187.499842014
269827.039326863	677873.4055196934
270549.21049123805	672450.8530990873
268429.60385135526	661762.0109386945
280787.36253026605	685243.1370656032
267997.4368347385	692988.003727801
271143.9336986363	652226.1494252469
270951.39067698194	666821.3820482122
273347.3743511735	674604.1668147291
277681.4796325045	668582.6727969754
270433.99996597244	653267.5980148653
281576.8739624912	662028.8372561701
270091.01749407646	667237.6267546101
266597.1390070956	669342.4705630633
273985.16889273	685764.4835601064
279606.82000659464	671598.6615671099
270789.1525757941	671980.4560373923
283755.42596766836	660868.3288835743
268671.45013034204	665970.4511872454
269914.3182265336	687161.4844130939
269288.41601038986	674650.5561175528
279741.36937808397	689453.6991337598
271752.1319837059	662510.6290649753
274465.6118810187	678285.3965221461
272230.3486413043	665932.5553242469
280946.80153135356	685530.0893167577
268542.72056637565	660258.8632181737
273595.84624647244	673527.2316776383
270891.07748372725	645746.8662481846
264083.8585688921	669420.2594674055
277206.2158844966	688302.4563053832
273825.0955312705	677678.3480782583
278832.62174000137	679720.1992516655
276749.72853879316	676456.9090225416
271357.96942501544	660025.1273876033
272207.4473363013	698614.5555214776
279415.8746607496	671530.2268189199
270802.9062403314	677668.9260839265
271931.59353680693	678834.4091318245
286536.6078563133	683426.0350096187
269753.8382983543	671179.9467466767
278443.34269937314	664936.219684166
281059.7339522216	676435.678295788
265508.32800800446	669503.7480136199
278222.47498801426	666824.3600835325
283399.41050630726	649112.9175647997
267285.825572139	672387.707081229
285408.42626759154	676783.4538907766
278730.5982337675	670316.4070890667
286269.76090631145	686977.5373938914
272590.6823410699	664416.1906158311
271633.80483768473	685955.3927056702
274309.8368040171	668483.1350975127
273567.3914134237	667260.3221592135
279494.60564165784	685252.2451789569
274122.5834754362	685835.6547992723
269234.34935045824	676111.7344067362
284571.6991349929	675402.9674118296
262270.49143657833	657745.5442217126
284534.3808360406	683985.2472497729
271454.39678097656	651935.2574601751
269500.49855675374	646057.290295043
274720.07133388333	660511.7040413539
271284.75552131305	675550.9775529671
275415.4763912088	679359.4725084596
275733.25046493975	669593.9385792778
263853.4466065202	670541.9690931032
288808.5602390264	683213.2879600979
262134.32728973424	647673.9351127393
271321.22631696344	631461.8264948895
280732.9052648797	667863.9151323079
265316.77210857836	644003.4054816744
279285.0466082448	669340.8648912209
273976.2957792421	673505.2186324908
268898.5990196412	661542.5158623356
261746.03775443835	675637.0097084662
269502.2690676883	676563.1346550174
273893.45478269027	663383.858389136
278200.05554590793	673644.8774181486
278408.258196083	671071.916624412
265482.01486747107	662416.5724116836
277453.5528460699	654878.8779873616
279864.87839180144	677471.7409161499
278075.3730271051	680096.5448811636
268340.1388987982	660063.7283074902
272306.32515024825	669110.0287391612
273227.3474274387	651538.9898136233
277533.1019897201	674846.6136236237
280829.37075369287	668909.9275068424
277858.98754649376	657723.7744860828
269475.6620211833	662925.4853287498
287160.3827169259	684611.4955568883
278178.32028941467	677207.7902512505
276644.55683951225	688388.0337813355
280902.0758489617	677014.9743021537
273308.94365190883	666402.3951609267
272482.7784656608	686400.6450965665
277678.9875198293	677067.3311927062
273081.11731723696	645891.2075531676
272171.1350929247	687324.8741475703
276788.70953738946	659622.5273796718
280006.0927529427	676019.7718387571
273215.86521242955	661672.8592035201
276973.5564005412	655801.1588644928
274018.2501828931	671507.5426412129
284441.96900897496	707979.4596760325
271081.5382783123	681757.0592324056
267966.46168853727	648816.5859738032
270379.72177378566	673620.3121286485
273767.479082271	679747.7770529153
283298.17987712775	653806.6603927778
281779.9650725177	673443.00644685
270470.3625046796	658578.9670926062
268265.82468797243	657228.2346109144
281405.9522997452	665322.1711253291
268657.86914981995	658680.1115958602
276225.68339550274	665227.9467508323
280933.87000291166	674078.6587350216
270902.67450913094	660392.7946711201
274036.08562976465	670744.2683836608
278015.02686057426	683469.9557265557
280902.17315798113	665455.78410068
280048.56209751684	682035.0479340943
272732.09221725154	688937.5709829871
276260.75485198724	651687.1170055347
276513.25390525965	645645.9110958478
257265.7848395366	662899.3120109425
276801.30215081037	682863.5479745291
271452.88007198565	690153.9892340576
268444.01472070813	678238.0158146129
268422.8206202769	685897.290756962
274449.95951075596	650406.0609268822
270630.4820058895	657856.3006140776
270159.71576528845	667258.9669171845
273942.6598094274	664524.2586298813
282641.85714079544	686725.4841937966
272611.7260936209	646047.7769176271
277694.0015750879	669429.540636851
291356.2244605374	677831.2716950735
276214.222298268	678615.8414432055
277186.1237752264	678357.0649659239
271019.4696965342	659390.7265277985
269203.27492214093	655440.0651845176
276413.1733312033	683725.7762224302
273923.37328755757	656432.6394162837
273091.8434575661	668493.6124493228
269609.689090337	685714.782475984
261605.71535990085	700524.1858160011
283788.55589458416	664322.8297389187
281190.631887747	650105.8081507331
269995.41257811897	692059.2173399511
267620.4112021738	670017.503216709
260147.77887220733	686302.2106452633
274355.08565449953	666756.4464050725
275334.80291826563	680476.7846235097
269937.5511877759	666295.6041572923
264729.5860587192	656901.6538778716
276930.5123389856	683378.958895385
268088.7493370659	672403.4658127193
278770.17649669934	662066.1225278899
276108.613429607	652140.1764907816
269288.6237152807	710043.9268584687
272506.9237682705	674310.7999026881
279696.50028090016	688243.5865966694
268414.4589730702	672392.1874832176
278536.79705916665	679842.1443140978
279962.589768421	646216.804231474
272668.1042542509	670439.0602412396
274408.97748984804	651354.3214540816
265272.69570452144	636794.9269266892
278265.60176682693	688350.8195071953
275972.0740782699	659445.728038414
269713.7439641497	679510.2497152789
279446.3249014862	661489.6375370086
279377.38059121754	673223.7749371561
278208.15911266755	662688.2068860042
269503.0019659769	661637.1631377144
289493.83852222876	660527.3814461621
283558.2009317749	682475.629494922
270884.69591008226	665499.0605983314
273093.3410149601	654250.8741466311
276830.2138354801	675855.2661537896
269904.8278019497	644519.3065188467
273901.44747542473	671921.2021906467
280665.1160305424	675136.7389962521
270569.3007327713	685588.6422760073
269702.5073890979	677378.4578613206
272176.04144539486	627060.352226287
273168.5793428997	674727.5756307626
271876.86754459434	665825.676618827
279940.3130787115	673584.6123457939
276195.0002339381	661559.4250662749
281083.8509454724	664312.4584279384
277967.6279172058	666836.3892707705
282246.2126097429	665257.2613978832
265162.4880328019	656499.9971460027
276367.28113206633	662805.6895429018
268852.30431793863	682410.0063725137
274302.2347211196	666561.547133648
267397.2323656075	665490.7814811509
279755.9367956596	695617.4399749143
273651.1943899051	676285.8328306392
272467.9556632389	666485.1619413485
271439.16846421233	645323.571888889
271379.268389209	677297.4898606689
268375.4637616581	674587.1290634479
269648.08851601573	674200.3279140694
280155.94192905846	685870.140186576
266165.3593690831	657588.8197048267
275933.92951695423	653742.3813158688
276193.9018106067	681332.7131329502
274604.3459751994	677142.7215061106
274162.7384666561	670930.3975341235
281368.8610974179	678755.4173001198
278741.8456399782	700210.4271123123
269102.0612156149	666633.5481053581
281211.09918679425	678734.4479926269
284536.5120247212	700624.0781424295
275058.0152760558	679252.2129785138
277521.1937383174	657949.2896226757
271301.70514002483	664387.0872635405
281413.81897579296	685180.4789410606
277970.38348721946	650878.6822129032
271763.1672455015	675010.4482680277
277933.9145897608	676221.2135093601
271591.67304636847	668094.2455969336
270726.19236758084	673848.8843251991
278412.8894406876	666428.8284082455
283280.5043509122	671665.8812990139
267215.12692863785	662608.6053163629
274159.7240177883	675020.6034620428
273361.6311687919	674240.8405122457
270425.02465852245	645817.9841004056
283365.4510757166	669222.1324743577
277124.8236641928	669595.8288163594
281580.6939465067	677926.674872133
262961.95495924226	673872.3603570058
283316.21656460804	675870.5974564817
276146.9071935218	669858.4182076332
272717.6608117774	683159.3023137669
258063.01033041507	665772.7641766269
270233.8926124743	664094.8888317873
267630.15204845194	666586.6677175419
277496.4770256252	659400.1413735
273440.66670298297	657580.4724982416
272557.5770112856	671371.2932477465
270489.3592844036	673642.7056596155
274036.3083970096	690957.4111856049
263458.78009612893	669332.0723436153
271432.77260035236	679767.3200598927
281920.8595931266	659367.5366972289
267473.74692519696	681166.1853317649
271880.12940897193	681235.3077379451
273271.00880461873	657826.3817925869
271767.3404647074	645081.896447032
285762.48274673487	668404.7777275603
274162.7638079258	670991.2477149159
278921.2757730574	680215.1931649041
275370.3699886231	672655.1592220552
264287.80525771156	663765.5869217366
275112.2255576207	675476.9351677402
283701.601847138	671370.2538880769
275576.08252341277	666654.7624050479
285089.1617526162	678635.6095016806
273948.55249054334	679210.350487021
265874.79557153565	660842.4200366782
274922.4508319554	669513.8664744017
268214.2821559488	678058.0439486391
273620.86602013983	664742.2811713514
268809.5894894608	663479.2445364306
276400.0478304827	647652.8928639846
268760.81305141514	665557.4603334256
269400.13683279627	694303.7196804269
269974.735067538	686208.075394916
282257.6150182039	702222.9880875973
289820.37839773716	681647.9760375825
270468.7575991997	674806.811580629
277117.7627329385	674175.5906761435
260567.17764414873	656623.6153560355
271493.3670588289	661609.2142186577
275961.36885919166	668700.7062877815
280363.84734771936	648396.994798372
264886.51274975645	675829.0354337408
263940.8363299775	662129.604033543
271743.5131343984	649385.8272813973
280832.89965203777	673084.9737453592
275892.60347646626	649668.5326899313
267060.48360185267	678982.3359056682
277414.44889131363	676025.7246707128
270807.0676439807	655504.9251629476
274189.4391100246	662997.0799557618
269922.9229335946	677334.6612887273
264141.5009669207	680823.5750778931
284103.08823762706	645280.752388966
274496.30264958495	674290.871021045
264049.6257062942	686297.3105095765
