125140.11564254556	289766.56473017076
120593.19267010846	308732.7697582009
123955.98068523835	310234.3253574613
124428.95863841199	293316.1495067119
91153.79174616773	280537.0217848476
130185.03130484845	305113.5898781443
102583.59866124531	276216.4806727707
103238.26204295139	251532.55372981372
122898.79118968829	304004.0431212797
114734.7864815516	291213.77501494397
96868.44143336908	274893.3043432519
111705.18233539496	258511.3013101152
115507.12805740061	291279.5889049317
117623.90574892901	314424.1355482497
128539.04882407619	308596.20001625625
121958.84604196377	296217.71576888335
121599.35153895375	274111.4409890978
129966.6492945211	301600.9376597762
123295.33679151349	322233.1452937888
120726.49017680352	297209.20412727934
115153.90426102902	331516.6539582384
128266.16946392375	297575.1740899363
119206.19780818396	288132.45631104545
126506.62369276943	287873.8277046853
115050.75770588688	295989.21620677924
96101.420301746	287564.6438729942
119198.86446774237	271373.1659903689
129691.8822696606	292407.0279017135
84613.28658062764	247507.36277040956
120108.06595587588	319424.32336722675
128610.96398536905	286102.8083531595
128710.0784144198	316283.2092752868
120366.65568818807	287021.41283409565
125005.11642844466	296913.77755352994
113631.14059065035	296464.38616072154
128232.77619831334	344180.5135785811
117805.5529484658	312343.65863866964
124247.59886686008	301875.24971184885
122149.0792240487	308810.37018467596
118771.23719152893	270233.43226266664
132053.4646269158	286953.3651337921
131512.065593034	318445.6046727287
129367.47408356288	294645.76705934515
114395.66001671474	292412.244434891
119574.14915631773	272070.174719277
134811.3832105271	311027.33712998324
109362.78493842078	278325.5560351844
138595.3973809576	295820.76466574473
124129.37330891803	314716.09284279146
92419.51451265058	271288.9399762699
119285.16046503112	293012.71474123636
123926.45029351616	278048.10961994744
131868.35406605958	308907.38478823355
91692.92256294834	271840.66034291696
134064.8792327749	292619.41265072045
122050.87068752918	321305.2300321316
101451.36087708159	269752.2508264555
128445.55588014677	309854.6580352164
112326.63952818283	296920.9156895507
117952.79357791788	294211.9870671219
129599.00613017639	308237.06527607644
117149.62456664859	292170.6879723023
130516.51214997875	318372.607624828
126443.68586591611	284312.2618134755
133171.82355061406	307093.7012972842
115242.61672896535	292322.28656072874
115909.81419860743	300564.7069830792
124241.7858611877	326167.60858508927
130970.87080482958	316261.9606202413
128924.36346297985	282306.19915468356
125111.86155790168	282692.8685116
107529.4219184517	264591.8349683377
131529.8868321248	299495.30965442205
120774.27418211006	311734.1550285644
90507.04443623057	252269.33851582394
117914.57450785226	283342.23259741056
122903.24675629823	295501.1588857458
126927.00601806666	303437.78121386433
120509.52180171065	307691.13593352603
82257.66751085974	256656.37053134313
94340.38745554865	265612.2416405794
125218.69210574441	289040.8878884079
117539.7872899432	297637.45281092066
123652.02190406717	297127.8669782721
125531.90343370127	295330.3992247172
86477.41088984725	278253.8996426284
117538.14202015233	299185.5216890881
124097.93977432842	286901.8181001632
120102.95886307981	288493.6747869253
125945.44289618291	290790.5174948089
124581.7713295084	307223.8843141789
99121.46611885274	263815.64208262647
112602.39414287289	290158.6217759137
126229.80882025222	312185.0519641975
90265.53241613123	267283.19584023644
80442.50937668438	232533.31313154727
133330.33870819857	299346.1057076909
99355.30243314011	234041.76399432498
124609.16983487485	295813.9078748857
124895.11273749515	305106.44853898574
124818.571635526	321148.64326995466
124182.51528442666	292263.86847435945
123633.42711865628	296558.0125277586
123296.52236085839	294469.70057029114
124324.08839665461	323031.98828077485
126295.93979544289	303957.37759264285
125507.88961360807	321477.55706703756
119525.223716657	289528.46376828535
128779.37974516742	290401.44710093533
110331.38457110767	294798.094576009
123565.66287392171	303795.4771219108
124372.2536853889	273771.4487584905
119304.1151689705	308191.3462567442
117721.69954703492	321103.34028363065
135887.016488345	290505.278150395
120180.28100773982	302701.25510649086
125165.71211924101	280569.92628144566
102782.39333563161	265617.36188564135
134529.3979907987	288101.1203666021
111705.27726080823	301259.945265529
127432.35526481134	287680.6848311652
124005.74910314957	310492.9651803748
116817.41236236581	304229.5417553557
109643.53124504814	287320.18702929665
103675.80345181152	275071.4101977122
92203.69615256856	270275.448806314
121269.23830616308	321469.3461478095
87831.08563960402	279153.3126710409
128180.50351904925	286649.51383221935
93842.16705742203	258203.88210992888
115685.04537937493	313783.25383947714
126711.68057145581	319221.35472089564
124093.8242255683	302120.4071598077
132525.67657014471	335179.69480793993
129216.8187131301	297742.0208855545
121893.29972348774	271720.12742846657
117243.78269864942	303182.3016183638
114544.70162977172	297979.28106818756
79482.96599333531	262639.6403661917
127987.09999691797	317312.890516139
126650.95767722685	284778.1657994712
120153.61918540898	318589.34369725024
121737.480824245	299930.5091020105
122431.87659899006	299871.14709519024
123817.56630799257	298995.98168490705
116022.85620572527	299968.11671035225
130831.87726435522	319422.26236913214
119311.62663254901	267513.20320492977
114595.14882323945	306547.01014906215
128518.15154858938	299877.72921926493
92937.88535074214	262680.4907016469
113469.10141217001	306099.80715702754
120954.34143567667	305766.32961638935
125674.29738214242	293836.1897877205
124436.09548325496	320769.59295047837
88327.51343706023	267070.61901478807
123223.03517576845	306671.82919652405
102301.63128947023	268900.65739386785
117663.42332586361	308410.9649525377
130822.28903870076	308884.67227236053
122656.82536353817	283400.70206314337
120367.79598835998	307463.712653192
115936.82544902206	296932.01241547393
121977.91824712494	257555.27322953864
118381.18593887385	325163.4039888034
123506.60570850792	296265.6062541974
128704.85943704302	311850.0631924551
127720.24229697634	306452.87818258896
118618.8969065438	288384.2752792221
125616.37979112359	294299.20875159616
125471.15488835439	323681.1955407758
94636.36415149436	281280.46164932643
130888.34024090128	306870.8030739805
121996.4893838527	289280.4546258131
122018.54736831345	313460.43912359566
112911.60463601277	253989.81002668617
127021.7525362642	301219.66926460376
129313.63768941474	293377.852688875
125785.81407739631	328120.43036390876
111341.12690273424	279169.51434429875
82139.147403321	286692.68366514274
128399.40472899028	315154.0979829266
101624.95672758474	269931.8600603812
117989.62880164437	286174.8798880197
93917.37776895885	294763.46751347405
118510.76836070043	306669.4432720556
94032.8600305799	266148.83552294906
110822.47771731872	315505.65795294073
118778.18529796967	284580.6016833182
76352.23619011135	252575.31783975117
121461.8104923051	320865.37924796436
132171.67450755672	315599.82247955597
114805.32582612403	313066.60909126
122698.42200877721	275279.56981338287
117806.01184897125	304762.39277312154
122991.89940563004	302779.2118160371
110556.84369403688	278800.9944395206
131546.04346925177	301604.1928868032
98294.26171616648	278813.2204964756
111431.78571582356	295842.9128352643
112561.57725418787	282809.62304669875
107291.88452552617	295944.4576340469
121792.9849397947	280732.0413797304
128299.03073460958	316414.65414791356
116406.71865244245	278441.2619804931
121838.03778651905	301385.7578986995
124131.16463902853	298172.2980603582
116652.54198922018	308849.03773988714
94270.49314133031	264621.00432781666
110270.90472456426	297634.1382920146
120715.04368549294	322952.22381770465
116501.1329846882	307414.60664819705
97284.7809519586	259657.93195126543
116926.81132125878	289527.6709503997
121249.92080040838	291790.71326655
129872.54214071707	306701.58567438746
119072.04239972128	309967.81363952864
112606.24508215633	289464.89536957955
121994.17236935429	302089.51570855745
125328.08612265902	304438.1741919497
127645.14569801869	306516.6794248404
126512.7048236851	301810.24959674507
125582.30891060487	298503.22467075114
124751.55103285283	313670.41437109496
119564.87992471458	293778.3941543147
124994.2118547015	298285.1008688492
120413.31350561907	308988.7707192315
121668.17406481419	282260.18574757257
122531.43096911989	315042.017939868
125093.52564359792	323467.5885733829
123646.63343857857	297382.7624218641
123690.97258042349	294691.9200058655
117559.57894200183	308204.80315216153
118883.44775886578	291067.91553755384
121149.7392157407	303699.4139393249
97527.20563120146	274491.5347106472
116314.61957109916	297570.7230066587
125194.29034894807	288750.83676403284
68369.66053719129	230428.2487772055
127746.02258147945	327378.2888430181
115960.04796083856	316263.3320066872
119423.4471504236	287180.2241469173
92125.3446233178	272107.49337358045
103145.2180347139	279144.7193710393
129183.20791926692	317511.6719375152
119827.48436850609	297764.10051050165
92725.76876296816	268905.3637739561
122095.50367522231	288958.37029278
112585.81525020476	283233.9678276664
87822.82300247264	253777.90260721993
118534.24146774918	296698.7834323898
126061.18236274863	315056.9087076496
105493.85895746289	295792.3198068351
88751.7383434546	270897.9633469587
124086.38966875953	305430.6776734176
124847.63939965055	299466.84535389347
121545.59060500105	283514.2064613328
97095.42972869897	267656.4593777652
100109.99445474042	285524.78815979906
128619.90982888217	318402.87869742326
123226.77484927358	301449.6416146184
92253.69184404194	287381.8584025525
123316.54600667686	298436.9300111281
93712.96458840609	267335.3220353435
125838.5015722325	315794.01599021314
106703.02349389308	274928.06566171255
115535.82743204977	285491.0278404645
115843.65902436922	310986.5906344641
123002.96079223475	300917.47674859606
128479.95866980986	308377.81239551853
110407.823417898	258131.39994080027
100526.43919643614	284529.68520293594
120124.91318831148	297604.8961503126
122263.25174752358	270315.30145598465
127186.0475604969	293113.07377132267
117011.01624905897	286913.7505894401
76667.8189410422	258240.327023032
123460.2366884436	272337.88380663615
118530.93404381073	290720.50501901226
120954.55898455519	305828.6335538532
122939.23611630511	300724.4824442635
114430.98288642071	296911.05342076725
125008.79610645532	312374.65439435205
121164.20411022044	312337.76056201715
114217.66114187201	297779.5063589432
90958.04497385953	268691.9257512748
126212.55262419782	310828.90036824776
122713.10162712728	308853.35380068806
121573.57439918467	310215.34004412184
132031.1068938072	296371.73313458974
123985.52767828264	304104.992210234
122840.04474550662	298568.5114684936
128492.93453738489	297469.0839772949
129276.91267212703	316740.27939290163
124293.33266558989	297741.14529893576
114365.2327873148	295409.72679510014
132562.31956543494	327367.51058510365
103882.86432844005	271613.32163133746
131574.61791417297	288544.79733456287
74649.28312337547	242223.26091097336
123536.57864606768	300696.92756102077
121677.93848740493	285192.18914163165
99425.12469794138	274393.8118402642
123331.83882596422	318251.48072709295
111428.10893052208	298618.0492283007
120532.81200818472	307030.44216282037
127302.89815166572	318225.6173129656
129482.27583918947	292782.53229588165
122337.38752368315	298941.6377349497
85882.81072611698	273405.79225947196
118895.05769097639	309633.050635386
88197.98359563824	262065.8616518057
130545.82919135854	298191.71398567
114245.25019012214	277211.16908009426
127215.02718955277	304101.536821045
124139.30436697789	300532.9219929327
121898.59834178968	296424.3851213553
121449.43027352597	310954.9953612867
117505.48307650868	279459.8920685989
118946.68357948482	297145.6188850536
106793.70876611202	273303.4986031838
99243.15575941955	286351.19776493113
89760.33314239443	237676.60798386636
123130.35415036304	313053.46506323374
124731.51589926897	306629.69815658365
100149.98296863565	281872.76849841326
99980.069171607	302784.5231070414
127810.79493164961	300778.6555840689
121468.2277066248	287938.444639927
111846.25035343903	284615.32123866136
120335.37300002584	314701.8616519874
128141.02729831019	321157.8832457308
116766.99219147628	319927.2266020491
114960.84230992064	310569.58096882456
124005.57777840574	325870.3116924623
134744.28842534745	278498.80993733695
121590.4256558443	287576.5202691858
117090.13316625322	293648.8459958204
121999.67332169524	283655.2473138491
77668.76389691795	241235.90499809186
111210.04943077607	273947.2807696914
125466.49079403942	299697.04192034743
137939.2512071333	311590.05893987365
127906.9421867421	313879.7893400397
115814.01054914201	286269.0390860325
123384.01085545376	279971.4133568381
118280.04664745354	304661.86360370694
122986.11966808014	301895.9029227233
121347.89723194702	297713.17377990775
97170.20465086252	274737.37473280873
113152.53126682792	303605.6846593161
124315.41192591061	314873.623457197
126466.99809985328	304190.0224521859
99711.5640702247	246125.48909670435
88041.06354732529	264896.0823925873
126390.54058012196	317681.8686669507
89561.32918049878	257276.93970329344
92132.1021976857	285336.69395966263
122599.14461464334	316452.0271942516
122724.1772674015	284577.8945262714
123250.08665211342	301996.9836448566
126851.11800085133	328888.6351657886
123267.33962490348	288545.2647316124
92178.97326121593	253791.95449022847
99320.75799712389	279937.9407975267
118432.20451593003	326549.74569065555
123411.73320003488	303042.5473834452
127804.64658355556	312983.3003150458
124514.92357137598	297180.1659432787
119344.4636489294	300183.00384271314
126091.64180112607	307706.6611331362
114436.15848129198	273677.31772610557
126626.53029154745	293599.9438719677
120820.18521280703	278402.56897259044
120730.62737754706	309003.0115785767
91056.7075798347	266247.31627640425
122626.99827823031	321591.5861077332
90604.6883951222	260376.444403769
130448.49343150502	309255.82250402396
126684.34828003286	277988.0404884084
118843.04748603175	278764.09077763074
81114.98007355937	239552.233333237
112415.84639768236	301898.8655389099
116638.24877359005	304002.19494395645
119856.96385379249	321028.01976492984
129314.56733857708	309885.5067638584
117515.38824034645	308855.51730208006
117359.92592999297	287359.6780408205
80400.61786556165	272783.21910409833
120636.32247852156	325400.958277451
104312.84917760678	292692.5111486501
119305.25044442805	286939.6739588871
120920.18951675846	302211.6803807054
131832.34909848895	295167.34626982047
101867.61164646749	277318.96204217186
113242.20556021118	281180.8019623793
127313.5265437866	300775.82296684524
87700.66585969267	278237.9713128209
133505.61867387756	294921.90908972773
123638.71910324122	286503.096056181
128746.76161655589	316681.1903485281
123866.26099264031	316152.23469550896
125216.21743877504	294879.91340763215
110797.05157153861	279511.11399514915
119640.57431170273	278400.81871362193
111759.78217268278	307253.1337020262
116422.92625181368	279134.05645162123
116253.22135863572	286957.5488145675
130583.34551092883	320169.20099053165
116268.77182948017	309733.4669748066
124660.80252648608	306477.45346276823
115625.1005843344	308767.32643636526
120409.43728676136	302197.0181743132
110204.84173309192	278354.86456351704
128280.84935677673	294329.9510056666
128557.24405512848	298124.79639477585
126421.4485575404	305020.7215778001
123788.80003816742	279828.86190735153
90542.85469689098	281940.1711062502
117805.29114520017	293946.242073465
132962.84006496222	317818.7804258687
106589.71881354754	297859.02357310883
110083.76574273221	271499.50819063734
125696.69994535347	286100.4253973832
104415.77825657417	278723.05822540855
111112.3005905062	260582.1331225737
114916.29458097057	308069.81638855673
122856.63799316016	307287.16001719027
88988.51710215863	251517.64915316366
119167.15274338747	277028.4853916126
114433.49337796998	303619.15393023484
127923.64230037472	303189.56134339655
92330.78737752461	254376.4291867931
129220.72106059121	298045.2382055885
115570.00714987269	310065.61731318495
104969.07145153082	291678.2484438659
123905.99969827023	283766.5136091537
117180.46776482291	299805.25439566
131293.4980748285	305584.3200062006
127537.4394694626	292255.556942387
112432.0487631623	293204.13262279297
84960.31215299574	272200.3769279301
103937.3043498135	285363.2385219356
127341.33884719707	317523.2182672035
124360.7157379463	307562.0243781106
119977.48333600338	305531.93817059835
121934.55515162217	309979.53873274487
127698.6490121895	287727.9170161124
94510.82958047022	275506.47679268813
119093.99414796047	286145.54926012
126816.36980129313	295504.8068702385
115099.71880848243	268872.52423431864
128189.11361053473	306786.13821234665
102806.9519281835	264336.6935260484
127393.98277975924	306878.367047278
126696.14946005092	297309.3552002199
120740.97731049068	302262.19316180283
127987.8117794325	308444.7239174252
123326.6616287021	292527.16201948427
88720.89545117738	271769.3542788982
125011.81052374534	306219.3032873784
125606.44977659729	287082.605725619
126435.77952377229	313908.6622929529
121313.45747015363	307061.2631238026
123817.76852539732	305468.94024456124
124781.77144467918	280697.5920025626
93759.59463609301	280906.0633602331
108135.77376550518	289183.3445348409
115326.7892986883	270400.641165042
123816.58773217544	305570.3869269501
118221.5202047693	306208.9525696724
123494.8163652258	311698.1389798097
127865.14174752308	328949.67669482337
117310.64540914186	293695.5271219568
120232.61666176305	273326.46651972574
94333.47578885304	261202.8190265309
82945.95175472565	283261.20905009226
108088.84615912446	299513.07101247215
98709.1047933026	296211.4084415663
108339.65356080965	305250.4414681652
90480.97866195804	278198.5036820809
126047.58008525294	324542.49567968375
127393.12220095782	283817.2937707013
118218.97945550489	283321.301159127
102606.14692359729	273294.7726623053
122203.82933543996	287326.1741907451
123806.68394261366	302084.041879419
119308.4501429582	308619.28241231455
130282.58312317691	302857.52191157703
109498.74477121653	283648.600969792
137806.52075560563	312328.07838264416
116035.36412352815	302880.7696635406
134884.10031410758	315574.25777736644
124438.90054176387	293285.839017947
131070.12416649846	292972.5131243736
114008.92835601933	306121.01144606346
131347.3516418627	327105.4468961437
114944.91507048444	309223.99271621695
131067.07756932484	303013.02832137625
111927.55504277498	280983.55920185475
