313.82327917720164
352.99139970421567
336.38851946671446
274.814721663386
246.09387330824467
309.1120794907477
327.9747399076666
350.80130186401743
332.1272410081161
336.38156748596674
329.10508067891595
302.28770179345224
318.9601212405555
217.508080667394
222.70353678187809
365.38887366271234
235.35930744670557
357.17275170806056
249.04153527227044
252.00553611002425
238.9930712952723
327.9489890411284
294.6729219982654
298.65668617154887
357.6332932835151
414.2888262017796
351.12707630432453
312.677619743806
383.35517458644404
375.4076446746244
323.1122513422689
370.96741672030873
264.341697940469
308.75152426778436
357.88115128321806
224.54692868901145
270.1523028791829
352.86896382452323
212.78921122347847
315.24015671498296
276.3698528269516
252.44644126593144
308.2606645908675
325.2237946930494
248.20226606286815
250.52601351758113
331.6716326546163
338.9541601437763
338.6842307729356
435.98959777164714
357.4629830017551
226.28528799239933
269.4210623495253
289.84952288209246
324.8577582174328
214.05811601512275
341.81388479614697
272.37902630031107
347.885867534603
264.9217792073468
278.0919023727646
353.08111237195897
355.3038183779408
298.6874352978466
308.4645416758461
287.8052588840656
272.35728434436476
339.00822424831665
280.7416571273564
341.795091487004
230.9965466144564
360.3764084551892
300.52066857575005
310.210620131313
414.07055462696974
296.1636500562621
269.4353939375366
291.1523498004706
327.36193811970287
420.8284658619159
280.337310549094
276.04097288340535
288.765261039039
322.8889269310961
276.9196028321795
412.21601104672146
278.1530397594241
265.2668962972484
287.09293137362585
278.7407776381452
311.95099633997415
497.40805378724053
289.2049110076091
313.70541277924104
314.33081692468596
314.80694385963875
253.82438111591392
363.3553197543154
303.4204083710273
285.9140047190572
360.09985228500665
361.4104166245271
306.9161301527328
300.6490440529001
228.308537833296
241.66194577804833
228.5061231551268
325.86128359953943
346.7128776982229
373.86642058209395
238.30944632435245
385.7560047915621
265.36409522823726
288.0960098913711
235.65707188788494
284.7213826106699
275.1234406020553
351.46737437671015
344.0517473681868
298.70259748478855
250.17827814308774
254.68067894924954
376.70256471353775
387.1672280099644
281.5425818579366
291.3593908005114
317.48931566285074
251.38354448010358
231.58601880148285
384.01289905616045
277.2013529337504
271.40338741766783
241.87717492099105
308.8141763120189
301.81124960231153
303.00309921711346
249.56177546238087
305.8011106608123
331.00988801583964
313.9597126071638
239.51695360060347
240.63466295218993
325.11530028662946
254.18771606470065
350.70396325800266
319.000428504959
316.62977550370596
407.34777554143017
220.59823099518889
237.64477307949753
437.4235742010786
283.3803770556584
264.5165603994492
368.59189455884064
318.64046728905845
311.95576605450225
282.4609019616536
378.0494160781591
261.8848716828842
244.29448815459327
303.12588149771165
306.7438931616177
330.02550672754865
337.9259141118991
337.6225350222837
306.30735292543255
301.20891907893537
238.9470987760747
322.4027325286379
260.2933304114121
288.3110009410716
296.6130799348839
266.72399850927565
215.88340663522
283.8679395510693
300.6711277927741
276.3078396481981
318.295145885099
233.1182824988389
312.4902856667128
300.4660297195184
263.92749721096953
371.66304895510285
335.9970388801543
365.3856327237969
324.34967569244907
316.63809635731394
355.35654275080674
330.7334460331927
355.403955365887
289.7579286357138
307.1023154521867
259.727314473371
349.1041008620072
315.492297691012
345.1089498971051
514.013918040985
264.4656805432434
476.1085426009335
363.54692822324967
406.1763155772768
255.67218819322449
307.01560820080175
310.0642960189554
372.32405691791905
277.8022059503933
333.1459503004755
265.0689678449358
332.1530451685479
275.8794800650028
276.4885051794931
370.23189211670456
251.43712522874935
274.6370654279586
255.67413483640888
331.4640578571356
247.7907043573597
280.99818440044027
277.4037576486344
296.5520079988969
256.9406226051348
305.39727496078586
329.5048945349995
330.37288818404346
283.58234773331424
299.6514339044731
344.57790761912844
282.0124974102814
321.22999925618484
343.1224300159007
331.1472423454998
321.5706843191777
319.49471322728647
288.7950682536176
374.176484711994
298.7439701353337
299.31063308939827
354.72469866535135
285.0436785536468
270.47555530073777
284.5804608470246
275.3102482988708
420.6035651315901
366.6999878058322
253.7460597932962
287.1246378499149
351.9862461812161
294.95284396705574
292.3758461635419
319.1813431975322
363.43770271733894
404.0848885364698
430.07988935254787
360.99302559977974
334.1400048005299
315.76739229391234
207.75354182077
334.7805999426673
338.1114572627874
258.7410200533885
321.4311446358101
379.0023480597698
324.37049436724766
457.51761730965234
274.36532036065375
290.52141988061084
308.51057288153805
265.9222148313409
369.9393716066449
264.61887040982276
289.1862165199923
503.64051949726587
260.55632225820284
231.5583075533875
304.4759625263331
291.5410601621811
323.6619685547714
356.58752020432286
309.5944553240629
264.61372814927574
259.8548253971389
259.18897574183137
291.08141552596913
299.06101097733006
299.7859855993965
321.0894153126605
230.3315808013042
288.7285132959924
301.2127995300187
260.4328497203969
261.98167991779746
255.42256877219756
304.9580410414472
262.1543245962706
248.95633308205063
326.07928000090124
264.4370648934443
388.90607385248006
246.06028165383495
320.532773205182
504.24827751953916
322.7633925435907
265.5672849902419
322.13457073087415
329.0512665655491
354.4880681235853
289.34094578165883
301.4759988546815
333.53283847049977
415.6582777575499
367.5783354574381
416.12565944280186
272.0945209037765
312.14189903203726
271.85574482832806
285.67956761250525
282.1809370040221
226.37680647344433
257.66772576924046
294.6797028231926
363.9623978729905
378.0069110201866
296.48663500430155
281.54680243713545
259.86986261464546
310.6701048125353
372.61947424302383
265.216711461551
253.44157609100344
344.8440199669602
245.84764358484315
336.7675262598663
365.5069065530646
253.92206769285846
349.03928619839985
286.5052655833419
265.9878773398564
231.59038381132862
342.93583757034037
505.3313539884259
316.41150081259076
316.44417455048847
309.27296716892715
293.3797926468391
368.0601700843835
263.3843534966603
267.95957915080714
299.68875020305336
255.33732158511904
342.3036149920646
328.5230472609414
264.5926713675173
303.85643294687907
330.6658363256081
334.58997485757584
277.4822843186404
305.05219195899787
484.2606247082164
272.3491011197447
244.79578183924664
244.2743192430505
341.08848933280774
284.5617086822016
290.96047471802774
548.2841528570827
246.7563274656853
253.74923911678778
330.7389234173807
287.26882983213267
303.14212318769074
277.5176875721226
321.65650717202806
259.913786891428
274.89503149229324
325.0516961805338
310.29780754456243
303.5845353466931
365.64276600847097
258.43835584068563
302.97842968979444
312.5532803943095
437.18085104776003
310.17977969449083
307.67621833199155
316.4473957281661
270.97562222983026
225.58452575088162
267.89102280097836
369.8076138816817
298.4037393752411
286.83174090435193
341.44577023568354
292.9091806946193
238.6552764241553
396.8344622540863
345.55474415817355
334.5784659412213
378.95316075424734
274.07010224242003
285.7473003142987
271.01903506959803
294.42245506217006
262.4446457159364
328.8371654021302
349.2837817625044
276.30832153624283
364.46573847081623
299.5988612941914
242.84569865277194
370.0776231715828
242.75277718898775
339.2980289015962
304.8770644278509
348.0090956211058
354.67071344757255
267.1106260227298
226.56003374082326
340.03380171252456
362.7521803793786
342.85240809891025
241.73049488498242
487.3383376611617
364.4890276423035
210.7760382569006
330.29755000754506
277.460274445713
281.0693233970732
266.2659372360892
327.4735453507908
229.74130149493897
289.00227865416826
296.5474083641811
365.61796706543697
226.76819278352863
249.5339908033557
255.44656709606045
250.3769945102956
266.9253940127117
283.024495814132
252.29065535618884
327.6150610492663
344.4536348685995
299.74769196216835
286.1001252654597
272.46409104719356
269.4820422641285
312.6361151430999
290.4386717241554
325.4951361062913
323.82928962884284
328.1619471319603
298.2554585435551
308.4909665049108
278.6285243043649
331.4894375160382
245.48531759884767
263.41393986644493
240.52882583528873
289.26030279311107
373.7943286161743
372.9872686238512
299.46259896209136
326.06792203955
262.5264770271168
338.3093425754657
256.36251041962703
359.8133592864501
365.59439256186846
315.81944435469217
257.7194619462024
311.529637021641
279.0496512663424
278.128562084241
229.67613552797636
303.02106150600434
283.83559566766536
294.2751435118782
370.04372546924253
335.2143551144263
291.0758441976309
380.060093465564
337.6901649951815
237.53685986610026
371.2569000404039
338.37642234910425
244.6714741693762
242.39405021536143
263.2371313130936
244.55081689703434
307.95614730778516
247.48235003628392
306.8845602947187
379.9177746690962
239.82478524508417
202.43841614921686
299.03650811785957
293.87587924063234
276.9618290855302
234.4916226842264
323.89051635264366
