2470.2336520351037
2479.063079258435
2469.5105789581457
2473.325941947161
2459.9058474196586
2467.446698930842
2474.7354840980825
2471.5162331263655
2481.4829264073483
2471.014030426126
2472.9378302917276
2466.4095616236436
2469.256011071995
2460.4566286445724
2459.834854877111
2465.694627722024
2459.2796313331696
2467.4584138364044
2464.9590560117513
2460.6512309480513
2463.9524908306958
2467.577114253102
2469.5274184372383
2480.398951713942
2472.1267761335266
2474.35824300926
2469.3279238748396
2471.396697968901
2478.1126419087814
2485.348937085498
2468.791816149609
2472.6141150641006
2464.2904083282683
2476.2066134073225
2470.4858893178225
2462.4764452641543
2465.0296787072157
2472.5796952083174
2457.7383783939613
2471.0865173119923
2461.2585274576168
2462.8618633579767
2470.48106233623
2463.8574268116754
2466.244263346472
2467.3884130334163
2472.3250563443667
2475.9874598426723
2481.2155181738576
2460.9881113888605
2474.9390164346523
2462.1123392489008
2462.7709003470445
2466.125419671862
2467.7148402471053
2460.9329211511754
2468.208533717111
2463.1086280588033
2484.26525995488
2475.00507223692
2466.1331737272144
2470.2213289075758
2478.0457639873057
2469.5115845114997
2474.369670579987
2458.398764862579
2458.9233882250064
2479.5014874742906
2468.5033988249797
2468.3832141292105
2463.859634522312
2476.4092626798183
2468.1337463809837
2479.4378618852797
2466.4732702279734
2476.0687202903764
2461.884102755328
2466.8243179803153
2469.4313590846423
2478.8888218781253
2467.1300477224763
2468.009010238995
2466.352616341842
2469.6762281756437
2464.3114538043505
2482.5182593690433
2461.985380823756
2467.431072779693
2473.11665608825
2462.470454220501
2475.7108346499413
2489.3305269853854
2466.8391596443917
2465.293409520181
2479.0999164269006
2478.6432986667164
2457.6292928144712
2475.3869065147114
2466.113820830429
2471.4929892526875
2463.9811464111363
2475.821555329894
2467.9775591648868
2475.410730990115
2470.253280311268
2461.718136027439
2462.4357548008156
2470.8353189170284
2485.4916326544967
2464.577790637989
2463.1025875104333
2457.8711398700457
2475.523211282345
2478.6674312112536
2457.3945298760714
2463.538182679439
2466.1721534916405
2473.818763356615
2476.9539484796533
2468.052801617372
2465.9126126462997
2464.428911466305
2465.1865013939414
2478.160295126777
2472.647315736053
2469.177244837598
2468.806555359561
2459.1343040989696
2461.5445126169266
2465.1887374157723
2470.111139731107
2461.491615639382
2465.5825316564105
2478.7124248487426
2474.6853177910643
2473.7532239448974
2461.2663831128443
2468.4040624596546
2479.094476098311
2472.7741376464355
2463.2676674099466
2466.531445529375
2467.005368664835
2462.3361577441974
2474.240466695658
2473.226471332472
2481.44380768354
2464.5964710771855
2458.540655834133
2462.4205370423424
2489.435962045101
2476.127410944274
2461.8820652203935
2473.4956766489013
2472.26018166607
2473.7197609060777
2464.1467752713115
2488.2686848340854
2467.3319552649145
2461.467454629541
2476.942196402146
2470.7378131855507
2470.5435032125815
2481.178906863558
2473.4076278526495
2472.969042488216
2470.877797356403
2461.8358963496457
2472.7903621199894
2464.1112993098172
2465.123707137682
2472.139706129019
2465.5902012920087
2465.8305731132295
2472.611259471675
2475.8125368753417
2469.4458179134463
2476.0734634314153
2467.0139736765323
2459.949207451203
2468.387671081448
2465.555563819746
2475.7047506415893
2477.7303759506995
2470.6707912348966
2480.3550837483895
2473.049105586496
2484.6869320693395
2466.3996328571916
2464.9271863807785
2471.688976013753
2465.6361961528614
2469.391432240305
2469.9753397664012
2471.052463144926
2476.213865037239
2484.449587664134
2461.368900258457
2484.2791252527268
2482.175647188563
2467.9725560385978
2461.564307634497
2461.4676714715024
2469.6455064454362
2470.8672088473254
2473.4879884751067
2474.1586512693607
2464.647019357605
2469.761866467769
2470.9044361437846
2467.226666415885
2458.7569381214653
2459.7750578000887
2469.5186516388067
2462.443169905154
2469.3184340117505
2462.6005215293753
2463.5628141595107
2467.8886502143478
2469.2490832397134
2467.700988360733
2469.578679225856
2477.8817785699903
2474.201446904647
2467.27018329585
2467.61387283407
2473.4933568527013
2467.2690205655254
2472.2740418787716
2478.599345412743
2469.5827682432387
2470.9019516807084
2468.578949931608
2477.6179620480866
2475.077729802828
2463.4672475891894
2471.8638231237287
2482.466960592239
2464.82936329793
2461.655911870756
2465.5216579877506
2467.2456876534434
2472.427778366856
2471.49330508107
2466.594871528568
2474.0544014204575
2487.6287470317748
2471.555886656443
2461.469289331802
2473.26313916556
2469.825625376273
2476.636095546047
2476.722727839521
2466.7049008841655
2476.631823123286
2476.417608828235
2463.64993539019
2467.254652377487
2469.9548835023234
2468.441425347203
2465.6605578411218
2465.77099290519
2472.0783987746327
2493.5543778391816
2475.1899343845557
2469.8575509360185
2461.6561640223576
2461.6026774260476
2483.4700781347933
2456.8529948460964
2473.133432420655
2467.9344669338334
2457.2866701743715
2463.450443059689
2476.1679578756257
2460.304430182643
2472.5384055727473
2468.062586041868
2471.1650334434407
2464.9071395148694
2463.7678960031044
2460.8066547326116
2468.856997312217
2465.414287399287
2469.298815423691
2480.9235072524343
2460.2423713764947
2468.3927346715973
2466.0754794094723
2456.637516911635
2466.013691529184
2462.217902540182
2471.8325979096307
2461.6092821662724
2463.4264441633222
2472.7917826447037
2462.451915803371
2485.7457883018888
2460.862887060522
2468.378355626807
2486.140676983546
2468.9317874046637
2466.362499271377
2475.9939593223758
2470.4713921544326
2474.1872050534002
2470.0663627642653
2460.215424715233
2464.269821422141
2484.62211706589
2472.3638383399602
2470.73804489292
2464.7021136943185
2477.843546153299
2475.2165751999337
2469.4183032443307
2461.1320520152076
2460.277215428666
2462.40245531898
2472.534172374961
2487.3675887108047
2473.211811262521
2466.0594137125445
2466.2608010219546
2465.404941032116
2471.7801254711558
2489.0761381252914
2460.1921911834324
2461.27385266916
2467.7557346699837
2461.356576377633
2474.4205496597165
2480.46810151966
2456.6522566167914
2476.733343342607
2469.254491581041
2473.6706864156076
2460.5421809586546
2474.0491646418113
2468.3271552721835
2479.3302370014326
2479.0024667027387
2474.078864666247
2476.5845641930896
2472.35807695819
2467.254327927879
2464.741459980548
2468.409704262122
2463.894066591113
2473.094590861106
2478.153020549262
2470.5069666637974
2466.6698599585234
2481.624729848748
2473.3769001361725
2469.2934593366735
2464.806799025616
2485.11309882154
2470.2821266081837
2457.5893594267573
2464.1863250895512
2473.4052942491335
2467.4686387281063
2464.3114410040034
2486.9148656441193
2469.5605632226
2461.9867691011186
2474.374994328505
2476.9655751776113
2471.8775088184184
2467.1823443740323
2458.303234987223
2463.4604730217543
2464.7529959839285
2465.7337747404495
2474.9149758545987
2465.3142523067163
2466.5825187638075
2463.2206052861393
2473.777613748404
2464.29200443977
2471.582832513682
2479.122826276264
2465.395251459099
2475.1556203138653
2465.2632417957693
2461.4418679259693
2468.4266930686645
2471.379329207818
2463.2142118684856
2467.71455456279
2467.6512826970275
2476.110220143399
2459.4824124899483
2473.0896093338597
2467.0920157820556
2471.5853658915057
2474.0796179224412
2467.185402714671
2473.4769396674656
2468.918386110247
2470.867587115761
2464.3005978923643
2460.17638986765
2472.3066741237462
2472.239406061996
2465.219619465476
2466.970357005181
2461.723008257122
2470.179144386909
2459.7054255366857
2475.52413116758
2469.443929824115
2471.351008392784
2485.569256567485
2469.7857727375667
2463.8863185158134
2467.7969939042705
2485.076587663527
2469.90239238697
2461.498818447182
2477.9802823522023
2477.0488354436075
2458.6692387483654
2473.9278928642207
2470.341865153239
2467.343702980599
2460.973962965464
2470.787056764999
2454.848724670105
2473.837498001528
2469.4308924111
2484.957869605784
2461.7324153208165
2458.4673745796545
2459.0313205914904
2462.1434714950246
2466.88990521754
2467.6370433502652
2464.506514487992
2472.3780984345212
2479.4663512508478
2478.7082226210396
2465.7988484677217
2466.2867477476457
2466.3403897592043
2479.516164770973
2472.428004137121
2469.268884901292
2473.161752848012
2478.2769876096454
2462.482481371645
2474.131629081568
2471.6445980837175
2466.874584139995
2465.4497109316953
2467.2625034287717
2461.8046801048467
2475.062217989081
2479.350467013469
2469.0266908217764
2477.1883188216466
2474.8458234605077
2463.98889494997
2480.8170319621677
2468.999304350329
2494.003702520372
2465.9965403178026
2474.620010527855
2464.421849439422
2465.3238588063136
2462.3703517626413
2466.9347416891433
2461.638478358089
2465.7643267826875
2470.178989407727
2458.553897184374
2473.903244974601
2463.0301076968576
2471.927638697066
2474.374735694891
2472.1042531967296
2460.497056293026
2464.068350200046
2467.109425120865
2461.8875030612317
2466.235370299636
2468.98816427811
2462.395920457472
2466.701096906023
2454.6131302516983
2462.8205220435184
2472.7978906085837
2459.1755390104877
2460.3417285987116
2467.163730996318
2465.2364287830796
2472.810842685116
2465.4325039270734
2462.3096769907966
