41754.52132500663	102215.24456900255
38268.79442575171	111441.5188649587
36365.110847516175	95082.74318724549
30348.8046630143	83043.8095667477
41826.681423624475	60579.649426088465
37810.286590232834	118278.02051146848
41701.05995363809	107502.09675189275
44448.63732544278	145862.3697874636
44844.50274521126	144043.19855854317
45090.361647695725	126363.2630370745
57237.08346460087	118518.94408670365
48361.98585945095	126656.0240570532
48835.55016636316	113887.85201715976
25634.474304936546	73978.62639938129
27934.053736375514	84210.79713169347
46550.94376027066	103493.78538623138
26209.823555524003	71291.29595631477
46393.27974282712	131416.02911858936
35105.96220734038	94404.16371063697
37444.59956418959	97540.28739422688
19203.877142489342	84342.18408031474
33622.87786073057	104202.45065616982
39514.26116183355	88250.63048947538
52860.14397563232	113067.64377257714
33428.94769961194	138281.25147872648
75831.70113889757	118693.03421020445
48170.33717343217	119439.70829309875
48870.26798913456	96959.59262181015
62498.860011508004	122721.43190753869
43066.10480592531	108533.35703304216
55628.5039986357	79459.63581974663
44864.84197898768	124453.30548276674
38277.29658246573	78270.13269235336
34208.272121509195	96964.32421376716
50182.18422152089	103846.95340222419
22032.92310179957	80593.32765677557
46948.802530371846	70582.88409499424
42775.13740711009	96537.55980512602
24340.038030496384	75921.56185905517
48624.886844802226	66319.4120904488
38723.539420083296	96695.82894519118
30199.97669073874	78844.58814194848
45378.20523990753	131673.68907432826
38425.1852073285	122423.65215199944
29563.750555455976	94861.62800821301
33635.01498877948	77579.12141430985
54684.62460816001	91795.93576375669
40976.80408335234	89091.3033379965
59305.982888473496	126649.4150898803
68273.29255590407	166127.07418521217
40657.009520421125	94504.630010445
31697.22642468488	80972.02500882473
30606.94017719682	74291.24524061297
37877.50712523867	101645.88176892113
42645.03368775167	93971.02324693912
19025.85861857387	70327.04323299062
71770.4379566717	128286.9572984313
44757.57592534207	115884.81015160037
48301.84124343527	106245.35929365655
30224.425916141976	80415.68620390772
30509.724107548936	96877.15694536365
31597.466843867216	67409.48566891215
41076.259041154684	114668.01098431955
36306.70969032412	79658.46928632972
30746.16705765619	76625.6184119299
46411.3654859208	109855.02150990229
38226.411956517215	114553.71192218826
37103.66315415717	127197.61094830174
40334.224341098976	107855.20769943815
59221.88041703636	112750.64764239243
38483.688866813565	86927.05736904725
67820.61541315407	109499.23931267092
33084.57941202173	74650.92937760492
33341.46644922988	76061.51555439095
71823.96634241827	106115.78290589711
36227.31898686846	121556.7315975363
24683.880085427336	82981.78619254733
31359.656050178062	82699.70511449732
36148.228455912555	115961.50964412813
67870.34706530592	120280.54381025543
47349.596712320395	90092.34403212501
32790.75439991498	107233.90378861452
47812.37190354919	81277.99191551308
50289.16702194813	96465.46782575696
41649.60013368049	74946.22307752767
74667.59663214537	123824.61521152606
32522.73039951174	105810.70411967824
28817.226346186413	82332.76034596298
36533.492353345384	84777.67092248437
40610.049307217436	85800.61815569048
37777.8617175025	91916.4188823672
87522.83012234008	126432.23588343237
43347.76174253902	110367.050724527
43971.70618105287	112765.59242519314
70294.11755648654	97386.42037637104
46011.477622467035	79892.84310730865
33165.49841263941	91441.9043918379
69887.5122816594	102992.11136140501
36422.349885365315	78177.0991289618
32878.64190278154	86872.14710415491
35118.95588535425	119889.67381389931
67419.48715200092	168089.5478814111
46155.67883066107	110600.54494384398
28920.312154013012	114151.4255763871
23117.89468616595	65865.62519394894
32211.8584165032	86727.99827652956
22951.156191737777	70259.66611642204
38792.020180222535	92062.69191036225
52534.35218500954	134603.46136688985
66433.84932932751	121702.28714590534
25552.405291308078	97345.53749293323
68333.28606724113	161315.08980335042
26587.563323588038	84263.29275593355
28885.125437028022	82333.03535814844
28703.131266889694	71725.83629117245
45590.48326852369	69529.8679992483
35750.27645391743	71051.87421141163
83962.996587818	100607.0610105548
39830.83595006706	104084.9121859049
41890.834156042736	111136.6415482202
29489.56820419538	93586.40799104665
25378.11937427306	86582.57551396308
59489.60312498885	118954.1842913905
71913.71913850351	108371.65195181244
54459.615149974605	65826.598256166
46293.09981927421	89516.9197456969
45032.05555815874	90640.63683231274
43487.89507381992	70634.51433684418
23692.95183042981	64530.769588069255
76332.37087322169	106719.96310906898
49670.57442751316	93343.49149616782
44061.71782520747	101377.30450154489
32111.028923142312	92151.09569461776
46420.00305940009	87052.49608385518
38054.454861447506	100112.95370928742
53046.906802383164	79762.2059942951
39788.7909449022	117194.2062103303
36829.59883519428	95038.87943397084
47369.701390172944	118662.47375929108
37365.02114966512	97032.10769995913
25267.26944913716	70445.2334596887
29683.63042148324	103571.41020688477
37785.77959693996	115803.53360829836
26107.212650478286	87315.29158413147
67802.3376497451	126582.91073941432
53344.588746811154	95330.15231444172
35202.06882825133	109976.64619823924
44644.73320603087	140343.93038645617
20091.71645179528	70811.23796596013
30267.07659965229	80929.59166975548
73065.57665397218	134647.2235961484
28961.913589175296	81541.91546873449
29552.86584324459	80130.12192414164
42125.24275378911	91744.17715997803
31467.41885449562	90963.55486445512
100542.16866322001	162528.80373590568
37145.7777630334	83933.12459463166
82747.95457485749	136755.587553656
31474.14026335493	100616.3210951345
25878.912284948583	95125.64888050713
36883.683631876454	86988.04015054648
46731.22451330756	91762.18531754229
39078.7810985143	99001.78661968341
38303.757025188395	137774.1265716569
47944.25499645414	96752.86023864293
29759.879050221447	86282.10574966141
58612.660374861836	96450.13166274334
26562.734191222196	78131.94757113865
38524.89789525105	99823.76507421029
31788.40253343511	67030.65525885009
65774.84117662137	103661.9212319656
50743.358279795735	89158.9077883289
35274.67015796785	78562.12107667635
23338.67303744283	62124.20271217622
32039.377983056038	89980.28575204722
58464.23944236444	195350.053001238
26895.34960888871	84027.74976156316
34762.55936494421	97848.55723381341
28279.928729999163	88116.56457191928
47759.405871604125	141737.86280342855
31408.581382957876	96785.40414182158
27620.86404491246	98939.10605214337
68272.85268668184	114550.77133015786
35210.783496137636	111110.46428247032
69034.67651326445	100387.31853352502
40610.41790799759	111117.78524820549
68475.364335229	117549.66821578158
58512.26316707922	122251.3379687768
52916.27961228502	90309.95405504237
53342.22268421351	122454.2685189147
45622.50154166695	86929.87573901705
37195.44523205125	106082.51950255489
39810.090316122594	89802.68959512509
47596.94243954691	134023.02407961708
46206.51916210006	146911.3180245721
35926.54767137056	92019.12497575133
86010.45154493558	110303.49760131349
32589.23323495239	96966.35260105989
78388.68634920774	113241.86269294748
60970.91157131316	108784.49224441056
85943.54933547231	146070.883088336
31235.022820580663	98275.78860962938
31702.225956050446	80957.63514437302
47327.100747157674	112080.32329822054
48126.19133080526	154419.7606064376
44444.61548951384	79662.65585547777
50180.322071895724	151299.56266780267
28091.145212429426	71927.04874951893
63009.5130191264	127861.90597414905
31985.29108645698	95327.97195957422
53622.59054237239	99832.99817985659
44274.1536083089	133720.2600350912
36070.41806572488	93296.74314447088
37303.12855652266	89859.30915032834
33196.98400042387	71517.49512532107
40975.592657846195	96299.66497007488
26280.4065389801	72201.30884859417
45834.36413801322	131397.23579154373
28571.298678551015	101305.61874176802
38696.64454525203	95770.37751024553
32972.89875166104	107797.92212147288
33339.727585014334	90821.29771956008
38663.334045023505	96860.49242046673
37820.55296933723	102170.09762984772
35821.797176826054	89847.35939079839
45577.25545970291	101794.56317205724
45024.93021193106	102479.71779552373
48984.216302806395	100229.6221552576
45632.25684271273	86398.98113567682
48045.88304362423	130247.35986156474
58334.18574331327	121029.62217556854
39200.7496597955	90598.92820901496
50107.163973444	104572.02181258882
27042.84783153191	91247.9863069874
42228.39452548345	140297.8294943026
59416.32160861904	81497.23196792124
36055.1744358482	96085.3766914686
36741.904540761425	90224.04220702995
47690.070690817214	106205.29912483305
32270.31192015367	82035.76646483176
33606.701397356315	87834.89869587205
34404.19631358822	98856.46742108194
68535.49709091023	103277.50222809058
64061.54501018213	90542.11964420199
33726.87017984736	73127.55411152123
36144.71877479812	100776.91140529072
75566.57696795925	118634.72958329075
28143.46234580801	64310.72798144338
41088.358478259506	116142.5951810802
56958.52105900805	101007.4716915362
48967.279332845304	96566.77073340458
52051.71144917385	130037.52918921498
61453.8963885275	121672.71038617466
63058.53314366066	103342.621749557
31982.29569889706	86855.6785160318
31989.848152996572	83110.03467452673
20179.613171324097	50292.46105367009
63609.224802663266	95923.92684437688
91895.06198430939	145436.9789547655
25891.739746420317	64823.42354020779
47866.19412339777	129168.34349708287
68531.34136131866	109394.98203918849
32275.151116990965	91359.98403333721
81358.94343696837	133853.669854479
34054.32578055214	96828.11400537346
50367.30968399617	137484.42461261756
39749.56659444726	71663.9203437751
27290.064521813176	91983.39759076016
30264.218369831506	86971.78253075069
27695.33770559257	78465.84466272841
35260.18238723269	106651.44377201547
97092.4382983219	175218.36627307956
31954.536266335905	86695.14821421372
32457.78490827823	82226.81578008973
47055.09398755219	69018.90009922997
28880.020558558288	81493.11239092077
60377.65780517776	100766.99304995478
33156.49334834466	101527.11720573036
35014.95430908451	103546.42933485487
28898.601232601875	89686.74392037332
41018.81919277267	73709.47980202205
29325.444938542736	68726.00259088077
33717.78972985038	90339.48236050019
29682.876773994045	107382.05047614237
45411.431081024755	102245.97914776605
53137.73911583475	91079.53349697535
28504.850986130623	83819.53954028025
31094.839961815836	93480.51479751889
31748.14610996655	76999.05921548876
30683.438364027556	75673.54655943316
37247.335029345704	85604.61081878825
37190.28612243527	68494.62188307724
39427.38365934814	91678.0198543768
49688.03161069505	61538.78727278152
38189.140271952056	81518.89669858242
65460.579839868005	103724.70551582279
38179.682659635364	80628.4468500197
66903.5662324448	114286.14521218509
21884.32646276679	78159.5975137907
44221.84237958169	136874.31282978106
51853.59913717522	127796.18094790778
49936.99140286412	98271.12740329794
41985.219799320344	53449.21593534045
64314.09313519583	118632.81657346002
48295.599546839265	108153.61822923098
45842.298600392576	112287.10725863079
33379.781690064185	80709.05303339686
31585.033588009286	99243.05668556194
38635.28176092433	106924.9024283515
59208.98770612222	151664.6555555045
45487.6877367142	133551.7192630629
62099.329360901844	123214.5546725359
43219.772846894055	87096.50455941499
62275.38444898845	125116.7880033673
37718.4880055169	106365.31992046573
53194.81067697193	115883.26425139044
60697.64233786829	162116.7235039449
24469.342713497637	71954.73435264861
33146.352304387314	92271.40595417946
36681.4393418016	89646.0891204915
62134.1100683733	100722.94421242937
59122.00766601212	146980.9238701951
47270.47057804333	112141.1019219373
31315.258988148074	86597.76489500244
26062.661742119824	85422.2613029229
43863.76643071731	94221.92493889786
58927.14247909112	159980.51536476708
30392.350153138043	76545.98443467969
26109.36503876331	63491.217610852196
41880.9240224458	88811.3259271973
32936.23311188599	102560.87994967439
35225.90219294348	99882.2467609025
47511.56095268352	153984.50030591918
50449.1753854075	158751.9438281404
38355.1828512924	97307.48141226583
31050.55731717671	107845.54791729526
36747.01455849542	97784.36381358036
20869.508343904294	56615.490546426605
47606.55569228967	105639.21021530087
90214.7137311941	148351.97431334917
32623.20701970995	79750.1007333518
51858.38861907262	82398.10698935937
57368.10155584353	91209.74192304083
31949.170257555066	92394.71960546609
47014.00416077943	97844.13300794385
38149.284870674346	109422.50959156231
32803.44273877256	101215.55265615208
46218.98151638941	109831.96859104454
43950.214232114566	91722.8605315779
66444.76881621705	101506.91075552264
33783.79311208728	105802.3170938601
31437.485541793714	87301.09737936074
57315.51777627356	84896.23038781786
49354.07586220885	129842.27555736653
42621.496749714956	103653.10458983047
28179.124746145928	68340.42928758543
47071.39922212876	111719.36420150805
84522.12147165557	174486.05352953775
30470.514547439943	87976.6105011614
32588.448830717323	88052.33728809794
24598.648432432397	75031.8098400835
51454.22687475025	117718.67750198113
51999.617258706065	129479.5105380879
42983.77696626579	114661.5202856603
88160.12780515573	119314.26927703788
30317.9535912435	93334.00798373901
27721.56974725312	105128.13170727144
45592.745831863554	99884.51732222748
36900.73903507064	89319.59022947708
38283.0110109176	90220.19775451768
31804.251556015337	85956.7176624474
45249.38858654974	128442.65331645572
36151.39425107728	91842.9671159483
45410.380736581326	69501.45216017531
62523.13878398379	114075.73106571932
66603.72952307458	131704.20206448744
50447.93115320277	145231.75846651674
69532.50867606647	93827.8659167178
30600.367878378544	116440.27050088959
34915.8659778319	77468.48932593002
35803.97416418219	80824.30891922605
79587.47856494694	152541.14367710176
51889.10365501589	92059.01490998857
33664.12608432108	84939.06347615886
47096.37603275661	88302.64737098971
34781.26181601425	85056.33664748556
25140.87155073048	80925.76509406192
40738.37604693579	112429.06991972096
60003.61200908581	105407.33336534437
51591.2938989305	111129.9935878111
45884.58436905815	95448.48099347691
41202.74637107648	87302.17568088781
39734.89818136522	93501.62682121442
23743.180294075508	81184.29212529401
65170.76486027691	97777.52991136297
51310.27347532024	152194.812786523
45158.23447247835	103607.64772450051
75735.69292484527	120582.36599489924
39558.26592614482	103496.13284920907
27164.16810941382	87850.14849390896
25031.580145281598	94505.538781386
33402.11858719609	114159.03539263972
27594.71010705391	70886.17885946148
52670.92206633114	85588.31920826723
34337.53314998921	81739.90920479798
38758.234664342075	92774.09125437318
47335.35877004438	143097.62433897765
30417.057263006292	83925.4527282509
25833.395068721205	83436.07880109169
66621.52871632736	112054.55199312788
25547.32203999785	80815.32052565328
63666.40660667569	132555.52785592002
31434.21134886349	87805.86211658038
49295.926459442024	90820.39622234597
34299.68568749551	93719.41696360048
29115.507058195966	83317.37440700135
22773.46646322334	79563.19694123689
44345.352450808234	128759.86841022279
73212.23211938843	110771.01081304782
41781.524653263725	115019.7918811936
32564.19983683586	73592.37961165403
80254.63308429302	130319.47298815181
65890.76017753991	115685.94285695597
18759.30255117535	52086.06978228579
61504.18439181674	112616.73286299196
41594.24236600304	106133.81460765006
35625.009887254724	101309.07656516343
26093.09683323495	88428.95319214511
45669.27021326116	104110.41245373045
24463.055382530234	57875.86558584505
30648.735973899657	84789.63243801257
35928.406707382994	85355.14346276883
75047.79142810713	98624.04808872008
21833.865043932856	88765.40343550089
36321.53139486017	114221.51702937312
34702.52079422916	101907.26521381909
30835.934459224758	88589.84526161372
44576.83863353642	73743.86358695399
34390.93394607889	72375.45283930865
30779.16461317966	79782.15353778533
39629.29068944133	101049.1392780698
62906.80447764931	112398.2551148324
66648.57517084724	78837.15306937511
39578.00633510246	96874.46167628039
27974.574709545792	104182.30214996805
22460.84653663	84046.52368953382
39693.50895537553	100603.94891428112
45665.270461566775	128328.75867232213
66515.2597000119	95730.80327920127
42315.55708158971	108317.48259916791
39588.05161999548	86127.40855566887
45523.66732692302	115879.59013825883
25848.532702776865	75538.06245095516
43214.51386871601	103285.40968704078
49678.831955598056	105613.4664404172
30670.797790443936	89389.81112363047
26162.41403781451	64023.176677108975
30741.445550047552	77390.55174386085
25755.673972425837	63928.69028796909
70240.40291075704	89850.33717167785
56087.39912503411	120952.38201479446
40052.063989349845	92029.79119436926
44094.39455283864	94388.80897524233
24291.615605206927	77019.71358347851
34608.63074436468	85862.11530957853
30842.677377381413	62069.48892748103
82134.87412637583	166926.05499997735
70630.27212343155	85952.36581118612
32461.80290057306	108648.61421601727
31660.794693273616	85599.94191542377
37663.35079008605	96160.09671197289
44542.58828093221	96332.35285218328
32362.366606534466	79007.38139860393
22617.175400726912	60197.25040548523
48124.47835306592	95216.10754885671
52793.836008185404	60737.32970254482
51331.10863773367	93566.46388331219
52091.36992608419	100640.71401406723
71472.4323753682	152804.4815699646
52236.88532912575	66653.85183954907
53156.379014742546	107947.21278824547
45704.67784002741	88691.77784272216
24342.926693202055	76725.42021066335
63064.33666758577	107824.59976036586
39304.17647467027	94775.03495588036
29976.884045942294	78970.08712612778
28686.25591191055	82425.92722570602
33804.825009795255	79262.83372510612
28578.0104566706	65340.84993521851
46226.14576424644	118825.62492948279
35266.53905836881	81155.98660705691
36775.39570346529	105480.81651087552
57323.48831874535	120219.64315974356
27862.945280504493	73204.19182096992
21744.67111109972	55929.66401327979
50549.552243408485	101413.4241986233
29134.85020755549	109670.67206968424
46301.178294209814	63470.59772859784
27755.42248995621	73149.96645320329
33556.85635941025	110155.51067186416
