323.0
192.0
263.0
377.0
602.0
143.0
85.0
212.0
496.0
98.0
1004.0
134.0
717.0
39.0
99.0
621.0
64.0
219.0
57.0
578.0
50.0
245.0
39.0
63.0
666.0
424.0
544.0
292.0
506.0
423.0
666.0
101.0
830.0
233.0
1238.0
46.0
800.0
79.0
39.0
70.0
122.0
331.0
190.0
139.0
71.0
39.0
182.0
133.0
288.0
466.0
189.0
39.0
226.0
905.0
90.0
39.0
738.0
238.0
206.0
142.0
91.0
328.0
206.0
162.0
98.0
322.0
401.0
344.0
642.0
751.0
39.0
721.0
123.0
150.0
610.0
531.0
275.0
101.0
136.0
1182.0
641.0
165.0
118.0
309.0
125.0
618.0
1052.0
80.0
285.0
977.0
39.0
544.0
723.0
173.0
626.0
173.0
210.0
772.0
259.0
363.0
113.0
854.0
170.0
324.0
39.0
250.0
39.0
329.0
246.0
742.0
82.0
903.0
117.0
118.0
133.0
977.0
52.0
362.0
184.0
468.0
81.0
103.0
292.0
789.0
110.0
719.0
339.0
479.0
39.0
627.0
39.0
655.0
82.0
88.0
73.0
118.0
603.0
187.0
280.0
260.0
78.0
119.0
513.0
252.0
650.0
357.0
130.0
208.0
39.0
70.0
405.0
200.0
437.0
69.0
151.0
782.0
355.0
559.0
300.0
90.0
222.0
135.0
227.0
361.0
327.0
112.0
128.0
96.0
263.0
39.0
486.0
479.0
39.0
68.0
195.0
485.0
405.0
131.0
39.0
358.0
194.0
114.0
562.0
79.0
390.0
230.0
680.0
714.0
513.0
575.0
39.0
164.0
362.0
325.0
480.0
231.0
752.0
45.0
819.0
282.0
495.0
910.0
183.0
301.0
409.0
134.0
503.0
244.0
388.0
50.0
530.0
560.0
302.0
88.0
39.0
256.0
127.0
354.0
584.0
294.0
441.0
204.0
282.0
206.0
236.0
664.0
129.0
358.0
618.0
208.0
530.0
361.0
101.0
102.0
138.0
1184.0
377.0
253.0
614.0
110.0
412.0
273.0
517.0
619.0
143.0
130.0
549.0
161.0
777.0
593.0
338.0
300.0
276.0
1228.0
182.0
283.0
39.0
595.0
815.0
113.0
450.0
930.0
50.0
627.0
73.0
420.0
336.0
111.0
195.0
215.0
233.0
426.0
141.0
727.0
68.0
125.0
274.0
345.0
69.0
114.0
39.0
124.0
39.0
142.0
142.0
750.0
39.0
165.0
104.0
339.0
196.0
486.0
139.0
169.0
117.0
493.0
106.0
826.0
138.0
474.0
380.0
338.0
624.0
603.0
302.0
189.0
139.0
471.0
402.0
286.0
177.0
277.0
579.0
63.0
47.0
230.0
353.0
83.0
373.0
279.0
973.0
951.0
604.0
71.0
86.0
72.0
151.0
97.0
103.0
282.0
56.0
256.0
257.0
358.0
276.0
46.0
221.0
39.0
381.0
884.0
305.0
154.0
103.0
324.0
265.0
69.0
52.0
110.0
51.0
1045.0
182.0
96.0
603.0
253.0
158.0
183.0
618.0
777.0
39.0
210.0
55.0
259.0
73.0
705.0
510.0
137.0
90.0
506.0
218.0
209.0
226.0
389.0
126.0
39.0
803.0
787.0
383.0
671.0
86.0
71.0
138.0
734.0
515.0
83.0
230.0
140.0
70.0
192.0
617.0
735.0
845.0
140.0
350.0
47.0
717.0
266.0
418.0
516.0
114.0
90.0
39.0
118.0
39.0
427.0
253.0
139.0
473.0
260.0
85.0
668.0
106.0
582.0
134.0
268.0
351.0
145.0
129.0
236.0
434.0
373.0
97.0
423.0
722.0
39.0
476.0
54.0
241.0
361.0
422.0
357.0
70.0
74.0
1007.0
39.0
708.0
166.0
97.0
454.0
381.0
99.0
145.0
602.0
551.0
412.0
118.0
209.0
106.0
45.0
416.0
606.0
93.0
456.0
177.0
282.0
267.0
66.0
140.0
61.0
39.0
557.0
1234.0
588.0
893.0
107.0
205.0
86.0
310.0
469.0
510.0
361.0
246.0
153.0
107.0
39.0
85.0
416.0
679.0
277.0
486.0
61.0
996.0
774.0
39.0
719.0
786.0
373.0
134.0
76.0
182.0
518.0
160.0
191.0
142.0
84.0
62.0
52.0
594.0
39.0
39.0
377.0
