29.0
54.0
27.0
39.0
26.0
24.0
27.0
51.0
51.0
37.0
28.0
73.0
25.0
15.0
42.0
39.0
15.0
50.0
15.0
41.0
22.0
90.0
15.0
48.0
71.0
42.0
31.0
52.0
50.0
28.0
43.0
34.0
15.0
56.0
83.0
21.0
21.0
41.0
15.0
27.0
29.0
27.0
61.0
40.0
28.0
15.0
31.0
43.0
46.0
37.0
40.0
55.0
36.0
15.0
34.0
15.0
34.0
54.0
49.0
53.0
28.0
28.0
84.0
15.0
29.0
15.0
37.0
86.0
38.0
28.0
33.0
59.0
28.0
42.0
39.0
58.0
80.0
28.0
26.0
51.0
43.0
40.0
28.0
28.0
28.0
82.0
24.0
35.0
24.0
15.0
34.0
61.0
67.0
56.0
15.0
21.0
29.0
61.0
34.0
100.0
28.0
41.0
43.0
24.0
15.0
35.0
15.0
78.0
58.0
85.0
25.0
43.0
59.0
28.0
54.0
48.0
35.0
24.0
44.0
22.0
28.0
33.0
52.0
46.0
53.0
24.0
101.0
15.0
15.0
36.0
15.0
24.0
53.0
23.0
32.0
22.0
24.0
32.0
21.0
26.0
15.0
39.0
43.0
15.0
48.0
42.0
42.0
39.0
15.0
24.0
68.0
64.0
34.0
28.0
63.0
28.0
15.0
38.0
15.0
28.0
15.0
31.0
41.0
82.0
58.0
25.0
15.0
26.0
27.0
15.0
27.0
37.0
15.0
15.0
47.0
50.0
21.0
21.0
15.0
63.0
15.0
61.0
49.0
33.0
85.0
40.0
15.0
73.0
45.0
53.0
15.0
15.0
45.0
26.0
26.0
45.0
75.0
15.0
51.0
52.0
80.0
15.0
51.0
48.0
24.0
42.0
27.0
15.0
24.0
28.0
71.0
39.0
27.0
15.0
15.0
23.0
28.0
25.0
54.0
39.0
28.0
45.0
33.0
82.0
22.0
47.0
36.0
28.0
22.0
58.0
22.0
30.0
25.0
30.0
28.0
54.0
61.0
43.0
15.0
35.0
25.0
36.0
43.0
94.0
56.0
40.0
93.0
29.0
34.0
82.0
36.0
70.0
39.0
81.0
47.0
25.0
15.0
23.0
90.0
44.0
32.0
73.0
25.0
115.0
39.0
33.0
68.0
35.0
64.0
38.0
34.0
28.0
39.0
25.0
26.0
34.0
47.0
35.0
28.0
31.0
15.0
45.0
15.0
32.0
35.0
43.0
15.0
49.0
39.0
34.0
26.0
15.0
22.0
15.0
50.0
76.0
44.0
53.0
27.0
23.0
43.0
41.0
30.0
28.0
65.0
47.0
25.0
27.0
36.0
41.0
23.0
35.0
21.0
53.0
98.0
26.0
45.0
15.0
26.0
65.0
58.0
27.0
27.0
15.0
35.0
37.0
67.0
31.0
15.0
28.0
15.0
26.0
33.0
54.0
36.0
21.0
25.0
15.0
36.0
73.0
24.0
26.0
15.0
22.0
56.0
24.0
23.0
39.0
22.0
82.0
22.0
33.0
93.0
39.0
27.0
38.0
65.0
58.0
15.0
33.0
15.0
25.0
15.0
38.0
87.0
34.0
23.0
49.0
34.0
33.0
42.0
81.0
33.0
15.0
37.0
59.0
40.0
73.0
32.0
27.0
30.0
15.0
63.0
32.0
78.0
33.0
27.0
32.0
36.0
22.0
25.0
48.0
59.0
21.0
55.0
53.0
44.0
27.0
48.0
28.0
15.0
42.0
15.0
34.0
38.0
56.0
87.0
48.0
28.0
42.0
44.0
34.0
21.0
42.0
33.0
28.0
22.0
34.0
47.0
25.0
25.0
89.0
111.0
15.0
75.0
22.0
38.0
42.0
27.0
15.0
27.0
52.0
37.0
15.0
37.0
21.0
36.0
27.0
36.0
42.0
36.0
32.0
30.0
26.0
61.0
25.0
27.0
15.0
63.0
23.0
58.0
27.0
65.0
38.0
23.0
46.0
31.0
25.0
26.0
98.0
30.0
50.0
56.0
68.0
58.0
43.0
75.0
24.0
175.0
28.0
24.0
34.0
22.0
15.0
56.0
39.0
34.0
25.0
101.0
24.0
61.0
29.0
15.0
26.0
26.0
29.0
54.0
28.0
30.0
45.0
26.0
35.0
58.0
38.0
15.0
27.0
37.0
26.0
15.0
43.0
