116.0
92.0
71.0
101.0
65.0
52.0
49.0
133.0
190.0
87.0
75.0
71.0
63.0
39.0
106.0
88.0
39.0
110.0
39.0
84.0
50.0
122.0
39.0
50.0
114.0
117.0
159.0
111.0
81.0
101.0
139.0
102.0
39.0
67.0
198.0
46.0
142.0
134.0
39.0
70.0
107.0
64.0
130.0
93.0
71.0
39.0
71.0
103.0
75.0
90.0
75.0
39.0
66.0
39.0
90.0
39.0
80.0
70.0
115.0
123.0
69.0
51.0
59.0
164.0
69.0
39.0
90.0
219.0
76.0
165.0
39.0
39.0
64.0
212.0
87.0
147.0
201.0
84.0
63.0
130.0
100.0
140.0
72.0
69.0
66.0
78.0
60.0
57.0
83.0
169.0
39.0
191.0
271.0
97.0
51.0
45.0
69.0
164.0
144.0
147.0
72.0
111.0
76.0
56.0
39.0
85.0
39.0
174.0
93.0
106.0
64.0
103.0
118.0
75.0
134.0
120.0
39.0
49.0
132.0
51.0
72.0
76.0
92.0
159.0
122.0
39.0
165.0
39.0
39.0
103.0
39.0
58.0
83.0
88.0
73.0
50.0
57.0
99.0
45.0
66.0
78.0
78.0
100.0
141.0
136.0
102.0
39.0
86.0
39.0
57.0
144.0
163.0
104.0
69.0
69.0
68.0
39.0
120.0
63.0
68.0
39.0
88.0
93.0
215.0
124.0
91.0
39.0
64.0
66.0
39.0
70.0
79.0
39.0
68.0
137.0
113.0
47.0
46.0
39.0
183.0
83.0
130.0
174.0
79.0
212.0
160.0
39.0
90.0
119.0
142.0
39.0
39.0
110.0
162.0
152.0
95.0
306.0
39.0
111.0
162.0
233.0
39.0
127.0
87.0
267.0
102.0
58.0
39.0
403.0
50.0
232.0
288.0
61.0
39.0
39.0
55.0
89.0
69.0
107.0
102.0
220.0
81.0
80.0
195.0
86.0
39.0
87.0
74.0
91.0
168.0
51.0
156.0
61.0
73.0
138.0
123.0
101.0
115.0
39.0
69.0
98.0
148.0
121.0
205.0
136.0
87.0
188.0
107.0
85.0
160.0
89.0
196.0
118.0
155.0
140.0
57.0
39.0
84.0
199.0
81.0
79.0
121.0
39.0
163.0
67.0
119.0
197.0
83.0
131.0
105.0
95.0
94.0
85.0
63.0
68.0
74.0
116.0
91.0
69.0
73.0
39.0
100.0
39.0
74.0
94.0
122.0
39.0
83.0
110.0
80.0
66.0
70.0
52.0
39.0
103.0
169.0
109.0
128.0
63.0
91.0
94.0
75.0
71.0
252.0
163.0
84.0
72.0
62.0
81.0
136.0
133.0
170.0
48.0
119.0
47.0
65.0
109.0
39.0
63.0
161.0
230.0
138.0
67.0
65.0
86.0
86.0
114.0
50.0
88.0
90.0
39.0
149.0
74.0
129.0
83.0
46.0
39.0
39.0
88.0
167.0
96.0
65.0
39.0
52.0
125.0
55.0
52.0
74.0
51.0
219.0
52.0
81.0
265.0
61.0
71.0
76.0
116.0
212.0
39.0
79.0
39.0
61.0
47.0
88.0
172.0
74.0
47.0
147.0
81.0
138.0
131.0
81.0
110.0
39.0
287.0
54.0
86.0
137.0
80.0
39.0
151.0
39.0
236.0
53.0
190.0
112.0
70.0
74.0
81.0
79.0
64.0
114.0
147.0
47.0
147.0
189.0
130.0
117.0
150.0
85.0
39.0
97.0
39.0
84.0
178.0
111.0
158.0
121.0
85.0
115.0
106.0
83.0
46.0
72.0
140.0
58.0
51.0
169.0
217.0
132.0
75.0
49.0
75.0
50.0
115.0
51.0
136.0
77.0
68.0
52.0
70.0
79.0
181.0
39.0
69.0
51.0
89.0
59.0
76.0
76.0
91.0
121.0
157.0
219.0
137.0
62.0
65.0
39.0
83.0
80.0
97.0
96.0
160.0
77.0
90.0
39.0
69.0
62.0
39.0
120.0
151.0
94.0
169.0
129.0
185.0
76.0
133.0
92.0
107.0
74.0
116.0
96.0
50.0
39.0
39.0
85.0
114.0
113.0
221.0
58.0
81.0
74.0
39.0
169.0
82.0
68.0
81.0
76.0
68.0
85.0
78.0
166.0
119.0
67.0
62.0
52.0
99.0
39.0
39.0
85.0
