84.0
74.0
119.0
139.0
367.0
65.0
45.0
114.0
175.0
194.0
360.0
107.0
25.0
15.0
42.0
197.0
25.0
118.0
24.0
40.0
22.0
140.0
15.0
208.0
173.0
151.0
75.0
124.0
217.0
106.0
121.0
44.0
183.0
95.0
416.0
21.0
287.0
119.0
15.0
27.0
47.0
198.0
92.0
57.0
28.0
15.0
121.0
143.0
248.0
246.0
65.0
51.0
105.0
203.0
46.0
15.0
50.0
93.0
112.0
71.0
38.0
42.0
68.0
76.0
47.0
119.0
213.0
153.0
63.0
113.0
33.0
78.0
36.0
63.0
206.0
65.0
145.0
47.0
60.0
204.0
280.0
87.0
50.0
99.0
65.0
288.0
72.0
33.0
66.0
15.0
50.0
156.0
183.0
48.0
403.0
35.0
98.0
189.0
64.0
144.0
31.0
223.0
76.0
125.0
15.0
51.0
15.0
152.0
224.0
391.0
35.0
429.0
60.0
54.0
54.0
272.0
110.0
225.0
125.0
103.0
36.0
93.0
85.0
217.0
338.0
288.0
110.0
15.0
15.0
161.0
15.0
205.0
149.0
35.0
34.0
88.0
101.0
92.0
21.0
33.0
15.0
61.0
133.0
101.0
297.0
175.0
122.0
104.0
15.0
27.0
223.0
104.0
41.0
28.0
176.0
199.0
25.0
227.0
25.0
38.0
91.0
57.0
84.0
175.0
58.0
39.0
27.0
26.0
33.0
15.0
201.0
238.0
15.0
28.0
96.0
106.0
61.0
67.0
15.0
518.0
107.0
61.0
312.0
169.0
190.0
105.0
204.0
243.0
242.0
248.0
15.0
96.0
253.0
127.0
212.0
111.0
313.0
21.0
175.0
85.0
253.0
294.0
85.0
54.0
126.0
179.0
27.0
15.0
175.0
291.0
69.0
58.0
134.0
22.0
15.0
58.0
36.0
59.0
171.0
92.0
174.0
87.0
33.0
135.0
131.0
389.0
83.0
74.0
123.0
142.0
44.0
30.0
43.0
47.0
65.0
76.0
176.0
109.0
377.0
74.0
83.0
133.0
264.0
140.0
55.0
118.0
211.0
109.0
160.0
261.0
146.0
97.0
150.0
260.0
76.0
128.0
15.0
387.0
313.0
43.0
212.0
320.0
33.0
139.0
49.0
145.0
161.0
61.0
81.0
156.0
129.0
207.0
54.0
25.0
26.0
49.0
462.0
186.0
28.0
50.0
15.0
62.0
15.0
66.0
63.0
231.0
15.0
53.0
46.0
58.0
187.0
296.0
206.0
22.0
134.0
166.0
71.0
215.0
53.0
188.0
184.0
172.0
126.0
467.0
61.0
88.0
61.0
31.0
37.0
280.0
83.0
330.0
21.0
81.0
141.0
97.0
123.0
15.0
31.0
122.0
142.0
156.0
329.0
27.0
44.0
62.0
192.0
36.0
37.0
28.0
15.0
110.0
129.0
113.0
110.0
21.0
127.0
15.0
73.0
195.0
98.0
67.0
39.0
139.0
135.0
31.0
23.0
48.0
22.0
314.0
80.0
41.0
95.0
158.0
39.0
76.0
266.0
294.0
15.0
79.0
23.0
48.0
28.0
54.0
131.0
210.0
48.0
265.0
34.0
178.0
64.0
96.0
61.0
15.0
257.0
161.0
231.0
157.0
38.0
27.0
72.0
318.0
156.0
34.0
121.0
54.0
27.0
32.0
185.0
339.0
32.0
71.0
153.0
21.0
246.0
150.0
63.0
131.0
54.0
77.0
15.0
49.0
15.0
452.0
106.0
170.0
251.0
42.0
35.0
162.0
41.0
224.0
51.0
420.0
158.0
58.0
57.0
78.0
305.0
103.0
41.0
219.0
190.0
15.0
162.0
23.0
122.0
57.0
247.0
152.0
27.0
140.0
184.0
15.0
47.0
42.0
36.0
68.0
182.0
58.0
58.0
235.0
50.0
103.0
66.0
35.0
59.0
104.0
170.0
27.0
58.0
214.0
74.0
142.0
166.0
60.0
40.0
25.0
85.0
197.0
142.0
209.0
142.0
78.0
99.0
43.0
106.0
251.0
432.0
82.0
47.0
54.0
47.0
15.0
66.0
399.0
79.0
419.0
238.0
25.0
156.0
34.0
15.0
331.0
230.0
40.0
57.0
28.0
116.0
348.0
68.0
67.0
51.0
51.0
25.0
27.0
145.0
26.0
15.0
145.0
