312.0
257.0
249.0
369.0
628.0
283.0
448.0
1170.0
992.0
794.0
611.0
1127.0
894.0
39.0
98.0
983.0
39.0
357.0
987.0
455.0
75.0
443.0
39.0
567.0
867.0
754.0
613.0
682.0
588.0
259.0
638.0
137.0
1001.0
214.0
866.0
46.0
580.0
274.0
39.0
70.0
472.0
1360.0
474.0
248.0
110.0
39.0
1268.0
301.0
658.0
622.0
191.0
81.0
318.0
784.0
90.0
39.0
719.0
221.0
319.0
145.0
91.0
279.0
914.0
163.0
105.0
383.0
333.0
1326.0
76.0
828.0
405.0
966.0
119.0
419.0
758.0
1006.0
357.0
138.0
146.0
1017.0
663.0
233.0
368.0
685.0
1117.0
650.0
567.0
76.0
221.0
918.0
349.0
602.0
932.0
188.0
847.0
399.0
207.0
1030.0
924.0
305.0
99.0
667.0
516.0
341.0
39.0
133.0
39.0
237.0
473.0
545.0
82.0
658.0
134.0
294.0
133.0
853.0
1014.0
752.0
877.0
999.0
136.0
151.0
1240.0
1090.0
710.0
706.0
353.0
951.0
39.0
499.0
76.0
373.0
628.0
88.0
73.0
878.0
504.0
177.0
669.0
237.0
78.0
125.0
536.0
666.0
879.0
1095.0
372.0
1073.0
39.0
71.0
1421.0
230.0
699.0
105.0
334.0
989.0
570.0
734.0
197.0
102.0
290.0
1177.0
316.0
423.0
566.0
112.0
69.0
96.0
286.0
39.0
491.0
964.0
39.0
68.0
199.0
453.0
200.0
213.0
39.0
941.0
812.0
131.0
475.0
416.0
703.0
485.0
856.0
667.0
573.0
480.0
39.0
273.0
287.0
376.0
1091.0
204.0
351.0
45.0
557.0
801.0
714.0
61.0
425.0
279.0
300.0
567.0
500.0
189.0
801.0
110.0
530.0
461.0
370.0
507.0
39.0
72.0
213.0
343.0
402.0
234.0
914.0
106.0
369.0
269.0
664.0
836.0
488.0
213.0
828.0
228.0
138.0
419.0
801.0
120.0
387.0
791.0
392.0
258.0
737.0
114.0
627.0
758.0
515.0
851.0
319.0
195.0
1055.0
187.0
801.0
559.0
1478.0
221.0
378.0
745.0
147.0
455.0
39.0
871.0
723.0
119.0
742.0
788.0
73.0
969.0
121.0
764.0
389.0
101.0
174.0
345.0
689.0
993.0
97.0
1276.0
68.0
95.0
1146.0
388.0
69.0
117.0
39.0
131.0
39.0
263.0
611.0
673.0
39.0
122.0
111.0
140.0
327.0
939.0
896.0
692.0
219.0
519.0
110.0
733.0
107.0
782.0
259.0
341.0
901.0
507.0
272.0
1291.0
252.0
186.0
515.0
777.0
284.0
657.0
145.0
680.0
795.0
595.0
374.0
83.0
1173.0
498.0
760.0
902.0
635.0
65.0
419.0
557.0
855.0
142.0
399.0
354.0
56.0
195.0
865.0
346.0
246.0
46.0
278.0
39.0
298.0
794.0
290.0
152.0
103.0
52.0
242.0
710.0
52.0
148.0
1121.0
872.0
268.0
133.0
645.0
907.0
92.0
633.0
698.0
610.0
39.0
332.0
55.0
329.0
73.0
700.0
1084.0
111.0
114.0
1136.0
376.0
474.0
174.0
205.0
198.0
39.0
790.0
635.0
733.0
1102.0
128.0
72.0
458.0
678.0
743.0
76.0
277.0
106.0
70.0
643.0
798.0
757.0
613.0
851.0
374.0
47.0
498.0
288.0
894.0
752.0
905.0
176.0
39.0
140.0
75.0
663.0
428.0
448.0
516.0
239.0
85.0
464.0
107.0
543.0
104.0
294.0
217.0
120.0
113.0
472.0
802.0
312.0
97.0
765.0
550.0
92.0
693.0
857.0
480.0
302.0
944.0
157.0
70.0
388.0
860.0
39.0
714.0
1019.0
89.0
840.0
76.0
104.0
145.0
634.0
453.0
348.0
115.0
702.0
163.0
78.0
707.0
858.0
182.0
1215.0
285.0
352.0
794.0
449.0
139.0
61.0
229.0
541.0
1030.0
428.0
954.0
203.0
477.0
102.0
913.0
738.0
1323.0
305.0
436.0
137.0
100.0
39.0
751.0
784.0
840.0
951.0
657.0
608.0
589.0
119.0
39.0
642.0
522.0
490.0
234.0
76.0
303.0
478.0
116.0
284.0
126.0
151.0
62.0
56.0
1133.0
39.0
39.0
367.0
