262.0
135.0
242.0
362.0
413.0
144.0
76.0
178.0
244.0
98.0
434.0
278.0
61.0
39.0
106.0
116.0
39.0
162.0
57.0
81.0
50.0
242.0
39.0
63.0
332.0
133.0
75.0
167.0
370.0
259.0
288.0
116.0
232.0
153.0
271.0
46.0
633.0
272.0
39.0
70.0
107.0
203.0
182.0
105.0
71.0
39.0
79.0
167.0
269.0
522.0
195.0
84.0
78.0
699.0
90.0
39.0
248.0
137.0
183.0
139.0
83.0
81.0
83.0
169.0
105.0
189.0
392.0
243.0
76.0
98.0
113.0
182.0
89.0
172.0
434.0
167.0
339.0
106.0
146.0
220.0
574.0
147.0
99.0
320.0
144.0
533.0
148.0
80.0
151.0
39.0
110.0
447.0
320.0
142.0
59.0
208.0
203.0
389.0
166.0
407.0
69.0
437.0
235.0
276.0
39.0
86.0
39.0
277.0
84.0
825.0
82.0
124.0
153.0
123.0
134.0
140.0
64.0
399.0
196.0
232.0
90.0
146.0
133.0
433.0
192.0
622.0
256.0
39.0
39.0
433.0
39.0
308.0
482.0
88.0
73.0
126.0
220.0
151.0
45.0
77.0
39.0
137.0
286.0
206.0
692.0
231.0
330.0
284.0
39.0
71.0
536.0
242.0
95.0
76.0
144.0
458.0
63.0
249.0
63.0
103.0
152.0
139.0
128.0
197.0
138.0
88.0
69.0
64.0
75.0
39.0
321.0
489.0
39.0
68.0
216.0
200.0
65.0
96.0
39.0
477.0
115.0
130.0
432.0
110.0
331.0
171.0
366.0
364.0
476.0
526.0
39.0
153.0
436.0
237.0
385.0
283.0
355.0
45.0
440.0
204.0
297.0
61.0
138.0
117.0
347.0
421.0
66.0
39.0
407.0
50.0
209.0
132.0
328.0
122.0
39.0
72.0
84.0
308.0
420.0
216.0
267.0
121.0
80.0
246.0
265.0
39.0
210.0
123.0
326.0
145.0
113.0
67.0
490.0
102.0
122.0
175.0
408.0
216.0
269.0
88.0
196.0
226.0
596.0
396.0
122.0
265.0
344.0
101.0
152.0
361.0
258.0
216.0
384.0
473.0
160.0
259.0
39.0
628.0
350.0
93.0
451.0
640.0
49.0
336.0
110.0
139.0
180.0
120.0
234.0
96.0
471.0
478.0
84.0
63.0
68.0
115.0
374.0
177.0
69.0
123.0
39.0
102.0
39.0
148.0
148.0
642.0
39.0
106.0
106.0
92.0
345.0
318.0
146.0
49.0
109.0
269.0
106.0
544.0
107.0
466.0
266.0
196.0
585.0
321.0
143.0
224.0
258.0
68.0
91.0
317.0
199.0
203.0
48.0
257.0
223.0
65.0
274.0
39.0
69.0
201.0
284.0
67.0
123.0
71.0
86.0
84.0
287.0
68.0
86.0
74.0
39.0
151.0
246.0
251.0
327.0
46.0
39.0
39.0
129.0
585.0
220.0
157.0
103.0
52.0
203.0
518.0
52.0
75.0
559.0
469.0
188.0
133.0
71.0
61.0
92.0
164.0
485.0
598.0
39.0
189.0
55.0
103.0
73.0
371.0
357.0
111.0
63.0
577.0
81.0
289.0
214.0
175.0
99.0
39.0
507.0
102.0
400.0
371.0
85.0
72.0
178.0
218.0
307.0
83.0
343.0
125.0
70.0
74.0
395.0
237.0
61.0
114.0
309.0
47.0
606.0
345.0
132.0
222.0
156.0
85.0
39.0
130.0
39.0
1038.0
219.0
109.0
328.0
100.0
85.0
256.0
97.0
374.0
86.0
233.0
304.0
58.0
132.0
187.0
314.0
235.0
97.0
406.0
75.0
39.0
621.0
60.0
220.0
117.0
615.0
153.0
70.0
177.0
269.0
39.0
100.0
89.0
89.0
59.0
76.0
86.0
145.0
143.0
379.0
349.0
157.0
79.0
147.0
39.0
262.0
69.0
128.0
476.0
160.0
356.0
171.0
173.0
91.0
62.0
189.0
542.0
224.0
346.0
332.0
224.0
247.0
102.0
416.0
81.0
502.0
213.0
112.0
124.0
73.0
39.0
86.0
167.0
140.0
311.0
593.0
61.0
213.0
79.0
39.0
626.0
359.0
92.0
111.0
76.0
243.0
696.0
111.0
132.0
117.0
84.0
62.0
52.0
94.0
39.0
39.0
336.0
