42.0
61.0
56.0
95.0
88.0
68.0
167.0
191.0
72.0
59.0
49.0
71.0
80.0
15.0
33.0
43.0
25.0
89.0
65.0
41.0
22.0
88.0
15.0
58.0
146.0
99.0
71.0
79.0
152.0
94.0
38.0
46.0
80.0
27.0
83.0
21.0
56.0
83.0
15.0
27.0
63.0
15.0
68.0
64.0
28.0
15.0
46.0
51.0
227.0
108.0
57.0
35.0
27.0
84.0
34.0
15.0
50.0
71.0
62.0
38.0
39.0
70.0
37.0
64.0
39.0
73.0
119.0
56.0
64.0
60.0
52.0
151.0
28.0
48.0
126.0
35.0
56.0
35.0
23.0
51.0
101.0
56.0
68.0
34.0
55.0
179.0
47.0
33.0
37.0
34.0
38.0
117.0
28.0
73.0
150.0
98.0
48.0
41.0
64.0
34.0
43.0
129.0
44.0
62.0
15.0
49.0
15.0
55.0
78.0
98.0
28.0
53.0
41.0
33.0
37.0
40.0
38.0
138.0
56.0
37.0
28.0
28.0
51.0
119.0
34.0
43.0
47.0
41.0
15.0
134.0
28.0
48.0
33.0
25.0
15.0
47.0
48.0
78.0
35.0
33.0
21.0
34.0
97.0
26.0
64.0
100.0
36.0
90.0
15.0
27.0
76.0
29.0
28.0
28.0
54.0
102.0
25.0
80.0
75.0
30.0
77.0
31.0
40.0
85.0
53.0
25.0
32.0
26.0
84.0
15.0
85.0
50.0
15.0
22.0
47.0
88.0
51.0
37.0
15.0
28.0
36.0
39.0
192.0
103.0
177.0
76.0
100.0
148.0
78.0
53.0
15.0
21.0
72.0
69.0
49.0
83.0
105.0
21.0
102.0
51.0
48.0
82.0
62.0
43.0
53.0
33.0
57.0
25.0
44.0
28.0
15.0
80.0
83.0
75.0
15.0
30.0
32.0
135.0
79.0
50.0
41.0
37.0
33.0
73.0
61.0
35.0
43.0
59.0
132.0
54.0
35.0
63.0
40.0
31.0
57.0
60.0
57.0
48.0
36.0
29.0
61.0
43.0
84.0
135.0
121.0
60.0
68.0
44.0
121.0
77.0
46.0
71.0
122.0
188.0
54.0
29.0
15.0
95.0
151.0
34.0
125.0
85.0
25.0
95.0
42.0
98.0
85.0
39.0
62.0
122.0
39.0
126.0
35.0
25.0
26.0
33.0
33.0
97.0
28.0
38.0
15.0
30.0
15.0
54.0
58.0
234.0
15.0
45.0
35.0
51.0
69.0
150.0
46.0
28.0
51.0
70.0
44.0
73.0
27.0
117.0
81.0
36.0
106.0
120.0
74.0
62.0
80.0
29.0
58.0
54.0
47.0
249.0
129.0
73.0
36.0
51.0
52.0
27.0
95.0
35.0
95.0
61.0
156.0
27.0
34.0
127.0
78.0
30.0
37.0
100.0
24.0
89.0
87.0
106.0
49.0
21.0
70.0
15.0
48.0
134.0
57.0
56.0
28.0
21.0
42.0
46.0
23.0
29.0
15.0
251.0
33.0
33.0
28.0
25.0
32.0
35.0
148.0
79.0
15.0
45.0
23.0
84.0
28.0
37.0
91.0
37.0
26.0
173.0
100.0
49.0
47.0
62.0
37.0
15.0
299.0
122.0
87.0
133.0
38.0
27.0
39.0
92.0
87.0
31.0
47.0
31.0
15.0
40.0
112.0
34.0
43.0
40.0
39.0
21.0
156.0
54.0
62.0
58.0
15.0
39.0
15.0
36.0
28.0
47.0
104.0
46.0
105.0
51.0
28.0
54.0
47.0
75.0
38.0
68.0
57.0
28.0
36.0
127.0
106.0
70.0
33.0
66.0
106.0
22.0
92.0
58.0
51.0
51.0
166.0
44.0
27.0
53.0
111.0
15.0
139.0
28.0
35.0
48.0
40.0
45.0
43.0
55.0
110.0
60.0
55.0
63.0
40.0
43.0
84.0
33.0
43.0
29.0
76.0
71.0
71.0
72.0
34.0
21.0
26.0
117.0
48.0
52.0
37.0
32.0
79.0
27.0
68.0
120.0
64.0
28.0
46.0
37.0
32.0
15.0
28.0
162.0
237.0
104.0
120.0
25.0
110.0
63.0
15.0
67.0
56.0
81.0
44.0
28.0
56.0
31.0
33.0
51.0
59.0
28.0
25.0
27.0
30.0
26.0
15.0
50.0
