50.0
55.0
30.0
27.0
26.0
51.0
104.0
76.0
52.0
47.0
51.0
54.0
82.0
15.0
24.0
38.0
25.0
39.0
48.0
28.0
22.0
58.0
15.0
58.0
59.0
104.0
33.0
55.0
125.0
32.0
28.0
46.0
28.0
27.0
60.0
21.0
32.0
51.0
15.0
27.0
29.0
15.0
47.0
32.0
28.0
15.0
31.0
44.0
58.0
104.0
61.0
35.0
33.0
49.0
24.0
15.0
37.0
36.0
45.0
36.0
36.0
42.0
37.0
43.0
39.0
66.0
49.0
59.0
57.0
50.0
24.0
96.0
28.0
37.0
66.0
35.0
46.0
30.0
28.0
48.0
91.0
57.0
28.0
40.0
32.0
104.0
48.0
70.0
37.0
34.0
38.0
69.0
28.0
56.0
52.0
68.0
46.0
41.0
44.0
34.0
33.0
59.0
36.0
45.0
15.0
41.0
15.0
29.0
52.0
51.0
28.0
45.0
41.0
33.0
37.0
40.0
38.0
58.0
41.0
52.0
28.0
28.0
51.0
72.0
28.0
29.0
55.0
28.0
15.0
110.0
28.0
33.0
41.0
25.0
15.0
37.0
62.0
64.0
35.0
26.0
21.0
28.0
52.0
26.0
39.0
91.0
36.0
56.0
15.0
27.0
66.0
73.0
28.0
28.0
47.0
76.0
25.0
95.0
66.0
30.0
71.0
31.0
50.0
35.0
54.0
24.0
32.0
26.0
48.0
15.0
56.0
39.0
15.0
28.0
59.0
78.0
43.0
37.0
15.0
78.0
28.0
27.0
82.0
66.0
71.0
80.0
90.0
31.0
55.0
52.0
15.0
62.0
42.0
49.0
52.0
36.0
53.0
21.0
66.0
64.0
37.0
107.0
43.0
47.0
42.0
39.0
56.0
25.0
67.0
28.0
15.0
54.0
24.0
46.0
15.0
30.0
32.0
75.0
49.0
42.0
66.0
37.0
33.0
50.0
42.0
33.0
39.0
57.0
53.0
51.0
26.0
30.0
43.0
31.0
45.0
50.0
46.0
37.0
24.0
29.0
58.0
57.0
71.0
85.0
25.0
29.0
70.0
41.0
96.0
54.0
38.0
46.0
105.0
51.0
46.0
29.0
15.0
65.0
88.0
33.0
75.0
68.0
25.0
99.0
39.0
54.0
65.0
34.0
56.0
29.0
33.0
52.0
30.0
25.0
15.0
28.0
37.0
38.0
28.0
38.0
15.0
30.0
15.0
28.0
38.0
79.0
15.0
45.0
32.0
27.0
86.0
23.0
43.0
28.0
51.0
64.0
38.0
64.0
27.0
59.0
42.0
46.0
43.0
98.0
58.0
56.0
82.0
29.0
51.0
37.0
41.0
58.0
118.0
52.0
66.0
49.0
52.0
27.0
36.0
26.0
78.0
43.0
119.0
27.0
26.0
39.0
44.0
42.0
24.0
49.0
24.0
82.0
39.0
81.0
48.0
21.0
66.0
15.0
28.0
161.0
36.0
45.0
28.0
22.0
37.0
38.0
23.0
29.0
50.0
76.0
30.0
25.0
28.0
102.0
32.0
28.0
37.0
96.0
15.0
43.0
23.0
68.0
28.0
25.0
56.0
27.0
26.0
53.0
34.0
83.0
43.0
78.0
31.0
15.0
69.0
56.0
82.0
68.0
38.0
27.0
36.0
59.0
29.0
31.0
34.0
38.0
27.0
34.0
93.0
29.0
54.0
41.0
30.0
15.0
58.0
57.0
33.0
50.0
21.0
29.0
15.0
42.0
28.0
51.0
93.0
40.0
78.0
53.0
28.0
50.0
42.0
57.0
27.0
47.0
43.0
28.0
36.0
24.0
55.0
35.0
33.0
57.0
90.0
22.0
28.0
58.0
25.0
39.0
134.0
51.0
27.0
38.0
47.0
15.0
96.0
28.0
35.0
42.0
31.0
46.0
30.0
55.0
49.0
35.0
37.0
36.0
40.0
30.0
40.0
34.0
43.0
29.0
24.0
46.0
51.0
49.0
38.0
22.0
26.0
104.0
44.0
27.0
37.0
26.0
43.0
27.0
50.0
117.0
31.0
28.0
27.0
37.0
28.0
15.0
28.0
41.0
30.0
35.0
89.0
25.0
72.0
53.0
15.0
52.0
56.0
29.0
40.0
28.0
50.0
29.0
33.0
50.0
30.0
35.0
25.0
27.0
30.0
26.0
15.0
30.0
