216.0
135.0
277.0
263.0
65.0
52.0
74.0
223.0
290.0
87.0
184.0
111.0
63.0
39.0
106.0
122.0
39.0
146.0
57.0
84.0
50.0
280.0
39.0
63.0
157.0
226.0
164.0
115.0
107.0
216.0
157.0
116.0
153.0
153.0
268.0
46.0
585.0
255.0
39.0
70.0
139.0
199.0
133.0
81.0
86.0
39.0
79.0
136.0
234.0
358.0
182.0
39.0
78.0
122.0
90.0
39.0
87.0
85.0
191.0
141.0
56.0
109.0
83.0
169.0
102.0
202.0
246.0
426.0
76.0
190.0
39.0
335.0
89.0
170.0
502.0
184.0
343.0
108.0
92.0
155.0
292.0
148.0
99.0
190.0
88.0
173.0
104.0
80.0
107.0
164.0
39.0
295.0
272.0
94.0
170.0
63.0
199.0
385.0
122.0
188.0
75.0
147.0
102.0
214.0
39.0
86.0
39.0
302.0
84.0
406.0
71.0
180.0
130.0
152.0
133.0
517.0
52.0
386.0
127.0
91.0
90.0
111.0
110.0
168.0
110.0
337.0
177.0
110.0
39.0
143.0
39.0
58.0
82.0
88.0
73.0
126.0
134.0
152.0
46.0
66.0
78.0
127.0
350.0
206.0
162.0
138.0
39.0
340.0
39.0
71.0
214.0
171.0
96.0
69.0
168.0
305.0
63.0
240.0
126.0
90.0
39.0
122.0
145.0
195.0
124.0
87.0
69.0
64.0
75.0
39.0
86.0
183.0
39.0
68.0
222.0
246.0
110.0
96.0
39.0
333.0
115.0
130.0
376.0
79.0
249.0
179.0
272.0
119.0
433.0
447.0
39.0
153.0
101.0
219.0
168.0
176.0
279.0
45.0
190.0
136.0
227.0
61.0
126.0
145.0
206.0
102.0
151.0
39.0
366.0
50.0
202.0
259.0
164.0
88.0
39.0
72.0
84.0
302.0
145.0
234.0
203.0
126.0
80.0
241.0
312.0
39.0
116.0
152.0
125.0
147.0
113.0
153.0
94.0
101.0
122.0
128.0
148.0
138.0
106.0
103.0
96.0
217.0
176.0
226.0
130.0
133.0
188.0
128.0
76.0
376.0
88.0
248.0
249.0
510.0
153.0
73.0
39.0
378.0
376.0
92.0
86.0
406.0
49.0
300.0
73.0
152.0
194.0
128.0
235.0
105.0
220.0
364.0
84.0
63.0
68.0
98.0
125.0
152.0
69.0
123.0
39.0
136.0
39.0
171.0
130.0
374.0
39.0
120.0
107.0
122.0
326.0
277.0
83.0
49.0
136.0
304.0
105.0
573.0
107.0
523.0
94.0
167.0
187.0
302.0
187.0
179.0
111.0
62.0
202.0
123.0
112.0
166.0
91.0
121.0
47.0
65.0
124.0
39.0
212.0
280.0
290.0
185.0
112.0
65.0
86.0
67.0
114.0
53.0
88.0
167.0
48.0
302.0
175.0
257.0
227.0
46.0
139.0
39.0
102.0
335.0
129.0
157.0
39.0
52.0
199.0
69.0
52.0
75.0
51.0
362.0
73.0
81.0
300.0
206.0
97.0
209.0
116.0
436.0
39.0
207.0
55.0
216.0
73.0
107.0
168.0
92.0
55.0
189.0
81.0
136.0
174.0
78.0
99.0
39.0
457.0
102.0
84.0
229.0
86.0
71.0
129.0
786.0
240.0
76.0
254.0
110.0
70.0
74.0
230.0
213.0
104.0
114.0
181.0
47.0
333.0
216.0
125.0
174.0
132.0
85.0
39.0
122.0
39.0
463.0
219.0
111.0
146.0
262.0
85.0
214.0
97.0
273.0
86.0
120.0
185.0
58.0
124.0
320.0
282.0
132.0
75.0
190.0
144.0
50.0
177.0
54.0
160.0
77.0
124.0
193.0
70.0
77.0
228.0
39.0
86.0
159.0
89.0
59.0
76.0
100.0
145.0
121.0
235.0
302.0
162.0
92.0
83.0
39.0
192.0
99.0
97.0
432.0
151.0
78.0
89.0
66.0
92.0
61.0
39.0
481.0
167.0
91.0
138.0
106.0
218.0
76.0
127.0
98.0
607.0
185.0
112.0
84.0
73.0
39.0
59.0
366.0
155.0
185.0
295.0
60.0
81.0
107.0
39.0
240.0
381.0
87.0
78.0
76.0
184.0
552.0
76.0
182.0
144.0
84.0
62.0
52.0
92.0
39.0
39.0
291.0
