235.0
347.0
265.0
313.0
1357.0
239.0
453.0
345.0
1003.0
1024.0
827.0
409.0
728.0
39.0
98.0
117.0
64.0
391.0
593.0
513.0
75.0
466.0
39.0
629.0
154.0
1026.0
614.0
249.0
769.0
537.0
619.0
185.0
1170.0
224.0
714.0
46.0
45.0
265.0
39.0
70.0
516.0
61.0
208.0
168.0
113.0
39.0
1078.0
404.0
653.0
665.0
187.0
229.0
164.0
737.0
90.0
39.0
704.0
158.0
515.0
168.0
91.0
320.0
184.0
167.0
97.0
39.0
174.0
1642.0
584.0
954.0
114.0
757.0
123.0
141.0
696.0
882.0
388.0
167.0
129.0
918.0
602.0
160.0
320.0
143.0
215.0
604.0
482.0
76.0
326.0
641.0
374.0
775.0
1120.0
178.0
832.0
420.0
179.0
809.0
156.0
290.0
114.0
583.0
181.0
192.0
39.0
237.0
39.0
265.0
1051.0
636.0
83.0
547.0
107.0
312.0
133.0
717.0
1025.0
741.0
262.0
837.0
711.0
152.0
263.0
1173.0
754.0
875.0
283.0
101.0
39.0
1101.0
76.0
443.0
88.0
53.0
73.0
111.0
1250.0
176.0
597.0
206.0
48.0
99.0
366.0
39.0
503.0
348.0
271.0
521.0
39.0
55.0
651.0
233.0
713.0
105.0
328.0
615.0
492.0
805.0
176.0
67.0
300.0
145.0
362.0
167.0
622.0
85.0
69.0
96.0
280.0
39.0
675.0
484.0
39.0
76.0
139.0
554.0
172.0
177.0
39.0
385.0
970.0
105.0
580.0
390.0
677.0
220.0
939.0
585.0
803.0
615.0
39.0
265.0
473.0
177.0
1020.0
273.0
581.0
45.0
538.0
428.0
667.0
419.0
363.0
200.0
366.0
723.0
292.0
201.0
779.0
508.0
457.0
349.0
460.0
492.0
39.0
397.0
78.0
313.0
670.0
212.0
138.0
170.0
306.0
228.0
220.0
981.0
111.0
164.0
592.0
233.0
104.0
381.0
586.0
122.0
384.0
537.0
354.0
282.0
907.0
151.0
287.0
700.0
427.0
554.0
335.0
154.0
632.0
510.0
660.0
480.0
1071.0
254.0
615.0
485.0
169.0
334.0
39.0
666.0
732.0
119.0
1035.0
637.0
73.0
298.0
155.0
295.0
527.0
80.0
197.0
231.0
762.0
518.0
130.0
1358.0
68.0
103.0
676.0
336.0
69.0
99.0
39.0
121.0
39.0
149.0
1115.0
437.0
39.0
243.0
122.0
140.0
337.0
39.0
1055.0
75.0
228.0
474.0
115.0
475.0
108.0
841.0
279.0
300.0
599.0
634.0
337.0
380.0
206.0
107.0
265.0
583.0
284.0
800.0
50.0
733.0
739.0
609.0
329.0
83.0
1251.0
400.0
635.0
764.0
734.0
47.0
147.0
618.0
493.0
131.0
39.0
540.0
56.0
211.0
321.0
275.0
262.0
46.0
266.0
39.0
284.0
633.0
179.0
147.0
103.0
344.0
236.0
694.0
52.0
200.0
118.0
929.0
282.0
84.0
611.0
866.0
74.0
239.0
804.0
495.0
39.0
134.0
39.0
447.0
76.0
550.0
608.0
74.0
118.0
891.0
310.0
234.0
193.0
246.0
196.0
39.0
564.0
600.0
890.0
460.0
97.0
72.0
373.0
615.0
857.0
76.0
275.0
106.0
70.0
483.0
720.0
70.0
661.0
742.0
917.0
47.0
465.0
290.0
429.0
655.0
447.0
175.0
39.0
138.0
75.0
695.0
428.0
285.0
1069.0
254.0
75.0
595.0
102.0
362.0
487.0
1090.0
235.0
153.0
131.0
483.0
371.0
353.0
62.0
695.0
793.0
92.0
703.0
305.0
144.0
275.0
782.0
506.0
70.0
475.0
892.0
39.0
751.0
420.0
89.0
465.0
137.0
96.0
125.0
606.0
936.0
84.0
121.0
766.0
163.0
268.0
555.0
657.0
180.0
476.0
284.0
421.0
278.0
402.0
92.0
61.0
255.0
425.0
917.0
398.0
918.0
205.0
543.0
102.0
527.0
742.0
954.0
73.0
182.0
80.0
157.0
39.0
700.0
798.0
915.0
1084.0
662.0
58.0
715.0
241.0
39.0
930.0
457.0
598.0
104.0
81.0
166.0
445.0
121.0
153.0
136.0
151.0
39.0
56.0
1052.0
39.0
39.0
411.0
