116.0
691.0
136.0
159.0
223.0
64.0
232.0
179.0
436.0
76.0
538.0
518.0
346.0
15.0
42.0
259.0
25.0
198.0
339.0
301.0
32.0
103.0
15.0
25.0
621.0
526.0
114.0
111.0
380.0
228.0
309.0
94.0
502.0
134.0
368.0
21.0
280.0
38.0
15.0
27.0
241.0
267.0
82.0
63.0
40.0
15.0
128.0
41.0
323.0
270.0
127.0
107.0
124.0
318.0
463.0
15.0
280.0
90.0
89.0
73.0
43.0
145.0
81.0
77.0
64.0
143.0
178.0
448.0
270.0
346.0
15.0
320.0
53.0
190.0
223.0
287.0
152.0
60.0
57.0
463.0
353.0
156.0
119.0
188.0
447.0
261.0
382.0
33.0
113.0
396.0
15.0
280.0
342.0
111.0
284.0
208.0
93.0
403.0
346.0
145.0
51.0
309.0
65.0
151.0
15.0
103.0
15.0
131.0
539.0
311.0
35.0
350.0
48.0
143.0
68.0
467.0
22.0
450.0
75.0
584.0
34.0
45.0
337.0
373.0
446.0
415.0
171.0
324.0
15.0
389.0
28.0
178.0
226.0
36.0
32.0
177.0
536.0
83.0
316.0
108.0
33.0
51.0
53.0
299.0
360.0
523.0
189.0
228.0
15.0
27.0
442.0
87.0
179.0
27.0
71.0
351.0
180.0
490.0
126.0
59.0
99.0
639.0
136.0
190.0
268.0
45.0
308.0
42.0
98.0
15.0
64.0
380.0
15.0
28.0
86.0
203.0
211.0
41.0
15.0
184.0
452.0
55.0
537.0
257.0
359.0
190.0
385.0
404.0
307.0
203.0
15.0
122.0
223.0
110.0
492.0
108.0
292.0
21.0
516.0
369.0
332.0
387.0
233.0
463.0
169.0
42.0
254.0
105.0
261.0
52.0
511.0
189.0
405.0
309.0
15.0
181.0
82.0
148.0
241.0
148.0
415.0
41.0
156.0
111.0
125.0
265.0
64.0
137.0
438.0
153.0
360.0
172.0
282.0
28.0
229.0
404.0
203.0
111.0
325.0
79.0
158.0
369.0
268.0
332.0
77.0
73.0
251.0
160.0
548.0
347.0
150.0
136.0
312.0
461.0
81.0
167.0
15.0
378.0
402.0
55.0
208.0
311.0
25.0
425.0
28.0
453.0
186.0
46.0
87.0
149.0
407.0
188.0
63.0
706.0
26.0
43.0
573.0
140.0
28.0
47.0
15.0
50.0
15.0
61.0
530.0
373.0
15.0
116.0
46.0
124.0
183.0
406.0
116.0
70.0
96.0
282.0
63.0
557.0
60.0
340.0
162.0
133.0
397.0
287.0
420.0
635.0
181.0
209.0
203.0
259.0
164.0
300.0
339.0
298.0
100.0
322.0
130.0
35.0
271.0
139.0
426.0
361.0
341.0
27.0
117.0
280.0
279.0
50.0
178.0
597.0
24.0
158.0
199.0
188.0
136.0
21.0
170.0
15.0
167.0
372.0
161.0
159.0
39.0
155.0
117.0
409.0
23.0
51.0
228.0
468.0
92.0
82.0
213.0
358.0
481.0
298.0
240.0
321.0
15.0
151.0
23.0
263.0
28.0
314.0
339.0
218.0
39.0
221.0
94.0
174.0
81.0
148.0
59.0
15.0
270.0
326.0
361.0
549.0
56.0
27.0
109.0
305.0
382.0
157.0
104.0
65.0
27.0
439.0
332.0
354.0
330.0
606.0
130.0
21.0
425.0
111.0
487.0
373.0
459.0
37.0
15.0
221.0
28.0
324.0
112.0
233.0
196.0
114.0
35.0
258.0
46.0
209.0
55.0
139.0
240.0
82.0
53.0
194.0
373.0
155.0
49.0
328.0
327.0
40.0
179.0
42.0
25.0
157.0
438.0
37.0
27.0
121.0
404.0
15.0
35.0
250.0
35.0
454.0
21.0
45.0
58.0
280.0
178.0
192.0
58.0
97.0
76.0
253.0
289.0
267.0
144.0
208.0
148.0
205.0
105.0
64.0
127.0
25.0
15.0
249.0
401.0
198.0
461.0
79.0
223.0
27.0
227.0
296.0
659.0
134.0
117.0
52.0
47.0
15.0
36.0
483.0
401.0
601.0
369.0
342.0
374.0
445.0
15.0
271.0
104.0
188.0
46.0
28.0
28.0
168.0
66.0
129.0
84.0
35.0
25.0
21.0
495.0
26.0
15.0
211.0
