46.0
44.0
85.0
39.0
26.0
24.0
27.0
58.0
106.0
37.0
30.0
58.0
25.0
15.0
42.0
51.0
15.0
48.0
15.0
34.0
22.0
83.0
15.0
48.0
78.0
58.0
30.0
49.0
38.0
43.0
81.0
34.0
54.0
45.0
147.0
21.0
93.0
46.0
15.0
27.0
47.0
58.0
56.0
40.0
28.0
15.0
32.0
53.0
89.0
129.0
80.0
54.0
26.0
24.0
46.0
15.0
36.0
74.0
49.0
61.0
28.0
28.0
28.0
73.0
37.0
15.0
62.0
94.0
28.0
37.0
24.0
72.0
28.0
53.0
123.0
72.0
88.0
34.0
37.0
55.0
43.0
67.0
28.0
74.0
33.0
86.0
44.0
35.0
48.0
15.0
37.0
85.0
101.0
39.0
26.0
21.0
41.0
174.0
56.0
104.0
28.0
59.0
34.0
24.0
15.0
35.0
15.0
84.0
35.0
40.0
28.0
43.0
53.0
38.0
54.0
71.0
38.0
46.0
55.0
38.0
28.0
33.0
51.0
57.0
63.0
24.0
89.0
15.0
15.0
149.0
15.0
24.0
52.0
35.0
32.0
22.0
24.0
68.0
21.0
26.0
15.0
48.0
51.0
61.0
71.0
42.0
47.0
57.0
15.0
27.0
101.0
83.0
43.0
28.0
33.0
46.0
15.0
71.0
25.0
30.0
15.0
36.0
40.0
87.0
51.0
39.0
15.0
26.0
27.0
15.0
35.0
64.0
15.0
28.0
60.0
34.0
45.0
21.0
15.0
61.0
45.0
61.0
160.0
33.0
119.0
72.0
15.0
64.0
53.0
46.0
15.0
54.0
43.0
74.0
48.0
78.0
106.0
15.0
104.0
66.0
103.0
25.0
44.0
48.0
132.0
42.0
27.0
44.0
151.0
28.0
88.0
39.0
34.0
15.0
15.0
30.0
43.0
38.0
81.0
39.0
92.0
42.0
33.0
84.0
38.0
47.0
44.0
49.0
61.0
56.0
22.0
30.0
43.0
39.0
68.0
54.0
39.0
61.0
36.0
35.0
51.0
36.0
56.0
114.0
59.0
40.0
79.0
51.0
34.0
126.0
36.0
64.0
79.0
84.0
68.0
32.0
15.0
85.0
91.0
44.0
32.0
162.0
25.0
92.0
39.0
66.0
88.0
56.0
61.0
51.0
39.0
28.0
39.0
25.0
26.0
32.0
55.0
35.0
28.0
37.0
15.0
53.0
15.0
32.0
54.0
74.0
15.0
45.0
48.0
47.0
26.0
31.0
22.0
22.0
45.0
143.0
44.0
49.0
48.0
26.0
46.0
36.0
89.0
133.0
64.0
59.0
41.0
29.0
37.0
60.0
49.0
35.0
21.0
52.0
36.0
69.0
36.0
15.0
26.0
73.0
121.0
27.0
27.0
27.0
35.0
37.0
54.0
31.0
36.0
28.0
15.0
52.0
46.0
139.0
37.0
21.0
60.0
15.0
44.0
71.0
59.0
26.0
15.0
22.0
52.0
188.0
23.0
32.0
115.0
138.0
22.0
33.0
96.0
25.0
27.0
34.0
52.0
87.0
15.0
34.0
23.0
25.0
28.0
47.0
70.0
44.0
25.0
128.0
34.0
92.0
54.0
74.0
40.0
15.0
106.0
105.0
38.0
104.0
34.0
27.0
55.0
60.0
63.0
34.0
78.0
52.0
27.0
32.0
93.0
68.0
25.0
88.0
59.0
21.0
80.0
58.0
58.0
57.0
98.0
38.0
15.0
42.0
15.0
78.0
69.0
41.0
61.0
42.0
35.0
101.0
44.0
46.0
49.0
44.0
49.0
36.0
62.0
101.0
131.0
54.0
31.0
76.0
179.0
15.0
66.0
35.0
59.0
42.0
27.0
34.0
27.0
36.0
67.0
15.0
27.0
28.0
35.0
68.0
36.0
33.0
36.0
40.0
61.0
27.0
68.0
38.0
46.0
25.0
67.0
27.0
52.0
43.0
78.0
34.0
39.0
33.0
40.0
25.0
26.0
124.0
63.0
39.0
46.0
83.0
80.0
32.0
73.0
34.0
99.0
28.0
47.0
37.0
22.0
15.0
67.0
35.0
69.0
60.0
105.0
24.0
65.0
29.0
15.0
136.0
60.0
29.0
44.0
28.0
30.0
74.0
38.0
54.0
62.0
35.0
25.0
27.0
36.0
26.0
15.0
136.0
