198.0
183.0
224.0
380.0
596.0
86.0
173.0
199.0
292.0
98.0
466.0
112.0
478.0
39.0
99.0
341.0
64.0
246.0
57.0
92.0
50.0
258.0
39.0
63.0
176.0
507.0
163.0
255.0
109.0
297.0
122.0
104.0
263.0
169.0
444.0
46.0
530.0
79.0
39.0
70.0
139.0
418.0
199.0
117.0
86.0
39.0
179.0
51.0
247.0
538.0
200.0
39.0
240.0
447.0
90.0
39.0
189.0
95.0
184.0
142.0
83.0
92.0
83.0
163.0
98.0
293.0
438.0
251.0
275.0
424.0
39.0
430.0
89.0
150.0
443.0
184.0
287.0
130.0
146.0
223.0
251.0
156.0
275.0
317.0
88.0
746.0
139.0
80.0
321.0
310.0
39.0
379.0
482.0
172.0
626.0
182.0
210.0
361.0
232.0
362.0
97.0
456.0
153.0
293.0
39.0
137.0
39.0
332.0
234.0
322.0
82.0
155.0
119.0
123.0
133.0
403.0
52.0
383.0
185.0
202.0
90.0
103.0
143.0
795.0
110.0
845.0
218.0
39.0
39.0
418.0
39.0
289.0
82.0
88.0
73.0
121.0
219.0
114.0
45.0
124.0
78.0
119.0
88.0
255.0
626.0
345.0
39.0
258.0
39.0
70.0
534.0
172.0
113.0
69.0
158.0
418.0
63.0
526.0
63.0
90.0
203.0
127.0
119.0
185.0
124.0
116.0
128.0
96.0
75.0
39.0
378.0
506.0
39.0
68.0
195.0
268.0
185.0
139.0
39.0
388.0
149.0
130.0
613.0
79.0
476.0
224.0
394.0
378.0
592.0
605.0
39.0
153.0
96.0
307.0
213.0
229.0
424.0
45.0
242.0
181.0
524.0
337.0
157.0
169.0
157.0
102.0
72.0
39.0
315.0
50.0
155.0
317.0
288.0
88.0
39.0
109.0
84.0
339.0
239.0
291.0
575.0
206.0
80.0
237.0
254.0
657.0
111.0
152.0
615.0
212.0
107.0
171.0
101.0
101.0
160.0
200.0
204.0
246.0
467.0
110.0
204.0
293.0
607.0
351.0
141.0
133.0
493.0
137.0
489.0
560.0
264.0
259.0
403.0
926.0
223.0
286.0
39.0
341.0
572.0
155.0
463.0
500.0
50.0
321.0
73.0
238.0
405.0
120.0
204.0
110.0
232.0
421.0
147.0
447.0
68.0
103.0
309.0
358.0
69.0
115.0
39.0
124.0
39.0
143.0
145.0
615.0
39.0
155.0
106.0
130.0
404.0
296.0
145.0
169.0
117.0
516.0
106.0
542.0
138.0
560.0
291.0
369.0
604.0
477.0
189.0
220.0
99.0
89.0
91.0
124.0
176.0
469.0
730.0
63.0
47.0
233.0
264.0
39.0
368.0
290.0
295.0
667.0
464.0
65.0
86.0
84.0
118.0
97.0
103.0
276.0
48.0
270.0
271.0
202.0
260.0
46.0
73.0
39.0
398.0
327.0
128.0
157.0
103.0
335.0
354.0
69.0
52.0
75.0
51.0
767.0
108.0
96.0
291.0
190.0
94.0
251.0
306.0
420.0
39.0
240.0
55.0
271.0
73.0
639.0
453.0
111.0
56.0
521.0
76.0
325.0
156.0
172.0
126.0
39.0
291.0
388.0
431.0
234.0
86.0
71.0
141.0
222.0
310.0
76.0
262.0
106.0
70.0
74.0
375.0
379.0
61.0
135.0
320.0
47.0
661.0
245.0
615.0
400.0
115.0
84.0
39.0
122.0
39.0
207.0
249.0
102.0
233.0
98.0
85.0
213.0
112.0
640.0
136.0
266.0
271.0
139.0
132.0
189.0
467.0
259.0
97.0
375.0
39.0
92.0
380.0
54.0
357.0
128.0
370.0
377.0
70.0
74.0
358.0
39.0
127.0
83.0
97.0
59.0
448.0
99.0
145.0
381.0
425.0
139.0
118.0
83.0
83.0
45.0
414.0
159.0
97.0
387.0
216.0
268.0
173.0
66.0
132.0
61.0
39.0
531.0
480.0
513.0
523.0
106.0
265.0
86.0
318.0
549.0
635.0
339.0
117.0
155.0
70.0
39.0
85.0
558.0
655.0
300.0
590.0
60.0
169.0
279.0
39.0
252.0
290.0
213.0
134.0
76.0
183.0
614.0
142.0
228.0
116.0
84.0
62.0
52.0
430.0
39.0
39.0
318.0
