3769	0	0	0	0	15	482	15	12	3
3771	0	0	0	0	13	465	13	13	0
3777	0	0	0	0	7	443	7	6	1
3774	0	0	0	0	10	438	10	9	1
3777	0	0	0	0	7	437	7	7	0
3776	0	0	0	0	8	445	8	7	1
3777	0	0	0	0	7	461	7	5	2
3763	0	0	0	0	21	503	21	19	2
3758	0	0	0	0	26	511	26	25	1
3772	0	0	0	0	12	449	12	11	1
3775	0	0	0	0	9	453	9	7	2
3775	0	0	0	0	9	450	9	8	1
3776	0	0	0	0	8	450	8	6	2
3779	0	0	0	0	5	394	5	5	0
3776	0	0	0	0	8	400	8	8	0
3767	0	0	0	0	17	483	17	14	3
3779	0	0	0	0	5	399	5	5	0
3767	0	0	0	0	17	486	17	15	2
3779	0	0	0	0	5	406	5	5	0
3775	0	0	0	0	9	434	9	9	0
3778	0	0	0	0	6	404	6	5	1
3770	0	0	0	0	14	474	14	14	0
3779	0	0	0	0	5	424	5	5	0
3777	0	0	0	0	7	446	7	7	0
3767	0	0	0	0	17	486	17	16	1
3768	0	0	0	0	16	542	16	15	1
3771	0	0	0	0	13	487	13	12	1
3767	0	0	0	0	17	481	17	17	0
3770	0	0	0	0	14	516	14	11	3
3772	0	0	0	0	12	490	12	11	1
3771	0	0	0	0	13	481	13	12	1
3773	0	0	0	0	11	474	11	9	2
3778	0	0	0	0	6	414	6	5	1
3776	0	0	0	0	8	453	8	8	0
3761	0	0	0	0	23	487	23	20	3
3778	0	0	0	0	6	396	6	6	0
3772	0	0	0	0	12	474	12	12	0
3774	0	0	0	0	10	463	10	9	1
3779	0	0	0	0	5	387	5	5	0
3778	0	0	0	0	6	436	6	6	0
3770	0	0	0	0	14	453	14	13	1
3776	0	0	0	0	8	428	8	8	0
3758	0	0	0	0	26	488	26	25	1
3775	0	0	0	0	9	448	9	9	0
3775	0	0	0	0	9	416	9	6	3
3779	0	0	0	0	5	413	5	5	0
3771	0	0	0	0	13	465	13	11	2
3777	0	0	0	0	7	465	7	5	2
3775	0	0	0	0	9	467	9	7	2
3770	0	0	0	0	14	449	14	13	1
3761	0	0	0	0	23	507	23	19	4
3779	0	0	0	0	5	399	5	5	0
3775	0	0	0	0	9	445	9	8	1
3777	0	0	0	0	7	441	7	5	2
3775	0	0	0	0	9	447	9	7	2
3779	0	0	0	0	5	390	5	5	0
3775	0	0	0	0	9	472	9	9	0
3777	0	0	0	0	7	427	7	7	0
3771	0	0	0	0	13	492	13	13	0
3767	0	0	0	0	17	466	17	17	0
3778	0	0	0	0	6	418	6	6	0
3774	0	0	0	0	10	470	10	7	3
3774	0	0	0	0	10	471	10	9	1
3771	0	0	0	0	13	489	13	13	0
3773	0	0	0	0	11	460	11	9	2
3779	0	0	0	0	5	425	5	5	0
3776	0	0	0	0	8	446	8	8	0
3762	0	0	0	0	22	510	22	22	0
3778	0	0	0	0	6	421	6	6	0
3767	0	0	0	0	17	479	17	15	2
3779	0	0	0	0	5	405	5	5	0
3779	0	0	0	0	5	452	5	5	0
3773	0	0	0	0	11	450	11	9	2
3772	0	0	0	0	12	472	12	11	1
3762	0	0	0	0	22	525	22	18	4
3770	0	0	0	0	14	442	14	14	0
3756	0	0	0	0	28	456	28	28	0
3774	0	0	0	0	10	440	10	9	1
3772	0	0	0	0	12	448	12	11	1
3765	0	0	0	0	19	559	19	16	3
3773	0	0	0	0	11	457	11	11	0
3763	0	0	0	0	21	452	21	18	3
3777	0	0	0	0	7	443	7	6	1
3773	0	0	0	0	11	477	11	10	1
3775	0	0	0	0	9	427	9	7	2
3768	0	0	0	0	16	511	16	13	3
3777	0	0	0	0	7	415	7	7	0
3776	0	0	0	0	8	427	8	7	1
3774	0	0	0	0	10	443	10	10	0
3770	0	0	0	0	14	491	14	12	2
3779	0	0	0	0	5	443	5	5	0
3738	0	0	0	0	46	661	46	43	3
3766	0	0	0	0	18	520	18	17	1
3772	0	0	0	0	12	473	12	10	2
3777	0	0	0	0	7	446	7	5	2
3778	0	0	0	0	6	444	6	5	1
3774	0	0	0	0	10	415	10	10	0
3741	0	0	0	0	43	606	43	41	2
3770	0	0	0	0	14	454	14	13	1
3768	0	0	0	0	16	476	16	16	0
3774	0	0	0	0	10	467	10	8	2
3765	0	0	0	0	19	553	19	19	0
3773	0	0	0	0	11	441	11	9	2
3775	0	0	0	0	9	441	9	7	2
3779	0	0	0	0	5	400	5	5	0
3776	0	0	0	0	8	408	8	7	1
3779	0	0	0	0	5	399	5	5	0
3758	0	0	0	0	26	476	26	22	4
3776	0	0	0	0	8	497	8	8	0
3763	0	0	0	0	21	518	21	17	4
3776	0	0	0	0	8	410	8	7	1
3764	0	0	0	0	20	521	20	18	2
3768	0	0	0	0	16	442	16	15	1
3774	0	0	0	0	10	453	10	8	2
3771	0	0	0	0	13	415	13	11	2
3772	0	0	0	0	12	474	12	11	1
3779	0	0	0	0	5	409	5	5	0
3777	0	0	0	0	7	463	7	6	1
3763	0	0	0	0	21	487	21	20	1
3774	0	0	0	0	10	440	10	7	3
3777	0	0	0	0	7	417	7	7	0
3773	0	0	0	0	11	420	11	9	2
3772	0	0	0	0	12	496	12	11	1
3765	0	0	0	0	19	531	19	18	1
3772	0	0	0	0	12	442	12	10	2
3779	0	0	0	0	5	428	5	5	0
3745	0	0	0	0	39	581	39	34	5
3778	0	0	0	0	6	412	6	5	1
3779	0	0	0	0	5	395	5	5	0
3774	0	0	0	0	10	513	10	9	1
3779	0	0	0	0	5	420	5	5	0
3777	0	0	0	0	7	417	7	6	1
3774	0	0	0	0	10	418	10	7	3
3776	0	0	0	0	8	445	8	7	1
3777	0	0	0	0	7	449	7	7	0
3778	0	0	0	0	6	451	6	6	0
3778	0	0	0	0	6	406	6	6	0
3771	0	0	0	0	13	485	13	12	1
3777	0	0	0	0	7	461	7	5	2
3778	0	0	0	0	6	446	6	6	0
3777	0	0	0	0	7	400	7	6	1
3773	0	0	0	0	11	414	11	10	1
3773	0	0	0	0	11	455	11	10	1
3774	0	0	0	0	10	451	10	10	0
3767	0	0	0	0	17	507	17	15	2
3767	0	0	0	0	17	461	17	14	3
3779	0	0	0	0	5	443	5	5	0
3764	0	0	0	0	20	484	20	18	2
3779	0	0	0	0	5	391	5	5	0
3777	0	0	0	0	7	411	7	6	1
3748	0	0	0	0	36	565	36	30	6
3767	0	0	0	0	17	470	17	15	2
3772	0	0	0	0	12	422	12	12	0
3777	0	0	0	0	7	466	7	7	0
3774	0	0	0	0	10	460	10	8	2
3777	0	0	0	0	7	443	7	6	1
3779	0	0	0	0	5	426	5	5	0
3762	0	0	0	0	22	568	22	19	3
3771	0	0	0	0	13	448	13	12	1
3769	0	0	0	0	15	410	15	13	2
3779	0	0	0	0	5	431	5	5	0
3771	0	0	0	0	13	444	13	11	2
3773	0	0	0	0	11	491	11	10	1
3748	0	0	0	0	36	497	36	33	3
3773	0	0	0	0	11	512	11	9	2
3773	0	0	0	0	11	443	11	10	1
3779	0	0	0	0	5	439	5	5	0
3775	0	0	0	0	9	403	9	7	2
3777	0	0	0	0	7	443	7	7	0
3779	0	0	0	0	5	408	5	5	0
3773	0	0	0	0	11	465	11	10	1
3773	0	0	0	0	11	451	11	11	0
3779	0	0	0	0	5	423	5	5	0
3777	0	0	0	0	7	395	7	7	0
3768	0	0	0	0	16	471	16	16	0
3749	0	0	0	0	35	570	35	30	5
3773	0	0	0	0	11	465	11	10	1
3778	0	0	0	0	6	461	6	5	1
3779	0	0	0	0	5	402	5	5	0
3760	0	0	0	0	24	493	24	22	2
3769	0	0	0	0	15	470	15	14	1
3771	0	0	0	0	13	423	13	13	0
3766	0	0	0	0	18	511	18	17	1
3777	0	0	0	0	7	477	7	7	0
3761	0	0	0	0	23	518	23	23	0
3755	0	0	0	0	29	531	29	26	3
3776	0	0	0	0	8	482	8	7	1
3769	0	0	0	0	15	524	15	13	2
3769	0	0	0	0	15	492	15	14	1
3775	0	0	0	0	9	470	9	8	1
3779	0	0	0	0	5	434	5	5	0
3779	0	0	0	0	5	415	5	5	0
3773	0	0	0	0	11	451	11	10	1
3773	0	0	0	0	11	457	11	10	1
3763	0	0	0	0	21	497	21	20	1
3771	0	0	0	0	13	484	13	11	2
3729	0	0	0	0	55	704	55	53	2
3779	0	0	0	0	5	415	5	5	0
3748	0	0	0	0	36	602	36	35	1
3762	0	0	0	0	22	514	22	21	1
3745	0	0	0	0	39	601	39	37	2
3778	0	0	0	0	6	412	6	5	1
3765	0	0	0	0	19	480	19	19	0
3775	0	0	0	0	9	443	9	7	2
3745	0	0	0	0	39	537	39	37	2
3768	0	0	0	0	16	437	16	16	0
3766	0	0	0	0	18	510	18	15	3
3779	0	0	0	0	5	422	5	5	0
3721	0	0	0	0	63	713	63	61	2
3778	0	0	0	0	6	428	6	6	0
3766	0	0	0	0	18	496	18	18	0
3761	0	0	0	0	23	539	23	21	2
3775	0	0	0	0	9	422	9	8	1
3779	0	0	0	0	5	418	5	5	0
3779	0	0	0	0	5	414	5	5	0
3778	0	0	0	0	6	438	6	6	0
3774	0	0	0	0	10	416	10	8	2
3775	0	0	0	0	9	428	9	8	1
3767	0	0	0	0	17	436	17	16	1
3777	0	0	0	0	7	457	7	7	0
3766	0	0	0	0	18	473	18	17	1
3775	0	0	0	0	9	451	9	7	2
3776	0	0	0	0	8	464	8	7	1
3755	0	0	0	0	29	537	29	28	1
3774	0	0	0	0	10	437	10	8	2
3776	0	0	0	0	8	454	8	7	1
3769	0	0	0	0	15	460	15	12	3
3777	0	0	0	0	7	431	7	6	1
3771	0	0	0	0	13	479	13	9	4
3767	0	0	0	0	17	519	17	16	1
3776	0	0	0	0	8	456	8	6	2
3764	0	0	0	0	20	481	20	17	3
3778	0	0	0	0	6	438	6	6	0
3774	0	0	0	0	10	440	10	8	2
3761	0	0	0	0	23	523	23	19	4
3771	0	0	0	0	13	456	13	13	0
3773	0	0	0	0	11	462	11	10	1
3773	0	0	0	0	11	484	11	11	0
3779	0	0	0	0	5	420	5	5	0
3773	0	0	0	0	11	426	11	10	1
3775	0	0	0	0	9	449	9	8	1
3762	0	0	0	0	22	513	22	20	2
3764	0	0	0	0	20	519	20	17	3
3748	0	0	0	0	36	568	36	32	4
3771	0	0	0	0	13	449	13	13	0
3766	0	0	0	0	18	456	18	15	3
3753	0	0	0	0	31	591	31	30	1
3770	0	0	0	0	14	491	14	12	2
3776	0	0	0	0	8	428	8	8	0
3750	0	0	0	0	34	591	34	33	1
3765	0	0	0	0	19	504	19	16	3
3763	0	0	0	0	21	512	21	18	3
3771	0	0	0	0	13	513	13	9	4
3740	0	0	0	0	44	563	44	37	7
3767	0	0	0	0	17	474	17	17	0
3775	0	0	0	0	9	453	9	9	0
3779	0	0	0	0	5	392	5	5	0
3771	0	0	0	0	13	502	13	12	1
3754	0	0	0	0	30	616	30	29	1
3775	0	0	0	0	9	434	9	8	1
3773	0	0	0	0	11	470	11	9	2
3753	0	0	0	0	31	545	31	23	8
3778	0	0	0	0	6	455	6	5	1
3754	0	0	0	0	30	563	30	29	1
3778	0	0	0	0	6	430	6	6	0
3764	0	0	0	0	20	506	20	18	2
3761	0	0	0	0	23	480	23	22	1
3774	0	0	0	0	10	426	10	9	1
3759	0	0	0	0	25	515	25	21	4
3772	0	0	0	0	12	426	12	11	1
3774	0	0	0	0	10	461	10	8	2
3746	0	0	0	0	38	674	38	32	6
3773	0	0	0	0	11	432	11	11	0
3778	0	0	0	0	6	406	6	6	0
3778	0	0	0	0	6	447	6	6	0
3773	0	0	0	0	11	454	11	9	2
3762	0	0	0	0	22	504	22	20	2
3771	0	0	0	0	13	463	13	9	4
3776	0	0	0	0	8	431	8	8	0
3773	0	0	0	0	11	429	11	10	1
3779	0	0	0	0	5	404	5	5	0
3766	0	0	0	0	18	428	18	14	4
3779	0	0	0	0	5	428	5	5	0
3775	0	0	0	0	9	440	9	9	0
3774	0	0	0	0	10	465	10	10	0
3765	0	0	0	0	19	498	19	18	1
3779	0	0	0	0	5	402	5	5	0
3773	0	0	0	0	11	446	11	9	2
3770	0	0	0	0	14	442	14	14	0
3768	0	0	0	0	16	436	16	13	3
3776	0	0	0	0	8	413	8	7	1
3777	0	0	0	0	7	417	7	7	0
3778	0	0	0	0	6	444	6	6	0
3779	0	0	0	0	5	416	5	5	0
3769	0	0	0	0	15	413	15	12	3
3742	0	0	0	0	42	547	42	41	1
3772	0	0	0	0	12	415	12	12	0
3771	0	0	0	0	13	505	13	12	1
3778	0	0	0	0	6	403	6	6	0
3775	0	0	0	0	9	459	9	7	2
3767	0	0	0	0	17	552	17	16	1
3778	0	0	0	0	6	457	6	6	0
3775	0	0	0	0	9	418	9	9	0
3775	0	0	0	0	9	455	9	9	0
3766	0	0	0	0	18	477	18	16	2
3771	0	0	0	0	13	477	13	11	2
3774	0	0	0	0	10	461	10	8	2
3775	0	0	0	0	9	442	9	8	1
3772	0	0	0	0	12	451	12	12	0
3767	0	0	0	0	17	512	17	15	2
3770	0	0	0	0	14	522	14	13	1
3763	0	0	0	0	21	538	21	19	2
3774	0	0	0	0	10	468	10	8	2
3779	0	0	0	0	5	455	5	5	0
3778	0	0	0	0	6	423	6	6	0
3777	0	0	0	0	7	439	7	7	0
3771	0	0	0	0	13	472	13	12	1
3779	0	0	0	0	5	395	5	5	0
3776	0	0	0	0	8	423	8	6	2
3768	0	0	0	0	16	470	16	16	0
3725	0	0	0	0	59	706	59	57	2
3764	0	0	0	0	20	510	20	18	2
3777	0	0	0	0	7	434	7	6	1
3777	0	0	0	0	7	428	7	6	1
3772	0	0	0	0	12	426	12	11	1
3774	0	0	0	0	10	447	10	7	3
3764	0	0	0	0	20	503	20	17	3
3776	0	0	0	0	8	429	8	7	1
3775	0	0	0	0	9	421	9	9	0
3761	0	0	0	0	23	505	23	19	4
3778	0	0	0	0	6	404	6	5	1
3769	0	0	0	0	15	477	15	15	0
3770	0	0	0	0	14	483	14	13	1
3773	0	0	0	0	11	474	11	10	1
3769	0	0	0	0	15	490	15	13	2
3778	0	0	0	0	6	435	6	5	1
3779	0	0	0	0	5	432	5	5	0
3779	0	0	0	0	5	397	5	5	0
3773	0	0	0	0	11	478	11	10	1
3723	0	0	0	0	61	766	61	54	7
3767	0	0	0	0	17	485	17	14	3
3778	0	0	0	0	6	450	6	6	0
3779	0	0	0	0	5	439	5	5	0
3776	0	0	0	0	8	430	8	8	0
3763	0	0	0	0	21	499	21	20	1
3777	0	0	0	0	7	416	7	6	1
3777	0	0	0	0	7	412	7	5	2
3775	0	0	0	0	9	443	9	8	1
3778	0	0	0	0	6	410	6	6	0
3771	0	0	0	0	13	507	13	12	1
3777	0	0	0	0	7	434	7	7	0
3777	0	0	0	0	7	428	7	7	0
3751	0	0	0	0	33	533	33	30	3
3777	0	0	0	0	7	458	7	7	0
3774	0	0	0	0	10	455	10	9	1
3770	0	0	0	0	14	446	14	12	2
3769	0	0	0	0	15	484	15	13	2
3760	0	0	0	0	24	614	24	23	1
3779	0	0	0	0	5	417	5	5	0
3773	0	0	0	0	11	418	11	10	1
3779	0	0	0	0	5	405	5	5	0
3770	0	0	0	0	14	479	14	12	2
3778	0	0	0	0	6	418	6	6	0
3772	0	0	0	0	12	446	12	12	0
3726	0	0	0	0	58	656	58	51	7
3776	0	0	0	0	8	418	8	7	1
3775	0	0	0	0	9	412	9	5	4
3758	0	0	0	0	26	524	26	21	5
3775	0	0	0	0	9	451	9	8	1
3768	0	0	0	0	16	474	16	14	2
3764	0	0	0	0	20	451	20	19	1
3769	0	0	0	0	15	449	15	13	2
3770	0	0	0	0	14	470	14	14	0
3779	0	0	0	0	5	419	5	5	0
3756	0	0	0	0	28	567	28	27	1
3776	0	0	0	0	8	450	8	7	1
3770	0	0	0	0	14	474	14	12	2
3759	0	0	0	0	25	539	25	24	1
3771	0	0	0	0	13	424	13	11	2
3779	0	0	0	0	5	443	5	5	0
3766	0	0	0	0	18	513	18	17	1
3779	0	0	0	0	5	439	5	5	0
3773	0	0	0	0	11	514	11	10	1
3774	0	0	0	0	10	454	10	8	2
3766	0	0	0	0	18	499	18	17	1
3772	0	0	0	0	12	440	12	11	1
3777	0	0	0	0	7	399	7	7	0
3776	0	0	0	0	8	428	8	8	0
3763	0	0	0	0	21	507	21	19	2
3774	0	0	0	0	10	441	10	9	1
3774	0	0	0	0	10	438	10	8	2
3760	0	0	0	0	24	473	24	22	2
3769	0	0	0	0	15	470	15	13	2
3778	0	0	0	0	6	403	6	6	0
3757	0	0	0	0	27	530	27	25	2
3765	0	0	0	0	19	486	19	17	2
3770	0	0	0	0	14	486	14	11	3
3766	0	0	0	0	18	525	18	18	0
3768	0	0	0	0	16	475	16	15	1
3771	0	0	0	0	13	452	13	12	1
3779	0	0	0	0	5	417	5	5	0
3764	0	0	0	0	20	452	20	17	3
3779	0	0	0	0	5	411	5	5	0
3766	0	0	0	0	18	474	18	14	4
3756	0	0	0	0	28	583	28	27	1
3776	0	0	0	0	8	432	8	7	1
3762	0	0	0	0	22	527	22	21	1
3762	0	0	0	0	22	483	22	21	1
3776	0	0	0	0	8	403	8	8	0
3767	0	0	0	0	17	498	17	17	0
3772	0	0	0	0	12	412	12	12	0
3773	0	0	0	0	11	471	11	10	1
3776	0	0	0	0	8	454	8	6	2
3771	0	0	0	0	13	478	13	12	1
3776	0	0	0	0	8	476	8	8	0
3776	0	0	0	0	8	433	8	7	1
3778	0	0	0	0	6	403	6	6	0
3769	0	0	0	0	15	469	15	14	1
3750	0	0	0	0	34	555	34	31	3
3772	0	0	0	0	12	481	12	11	1
3775	0	0	0	0	9	409	9	9	0
3766	0	0	0	0	18	556	18	15	3
3778	0	0	0	0	6	468	6	6	0
3778	0	0	0	0	6	389	6	5	1
3767	0	0	0	0	17	512	17	17	0
3777	0	0	0	0	7	430	7	6	1
3769	0	0	0	0	15	450	15	13	2
3773	0	0	0	0	11	427	11	8	3
3774	0	0	0	0	10	458	10	8	2
3777	0	0	0	0	7	391	7	6	1
3778	0	0	0	0	6	436	6	6	0
3776	0	0	0	0	8	433	8	7	1
3752	0	0	0	0	32	580	32	30	2
3779	0	0	0	0	5	397	5	5	0
3774	0	0	0	0	10	435	10	7	3
3777	0	0	0	0	7	417	7	5	2
3777	0	0	0	0	7	413	7	7	0
3776	0	0	0	0	8	423	8	7	1
3773	0	0	0	0	11	434	11	8	3
3769	0	0	0	0	15	426	15	13	2
3776	0	0	0	0	8	454	8	8	0
3761	0	0	0	0	23	501	23	20	3
3777	0	0	0	0	7	444	7	7	0
3774	0	0	0	0	10	479	10	9	1
3772	0	0	0	0	12	430	12	11	1
3778	0	0	0	0	6	420	6	6	0
3776	0	0	0	0	8	442	8	7	1
3778	0	0	0	0	6	428	6	5	1
3770	0	0	0	0	14	522	14	12	2
3777	0	0	0	0	7	464	7	6	1
3775	0	0	0	0	9	458	9	9	0
3763	0	0	0	0	21	497	21	20	1
3767	0	0	0	0	17	461	17	16	1
3775	0	0	0	0	9	433	9	8	1
3767	0	0	0	0	17	492	17	14	3
3779	0	0	0	0	5	405	5	5	0
3773	0	0	0	0	11	433	11	10	1
3776	0	0	0	0	8	409	8	7	1
3779	0	0	0	0	5	430	5	5	0
3741	0	0	0	0	43	598	43	39	4
3761	0	0	0	0	23	512	23	19	4
3776	0	0	0	0	8	456	8	8	0
3764	0	0	0	0	20	481	20	19	1
3769	0	0	0	0	15	422	15	12	3
3759	0	0	0	0	25	489	25	19	6
3776	0	0	0	0	8	417	8	7	1
3765	0	0	0	0	19	530	19	18	1
3767	0	0	0	0	17	495	17	12	5
3769	0	0	0	0	15	467	15	14	1
3777	0	0	0	0	7	415	7	7	0
3771	0	0	0	0	13	467	13	12	1
3775	0	0	0	0	9	432	9	9	0
3777	0	0	0	0	7	428	7	6	1
3779	0	0	0	0	5	393	5	5	0
3778	0	0	0	0	6	435	6	5	1
3769	0	0	0	0	15	462	15	13	2
3775	0	0	0	0	9	439	9	9	0
3768	0	0	0	0	16	491	16	15	1
3745	0	0	0	0	39	584	39	33	6
3777	0	0	0	0	7	437	7	6	1
3770	0	0	0	0	14	515	14	14	0
3763	0	0	0	0	21	482	21	12	9
3779	0	0	0	0	5	398	5	5	0
3760	0	0	0	0	24	534	24	22	2
3771	0	0	0	0	13	469	13	10	3
3775	0	0	0	0	9	413	9	7	2
3767	0	0	0	0	17	436	17	14	3
3778	0	0	0	0	6	422	6	6	0
3776	0	0	0	0	8	408	8	6	2
3774	0	0	0	0	10	453	10	9	1
3772	0	0	0	0	12	411	12	9	3
3765	0	0	0	0	19	493	19	18	1
3764	0	0	0	0	20	505	20	18	2
3775	0	0	0	0	9	398	9	8	1
3778	0	0	0	0	6	385	6	6	0
3777	0	0	0	0	7	440	7	5	2
3775	0	0	0	0	9	455	9	7	2
3779	0	0	0	0	5	426	5	5	0
3779	0	0	0	0	5	406	5	5	0
3766	0	0	0	0	18	475	18	14	4
