3773	0	0	0	0	11	2122	11	6	5
3772	0	0	0	0	12	2123	12	12	0
3778	0	0	0	0	6	2108	6	6	0
3777	0	0	0	0	7	2114	7	7	0
3778	0	0	0	0	6	2107	6	6	0
3778	0	0	0	0	6	2113	6	5	1
3777	0	0	0	0	7	2113	7	5	2
3766	0	0	0	0	18	2130	18	14	4
3775	0	0	0	0	9	2131	9	8	1
3773	0	0	0	0	11	2115	11	10	1
3776	0	0	0	0	8	2115	8	7	1
3771	0	0	0	0	13	2129	13	10	3
3778	0	0	0	0	6	2114	6	6	0
3779	0	0	0	0	5	2090	5	5	0
3776	0	0	0	0	8	2087	8	8	0
3769	0	0	0	0	15	2122	15	13	2
3779	0	0	0	0	5	2086	5	5	0
3767	0	0	0	0	17	2133	17	13	4
3779	0	0	0	0	5	2107	5	5	0
3774	0	0	0	0	10	2105	10	9	1
3778	0	0	0	0	6	2099	6	5	1
3771	0	0	0	0	13	2112	13	8	5
3779	0	0	0	0	5	2108	5	5	0
3776	0	0	0	0	8	2126	8	7	1
3771	0	0	0	0	13	2118	13	13	0
3774	0	0	0	0	10	2138	10	8	2
3777	0	0	0	0	7	2123	7	6	1
3771	0	0	0	0	13	2128	13	12	1
3772	0	0	0	0	12	2141	12	9	3
3778	0	0	0	0	6	2125	6	6	0
3776	0	0	0	0	8	2128	8	7	1
3772	0	0	0	0	12	2142	12	9	3
3779	0	0	0	0	5	2101	5	5	0
3777	0	0	0	0	7	2122	7	6	1
3774	0	0	0	0	10	2121	10	8	2
3778	0	0	0	0	6	2093	6	6	0
3779	0	0	0	0	5	2102	5	5	0
3776	0	0	0	0	8	2126	8	8	0
3779	0	0	0	0	5	2083	5	5	0
3778	0	0	0	0	6	2110	6	6	0
3774	0	0	0	0	10	2125	10	9	1
3778	0	0	0	0	6	2097	6	6	0
3762	0	0	0	0	22	2131	22	19	3
3775	0	0	0	0	9	2124	9	9	0
3776	0	0	0	0	8	2104	8	6	2
3779	0	0	0	0	5	2102	5	5	0
3774	0	0	0	0	10	2134	10	9	1
3775	0	0	0	0	9	2134	9	6	3
3776	0	0	0	0	8	2136	8	6	2
3776	0	0	0	0	8	2099	8	8	0
3771	0	0	0	0	13	2126	13	9	4
3772	0	0	0	0	12	2098	12	9	3
3778	0	0	0	0	6	2103	6	6	0
3778	0	0	0	0	6	2111	6	5	1
3774	0	0	0	0	10	2119	10	7	3
3779	0	0	0	0	5	2087	5	5	0
3774	0	0	0	0	10	2124	10	8	2
3775	0	0	0	0	9	2107	9	7	2
3768	0	0	0	0	16	2147	16	12	4
3774	0	0	0	0	10	2106	10	10	0
3777	0	0	0	0	7	2094	7	6	1
3777	0	0	0	0	7	2103	7	5	2
3773	0	0	0	0	11	2136	11	8	3
3779	0	0	0	0	5	2117	5	5	0
3776	0	0	0	0	8	2110	8	7	1
3779	0	0	0	0	5	2114	5	5	0
3776	0	0	0	0	8	2114	8	7	1
3773	0	0	0	0	11	2128	11	9	2
3778	0	0	0	0	6	2104	6	6	0
3775	0	0	0	0	9	2113	9	7	2
3778	0	0	0	0	6	2096	6	5	1
3770	0	0	0	0	14	2148	14	10	4
3771	0	0	0	0	13	2120	13	9	4
3767	0	0	0	0	17	2120	17	13	4
3763	0	0	0	0	21	2138	21	16	5
3772	0	0	0	0	12	2111	12	11	1
3770	0	0	0	0	14	2099	14	14	0
3775	0	0	0	0	9	2106	9	8	1
3774	0	0	0	0	10	2120	10	9	1
3769	0	0	0	0	15	2172	15	11	4
3778	0	0	0	0	6	2097	6	6	0
3765	0	0	0	0	19	2117	19	15	4
3776	0	0	0	0	8	2113	8	6	2
3775	0	0	0	0	9	2117	9	8	1
3776	0	0	0	0	8	2111	8	7	1
3774	0	0	0	0	10	2127	10	8	2
3778	0	0	0	0	6	2096	6	6	0
3776	0	0	0	0	8	2101	8	6	2
3779	0	0	0	0	5	2107	5	5	0
3779	0	0	0	0	5	2103	5	5	0
3775	0	0	0	0	9	2121	9	6	3
3765	0	0	0	0	19	2175	19	18	1
3772	0	0	0	0	12	2138	12	12	0
3776	0	0	0	0	8	2111	8	7	1
3777	0	0	0	0	7	2130	7	5	2
3778	0	0	0	0	6	2121	6	5	1
3775	0	0	0	0	9	2100	9	9	0
3775	0	0	0	0	9	2137	9	7	2
3774	0	0	0	0	10	2113	10	7	3
3774	0	0	0	0	10	2117	10	8	2
3775	0	0	0	0	9	2122	9	8	1
3769	0	0	0	0	15	2156	15	13	2
3776	0	0	0	0	8	2114	8	7	1
3778	0	0	0	0	6	2109	6	6	0
3779	0	0	0	0	5	2090	5	5	0
3777	0	0	0	0	7	2101	7	7	0
3779	0	0	0	0	5	2089	5	5	0
3768	0	0	0	0	16	2133	16	14	2
3777	0	0	0	0	7	2141	7	6	1
3770	0	0	0	0	14	2150	14	10	4
3778	0	0	0	0	6	2091	6	6	0
3767	0	0	0	0	17	2157	17	16	1
3770	0	0	0	0	14	2116	14	14	0
3773	0	0	0	0	11	2114	11	8	3
3771	0	0	0	0	13	2105	13	11	2
3779	0	0	0	0	5	2095	5	5	0
3778	0	0	0	0	6	2097	6	5	1
3776	0	0	0	0	8	2128	8	5	3
3774	0	0	0	0	10	2138	10	9	1
3776	0	0	0	0	8	2109	8	6	2
3777	0	0	0	0	7	2104	7	6	1
3777	0	0	0	0	7	2097	7	7	0
3769	0	0	0	0	15	2137	15	13	2
3775	0	0	0	0	9	2136	9	7	2
3771	0	0	0	0	13	2127	13	9	4
3778	0	0	0	0	6	2115	6	5	1
3758	0	0	0	0	26	2151	26	25	1
3779	0	0	0	0	5	2089	5	5	0
3779	0	0	0	0	5	2092	5	5	0
3775	0	0	0	0	9	2118	9	8	1
3779	0	0	0	0	5	2103	5	5	0
3778	0	0	0	0	6	2102	6	6	0
3773	0	0	0	0	11	2101	11	8	3
3778	0	0	0	0	6	2116	6	5	1
3777	0	0	0	0	7	2122	7	7	0
3778	0	0	0	0	6	2118	6	6	0
3779	0	0	0	0	5	2100	5	5	0
3776	0	0	0	0	8	2124	8	6	2
3778	0	0	0	0	6	2118	6	5	1
3778	0	0	0	0	6	2109	6	6	0
3779	0	0	0	0	5	2091	5	5	0
3774	0	0	0	0	10	2103	10	10	0
3774	0	0	0	0	10	2122	10	9	1
3779	0	0	0	0	5	2092	5	5	0
3769	0	0	0	0	15	2145	15	12	3
3770	0	0	0	0	14	2118	14	12	2
3774	0	0	0	0	10	2130	10	8	2
3769	0	0	0	0	15	2110	15	13	2
3779	0	0	0	0	5	2088	5	5	0
3778	0	0	0	0	6	2093	6	6	0
3763	0	0	0	0	21	2160	21	16	5
3772	0	0	0	0	12	2119	12	11	1
3772	0	0	0	0	12	2109	12	11	1
3777	0	0	0	0	7	2102	7	6	1
3779	0	0	0	0	5	2110	5	5	0
3775	0	0	0	0	9	2113	9	7	2
3779	0	0	0	0	5	2100	5	5	0
3770	0	0	0	0	14	2154	14	8	6
3779	0	0	0	0	5	2100	5	5	0
3773	0	0	0	0	11	2098	11	10	1
3779	0	0	0	0	5	2128	5	5	0
3777	0	0	0	0	7	2110	7	6	1
3773	0	0	0	0	11	2125	11	8	3
3771	0	0	0	0	13	2138	13	10	3
3771	0	0	0	0	13	2149	13	9	4
3777	0	0	0	0	7	2110	7	7	0
3779	0	0	0	0	5	2123	5	5	0
3774	0	0	0	0	10	2096	10	7	3
3777	0	0	0	0	7	2124	7	7	0
3779	0	0	0	0	5	2092	5	5	0
3778	0	0	0	0	6	2108	6	6	0
3773	0	0	0	0	11	2119	11	10	1
3779	0	0	0	0	5	2102	5	5	0
3779	0	0	0	0	5	2087	5	5	0
3768	0	0	0	0	16	2118	16	14	2
3776	0	0	0	0	8	2114	8	7	1
3777	0	0	0	0	7	2115	7	6	1
3778	0	0	0	0	6	2119	6	5	1
3779	0	0	0	0	5	2097	5	5	0
3768	0	0	0	0	16	2123	16	16	0
3779	0	0	0	0	5	2105	5	5	0
3771	0	0	0	0	13	2101	13	13	0
3764	0	0	0	0	20	2160	20	14	6
3776	0	0	0	0	8	2122	8	6	2
3769	0	0	0	0	15	2148	15	12	3
3770	0	0	0	0	14	2132	14	11	3
3779	0	0	0	0	5	2120	5	5	0
3771	0	0	0	0	13	2150	13	10	3
3773	0	0	0	0	11	2122	11	11	0
3777	0	0	0	0	7	2106	7	6	1
3779	0	0	0	0	5	2111	5	5	0
3779	0	0	0	0	5	2102	5	5	0
3769	0	0	0	0	15	2118	15	10	5
3777	0	0	0	0	7	2129	7	6	1
3777	0	0	0	0	7	2118	7	7	0
3773	0	0	0	0	11	2126	11	9	2
3762	0	0	0	0	22	2164	22	18	4
3779	0	0	0	0	5	2099	5	5	0
3767	0	0	0	0	17	2161	17	17	0
3773	0	0	0	0	11	2141	11	9	2
3755	0	0	0	0	29	2165	29	26	3
3779	0	0	0	0	5	2097	5	5	0
3768	0	0	0	0	16	2127	16	16	0
3774	0	0	0	0	10	2119	10	8	2
3775	0	0	0	0	9	2118	9	9	0
3770	0	0	0	0	14	2124	14	13	1
3774	0	0	0	0	10	2129	10	7	3
3776	0	0	0	0	8	2103	8	7	1
3778	0	0	0	0	6	2120	6	6	0
3777	0	0	0	0	7	2108	7	6	1
3769	0	0	0	0	15	2142	15	15	0
3770	0	0	0	0	14	2130	14	13	1
3776	0	0	0	0	8	2101	8	7	1
3779	0	0	0	0	5	2101	5	5	0
3779	0	0	0	0	5	2099	5	5	0
3778	0	0	0	0	6	2119	6	6	0
3776	0	0	0	0	8	2097	8	6	2
3778	0	0	0	0	6	2096	6	6	0
3760	0	0	0	0	24	2118	24	21	3
3775	0	0	0	0	9	2113	9	7	2
3777	0	0	0	0	7	2105	7	6	1
3772	0	0	0	0	12	2111	12	9	3
3777	0	0	0	0	7	2130	7	7	0
3773	0	0	0	0	11	2126	11	11	0
3777	0	0	0	0	7	2113	7	6	1
3776	0	0	0	0	8	2117	8	7	1
3776	0	0	0	0	8	2112	8	7	1
3777	0	0	0	0	7	2106	7	6	1
3778	0	0	0	0	6	2112	6	5	1
3770	0	0	0	0	14	2141	14	11	3
3777	0	0	0	0	7	2120	7	6	1
3776	0	0	0	0	8	2134	8	8	0
3779	0	0	0	0	5	2113	5	5	0
3776	0	0	0	0	8	2103	8	7	1
3771	0	0	0	0	13	2127	13	9	4
3772	0	0	0	0	12	2111	12	12	0
3773	0	0	0	0	11	2123	11	10	1
3773	0	0	0	0	11	2132	11	10	1
3779	0	0	0	0	5	2094	5	5	0
3772	0	0	0	0	12	2106	12	9	3
3777	0	0	0	0	7	2104	7	7	0
3779	0	0	0	0	5	2098	5	5	0
3769	0	0	0	0	15	2147	15	12	3
3768	0	0	0	0	16	2140	16	13	3
3775	0	0	0	0	9	2114	9	9	0
3770	0	0	0	0	14	2121	14	13	1
3777	0	0	0	0	7	2143	7	7	0
3776	0	0	0	0	8	2103	8	6	2
3774	0	0	0	0	10	2114	10	8	2
3778	0	0	0	0	6	2117	6	5	1
3774	0	0	0	0	10	2122	10	9	1
3765	0	0	0	0	19	2142	19	14	5
3772	0	0	0	0	12	2139	12	9	3
3758	0	0	0	0	26	2163	26	24	2
3769	0	0	0	0	15	2126	15	14	1
3775	0	0	0	0	9	2120	9	8	1
3779	0	0	0	0	5	2085	5	5	0
3778	0	0	0	0	6	2119	6	6	0
3756	0	0	0	0	28	2179	28	25	3
3773	0	0	0	0	11	2112	11	9	2
3775	0	0	0	0	9	2122	9	7	2
3773	0	0	0	0	11	2135	11	7	4
3778	0	0	0	0	6	2106	6	5	1
3750	0	0	0	0	34	2179	34	30	4
3773	0	0	0	0	11	2111	11	10	1
3775	0	0	0	0	9	2110	9	9	0
3771	0	0	0	0	13	2097	13	12	1
3775	0	0	0	0	9	2102	9	8	1
3767	0	0	0	0	17	2132	17	15	2
3773	0	0	0	0	11	2114	11	10	1
3775	0	0	0	0	9	2116	9	8	1
3777	0	0	0	0	7	2121	7	6	1
3773	0	0	0	0	11	2117	11	9	2
3778	0	0	0	0	6	2095	6	6	0
3778	0	0	0	0	6	2121	6	6	0
3775	0	0	0	0	9	2109	9	7	2
3766	0	0	0	0	18	2138	18	13	5
3776	0	0	0	0	8	2113	8	6	2
3778	0	0	0	0	6	2107	6	6	0
3774	0	0	0	0	10	2099	10	9	1
3779	0	0	0	0	5	2099	5	5	0
3776	0	0	0	0	8	2099	8	7	1
3779	0	0	0	0	5	2098	5	5	0
3775	0	0	0	0	9	2110	9	9	0
3774	0	0	0	0	10	2105	10	8	2
3771	0	0	0	0	13	2120	13	11	2
3779	0	0	0	0	5	2094	5	5	0
3772	0	0	0	0	12	2114	12	7	5
3772	0	0	0	0	12	2108	12	11	1
3772	0	0	0	0	12	2100	12	10	2
3778	0	0	0	0	6	2102	6	6	0
3779	0	0	0	0	5	2093	5	5	0
3778	0	0	0	0	6	2114	6	6	0
3779	0	0	0	0	5	2097	5	5	0
3770	0	0	0	0	14	2108	14	12	2
3765	0	0	0	0	19	2158	19	18	1
3775	0	0	0	0	9	2102	9	8	1
3771	0	0	0	0	13	2147	13	11	2
3777	0	0	0	0	7	2092	7	6	1
3777	0	0	0	0	7	2120	7	6	1
3771	0	0	0	0	13	2149	13	12	1
3777	0	0	0	0	7	2121	7	6	1
3775	0	0	0	0	9	2103	9	9	0
3776	0	0	0	0	8	2123	8	8	0
3771	0	0	0	0	13	2122	13	11	2
3773	0	0	0	0	11	2131	11	9	2
3778	0	0	0	0	6	2112	6	5	1
3773	0	0	0	0	11	2107	11	7	4
3775	0	0	0	0	9	2114	9	9	0
3772	0	0	0	0	12	2146	12	10	2
3777	0	0	0	0	7	2130	7	6	1
3773	0	0	0	0	11	2136	11	10	1
3778	0	0	0	0	6	2104	6	6	0
3773	0	0	0	0	11	2144	11	8	3
3776	0	0	0	0	8	2109	8	6	2
3775	0	0	0	0	9	2131	9	8	1
3770	0	0	0	0	14	2135	14	10	4
3779	0	0	0	0	5	2084	5	5	0
3778	0	0	0	0	6	2098	6	5	1
3779	0	0	0	0	5	2113	5	5	0
3774	0	0	0	0	10	2153	10	9	1
3778	0	0	0	0	6	2113	6	6	0
3776	0	0	0	0	8	2112	8	6	2
3779	0	0	0	0	5	2104	5	5	0
3775	0	0	0	0	9	2105	9	6	3
3775	0	0	0	0	9	2120	9	7	2
3772	0	0	0	0	12	2149	12	9	3
3778	0	0	0	0	6	2095	6	5	1
3779	0	0	0	0	5	2089	5	5	0
3776	0	0	0	0	8	2107	8	8	0
3779	0	0	0	0	5	2096	5	5	0
3777	0	0	0	0	7	2126	7	7	0
3769	0	0	0	0	15	2133	15	12	3
3774	0	0	0	0	10	2118	10	8	2
3775	0	0	0	0	9	2116	9	8	1
3778	0	0	0	0	6	2103	6	5	1
3778	0	0	0	0	6	2125	6	5	1
3779	0	0	0	0	5	2089	5	5	0
3774	0	0	0	0	10	2126	10	10	0
3751	0	0	0	0	33	2179	33	31	2
3775	0	0	0	0	9	2122	9	6	3
3778	0	0	0	0	6	2128	6	6	0
3779	0	0	0	0	5	2114	5	5	0
3776	0	0	0	0	8	2126	8	8	0
3768	0	0	0	0	16	2142	16	15	1
3773	0	0	0	0	11	2112	11	9	2
3777	0	0	0	0	7	2100	7	5	2
3775	0	0	0	0	9	2124	9	7	2
3774	0	0	0	0	10	2124	10	8	2
3775	0	0	0	0	9	2121	9	7	2
3777	0	0	0	0	7	2106	7	7	0
3777	0	0	0	0	7	2103	7	7	0
3771	0	0	0	0	13	2132	13	12	1
3778	0	0	0	0	6	2108	6	6	0
3775	0	0	0	0	9	2120	9	7	2
3774	0	0	0	0	10	2107	10	9	1
3774	0	0	0	0	10	2136	10	9	1
3769	0	0	0	0	15	2140	15	13	2
3779	0	0	0	0	5	2103	5	5	0
3776	0	0	0	0	8	2088	8	7	1
3779	0	0	0	0	5	2103	5	5	0
3776	0	0	0	0	8	2113	8	8	0
3779	0	0	0	0	5	2105	5	5	0
3772	0	0	0	0	12	2116	12	12	0
3748	0	0	0	0	36	2201	36	30	6
3772	0	0	0	0	12	2109	12	9	3
3778	0	0	0	0	6	2102	6	5	1
3774	0	0	0	0	10	2126	10	10	0
3777	0	0	0	0	7	2118	7	6	1
3775	0	0	0	0	9	2130	9	7	2
3768	0	0	0	0	16	2108	16	15	1
3765	0	0	0	0	19	2135	19	16	3
3770	0	0	0	0	14	2117	14	13	1
3779	0	0	0	0	5	2098	5	5	0
3769	0	0	0	0	15	2146	15	11	4
3770	0	0	0	0	14	2156	14	13	1
3772	0	0	0	0	12	2128	12	10	2
3777	0	0	0	0	7	2122	7	6	1
3771	0	0	0	0	13	2114	13	9	4
3778	0	0	0	0	6	2115	6	5	1
3776	0	0	0	0	8	2118	8	8	0
3769	0	0	0	0	15	2130	15	14	1
3773	0	0	0	0	11	2155	11	10	1
3773	0	0	0	0	11	2123	11	9	2
3771	0	0	0	0	13	2130	13	12	1
3775	0	0	0	0	9	2113	9	9	0
3779	0	0	0	0	5	2090	5	5	0
3776	0	0	0	0	8	2103	8	8	0
3774	0	0	0	0	10	2131	10	9	1
3778	0	0	0	0	6	2103	6	6	0
3777	0	0	0	0	7	2107	7	7	0
3774	0	0	0	0	10	2113	10	9	1
3771	0	0	0	0	13	2117	13	11	2
3778	0	0	0	0	6	2092	6	6	0
3773	0	0	0	0	11	2138	11	11	0
3771	0	0	0	0	13	2119	13	11	2
3774	0	0	0	0	10	2131	10	8	2
3776	0	0	0	0	8	2144	8	8	0
3777	0	0	0	0	7	2109	7	7	0
3774	0	0	0	0	10	2117	10	8	2
3779	0	0	0	0	5	2103	5	5	0
3768	0	0	0	0	16	2109	16	15	1
3779	0	0	0	0	5	2097	5	5	0
3775	0	0	0	0	9	2110	9	7	2
3771	0	0	0	0	13	2121	13	11	2
3776	0	0	0	0	8	2104	8	7	1
3772	0	0	0	0	12	2124	12	10	2
3772	0	0	0	0	12	2103	12	12	0
3777	0	0	0	0	7	2091	7	7	0
3761	0	0	0	0	23	2147	23	21	2
3774	0	0	0	0	10	2098	10	10	0
3771	0	0	0	0	13	2131	13	11	2
3777	0	0	0	0	7	2114	7	6	1
3773	0	0	0	0	11	2133	11	10	1
3777	0	0	0	0	7	2124	7	7	0
3774	0	0	0	0	10	2110	10	7	3
3778	0	0	0	0	6	2093	6	6	0
3776	0	0	0	0	8	2128	8	8	0
3772	0	0	0	0	12	2142	12	9	3
3778	0	0	0	0	6	2122	6	6	0
3776	0	0	0	0	8	2099	8	7	1
3776	0	0	0	0	8	2137	8	6	2
3770	0	0	0	0	14	2156	14	11	3
3779	0	0	0	0	5	2083	5	5	0
3772	0	0	0	0	12	2141	12	11	1
3776	0	0	0	0	8	2109	8	6	2
3775	0	0	0	0	9	2110	9	7	2
3771	0	0	0	0	13	2107	13	10	3
3774	0	0	0	0	10	2135	10	8	2
3778	0	0	0	0	6	2092	6	5	1
3778	0	0	0	0	6	2110	6	6	0
3773	0	0	0	0	11	2122	11	8	3
3768	0	0	0	0	16	2155	16	14	2
3779	0	0	0	0	5	2089	5	5	0
3776	0	0	0	0	8	2111	8	6	2
3776	0	0	0	0	8	2104	8	5	3
3776	0	0	0	0	8	2097	8	7	1
3775	0	0	0	0	9	2103	9	7	2
3772	0	0	0	0	12	2106	12	9	3
3771	0	0	0	0	13	2102	13	12	1
3776	0	0	0	0	8	2127	8	8	0
3775	0	0	0	0	9	2130	9	8	1
3775	0	0	0	0	9	2130	9	8	1
3778	0	0	0	0	6	2098	6	5	1
3777	0	0	0	0	7	2101	7	6	1
3775	0	0	0	0	9	2095	9	8	1
3775	0	0	0	0	9	2124	9	7	2
3778	0	0	0	0	6	2115	6	5	1
3768	0	0	0	0	16	2152	16	12	4
3778	0	0	0	0	6	2113	6	5	1
3772	0	0	0	0	12	2119	12	10	2
3777	0	0	0	0	7	2114	7	6	1
3765	0	0	0	0	19	2111	19	17	2
3776	0	0	0	0	8	2105	8	7	1
3778	0	0	0	0	6	2105	6	5	1
3777	0	0	0	0	7	2108	7	6	1
3775	0	0	0	0	9	2107	9	9	0
3778	0	0	0	0	6	2104	6	6	0
3778	0	0	0	0	6	2108	6	5	1
3766	0	0	0	0	18	2148	18	15	3
3770	0	0	0	0	14	2147	14	11	3
3775	0	0	0	0	9	2130	9	8	1
3773	0	0	0	0	11	2131	11	9	2
3770	0	0	0	0	14	2113	14	11	3
3773	0	0	0	0	11	2114	11	8	3
3775	0	0	0	0	9	2107	9	7	2
3763	0	0	0	0	21	2164	21	19	2
3776	0	0	0	0	8	2118	8	6	2
3769	0	0	0	0	15	2124	15	13	2
3778	0	0	0	0	6	2106	6	6	0
3776	0	0	0	0	8	2118	8	8	0
3776	0	0	0	0	8	2107	8	7	1
3778	0	0	0	0	6	2107	6	6	0
3779	0	0	0	0	5	2095	5	5	0
3774	0	0	0	0	10	2130	10	9	1
3771	0	0	0	0	13	2116	13	10	3
3775	0	0	0	0	9	2106	9	8	1
3776	0	0	0	0	8	2119	8	8	0
3773	0	0	0	0	11	2127	11	7	4
3777	0	0	0	0	7	2103	7	6	1
3770	0	0	0	0	14	2128	14	13	1
3772	0	0	0	0	12	2109	12	8	4
3779	0	0	0	0	5	2096	5	5	0
3778	0	0	0	0	6	2099	6	6	0
3776	0	0	0	0	8	2117	8	5	3
3777	0	0	0	0	7	2096	7	6	1
3769	0	0	0	0	15	2116	15	10	5
3778	0	0	0	0	6	2100	6	5	1
3775	0	0	0	0	9	2093	9	6	3
3776	0	0	0	0	8	2109	8	7	1
3770	0	0	0	0	14	2099	14	9	5
3766	0	0	0	0	18	2121	18	17	1
3772	0	0	0	0	12	2135	12	10	2
3774	0	0	0	0	10	2096	10	8	2
3779	0	0	0	0	5	2082	5	5	0
3776	0	0	0	0	8	2126	8	5	3
3777	0	0	0	0	7	2107	7	5	2
3778	0	0	0	0	6	2095	6	5	1
3779	0	0	0	0	5	2095	5	5	0
3772	0	0	0	0	12	2110	12	10	2
