3763	0	0	0	0	21	993	21	13	8
3768	0	0	0	0	16	982	16	15	1
3756	0	0	0	0	28	1029	28	24	4
3772	0	0	0	0	12	973	12	11	1
3777	0	0	0	0	7	958	7	7	0
3776	0	0	0	0	8	965	8	6	2
3744	0	0	0	0	40	1049	40	32	8
3751	0	0	0	0	33	1015	33	27	6
3738	0	0	0	0	46	1029	46	38	8
3771	0	0	0	0	13	968	13	11	2
3717	0	0	0	0	67	1114	67	55	12
3752	0	0	0	0	32	1014	32	25	7
3778	0	0	0	0	6	964	6	6	0
3779	0	0	0	0	5	948	5	5	0
3776	0	0	0	0	8	954	8	8	0
3764	0	0	0	0	20	974	20	17	3
3779	0	0	0	0	5	949	5	5	0
3762	0	0	0	0	22	1001	22	18	4
3779	0	0	0	0	5	951	5	5	0
3729	0	0	0	0	55	1049	55	48	7
3778	0	0	0	0	6	951	6	5	1
3736	0	0	0	0	48	1024	48	39	9
3779	0	0	0	0	5	961	5	5	0
3773	0	0	0	0	11	970	11	10	1
3747	0	0	0	0	37	997	37	34	3
3714	0	0	0	0	70	1132	70	56	14
3776	0	0	0	0	8	985	8	7	1
3761	0	0	0	0	23	1002	23	21	2
3697	0	0	0	0	87	1129	87	71	16
3767	0	0	0	0	17	992	17	16	1
3686	0	0	0	0	98	1148	98	82	16
3768	0	0	0	0	16	988	16	10	6
3773	0	0	0	0	11	969	11	11	0
3773	0	0	0	0	11	985	11	10	1
3725	0	0	0	0	59	1043	59	51	8
3778	0	0	0	0	6	951	6	6	0
3758	0	0	0	0	26	1008	26	24	2
3757	0	0	0	0	27	1004	27	26	1
3779	0	0	0	0	5	946	5	5	0
3778	0	0	0	0	6	960	6	6	0
3765	0	0	0	0	19	979	19	16	3
3773	0	0	0	0	11	966	11	11	0
3752	0	0	0	0	32	1003	32	25	7
3772	0	0	0	0	12	974	12	12	0
3774	0	0	0	0	10	969	10	6	4
3779	0	0	0	0	5	955	5	5	0
3767	0	0	0	0	17	981	17	13	4
3766	0	0	0	0	18	998	18	11	7
3742	0	0	0	0	42	1042	42	36	6
3628	0	0	0	0	156	1190	156	139	17
3756	0	0	0	0	28	1019	28	21	7
3768	0	0	0	0	16	964	16	11	5
3775	0	0	0	0	9	963	9	8	1
3777	0	0	0	0	7	965	7	5	2
3772	0	0	0	0	12	972	12	9	3
3779	0	0	0	0	5	947	5	5	0
3763	0	0	0	0	21	994	21	16	5
3765	0	0	0	0	19	983	19	16	3
3763	0	0	0	0	21	1009	21	17	4
3766	0	0	0	0	18	1000	18	17	1
3775	0	0	0	0	9	963	9	6	3
3773	0	0	0	0	11	970	11	7	4
3753	0	0	0	0	31	1020	31	26	5
3771	0	0	0	0	13	974	13	13	0
3769	0	0	0	0	15	980	15	12	3
3779	0	0	0	0	5	954	5	5	0
3766	0	0	0	0	18	991	18	15	3
3757	0	0	0	0	27	999	27	25	2
3778	0	0	0	0	6	958	6	6	0
3753	0	0	0	0	31	990	31	27	4
3778	0	0	0	0	6	958	6	5	1
3752	0	0	0	0	32	1032	32	23	9
3771	0	0	0	0	13	973	13	10	3
3761	0	0	0	0	23	1002	23	18	5
3702	0	0	0	0	82	1119	82	63	19
3765	0	0	0	0	19	977	19	18	1
3733	0	0	0	0	51	1015	51	47	4
3773	0	0	0	0	11	962	11	9	2
3771	0	0	0	0	13	964	13	12	1
3755	0	0	0	0	29	1029	29	20	9
3753	0	0	0	0	31	1029	31	23	8
3748	0	0	0	0	36	996	36	30	6
3776	0	0	0	0	8	968	8	6	2
3767	0	0	0	0	17	1001	17	15	2
3771	0	0	0	0	13	968	13	9	4
3724	0	0	0	0	60	1082	60	48	12
3771	0	0	0	0	13	970	13	13	0
3774	0	0	0	0	10	963	10	7	3
3768	0	0	0	0	16	977	16	15	1
3761	0	0	0	0	23	1011	23	15	8
3744	0	0	0	0	40	1044	40	29	11
3701	0	0	0	0	83	1091	83	72	11
3738	0	0	0	0	46	1056	46	38	8
3760	0	0	0	0	24	1001	24	19	5
3771	0	0	0	0	13	987	13	8	5
3778	0	0	0	0	6	958	6	5	1
3769	0	0	0	0	15	961	15	15	0
3684	0	0	0	0	100	1172	100	85	15
3760	0	0	0	0	24	1000	24	20	4
3756	0	0	0	0	28	991	28	26	2
3774	0	0	0	0	10	972	10	8	2
3751	0	0	0	0	33	1033	33	28	5
3755	0	0	0	0	29	1009	29	21	8
3757	0	0	0	0	27	997	27	24	3
3779	0	0	0	0	5	954	5	5	0
3777	0	0	0	0	7	953	7	7	0
3779	0	0	0	0	5	952	5	5	0
3743	0	0	0	0	41	1009	41	33	8
3769	0	0	0	0	15	1008	15	12	3
3739	0	0	0	0	45	1014	45	29	16
3775	0	0	0	0	9	961	9	9	0
3760	0	0	0	0	24	1018	24	20	4
3767	0	0	0	0	17	982	17	16	1
3770	0	0	0	0	14	987	14	10	4
3771	0	0	0	0	13	961	13	11	2
3758	0	0	0	0	26	1026	26	21	5
3775	0	0	0	0	9	965	9	7	2
3735	0	0	0	0	49	1061	49	41	8
3753	0	0	0	0	31	1005	31	27	4
3771	0	0	0	0	13	968	13	9	4
3774	0	0	0	0	10	956	10	8	2
3773	0	0	0	0	11	961	11	9	2
3742	0	0	0	0	42	1028	42	33	9
3707	0	0	0	0	77	1080	77	63	14
3767	0	0	0	0	17	979	17	13	4
3777	0	0	0	0	7	962	7	5	2
3721	0	0	0	0	63	1067	63	54	9
3667	0	0	0	0	117	1137	117	98	19
3779	0	0	0	0	5	948	5	5	0
3593	0	0	0	0	191	1228	191	166	25
3778	0	0	0	0	6	956	6	5	1
3778	0	0	0	0	6	955	6	6	0
3767	0	0	0	0	17	967	17	11	6
3776	0	0	0	0	8	967	8	7	1
3777	0	0	0	0	7	969	7	7	0
3774	0	0	0	0	10	977	10	9	1
3778	0	0	0	0	6	956	6	6	0
3756	0	0	0	0	28	1010	28	24	4
3772	0	0	0	0	12	983	12	8	4
3778	0	0	0	0	6	973	6	6	0
3777	0	0	0	0	7	956	7	6	1
3771	0	0	0	0	13	964	13	12	1
3760	0	0	0	0	24	984	24	19	5
3771	0	0	0	0	13	974	13	11	2
3763	0	0	0	0	21	1000	21	17	4
3770	0	0	0	0	14	981	14	12	2
3769	0	0	0	0	15	978	15	11	4
3721	0	0	0	0	63	1028	63	55	8
3779	0	0	0	0	5	947	5	5	0
3777	0	0	0	0	7	957	7	7	0
3724	0	0	0	0	60	1059	60	53	7
3753	0	0	0	0	31	1016	31	28	3
3771	0	0	0	0	13	962	13	12	1
3776	0	0	0	0	8	982	8	7	1
3766	0	0	0	0	18	989	18	14	4
3768	0	0	0	0	16	993	16	14	2
3779	0	0	0	0	5	958	5	5	0
3725	0	0	0	0	59	1083	59	45	14
3771	0	0	0	0	13	976	13	11	2
3770	0	0	0	0	14	963	14	13	1
3779	0	0	0	0	5	969	5	5	0
3769	0	0	0	0	15	973	15	11	4
3755	0	0	0	0	29	1010	29	19	10
3737	0	0	0	0	47	1011	47	40	7
3757	0	0	0	0	27	1017	27	19	8
3772	0	0	0	0	12	975	12	11	1
3779	0	0	0	0	5	961	5	5	0
3774	0	0	0	0	10	956	10	7	3
3769	0	0	0	0	15	981	15	12	3
3779	0	0	0	0	5	953	5	5	0
3776	0	0	0	0	8	962	8	8	0
3764	0	0	0	0	20	988	20	17	3
3779	0	0	0	0	5	961	5	5	0
3777	0	0	0	0	7	955	7	7	0
3763	0	0	0	0	21	988	21	19	2
3753	0	0	0	0	31	1033	31	25	6
3770	0	0	0	0	14	982	14	9	5
3773	0	0	0	0	11	987	11	7	4
3779	0	0	0	0	5	953	5	5	0
3746	0	0	0	0	38	998	38	33	5
3775	0	0	0	0	9	966	9	9	0
3768	0	0	0	0	16	967	16	14	2
3671	0	0	0	0	113	1123	113	96	17
3754	0	0	0	0	30	1052	30	23	7
3713	0	0	0	0	71	1115	71	60	11
3745	0	0	0	0	39	1034	39	32	7
3779	0	0	0	0	5	960	5	5	0
3763	0	0	0	0	21	1023	21	15	6
3748	0	0	0	0	36	1025	36	34	2
3661	0	0	0	0	123	1167	123	101	22
3779	0	0	0	0	5	957	5	5	0
3773	0	0	0	0	11	996	11	11	0
3759	0	0	0	0	25	984	25	17	8
3753	0	0	0	0	31	1011	31	28	3
3758	0	0	0	0	26	1004	26	25	1
3749	0	0	0	0	35	1019	35	29	6
3663	0	0	0	0	121	1143	121	114	7
3779	0	0	0	0	5	952	5	5	0
3717	0	0	0	0	67	1101	67	55	12
3735	0	0	0	0	49	1066	49	38	11
3742	0	0	0	0	42	1033	42	39	3
3778	0	0	0	0	6	950	6	6	0
3747	0	0	0	0	37	1010	37	31	6
3763	0	0	0	0	21	1003	21	18	3
3735	0	0	0	0	49	1029	49	45	4
3671	0	0	0	0	113	1123	113	95	18
3755	0	0	0	0	29	1035	29	20	9
3773	0	0	0	0	11	974	11	9	2
3647	0	0	0	0	137	1171	137	116	21
3777	0	0	0	0	7	969	7	6	1
3763	0	0	0	0	21	1001	21	21	0
3752	0	0	0	0	32	1015	32	23	9
3772	0	0	0	0	12	970	12	10	2
3779	0	0	0	0	5	964	5	5	0
3779	0	0	0	0	5	951	5	5	0
3777	0	0	0	0	7	953	7	7	0
3771	0	0	0	0	13	966	13	8	5
3775	0	0	0	0	9	964	9	9	0
3736	0	0	0	0	48	1033	48	42	6
3775	0	0	0	0	9	973	9	7	2
3761	0	0	0	0	23	990	23	20	3
3770	0	0	0	0	14	976	14	9	5
3776	0	0	0	0	8	976	8	7	1
3729	0	0	0	0	55	1036	55	51	4
3769	0	0	0	0	15	976	15	12	3
3774	0	0	0	0	10	967	10	8	2
3759	0	0	0	0	25	988	25	21	4
3754	0	0	0	0	30	1008	30	19	11
3760	0	0	0	0	24	1005	24	19	5
3749	0	0	0	0	35	1024	35	28	7
3777	0	0	0	0	7	974	7	6	1
3755	0	0	0	0	29	1017	29	24	5
3772	0	0	0	0	12	984	12	9	3
3771	0	0	0	0	13	972	13	11	2
3740	0	0	0	0	44	1021	44	35	9
3768	0	0	0	0	16	998	16	15	1
3771	0	0	0	0	13	972	13	11	2
3764	0	0	0	0	20	1000	20	18	2
3777	0	0	0	0	7	958	7	7	0
3770	0	0	0	0	14	966	14	11	3
3767	0	0	0	0	17	1008	17	12	5
3773	0	0	0	0	11	980	11	10	1
3745	0	0	0	0	39	1042	39	30	9
3701	0	0	0	0	83	1102	83	67	16
3769	0	0	0	0	15	984	15	13	2
3768	0	0	0	0	16	972	16	15	1
3751	0	0	0	0	33	1048	33	30	3
3767	0	0	0	0	17	990	17	15	2
3774	0	0	0	0	10	959	10	8	2
3661	0	0	0	0	123	1157	123	106	17
3769	0	0	0	0	15	979	15	13	2
3725	0	0	0	0	59	1027	59	52	7
3756	0	0	0	0	28	1010	28	22	6
3724	0	0	0	0	60	1036	60	47	13
3747	0	0	0	0	37	1012	37	32	5
3773	0	0	0	0	11	973	11	10	1
3779	0	0	0	0	5	954	5	5	0
3741	0	0	0	0	43	1065	43	40	3
3700	0	0	0	0	84	1119	84	65	19
3770	0	0	0	0	14	971	14	11	3
3772	0	0	0	0	12	975	12	10	2
3685	0	0	0	0	99	1108	99	78	21
3778	0	0	0	0	6	968	6	5	1
3707	0	0	0	0	77	1096	77	66	11
3773	0	0	0	0	11	974	11	10	1
3753	0	0	0	0	31	1005	31	26	5
3754	0	0	0	0	30	987	30	26	4
3769	0	0	0	0	15	963	15	13	2
3756	0	0	0	0	28	997	28	22	6
3769	0	0	0	0	15	971	15	13	2
3770	0	0	0	0	14	987	14	11	3
3682	0	0	0	0	102	1140	102	84	18
3769	0	0	0	0	15	967	15	12	3
3778	0	0	0	0	6	962	6	6	0
3778	0	0	0	0	6	968	6	6	0
3768	0	0	0	0	16	973	16	12	4
3744	0	0	0	0	40	1011	40	33	7
3773	0	0	0	0	11	968	11	8	3
3777	0	0	0	0	7	961	7	7	0
3769	0	0	0	0	15	972	15	12	3
3779	0	0	0	0	5	951	5	5	0
3763	0	0	0	0	21	972	21	16	5
3779	0	0	0	0	5	962	5	5	0
3768	0	0	0	0	16	975	16	14	2
3765	0	0	0	0	19	992	19	14	5
3738	0	0	0	0	46	1024	46	40	6
3779	0	0	0	0	5	949	5	5	0
3759	0	0	0	0	25	978	25	17	8
3768	0	0	0	0	16	967	16	14	2
3766	0	0	0	0	18	972	18	15	3
3777	0	0	0	0	7	950	7	7	0
3777	0	0	0	0	7	953	7	7	0
3778	0	0	0	0	6	961	6	6	0
3777	0	0	0	0	7	958	7	6	1
3770	0	0	0	0	14	959	14	12	2
3710	0	0	0	0	74	1083	74	67	7
3768	0	0	0	0	16	966	16	14	2
3748	0	0	0	0	36	1026	36	31	5
3772	0	0	0	0	12	954	12	11	1
3723	0	0	0	0	61	1064	61	54	7
3755	0	0	0	0	29	1014	29	23	6
3776	0	0	0	0	8	981	8	6	2
3744	0	0	0	0	40	1025	40	36	4
3707	0	0	0	0	77	1107	77	61	16
3746	0	0	0	0	38	1031	38	27	11
3734	0	0	0	0	50	1041	50	38	12
3728	0	0	0	0	56	1045	56	41	15
3771	0	0	0	0	13	962	13	9	4
3764	0	0	0	0	20	975	20	15	5
3760	0	0	0	0	24	1019	24	20	4
3758	0	0	0	0	26	1012	26	21	5
3748	0	0	0	0	36	1010	36	32	4
3778	0	0	0	0	6	960	6	6	0
3678	0	0	0	0	106	1148	106	89	17
3768	0	0	0	0	16	984	16	13	3
3763	0	0	0	0	21	995	21	20	1
3765	0	0	0	0	19	985	19	14	5
3777	0	0	0	0	7	951	7	6	1
3776	0	0	0	0	8	963	8	6	2
3768	0	0	0	0	16	985	16	16	0
3692	0	0	0	0	92	1133	92	74	18
3763	0	0	0	0	21	1004	21	20	1
3698	0	0	0	0	86	1113	86	72	14
3777	0	0	0	0	7	955	7	6	1
3769	0	0	0	0	15	971	15	12	3
3769	0	0	0	0	15	983	15	11	4
3761	0	0	0	0	23	1024	23	19	4
3774	0	0	0	0	10	961	10	7	3
3775	0	0	0	0	9	957	9	9	0
3744	0	0	0	0	40	1022	40	31	9
3777	0	0	0	0	7	951	7	5	2
3766	0	0	0	0	18	1000	18	17	1
3766	0	0	0	0	18	983	18	15	3
3752	0	0	0	0	32	1010	32	25	7
3773	0	0	0	0	11	973	11	10	1
3778	0	0	0	0	6	963	6	5	1
3758	0	0	0	0	26	1021	26	21	5
3779	0	0	0	0	5	952	5	5	0
3771	0	0	0	0	13	985	13	11	2
3663	0	0	0	0	121	1202	121	103	18
3760	0	0	0	0	24	1000	24	15	9
3764	0	0	0	0	20	994	20	17	3
3779	0	0	0	0	5	960	5	5	0
3776	0	0	0	0	8	962	8	8	0
3755	0	0	0	0	29	1001	29	24	5
3718	0	0	0	0	66	1072	66	57	9
3777	0	0	0	0	7	956	7	5	2
3772	0	0	0	0	12	974	12	9	3
3703	0	0	0	0	81	1091	81	69	12
3700	0	0	0	0	84	1139	84	67	17
3777	0	0	0	0	7	960	7	7	0
3777	0	0	0	0	7	965	7	7	0
3739	0	0	0	0	45	1040	45	37	8
3709	0	0	0	0	75	1089	75	64	11
3774	0	0	0	0	10	968	10	7	3
3764	0	0	0	0	20	982	20	16	4
3733	0	0	0	0	51	1070	51	40	11
3743	0	0	0	0	41	1063	41	35	6
3779	0	0	0	0	5	957	5	5	0
3772	0	0	0	0	12	962	12	10	2
3778	0	0	0	0	6	954	6	6	0
3776	0	0	0	0	8	965	8	8	0
3777	0	0	0	0	7	959	7	7	0
3766	0	0	0	0	18	981	18	15	3
3703	0	0	0	0	81	1090	81	68	13
3771	0	0	0	0	13	968	13	10	3
3775	0	0	0	0	9	957	9	6	3
3718	0	0	0	0	66	1080	66	50	16
3775	0	0	0	0	9	973	9	8	1
3744	0	0	0	0	40	1047	40	33	7
3757	0	0	0	0	27	979	27	25	2
3739	0	0	0	0	45	1023	45	39	6
3767	0	0	0	0	17	982	17	16	1
3779	0	0	0	0	5	954	5	5	0
3736	0	0	0	0	48	1042	48	40	8
3710	0	0	0	0	74	1072	74	65	9
3768	0	0	0	0	16	977	16	12	4
3709	0	0	0	0	75	1079	75	67	8
3766	0	0	0	0	18	967	18	13	5
3778	0	0	0	0	6	970	6	5	1
3755	0	0	0	0	29	1003	29	24	5
3764	0	0	0	0	20	989	20	17	3
3734	0	0	0	0	50	1047	50	40	10
3766	0	0	0	0	18	996	18	13	5
3763	0	0	0	0	21	1003	21	18	3
3771	0	0	0	0	13	967	13	13	0
3777	0	0	0	0	7	951	7	7	0
3776	0	0	0	0	8	965	8	8	0
3763	0	0	0	0	21	994	21	19	2
3763	0	0	0	0	21	996	21	18	3
3770	0	0	0	0	14	973	14	10	4
3761	0	0	0	0	23	979	23	21	2
3767	0	0	0	0	17	990	17	13	4
3778	0	0	0	0	6	946	6	6	0
3746	0	0	0	0	38	1020	38	34	4
3754	0	0	0	0	30	1008	30	26	4
3764	0	0	0	0	20	994	20	12	8
3736	0	0	0	0	48	1046	48	41	7
3756	0	0	0	0	28	989	28	26	2
3769	0	0	0	0	15	986	15	13	2
3779	0	0	0	0	5	956	5	5	0
3765	0	0	0	0	19	981	19	17	2
3778	0	0	0	0	6	958	6	5	1
3738	0	0	0	0	46	1026	46	41	5
3745	0	0	0	0	39	1039	39	30	9
3776	0	0	0	0	8	972	8	7	1
3701	0	0	0	0	83	1092	83	66	17
3757	0	0	0	0	27	994	27	24	3
3776	0	0	0	0	8	957	8	8	0
3737	0	0	0	0	47	1035	47	41	6
3770	0	0	0	0	14	972	14	13	1
3722	0	0	0	0	62	1098	62	46	16
3770	0	0	0	0	14	976	14	11	3
3761	0	0	0	0	23	1017	23	17	6
3759	0	0	0	0	25	1018	25	22	3
3773	0	0	0	0	11	965	11	8	3
3768	0	0	0	0	16	968	16	15	1
3747	0	0	0	0	37	1025	37	36	1
3709	0	0	0	0	75	1097	75	60	15
3772	0	0	0	0	12	986	12	10	2
3774	0	0	0	0	10	956	10	9	1
3754	0	0	0	0	30	1065	30	23	7
3696	0	0	0	0	88	1135	88	78	10
3778	0	0	0	0	6	952	6	5	1
3698	0	0	0	0	86	1147	86	72	14
3774	0	0	0	0	10	977	10	6	4
3766	0	0	0	0	18	990	18	16	2
3766	0	0	0	0	18	970	18	11	7
3774	0	0	0	0	10	979	10	9	1
3776	0	0	0	0	8	948	8	7	1
3777	0	0	0	0	7	971	7	6	1
3764	0	0	0	0	20	985	20	12	8
3728	0	0	0	0	56	1089	56	50	6
3779	0	0	0	0	5	946	5	5	0
3702	0	0	0	0	82	1071	82	72	10
3770	0	0	0	0	14	973	14	10	4
3776	0	0	0	0	8	953	8	7	1
3752	0	0	0	0	32	1002	32	26	6
3772	0	0	0	0	12	970	12	9	3
3769	0	0	0	0	15	968	15	14	1
3772	0	0	0	0	12	974	12	10	2
3748	0	0	0	0	36	1007	36	27	9
3769	0	0	0	0	15	992	15	13	2
3755	0	0	0	0	29	1031	29	25	4
3765	0	0	0	0	19	966	19	18	1
3775	0	0	0	0	9	965	9	8	1
3773	0	0	0	0	11	982	11	9	2
3778	0	0	0	0	6	965	6	5	1
3735	0	0	0	0	49	1051	49	37	12
3772	0	0	0	0	12	974	12	10	2
3761	0	0	0	0	23	985	23	16	7
3760	0	0	0	0	24	982	24	22	2
3758	0	0	0	0	26	991	26	23	3
3772	0	0	0	0	12	975	12	10	2
3774	0	0	0	0	10	970	10	9	1
3777	0	0	0	0	7	962	7	6	1
3771	0	0	0	0	13	981	13	12	1
3777	0	0	0	0	7	955	7	7	0
3778	0	0	0	0	6	961	6	5	1
3727	0	0	0	0	57	1074	57	47	10
3758	0	0	0	0	26	1001	26	22	4
3775	0	0	0	0	9	968	9	8	1
3761	0	0	0	0	23	992	23	19	4
3747	0	0	0	0	37	991	37	29	8
3713	0	0	0	0	71	1102	71	51	20
3774	0	0	0	0	10	972	10	7	3
3741	0	0	0	0	43	1054	43	34	9
3740	0	0	0	0	44	1027	44	34	10
3749	0	0	0	0	35	1019	35	29	6
3777	0	0	0	0	7	962	7	7	0
3770	0	0	0	0	14	976	14	12	2
3766	0	0	0	0	18	980	18	13	5
3776	0	0	0	0	8	969	8	6	2
3779	0	0	0	0	5	948	5	5	0
3771	0	0	0	0	13	979	13	12	1
3768	0	0	0	0	16	982	16	13	3
3667	0	0	0	0	117	1131	117	103	14
3754	0	0	0	0	30	1015	30	26	4
3689	0	0	0	0	95	1112	95	76	19
3776	0	0	0	0	8	966	8	6	2
3721	0	0	0	0	63	1090	63	52	11
3767	0	0	0	0	17	979	17	11	6
3779	0	0	0	0	5	947	5	5	0
3733	0	0	0	0	51	1063	51	46	5
3752	0	0	0	0	32	991	32	24	8
3774	0	0	0	0	10	960	10	8	2
3760	0	0	0	0	24	972	24	18	6
3776	0	0	0	0	8	966	8	6	2
3775	0	0	0	0	9	957	9	6	3
3746	0	0	0	0	38	1048	38	30	8
3769	0	0	0	0	15	959	15	10	5
3759	0	0	0	0	25	998	25	22	3
3762	0	0	0	0	22	1007	22	19	3
3771	0	0	0	0	13	952	13	11	2
3777	0	0	0	0	7	950	7	6	1
3776	0	0	0	0	8	963	8	5	3
3773	0	0	0	0	11	979	11	9	2
3778	0	0	0	0	6	964	6	5	1
3779	0	0	0	0	5	953	5	5	0
3694	0	0	0	0	90	1074	90	72	18
