3776	0	0	0	0	8	2836	8	6	2
3772	0	0	0	0	12	2837	12	12	0
3777	0	0	0	0	7	2834	7	7	0
3776	0	0	0	0	8	2834	8	8	0
3778	0	0	0	0	6	2834	6	6	0
3778	0	0	0	0	6	2835	6	6	0
3777	0	0	0	0	7	2834	7	7	0
3773	0	0	0	0	11	2838	11	9	2
3772	0	0	0	0	12	2838	12	10	2
3772	0	0	0	0	12	2835	12	11	1
3779	0	0	0	0	5	2834	5	5	0
3771	0	0	0	0	13	2834	13	13	0
3778	0	0	0	0	6	2835	6	6	0
3779	0	0	0	0	5	2835	5	5	0
3779	0	0	0	0	5	2833	5	5	0
3770	0	0	0	0	14	2833	14	14	0
3779	0	0	0	0	5	2833	5	5	0
3769	0	0	0	0	15	2838	15	14	1
3779	0	0	0	0	5	2835	5	5	0
3776	0	0	0	0	8	2835	8	7	1
3778	0	0	0	0	6	2834	6	6	0
3779	0	0	0	0	5	2833	5	5	0
3779	0	0	0	0	5	2834	5	5	0
3775	0	0	0	0	9	2837	9	9	0
3778	0	0	0	0	6	2835	6	6	0
3778	0	0	0	0	6	2836	6	6	0
3779	0	0	0	0	5	2834	5	5	0
3779	0	0	0	0	5	2834	5	5	0
3774	0	0	0	0	10	2836	10	8	2
3778	0	0	0	0	6	2837	6	6	0
3778	0	0	0	0	6	2836	6	6	0
3777	0	0	0	0	7	2835	7	6	1
3779	0	0	0	0	5	2833	5	5	0
3778	0	0	0	0	6	2835	6	6	0
3775	0	0	0	0	9	2834	9	9	0
3778	0	0	0	0	6	2835	6	6	0
3779	0	0	0	0	5	2835	5	5	0
3776	0	0	0	0	8	2833	8	8	0
3779	0	0	0	0	5	2834	5	5	0
3778	0	0	0	0	6	2835	6	6	0
3778	0	0	0	0	6	2834	6	6	0
3779	0	0	0	0	5	2836	5	5	0
3767	0	0	0	0	17	2835	17	17	0
3773	0	0	0	0	11	2835	11	11	0
3779	0	0	0	0	5	2836	5	5	0
3779	0	0	0	0	5	2836	5	5	0
3778	0	0	0	0	6	2838	6	6	0
3776	0	0	0	0	8	2837	8	7	1
3775	0	0	0	0	9	2834	9	9	0
3779	0	0	0	0	5	2836	5	5	0
3778	0	0	0	0	6	2834	6	6	0
3777	0	0	0	0	7	2835	7	6	1
3778	0	0	0	0	6	2834	6	6	0
3779	0	0	0	0	5	2834	5	5	0
3774	0	0	0	0	10	2838	10	9	1
3779	0	0	0	0	5	2836	5	5	0
3777	0	0	0	0	7	2837	7	6	1
3772	0	0	0	0	12	2836	12	11	1
3769	0	0	0	0	15	2838	15	13	2
3774	0	0	0	0	10	2835	10	10	0
3776	0	0	0	0	8	2837	8	7	1
3777	0	0	0	0	7	2838	7	5	2
3776	0	0	0	0	8	2835	8	7	1
3779	0	0	0	0	5	2834	5	5	0
3775	0	0	0	0	9	2837	9	8	1
3779	0	0	0	0	5	2835	5	5	0
3778	0	0	0	0	6	2834	6	6	0
3776	0	0	0	0	8	2835	8	8	0
3778	0	0	0	0	6	2834	6	6	0
3776	0	0	0	0	8	2834	8	7	1
3779	0	0	0	0	5	2833	5	5	0
3778	0	0	0	0	6	2834	6	6	0
3774	0	0	0	0	10	2836	10	9	1
3771	0	0	0	0	13	2837	13	12	1
3768	0	0	0	0	16	2833	16	16	0
3776	0	0	0	0	8	2837	8	8	0
3773	0	0	0	0	11	2836	11	11	0
3779	0	0	0	0	5	2835	5	5	0
3777	0	0	0	0	7	2836	7	7	0
3775	0	0	0	0	9	2835	9	8	1
3779	0	0	0	0	5	2833	5	5	0
3767	0	0	0	0	17	2835	17	17	0
3778	0	0	0	0	6	2835	6	6	0
3776	0	0	0	0	8	2836	8	8	0
3776	0	0	0	0	8	2835	8	8	0
3775	0	0	0	0	9	2835	9	8	1
3778	0	0	0	0	6	2834	6	6	0
3778	0	0	0	0	6	2834	6	6	0
3779	0	0	0	0	5	2835	5	5	0
3779	0	0	0	0	5	2835	5	5	0
3778	0	0	0	0	6	2835	6	5	1
3771	0	0	0	0	13	2836	13	13	0
3779	0	0	0	0	5	2834	5	5	0
3779	0	0	0	0	5	2835	5	5	0
3779	0	0	0	0	5	2835	5	5	0
3778	0	0	0	0	6	2833	6	6	0
3776	0	0	0	0	8	2838	8	8	0
3774	0	0	0	0	10	2835	10	9	1
3777	0	0	0	0	7	2836	7	6	1
3779	0	0	0	0	5	2835	5	5	0
3776	0	0	0	0	8	2835	8	8	0
3771	0	0	0	0	13	2837	13	12	1
3775	0	0	0	0	9	2835	9	9	0
3778	0	0	0	0	6	2835	6	6	0
3779	0	0	0	0	5	2833	5	5	0
3778	0	0	0	0	6	2834	6	6	0
3779	0	0	0	0	5	2834	5	5	0
3774	0	0	0	0	10	2837	10	9	1
3778	0	0	0	0	6	2837	6	6	0
3772	0	0	0	0	12	2837	12	11	1
3778	0	0	0	0	6	2833	6	6	0
3776	0	0	0	0	8	2837	8	8	0
3773	0	0	0	0	11	2834	11	11	0
3778	0	0	0	0	6	2835	6	5	1
3775	0	0	0	0	9	2835	9	8	1
3779	0	0	0	0	5	2833	5	5	0
3778	0	0	0	0	6	2834	6	6	0
3778	0	0	0	0	6	2835	6	6	0
3777	0	0	0	0	7	2834	7	7	0
3777	0	0	0	0	7	2834	7	7	0
3778	0	0	0	0	6	2838	6	6	0
3778	0	0	0	0	6	2835	6	6	0
3771	0	0	0	0	13	2836	13	12	1
3778	0	0	0	0	6	2833	6	6	0
3776	0	0	0	0	8	2836	8	7	1
3778	0	0	0	0	6	2833	6	6	0
3778	0	0	0	0	6	2834	6	6	0
3779	0	0	0	0	5	2833	5	5	0
3779	0	0	0	0	5	2835	5	5	0
3778	0	0	0	0	6	2836	6	6	0
3779	0	0	0	0	5	2834	5	5	0
3779	0	0	0	0	5	2834	5	5	0
3772	0	0	0	0	12	2837	12	10	2
3778	0	0	0	0	6	2834	6	6	0
3779	0	0	0	0	5	2836	5	5	0
3778	0	0	0	0	6	2833	6	6	0
3779	0	0	0	0	5	2835	5	5	0
3779	0	0	0	0	5	2834	5	5	0
3778	0	0	0	0	6	2836	6	6	0
3778	0	0	0	0	6	2834	6	6	0
3779	0	0	0	0	5	2834	5	5	0
3775	0	0	0	0	9	2840	9	9	0
3776	0	0	0	0	8	2837	8	8	0
3779	0	0	0	0	5	2834	5	5	0
3777	0	0	0	0	7	2835	7	7	0
3771	0	0	0	0	13	2838	13	12	1
3777	0	0	0	0	7	2836	7	6	1
3769	0	0	0	0	15	2840	15	12	3
3779	0	0	0	0	5	2834	5	5	0
3778	0	0	0	0	6	2834	6	6	0
3769	0	0	0	0	15	2836	15	15	0
3778	0	0	0	0	6	2834	6	6	0
3776	0	0	0	0	8	2836	8	8	0
3778	0	0	0	0	6	2833	6	6	0
3779	0	0	0	0	5	2833	5	5	0
3778	0	0	0	0	6	2833	6	6	0
3779	0	0	0	0	5	2834	5	5	0
3776	0	0	0	0	8	2833	8	8	0
3779	0	0	0	0	5	2834	5	5	0
3774	0	0	0	0	10	2836	10	10	0
3779	0	0	0	0	5	2837	5	5	0
3777	0	0	0	0	7	2834	7	7	0
3777	0	0	0	0	7	2836	7	7	0
3775	0	0	0	0	9	2836	9	8	1
3769	0	0	0	0	15	2836	15	14	1
3777	0	0	0	0	7	2836	7	7	0
3779	0	0	0	0	5	2835	5	5	0
3776	0	0	0	0	8	2833	8	8	0
3772	0	0	0	0	12	2836	12	12	0
3779	0	0	0	0	5	2838	5	5	0
3779	0	0	0	0	5	2833	5	5	0
3774	0	0	0	0	10	2836	10	10	0
3779	0	0	0	0	5	2835	5	5	0
3779	0	0	0	0	5	2835	5	5	0
3773	0	0	0	0	11	2836	11	11	0
3777	0	0	0	0	7	2835	7	7	0
3779	0	0	0	0	5	2835	5	5	0
3779	0	0	0	0	5	2836	5	5	0
3779	0	0	0	0	5	2836	5	5	0
3778	0	0	0	0	6	2837	6	6	0
3779	0	0	0	0	5	2834	5	5	0
3777	0	0	0	0	7	2836	7	7	0
3772	0	0	0	0	12	2838	12	9	3
3773	0	0	0	0	11	2837	11	8	3
3770	0	0	0	0	14	2840	14	13	1
3776	0	0	0	0	8	2835	8	7	1
3779	0	0	0	0	5	2834	5	5	0
3767	0	0	0	0	17	2837	17	16	1
3775	0	0	0	0	9	2833	9	9	0
3778	0	0	0	0	6	2833	6	6	0
3779	0	0	0	0	5	2835	5	5	0
3779	0	0	0	0	5	2835	5	5	0
3773	0	0	0	0	11	2838	11	9	2
3777	0	0	0	0	7	2834	7	7	0
3779	0	0	0	0	5	2835	5	5	0
3775	0	0	0	0	9	2835	9	9	0
3768	0	0	0	0	16	2839	16	16	0
3779	0	0	0	0	5	2835	5	5	0
3766	0	0	0	0	18	2837	18	17	1
3777	0	0	0	0	7	2835	7	7	0
3768	0	0	0	0	16	2836	16	15	1
3779	0	0	0	0	5	2834	5	5	0
3776	0	0	0	0	8	2834	8	8	0
3776	0	0	0	0	8	2837	8	7	1
3777	0	0	0	0	7	2833	7	7	0
3773	0	0	0	0	11	2836	11	11	0
3778	0	0	0	0	6	2834	6	6	0
3779	0	0	0	0	5	2834	5	5	0
3778	0	0	0	0	6	2834	6	6	0
3778	0	0	0	0	6	2836	6	6	0
3779	0	0	0	0	5	2836	5	5	0
3772	0	0	0	0	12	2841	12	11	1
3776	0	0	0	0	8	2834	8	7	1
3779	0	0	0	0	5	2834	5	5	0
3779	0	0	0	0	5	2834	5	5	0
3778	0	0	0	0	6	2836	6	6	0
3777	0	0	0	0	7	2835	7	7	0
3778	0	0	0	0	6	2835	6	6	0
3767	0	0	0	0	17	2838	17	15	2
3776	0	0	0	0	8	2834	8	8	0
3779	0	0	0	0	5	2835	5	5	0
3776	0	0	0	0	8	2834	8	8	0
3777	0	0	0	0	7	2835	7	7	0
3774	0	0	0	0	10	2837	10	10	0
3777	0	0	0	0	7	2835	7	6	1
3778	0	0	0	0	6	2835	6	6	0
3777	0	0	0	0	7	2835	7	7	0
3775	0	0	0	0	9	2835	9	9	0
3778	0	0	0	0	6	2837	6	6	0
3773	0	0	0	0	11	2836	11	11	0
3778	0	0	0	0	6	2834	6	6	0
3776	0	0	0	0	8	2835	8	8	0
3779	0	0	0	0	5	2835	5	5	0
3778	0	0	0	0	6	2834	6	6	0
3774	0	0	0	0	10	2836	10	10	0
3776	0	0	0	0	8	2835	8	8	0
3777	0	0	0	0	7	2837	7	6	1
3777	0	0	0	0	7	2835	7	7	0
3779	0	0	0	0	5	2833	5	5	0
3775	0	0	0	0	9	2835	9	9	0
3777	0	0	0	0	7	2834	7	7	0
3779	0	0	0	0	5	2834	5	5	0
3774	0	0	0	0	10	2834	10	9	1
3749	0	0	0	0	35	2841	35	32	3
3769	0	0	0	0	15	2837	15	14	1
3776	0	0	0	0	8	2834	8	8	0
3777	0	0	0	0	7	2837	7	7	0
3777	0	0	0	0	7	2836	7	6	1
3777	0	0	0	0	7	2834	7	6	1
3779	0	0	0	0	5	2835	5	5	0
3778	0	0	0	0	6	2835	6	5	1
3772	0	0	0	0	12	2836	12	11	1
3772	0	0	0	0	12	2835	12	12	0
3761	0	0	0	0	23	2835	23	23	0
3776	0	0	0	0	8	2835	8	8	0
3777	0	0	0	0	7	2834	7	7	0
3779	0	0	0	0	5	2836	5	5	0
3778	0	0	0	0	6	2835	6	6	0
3759	0	0	0	0	25	2839	25	24	1
3777	0	0	0	0	7	2836	7	7	0
3779	0	0	0	0	5	2835	5	5	0
3778	0	0	0	0	6	2834	6	6	0
3777	0	0	0	0	7	2835	7	7	0
3757	0	0	0	0	27	2840	27	26	1
3778	0	0	0	0	6	2834	6	6	0
3776	0	0	0	0	8	2834	8	8	0
3766	0	0	0	0	18	2837	18	18	0
3775	0	0	0	0	9	2836	9	8	1
3777	0	0	0	0	7	2836	7	7	0
3778	0	0	0	0	6	2833	6	6	0
3777	0	0	0	0	7	2834	7	7	0
3778	0	0	0	0	6	2837	6	6	0
3774	0	0	0	0	10	2834	10	10	0
3777	0	0	0	0	7	2837	7	6	1
3778	0	0	0	0	6	2835	6	6	0
3777	0	0	0	0	7	2835	7	7	0
3774	0	0	0	0	10	2834	10	10	0
3776	0	0	0	0	8	2839	8	6	2
3778	0	0	0	0	6	2836	6	6	0
3776	0	0	0	0	8	2835	8	8	0
3779	0	0	0	0	5	2835	5	5	0
3777	0	0	0	0	7	2835	7	6	1
3779	0	0	0	0	5	2834	5	5	0
3777	0	0	0	0	7	2835	7	7	0
3775	0	0	0	0	9	2833	9	9	0
3775	0	0	0	0	9	2836	9	8	1
3779	0	0	0	0	5	2833	5	5	0
3776	0	0	0	0	8	2836	8	7	1
3776	0	0	0	0	8	2833	8	8	0
3776	0	0	0	0	8	2835	8	8	0
3779	0	0	0	0	5	2834	5	5	0
3779	0	0	0	0	5	2834	5	5	0
3779	0	0	0	0	5	2833	5	5	0
3779	0	0	0	0	5	2835	5	5	0
3775	0	0	0	0	9	2837	9	8	1
3778	0	0	0	0	6	2835	6	6	0
3777	0	0	0	0	7	2833	7	7	0
3772	0	0	0	0	12	2838	12	11	1
3778	0	0	0	0	6	2836	6	6	0
3777	0	0	0	0	7	2835	7	7	0
3775	0	0	0	0	9	2833	9	9	0
3779	0	0	0	0	5	2834	5	5	0
3775	0	0	0	0	9	2835	9	9	0
3779	0	0	0	0	5	2835	5	5	0
3778	0	0	0	0	6	2835	6	5	1
3775	0	0	0	0	9	2834	9	9	0
3778	0	0	0	0	6	2837	6	5	1
3776	0	0	0	0	8	2838	8	7	1
3776	0	0	0	0	8	2835	8	8	0
3779	0	0	0	0	5	2835	5	5	0
3779	0	0	0	0	5	2835	5	5	0
3777	0	0	0	0	7	2834	7	7	0
3778	0	0	0	0	6	2834	6	6	0
3775	0	0	0	0	9	2835	9	9	0
3776	0	0	0	0	8	2836	8	7	1
3774	0	0	0	0	10	2835	10	10	0
3776	0	0	0	0	8	2834	8	8	0
3779	0	0	0	0	5	2835	5	5	0
3778	0	0	0	0	6	2836	6	5	1
3779	0	0	0	0	5	2833	5	5	0
3778	0	0	0	0	6	2835	6	6	0
3778	0	0	0	0	6	2835	6	6	0
3778	0	0	0	0	6	2834	6	6	0
3779	0	0	0	0	5	2834	5	5	0
3773	0	0	0	0	11	2837	11	9	2
3776	0	0	0	0	8	2835	8	7	1
3773	0	0	0	0	11	2836	11	10	1
3778	0	0	0	0	6	2833	6	6	0
3779	0	0	0	0	5	2833	5	5	0
3776	0	0	0	0	8	2833	8	8	0
3779	0	0	0	0	5	2833	5	5	0
3778	0	0	0	0	6	2835	6	6	0
3772	0	0	0	0	12	2837	12	12	0
3778	0	0	0	0	6	2833	6	6	0
3775	0	0	0	0	9	2838	9	8	1
3778	0	0	0	0	6	2835	6	6	0
3777	0	0	0	0	7	2837	7	7	0
3779	0	0	0	0	5	2833	5	5	0
3777	0	0	0	0	7	2836	7	7	0
3770	0	0	0	0	14	2836	14	12	2
3772	0	0	0	0	12	2836	12	11	1
3778	0	0	0	0	6	2836	6	6	0
3779	0	0	0	0	5	2834	5	5	0
3778	0	0	0	0	6	2834	6	6	0
3776	0	0	0	0	8	2837	8	8	0
3778	0	0	0	0	6	2836	6	6	0
3778	0	0	0	0	6	2835	6	5	1
3778	0	0	0	0	6	2833	6	6	0
3779	0	0	0	0	5	2833	5	5	0
3776	0	0	0	0	8	2833	8	8	0
3778	0	0	0	0	6	2833	6	6	0
3776	0	0	0	0	8	2834	8	8	0
3778	0	0	0	0	6	2834	6	6	0
3778	0	0	0	0	6	2836	6	6	0
3776	0	0	0	0	8	2837	8	8	0
3774	0	0	0	0	10	2838	10	10	0
3772	0	0	0	0	12	2833	12	12	0
3772	0	0	0	0	12	2834	12	12	0
3779	0	0	0	0	5	2833	5	5	0
3777	0	0	0	0	7	2833	7	7	0
3779	0	0	0	0	5	2836	5	5	0
3777	0	0	0	0	7	2836	7	7	0
3779	0	0	0	0	5	2834	5	5	0
3776	0	0	0	0	8	2836	8	8	0
3779	0	0	0	0	5	2833	5	5	0
3779	0	0	0	0	5	2834	5	5	0
3776	0	0	0	0	8	2833	8	8	0
3779	0	0	0	0	5	2835	5	5	0
3779	0	0	0	0	5	2836	5	5	0
3777	0	0	0	0	7	2838	7	7	0
3778	0	0	0	0	6	2835	6	6	0
3771	0	0	0	0	13	2835	13	13	0
3776	0	0	0	0	8	2834	8	8	0
3779	0	0	0	0	5	2836	5	5	0
3778	0	0	0	0	6	2835	6	6	0
3769	0	0	0	0	15	2835	15	13	2
3771	0	0	0	0	13	2836	13	12	1
3779	0	0	0	0	5	2834	5	5	0
3773	0	0	0	0	11	2839	11	10	1
3779	0	0	0	0	5	2836	5	5	0
3777	0	0	0	0	7	2835	7	7	0
3779	0	0	0	0	5	2834	5	5	0
3776	0	0	0	0	8	2836	8	8	0
3774	0	0	0	0	10	2836	10	9	1
3777	0	0	0	0	7	2835	7	7	0
3777	0	0	0	0	7	2833	7	7	0
3779	0	0	0	0	5	2833	5	5	0
3776	0	0	0	0	8	2834	8	8	0
3774	0	0	0	0	10	2834	10	10	0
3779	0	0	0	0	5	2835	5	5	0
3776	0	0	0	0	8	2837	8	7	1
3777	0	0	0	0	7	2836	7	7	0
3776	0	0	0	0	8	2836	8	7	1
3778	0	0	0	0	6	2834	6	6	0
3776	0	0	0	0	8	2835	8	8	0
3775	0	0	0	0	9	2834	9	9	0
3778	0	0	0	0	6	2835	6	6	0
3778	0	0	0	0	6	2833	6	6	0
3779	0	0	0	0	5	2834	5	5	0
3778	0	0	0	0	6	2833	6	6	0
3779	0	0	0	0	5	2835	5	5	0
3776	0	0	0	0	8	2836	8	8	0
3779	0	0	0	0	5	2833	5	5	0
3777	0	0	0	0	7	2834	7	7	0
3778	0	0	0	0	6	2833	6	6	0
3776	0	0	0	0	8	2837	8	8	0
3773	0	0	0	0	11	2835	11	11	0
3777	0	0	0	0	7	2836	7	7	0
3778	0	0	0	0	6	2835	6	6	0
3769	0	0	0	0	15	2837	15	13	2
3775	0	0	0	0	9	2838	9	9	0
3777	0	0	0	0	7	2834	7	7	0
3778	0	0	0	0	6	2833	6	6	0
3776	0	0	0	0	8	2835	8	8	0
3779	0	0	0	0	5	2838	5	5	0
3775	0	0	0	0	9	2838	9	8	1
3779	0	0	0	0	5	2836	5	5	0
3776	0	0	0	0	8	2834	8	8	0
3773	0	0	0	0	11	2836	11	10	1
3778	0	0	0	0	6	2833	6	6	0
3778	0	0	0	0	6	2834	6	6	0
3779	0	0	0	0	5	2833	5	5	0
3777	0	0	0	0	7	2835	7	7	0
3779	0	0	0	0	5	2834	5	5	0
3773	0	0	0	0	11	2838	11	11	0
3777	0	0	0	0	7	2834	7	7	0
3770	0	0	0	0	14	2837	14	12	2
3771	0	0	0	0	13	2836	13	11	2
3778	0	0	0	0	6	2834	6	6	0
3779	0	0	0	0	5	2834	5	5	0
3778	0	0	0	0	6	2835	6	6	0
3774	0	0	0	0	10	2834	10	10	0
3775	0	0	0	0	9	2836	9	9	0
3779	0	0	0	0	5	2834	5	5	0
3778	0	0	0	0	6	2837	6	5	1
3778	0	0	0	0	6	2835	6	5	1
3777	0	0	0	0	7	2834	7	7	0
3776	0	0	0	0	8	2836	8	7	1
3777	0	0	0	0	7	2833	7	7	0
3770	0	0	0	0	14	2839	14	13	1
3779	0	0	0	0	5	2835	5	5	0
3777	0	0	0	0	7	2836	7	7	0
3777	0	0	0	0	7	2834	7	7	0
3777	0	0	0	0	7	2834	7	7	0
3777	0	0	0	0	7	2835	7	7	0
3778	0	0	0	0	6	2834	6	6	0
3776	0	0	0	0	8	2836	8	8	0
3779	0	0	0	0	5	2835	5	5	0
3777	0	0	0	0	7	2838	7	6	1
3778	0	0	0	0	6	2834	6	6	0
3771	0	0	0	0	13	2835	13	12	1
3778	0	0	0	0	6	2834	6	6	0
3775	0	0	0	0	9	2834	9	9	0
3776	0	0	0	0	8	2835	8	8	0
3778	0	0	0	0	6	2835	6	5	1
3779	0	0	0	0	5	2834	5	5	0
3776	0	0	0	0	8	2837	8	8	0
3779	0	0	0	0	5	2834	5	5	0
3778	0	0	0	0	6	2833	6	6	0
3778	0	0	0	0	6	2834	6	6	0
3777	0	0	0	0	7	2833	7	7	0
3777	0	0	0	0	7	2837	7	7	0
3777	0	0	0	0	7	2836	7	7	0
3777	0	0	0	0	7	2833	7	7	0
3770	0	0	0	0	14	2838	14	13	1
3778	0	0	0	0	6	2835	6	6	0
3761	0	0	0	0	23	2837	23	21	2
3778	0	0	0	0	6	2836	6	5	1
3776	0	0	0	0	8	2838	8	8	0
3779	0	0	0	0	5	2835	5	5	0
3777	0	0	0	0	7	2834	7	7	0
3777	0	0	0	0	7	2834	7	7	0
3778	0	0	0	0	6	2835	6	6	0
3779	0	0	0	0	5	2833	5	5	0
3778	0	0	0	0	6	2835	6	6	0
3776	0	0	0	0	8	2833	8	8	0
3778	0	0	0	0	6	2833	6	6	0
3777	0	0	0	0	7	2834	7	7	0
3775	0	0	0	0	9	2835	9	7	2
3778	0	0	0	0	6	2835	6	6	0
3776	0	0	0	0	8	2833	8	8	0
3777	0	0	0	0	7	2835	7	6	1
3779	0	0	0	0	5	2835	5	5	0
3778	0	0	0	0	6	2834	6	6	0
3778	0	0	0	0	6	2834	6	6	0
3779	0	0	0	0	5	2833	5	5	0
3776	0	0	0	0	8	2838	8	7	1
3777	0	0	0	0	7	2838	7	6	1
3776	0	0	0	0	8	2836	8	7	1
3779	0	0	0	0	5	2835	5	5	0
3775	0	0	0	0	9	2836	9	8	1
3779	0	0	0	0	5	2834	5	5	0
3774	0	0	0	0	10	2838	10	7	3
3776	0	0	0	0	8	2834	8	8	0
3779	0	0	0	0	5	2834	5	5	0
3778	0	0	0	0	6	2835	6	6	0
3778	0	0	0	0	6	2835	6	5	1
3778	0	0	0	0	6	2835	6	5	1
3779	0	0	0	0	5	2836	5	5	0
3774	0	0	0	0	10	2837	10	9	1
