3768	0	0	0	0	16	1327	16	13	3
3757	0	0	0	0	27	1345	27	21	6
3775	0	0	0	0	9	1334	9	9	0
3775	0	0	0	0	9	1326	9	9	0
3737	0	0	0	0	47	1348	47	36	11
3759	0	0	0	0	25	1342	25	18	7
3605	0	0	0	0	179	1449	179	140	39
3712	0	0	0	0	72	1382	72	49	23
3760	0	0	0	0	24	1340	24	19	5
3718	0	0	0	0	66	1351	66	57	9
3735	0	0	0	0	49	1363	49	37	12
3714	0	0	0	0	70	1374	70	55	15
3672	0	0	0	0	112	1392	112	86	26
3779	0	0	0	0	5	1321	5	5	0
3776	0	0	0	0	8	1324	8	6	2
3763	0	0	0	0	21	1333	21	19	2
3778	0	0	0	0	6	1324	6	6	0
3732	0	0	0	0	52	1373	52	39	13
3779	0	0	0	0	5	1322	5	5	0
3773	0	0	0	0	11	1324	11	9	2
3777	0	0	0	0	7	1321	7	7	0
3751	0	0	0	0	33	1349	33	25	8
3779	0	0	0	0	5	1324	5	5	0
3756	0	0	0	0	28	1336	28	24	4
3726	0	0	0	0	58	1371	58	38	20
3566	0	0	0	0	218	1473	218	153	65
3740	0	0	0	0	44	1359	44	29	15
3772	0	0	0	0	12	1329	12	12	0
3579	0	0	0	0	205	1466	205	151	54
3778	0	0	0	0	6	1325	6	6	0
3774	0	0	0	0	10	1326	10	10	0
3755	0	0	0	0	29	1344	29	23	6
3775	0	0	0	0	9	1329	9	7	2
3778	0	0	0	0	6	1324	6	6	0
3728	0	0	0	0	56	1366	56	43	13
3778	0	0	0	0	6	1322	6	6	0
3779	0	0	0	0	5	1323	5	5	0
3738	0	0	0	0	46	1367	46	31	15
3779	0	0	0	0	5	1321	5	5	0
3778	0	0	0	0	6	1322	6	6	0
3773	0	0	0	0	11	1325	11	9	2
3779	0	0	0	0	5	1323	5	5	0
3750	0	0	0	0	34	1341	34	26	8
3766	0	0	0	0	18	1338	18	18	0
3770	0	0	0	0	14	1333	14	12	2
3779	0	0	0	0	5	1323	5	5	0
3765	0	0	0	0	19	1336	19	17	2
3744	0	0	0	0	40	1360	40	22	18
3682	0	0	0	0	102	1385	102	89	13
3773	0	0	0	0	11	1328	11	10	1
3711	0	0	0	0	73	1388	73	50	23
3761	0	0	0	0	23	1339	23	17	6
3773	0	0	0	0	11	1328	11	8	3
3758	0	0	0	0	26	1340	26	21	5
3774	0	0	0	0	10	1329	10	8	2
3779	0	0	0	0	5	1323	5	5	0
3741	0	0	0	0	43	1353	43	31	12
3760	0	0	0	0	24	1336	24	19	5
3743	0	0	0	0	41	1355	41	31	10
3774	0	0	0	0	10	1326	10	9	1
3770	0	0	0	0	14	1335	14	11	3
3750	0	0	0	0	34	1355	34	25	9
3775	0	0	0	0	9	1327	9	7	2
3779	0	0	0	0	5	1323	5	5	0
3767	0	0	0	0	17	1343	17	13	4
3753	0	0	0	0	31	1342	31	28	3
3770	0	0	0	0	14	1332	14	11	3
3765	0	0	0	0	19	1342	19	14	5
3771	0	0	0	0	13	1324	13	10	3
3770	0	0	0	0	14	1334	14	10	4
3771	0	0	0	0	13	1329	13	12	1
3642	0	0	0	0	142	1426	142	95	47
3766	0	0	0	0	18	1332	18	16	2
3749	0	0	0	0	35	1362	35	26	9
3560	0	0	0	0	224	1464	224	162	62
3766	0	0	0	0	18	1335	18	14	4
3776	0	0	0	0	8	1325	8	8	0
3772	0	0	0	0	12	1330	12	10	2
3776	0	0	0	0	8	1327	8	8	0
3526	0	0	0	0	258	1506	258	194	64
3779	0	0	0	0	5	1323	5	5	0
3743	0	0	0	0	41	1363	41	33	8
3745	0	0	0	0	39	1352	39	31	8
3772	0	0	0	0	12	1331	12	12	0
3757	0	0	0	0	27	1340	27	21	6
3405	0	0	0	0	379	1584	379	289	90
3775	0	0	0	0	9	1328	9	7	2
3774	0	0	0	0	10	1328	10	7	3
3770	0	0	0	0	14	1330	14	13	1
3772	0	0	0	0	12	1330	12	11	1
3731	0	0	0	0	53	1375	53	40	13
3670	0	0	0	0	114	1409	114	84	30
3730	0	0	0	0	54	1354	54	41	13
3763	0	0	0	0	21	1339	21	17	4
3605	0	0	0	0	179	1454	179	129	50
3637	0	0	0	0	147	1428	147	115	32
3766	0	0	0	0	18	1336	18	12	6
3682	0	0	0	0	102	1414	102	69	33
3742	0	0	0	0	42	1352	42	30	12
3770	0	0	0	0	14	1333	14	11	3
3775	0	0	0	0	9	1329	9	8	1
3721	0	0	0	0	63	1364	63	53	10
3756	0	0	0	0	28	1340	28	23	5
3750	0	0	0	0	34	1351	34	24	10
3779	0	0	0	0	5	1322	5	5	0
3762	0	0	0	0	22	1343	22	17	5
3779	0	0	0	0	5	1322	5	5	0
3742	0	0	0	0	42	1346	42	30	12
3682	0	0	0	0	102	1403	102	76	26
3723	0	0	0	0	61	1365	61	41	20
3778	0	0	0	0	6	1324	6	5	1
3765	0	0	0	0	19	1334	19	13	6
3762	0	0	0	0	22	1339	22	18	4
3766	0	0	0	0	18	1337	18	16	2
3774	0	0	0	0	10	1327	10	9	1
3776	0	0	0	0	8	1323	8	8	0
3777	0	0	0	0	7	1323	7	7	0
3622	0	0	0	0	162	1417	162	127	35
3769	0	0	0	0	15	1333	15	12	3
3759	0	0	0	0	25	1341	25	17	8
3777	0	0	0	0	7	1326	7	7	0
3775	0	0	0	0	9	1325	9	8	1
3739	0	0	0	0	45	1363	45	30	15
3646	0	0	0	0	138	1425	138	105	33
3753	0	0	0	0	31	1339	31	27	4
3773	0	0	0	0	11	1330	11	11	0
3759	0	0	0	0	25	1337	25	22	3
3773	0	0	0	0	11	1326	11	10	1
3779	0	0	0	0	5	1322	5	5	0
3580	0	0	0	0	204	1466	204	147	57
3778	0	0	0	0	6	1324	6	6	0
3766	0	0	0	0	18	1329	18	16	2
3770	0	0	0	0	14	1327	14	11	3
3778	0	0	0	0	6	1322	6	6	0
3779	0	0	0	0	5	1325	5	5	0
3721	0	0	0	0	63	1372	63	47	16
3775	0	0	0	0	9	1325	9	9	0
3744	0	0	0	0	40	1354	40	26	14
3695	0	0	0	0	89	1384	89	68	21
3742	0	0	0	0	42	1366	42	27	15
3778	0	0	0	0	6	1321	6	6	0
3777	0	0	0	0	7	1328	7	6	1
3765	0	0	0	0	19	1341	19	14	5
3778	0	0	0	0	6	1326	6	5	1
3744	0	0	0	0	40	1351	40	31	9
3722	0	0	0	0	62	1374	62	48	14
3767	0	0	0	0	17	1331	17	15	2
3739	0	0	0	0	45	1361	45	30	15
3779	0	0	0	0	5	1322	5	5	0
3778	0	0	0	0	6	1322	6	5	1
3700	0	0	0	0	84	1371	84	64	20
3723	0	0	0	0	61	1380	61	45	16
3771	0	0	0	0	13	1327	13	12	1
3776	0	0	0	0	8	1323	8	8	0
3766	0	0	0	0	18	1342	18	15	3
3721	0	0	0	0	63	1361	63	43	20
3766	0	0	0	0	18	1331	18	16	2
3659	0	0	0	0	125	1407	125	89	36
3751	0	0	0	0	33	1341	33	29	4
3774	0	0	0	0	10	1329	10	9	1
3749	0	0	0	0	35	1365	35	26	9
3773	0	0	0	0	11	1322	11	11	0
3718	0	0	0	0	66	1373	66	45	21
3743	0	0	0	0	41	1361	41	30	11
3759	0	0	0	0	25	1342	25	19	6
3777	0	0	0	0	7	1326	7	7	0
3773	0	0	0	0	11	1326	11	10	1
3773	0	0	0	0	11	1325	11	9	2
3727	0	0	0	0	57	1379	57	40	17
3779	0	0	0	0	5	1325	5	5	0
3779	0	0	0	0	5	1323	5	5	0
3608	0	0	0	0	176	1465	176	128	48
3779	0	0	0	0	5	1319	5	5	0
3779	0	0	0	0	5	1324	5	5	0
3770	0	0	0	0	14	1334	14	11	3
3612	0	0	0	0	172	1465	172	120	52
3752	0	0	0	0	32	1352	32	24	8
3764	0	0	0	0	20	1341	20	16	4
3779	0	0	0	0	5	1323	5	5	0
3692	0	0	0	0	92	1389	92	70	22
3777	0	0	0	0	7	1326	7	6	1
3776	0	0	0	0	8	1326	8	8	0
3588	0	0	0	0	196	1450	196	137	59
3692	0	0	0	0	92	1397	92	65	27
3731	0	0	0	0	53	1366	53	43	10
3754	0	0	0	0	30	1354	30	24	6
3618	0	0	0	0	166	1448	166	125	41
3717	0	0	0	0	67	1370	67	43	24
3739	0	0	0	0	45	1350	45	39	6
3639	0	0	0	0	145	1428	145	107	38
3779	0	0	0	0	5	1323	5	5	0
3779	0	0	0	0	5	1322	5	5	0
3747	0	0	0	0	37	1353	37	27	10
3768	0	0	0	0	16	1336	16	12	4
3772	0	0	0	0	12	1328	12	10	2
3750	0	0	0	0	34	1355	34	22	12
3700	0	0	0	0	84	1374	84	67	17
3779	0	0	0	0	5	1324	5	5	0
3600	0	0	0	0	184	1451	184	131	53
3763	0	0	0	0	21	1334	21	18	3
3757	0	0	0	0	27	1346	27	20	7
3776	0	0	0	0	8	1324	8	8	0
3759	0	0	0	0	25	1343	25	20	5
3770	0	0	0	0	14	1337	14	11	3
3707	0	0	0	0	77	1382	77	53	24
3767	0	0	0	0	17	1332	17	13	4
3743	0	0	0	0	41	1354	41	33	8
3776	0	0	0	0	8	1325	8	7	1
3604	0	0	0	0	180	1447	180	135	45
3778	0	0	0	0	6	1328	6	6	0
3779	0	0	0	0	5	1322	5	5	0
3724	0	0	0	0	60	1366	60	40	20
3741	0	0	0	0	43	1358	43	32	11
3779	0	0	0	0	5	1323	5	5	0
3779	0	0	0	0	5	1322	5	5	0
3772	0	0	0	0	12	1331	12	10	2
3771	0	0	0	0	13	1332	13	11	2
3718	0	0	0	0	66	1378	66	49	17
3727	0	0	0	0	57	1376	57	40	17
3761	0	0	0	0	23	1339	23	17	6
3777	0	0	0	0	7	1324	7	6	1
3763	0	0	0	0	21	1331	21	16	5
3712	0	0	0	0	72	1376	72	53	19
3757	0	0	0	0	27	1340	27	25	2
3766	0	0	0	0	18	1329	18	15	3
3771	0	0	0	0	13	1323	13	13	0
3770	0	0	0	0	14	1329	14	14	0
3772	0	0	0	0	12	1328	12	11	1
3686	0	0	0	0	98	1392	98	73	25
3756	0	0	0	0	28	1343	28	22	6
3766	0	0	0	0	18	1334	18	12	6
3773	0	0	0	0	11	1327	11	8	3
3779	0	0	0	0	5	1320	5	5	0
3774	0	0	0	0	10	1331	10	10	0
3718	0	0	0	0	66	1369	66	49	17
3693	0	0	0	0	91	1379	91	65	26
3756	0	0	0	0	28	1346	28	22	6
3760	0	0	0	0	24	1348	24	19	5
3673	0	0	0	0	111	1405	111	89	22
3771	0	0	0	0	13	1331	13	11	2
3700	0	0	0	0	84	1394	84	60	24
3754	0	0	0	0	30	1339	30	22	8
3610	0	0	0	0	174	1442	174	135	39
3705	0	0	0	0	79	1389	79	59	20
3778	0	0	0	0	6	1326	6	5	1
3758	0	0	0	0	26	1343	26	22	4
3520	0	0	0	0	264	1508	264	201	63
3759	0	0	0	0	25	1348	25	18	7
3697	0	0	0	0	87	1369	87	69	18
3762	0	0	0	0	22	1342	22	16	6
3765	0	0	0	0	19	1338	19	12	7
3737	0	0	0	0	47	1360	47	35	12
3507	0	0	0	0	277	1532	277	197	80
3674	0	0	0	0	110	1402	110	79	31
3749	0	0	0	0	35	1355	35	27	8
3775	0	0	0	0	9	1331	9	9	0
3779	0	0	0	0	5	1323	5	5	0
3668	0	0	0	0	116	1424	116	89	27
3598	0	0	0	0	186	1458	186	141	45
3770	0	0	0	0	14	1333	14	12	2
3693	0	0	0	0	91	1386	91	64	27
3738	0	0	0	0	46	1353	46	32	14
3776	0	0	0	0	8	1323	8	8	0
3676	0	0	0	0	108	1403	108	80	28
3767	0	0	0	0	17	1331	17	14	3
3754	0	0	0	0	30	1333	30	24	6
3756	0	0	0	0	28	1336	28	24	4
3777	0	0	0	0	7	1330	7	6	1
3736	0	0	0	0	48	1378	48	33	15
3740	0	0	0	0	44	1362	44	32	12
3736	0	0	0	0	48	1367	48	36	12
3680	0	0	0	0	104	1397	104	70	34
3772	0	0	0	0	12	1328	12	11	1
3777	0	0	0	0	7	1327	7	6	1
3779	0	0	0	0	5	1322	5	5	0
3774	0	0	0	0	10	1325	10	9	1
3755	0	0	0	0	29	1345	29	22	7
3709	0	0	0	0	75	1373	75	57	18
3777	0	0	0	0	7	1326	7	7	0
3767	0	0	0	0	17	1334	17	14	3
3779	0	0	0	0	5	1325	5	5	0
3755	0	0	0	0	29	1338	29	24	5
3779	0	0	0	0	5	1327	5	5	0
3776	0	0	0	0	8	1328	8	8	0
3764	0	0	0	0	20	1338	20	19	1
3580	0	0	0	0	204	1456	204	163	41
3779	0	0	0	0	5	1324	5	5	0
3750	0	0	0	0	34	1348	34	24	10
3772	0	0	0	0	12	1331	12	10	2
3763	0	0	0	0	21	1336	21	16	5
3768	0	0	0	0	16	1327	16	16	0
3779	0	0	0	0	5	1325	5	5	0
3776	0	0	0	0	8	1328	8	7	1
3778	0	0	0	0	6	1323	6	6	0
3757	0	0	0	0	27	1340	27	19	8
3715	0	0	0	0	69	1380	69	52	17
3769	0	0	0	0	15	1328	15	12	3
3738	0	0	0	0	46	1348	46	39	7
3778	0	0	0	0	6	1324	6	6	0
3675	0	0	0	0	109	1399	109	83	26
3744	0	0	0	0	40	1361	40	28	12
3765	0	0	0	0	19	1343	19	12	7
3772	0	0	0	0	12	1326	12	12	0
3766	0	0	0	0	18	1333	18	14	4
3686	0	0	0	0	98	1397	98	73	25
3750	0	0	0	0	34	1345	34	26	8
3732	0	0	0	0	52	1386	52	34	18
3768	0	0	0	0	16	1336	16	10	6
3763	0	0	0	0	21	1338	21	18	3
3730	0	0	0	0	54	1365	54	40	14
3763	0	0	0	0	21	1348	21	14	7
3539	0	0	0	0	245	1486	245	195	50
3777	0	0	0	0	7	1325	7	6	1
3693	0	0	0	0	91	1407	91	68	23
3771	0	0	0	0	13	1335	13	11	2
3765	0	0	0	0	19	1339	19	15	4
3766	0	0	0	0	18	1326	18	15	3
3778	0	0	0	0	6	1325	6	6	0
3768	0	0	0	0	16	1335	16	10	6
3778	0	0	0	0	6	1328	6	6	0
3603	0	0	0	0	181	1456	181	134	47
3762	0	0	0	0	22	1338	22	18	4
3522	0	0	0	0	262	1502	262	198	64
3778	0	0	0	0	6	1323	6	6	0
3773	0	0	0	0	11	1327	11	9	2
3770	0	0	0	0	14	1329	14	11	3
3665	0	0	0	0	119	1416	119	92	27
3770	0	0	0	0	14	1329	14	11	3
3779	0	0	0	0	5	1323	5	5	0
3715	0	0	0	0	69	1376	69	53	16
3775	0	0	0	0	9	1329	9	7	2
3723	0	0	0	0	61	1380	61	42	19
3719	0	0	0	0	65	1369	65	52	13
3723	0	0	0	0	61	1375	61	41	20
3777	0	0	0	0	7	1328	7	6	1
3778	0	0	0	0	6	1326	6	6	0
3716	0	0	0	0	68	1382	68	48	20
3779	0	0	0	0	5	1322	5	5	0
3718	0	0	0	0	66	1366	66	48	18
3520	0	0	0	0	264	1493	264	201	63
3740	0	0	0	0	44	1375	44	24	20
3748	0	0	0	0	36	1360	36	27	9
3778	0	0	0	0	6	1323	6	6	0
3778	0	0	0	0	6	1322	6	6	0
3752	0	0	0	0	32	1348	32	26	6
3771	0	0	0	0	13	1332	13	12	1
3777	0	0	0	0	7	1327	7	5	2
3774	0	0	0	0	10	1328	10	8	2
3779	0	0	0	0	5	1323	5	5	0
3764	0	0	0	0	20	1333	20	17	3
3778	0	0	0	0	6	1325	6	6	0
3771	0	0	0	0	13	1330	13	8	5
3768	0	0	0	0	16	1328	16	12	4
3577	0	0	0	0	207	1472	207	160	47
3771	0	0	0	0	13	1326	13	12	1
3767	0	0	0	0	17	1336	17	12	5
3756	0	0	0	0	28	1335	28	24	4
3636	0	0	0	0	148	1427	148	111	37
3779	0	0	0	0	5	1322	5	5	0
3776	0	0	0	0	8	1321	8	8	0
3779	0	0	0	0	5	1325	5	5	0
3747	0	0	0	0	37	1348	37	30	7
3779	0	0	0	0	5	1323	5	5	0
3769	0	0	0	0	15	1334	15	14	1
3629	0	0	0	0	155	1437	155	120	35
3776	0	0	0	0	8	1328	8	5	3
3768	0	0	0	0	16	1326	16	13	3
3749	0	0	0	0	35	1350	35	27	8
3735	0	0	0	0	49	1368	49	38	11
3770	0	0	0	0	14	1336	14	13	1
3768	0	0	0	0	16	1327	16	16	0
3705	0	0	0	0	79	1380	79	59	20
3776	0	0	0	0	8	1326	8	7	1
3779	0	0	0	0	5	1326	5	5	0
3674	0	0	0	0	110	1384	110	91	19
3697	0	0	0	0	87	1373	87	70	17
3743	0	0	0	0	41	1344	41	33	8
3657	0	0	0	0	127	1402	127	97	30
3769	0	0	0	0	15	1334	15	11	4
3778	0	0	0	0	6	1329	6	6	0
3763	0	0	0	0	21	1342	21	19	2
3777	0	0	0	0	7	1321	7	7	0
3710	0	0	0	0	74	1376	74	48	26
3770	0	0	0	0	14	1331	14	12	2
3708	0	0	0	0	76	1380	76	58	18
3777	0	0	0	0	7	1320	7	6	1
3779	0	0	0	0	5	1322	5	5	0
3753	0	0	0	0	31	1339	31	27	4
3632	0	0	0	0	152	1435	152	122	30
3778	0	0	0	0	6	1327	6	6	0
3765	0	0	0	0	19	1334	19	12	7
3753	0	0	0	0	31	1344	31	22	9
3745	0	0	0	0	39	1349	39	31	8
3779	0	0	0	0	5	1323	5	5	0
3611	0	0	0	0	173	1439	173	124	49
3689	0	0	0	0	95	1393	95	72	23
3771	0	0	0	0	13	1327	13	10	3
3641	0	0	0	0	143	1408	143	109	34
3779	0	0	0	0	5	1324	5	5	0
3767	0	0	0	0	17	1334	17	15	2
3779	0	0	0	0	5	1324	5	5	0
3769	0	0	0	0	15	1333	15	11	4
3778	0	0	0	0	6	1320	6	6	0
3760	0	0	0	0	24	1341	24	22	2
3630	0	0	0	0	154	1444	154	116	38
3712	0	0	0	0	72	1371	72	59	13
3676	0	0	0	0	108	1406	108	79	29
3747	0	0	0	0	37	1359	37	26	11
3778	0	0	0	0	6	1323	6	6	0
3754	0	0	0	0	30	1338	30	22	8
3772	0	0	0	0	12	1338	12	9	3
3585	0	0	0	0	199	1449	199	135	64
3771	0	0	0	0	13	1330	13	12	1
3700	0	0	0	0	84	1387	84	61	23
3776	0	0	0	0	8	1328	8	8	0
3768	0	0	0	0	16	1341	16	10	6
3767	0	0	0	0	17	1334	17	13	4
3713	0	0	0	0	71	1383	71	58	13
3526	0	0	0	0	258	1469	258	194	64
3743	0	0	0	0	41	1350	41	34	7
3775	0	0	0	0	9	1328	9	7	2
3758	0	0	0	0	26	1338	26	19	7
3760	0	0	0	0	24	1341	24	21	3
3776	0	0	0	0	8	1324	8	7	1
3778	0	0	0	0	6	1328	6	6	0
3720	0	0	0	0	64	1352	64	52	12
3770	0	0	0	0	14	1332	14	11	3
3759	0	0	0	0	25	1337	25	17	8
3539	0	0	0	0	245	1480	245	185	60
3776	0	0	0	0	8	1326	8	7	1
3776	0	0	0	0	8	1328	8	8	0
3768	0	0	0	0	16	1329	16	14	2
3543	0	0	0	0	241	1493	241	183	58
3779	0	0	0	0	5	1322	5	5	0
3769	0	0	0	0	15	1330	15	10	5
3685	0	0	0	0	99	1392	99	71	28
3775	0	0	0	0	9	1329	9	8	1
3755	0	0	0	0	29	1339	29	23	6
3769	0	0	0	0	15	1328	15	12	3
3761	0	0	0	0	23	1333	23	18	5
3751	0	0	0	0	33	1347	33	25	8
3568	0	0	0	0	216	1448	216	155	61
3672	0	0	0	0	112	1403	112	80	32
3773	0	0	0	0	11	1332	11	9	2
3769	0	0	0	0	15	1332	15	14	1
3759	0	0	0	0	25	1333	25	21	4
3763	0	0	0	0	21	1341	21	18	3
3772	0	0	0	0	12	1329	12	11	1
3768	0	0	0	0	16	1336	16	11	5
3771	0	0	0	0	13	1333	13	11	2
3764	0	0	0	0	20	1340	20	13	7
3771	0	0	0	0	13	1332	13	11	2
3723	0	0	0	0	61	1380	61	45	16
3736	0	0	0	0	48	1352	48	36	12
3764	0	0	0	0	20	1339	20	17	3
3703	0	0	0	0	81	1376	81	62	19
3773	0	0	0	0	11	1330	11	10	1
3778	0	0	0	0	6	1321	6	6	0
3776	0	0	0	0	8	1324	8	8	0
3522	0	0	0	0	262	1487	262	186	76
3766	0	0	0	0	18	1331	18	15	3
3770	0	0	0	0	14	1329	14	11	3
3770	0	0	0	0	14	1332	14	10	4
3773	0	0	0	0	11	1325	11	9	2
3709	0	0	0	0	75	1397	75	54	21
3777	0	0	0	0	7	1326	7	7	0
3546	0	0	0	0	238	1469	238	166	72
3549	0	0	0	0	235	1479	235	172	63
3685	0	0	0	0	99	1404	99	73	26
3779	0	0	0	0	5	1325	5	5	0
3760	0	0	0	0	24	1336	24	16	8
3771	0	0	0	0	13	1329	13	12	1
3766	0	0	0	0	18	1335	18	11	7
3779	0	0	0	0	5	1323	5	5	0
3660	0	0	0	0	124	1407	124	99	25
3543	0	0	0	0	241	1486	241	180	61
3601	0	0	0	0	183	1446	183	137	46
3705	0	0	0	0	79	1386	79	55	24
3711	0	0	0	0	73	1378	73	55	18
3776	0	0	0	0	8	1325	8	7	1
3575	0	0	0	0	209	1464	209	158	51
3750	0	0	0	0	34	1341	34	30	4
3779	0	0	0	0	5	1325	5	5	0
3764	0	0	0	0	20	1330	20	19	1
3755	0	0	0	0	29	1345	29	20	9
3766	0	0	0	0	18	1332	18	15	3
3762	0	0	0	0	22	1337	22	15	7
3775	0	0	0	0	9	1334	9	6	3
3774	0	0	0	0	10	1331	10	9	1
3771	0	0	0	0	13	1332	13	12	1
3768	0	0	0	0	16	1330	16	10	6
3728	0	0	0	0	56	1373	56	41	15
3767	0	0	0	0	17	1338	17	11	6
3769	0	0	0	0	15	1328	15	14	1
3778	0	0	0	0	6	1324	6	5	1
3775	0	0	0	0	9	1324	9	8	1
3774	0	0	0	0	10	1335	10	7	3
3778	0	0	0	0	6	1323	6	5	1
3779	0	0	0	0	5	1324	5	5	0
3757	0	0	0	0	27	1344	27	19	8
