3776	0	0	0	0	8	2299	8	6	2
3773	0	0	0	0	11	2308	11	11	0
3778	0	0	0	0	6	2289	6	6	0
3777	0	0	0	0	7	2297	7	7	0
3778	0	0	0	0	6	2290	6	6	0
3779	0	0	0	0	5	2295	5	5	0
3779	0	0	0	0	5	2290	5	5	0
3773	0	0	0	0	11	2311	11	10	1
3776	0	0	0	0	8	2304	8	8	0
3774	0	0	0	0	10	2300	10	9	1
3776	0	0	0	0	8	2297	8	7	1
3777	0	0	0	0	7	2298	7	7	0
3778	0	0	0	0	6	2297	6	6	0
3779	0	0	0	0	5	2276	5	5	0
3779	0	0	0	0	5	2272	5	5	0
3771	0	0	0	0	13	2296	13	11	2
3779	0	0	0	0	5	2273	5	5	0
3774	0	0	0	0	10	2308	10	9	1
3779	0	0	0	0	5	2284	5	5	0
3775	0	0	0	0	9	2289	9	9	0
3778	0	0	0	0	6	2287	6	5	1
3777	0	0	0	0	7	2298	7	7	0
3779	0	0	0	0	5	2289	5	5	0
3777	0	0	0	0	7	2306	7	7	0
3771	0	0	0	0	13	2301	13	13	0
3777	0	0	0	0	7	2314	7	6	1
3778	0	0	0	0	6	2301	6	5	1
3779	0	0	0	0	5	2297	5	5	0
3774	0	0	0	0	10	2315	10	9	1
3778	0	0	0	0	6	2310	6	6	0
3777	0	0	0	0	7	2308	7	6	1
3774	0	0	0	0	10	2317	10	8	2
3779	0	0	0	0	5	2286	5	5	0
3778	0	0	0	0	6	2308	6	6	0
3775	0	0	0	0	9	2303	9	8	1
3778	0	0	0	0	6	2279	6	6	0
3779	0	0	0	0	5	2286	5	5	0
3776	0	0	0	0	8	2299	8	8	0
3779	0	0	0	0	5	2270	5	5	0
3778	0	0	0	0	6	2287	6	6	0
3774	0	0	0	0	10	2304	10	9	1
3778	0	0	0	0	6	2283	6	6	0
3767	0	0	0	0	17	2310	17	16	1
3775	0	0	0	0	9	2303	9	9	0
3776	0	0	0	0	8	2285	8	6	2
3779	0	0	0	0	5	2283	5	5	0
3776	0	0	0	0	8	2311	8	8	0
3777	0	0	0	0	7	2306	7	5	2
3777	0	0	0	0	7	2311	7	6	1
3776	0	0	0	0	8	2283	8	8	0
3776	0	0	0	0	8	2305	8	7	1
3779	0	0	0	0	5	2277	5	5	0
3778	0	0	0	0	6	2288	6	6	0
3779	0	0	0	0	5	2287	5	5	0
3775	0	0	0	0	9	2304	9	7	2
3779	0	0	0	0	5	2275	5	5	0
3777	0	0	0	0	7	2301	7	7	0
3778	0	0	0	0	6	2290	6	6	0
3772	0	0	0	0	12	2317	12	12	0
3774	0	0	0	0	10	2291	10	10	0
3778	0	0	0	0	6	2279	6	6	0
3778	0	0	0	0	6	2286	6	5	1
3776	0	0	0	0	8	2319	8	8	0
3779	0	0	0	0	5	2298	5	5	0
3776	0	0	0	0	8	2294	8	7	1
3779	0	0	0	0	5	2287	5	5	0
3778	0	0	0	0	6	2283	6	6	0
3775	0	0	0	0	9	2313	9	9	0
3778	0	0	0	0	6	2291	6	6	0
3777	0	0	0	0	7	2297	7	7	0
3779	0	0	0	0	5	2276	5	5	0
3779	0	0	0	0	5	2303	5	5	0
3774	0	0	0	0	10	2302	10	8	2
3778	0	0	0	0	6	2301	6	6	0
3768	0	0	0	0	16	2312	16	14	2
3778	0	0	0	0	6	2292	6	6	0
3772	0	0	0	0	12	2285	12	12	0
3779	0	0	0	0	5	2285	5	5	0
3775	0	0	0	0	9	2302	9	8	1
3776	0	0	0	0	8	2320	8	6	2
3778	0	0	0	0	6	2283	6	6	0
3769	0	0	0	0	15	2302	15	13	2
3777	0	0	0	0	7	2293	7	6	1
3775	0	0	0	0	9	2296	9	8	1
3777	0	0	0	0	7	2292	7	7	0
3777	0	0	0	0	7	2310	7	7	0
3778	0	0	0	0	6	2282	6	6	0
3779	0	0	0	0	5	2286	5	5	0
3779	0	0	0	0	5	2290	5	5	0
3779	0	0	0	0	5	2284	5	5	0
3779	0	0	0	0	5	2297	5	5	0
3767	0	0	0	0	17	2354	17	16	1
3773	0	0	0	0	11	2315	11	11	0
3776	0	0	0	0	8	2297	8	7	1
3778	0	0	0	0	6	2306	6	5	1
3778	0	0	0	0	6	2304	6	5	1
3776	0	0	0	0	8	2279	8	8	0
3779	0	0	0	0	5	2303	5	5	0
3776	0	0	0	0	8	2296	8	7	1
3776	0	0	0	0	8	2299	8	8	0
3776	0	0	0	0	8	2300	8	8	0
3774	0	0	0	0	10	2326	10	10	0
3777	0	0	0	0	7	2290	7	7	0
3778	0	0	0	0	6	2297	6	6	0
3779	0	0	0	0	5	2278	5	5	0
3777	0	0	0	0	7	2280	7	7	0
3779	0	0	0	0	5	2277	5	5	0
3769	0	0	0	0	15	2314	15	13	2
3778	0	0	0	0	6	2313	6	6	0
3774	0	0	0	0	10	2309	10	9	1
3778	0	0	0	0	6	2278	6	6	0
3774	0	0	0	0	10	2311	10	9	1
3772	0	0	0	0	12	2298	12	12	0
3775	0	0	0	0	9	2296	9	7	2
3773	0	0	0	0	11	2280	11	10	1
3779	0	0	0	0	5	2280	5	5	0
3779	0	0	0	0	5	2278	5	5	0
3778	0	0	0	0	6	2307	6	5	1
3776	0	0	0	0	8	2309	8	8	0
3777	0	0	0	0	7	2294	7	6	1
3779	0	0	0	0	5	2283	5	5	0
3778	0	0	0	0	6	2283	6	6	0
3776	0	0	0	0	8	2305	8	8	0
3778	0	0	0	0	6	2302	6	6	0
3777	0	0	0	0	7	2296	7	5	2
3779	0	0	0	0	5	2294	5	5	0
3769	0	0	0	0	15	2311	15	14	1
3779	0	0	0	0	5	2276	5	5	0
3779	0	0	0	0	5	2279	5	5	0
3775	0	0	0	0	9	2301	9	8	1
3779	0	0	0	0	5	2283	5	5	0
3778	0	0	0	0	6	2286	6	6	0
3776	0	0	0	0	8	2287	8	7	1
3778	0	0	0	0	6	2298	6	5	1
3777	0	0	0	0	7	2306	7	7	0
3778	0	0	0	0	6	2299	6	6	0
3779	0	0	0	0	5	2282	5	5	0
3777	0	0	0	0	7	2298	7	6	1
3778	0	0	0	0	6	2295	6	5	1
3778	0	0	0	0	6	2294	6	6	0
3779	0	0	0	0	5	2277	5	5	0
3775	0	0	0	0	9	2285	9	9	0
3779	0	0	0	0	5	2281	5	5	0
3779	0	0	0	0	5	2277	5	5	0
3778	0	0	0	0	6	2302	6	6	0
3770	0	0	0	0	14	2302	14	12	2
3779	0	0	0	0	5	2308	5	5	0
3774	0	0	0	0	10	2294	10	9	1
3779	0	0	0	0	5	2272	5	5	0
3778	0	0	0	0	6	2278	6	6	0
3767	0	0	0	0	17	2341	17	14	3
3778	0	0	0	0	6	2297	6	6	0
3774	0	0	0	0	10	2293	10	10	0
3778	0	0	0	0	6	2286	6	6	0
3779	0	0	0	0	5	2293	5	5	0
3777	0	0	0	0	7	2294	7	6	1
3779	0	0	0	0	5	2287	5	5	0
3778	0	0	0	0	6	2321	6	5	1
3779	0	0	0	0	5	2285	5	5	0
3775	0	0	0	0	9	2283	9	9	0
3779	0	0	0	0	5	2302	5	5	0
3779	0	0	0	0	5	2291	5	5	0
3778	0	0	0	0	6	2297	6	6	0
3774	0	0	0	0	10	2318	10	8	2
3773	0	0	0	0	11	2327	11	9	2
3777	0	0	0	0	7	2294	7	7	0
3779	0	0	0	0	5	2303	5	5	0
3775	0	0	0	0	9	2279	9	7	2
3778	0	0	0	0	6	2302	6	6	0
3779	0	0	0	0	5	2279	5	5	0
3779	0	0	0	0	5	2285	5	5	0
3776	0	0	0	0	8	2300	8	8	0
3779	0	0	0	0	5	2283	5	5	0
3779	0	0	0	0	5	2276	5	5	0
3772	0	0	0	0	12	2305	12	12	0
3777	0	0	0	0	7	2298	7	7	0
3779	0	0	0	0	5	2297	5	5	0
3778	0	0	0	0	6	2302	6	5	1
3779	0	0	0	0	5	2285	5	5	0
3777	0	0	0	0	7	2296	7	7	0
3779	0	0	0	0	5	2292	5	5	0
3776	0	0	0	0	8	2285	8	8	0
3776	0	0	0	0	8	2314	8	8	0
3778	0	0	0	0	6	2299	6	6	0
3777	0	0	0	0	7	2308	7	7	0
3774	0	0	0	0	10	2310	10	8	2
3779	0	0	0	0	5	2294	5	5	0
3773	0	0	0	0	11	2329	11	10	1
3773	0	0	0	0	11	2306	11	11	0
3778	0	0	0	0	6	2284	6	6	0
3779	0	0	0	0	5	2294	5	5	0
3779	0	0	0	0	5	2288	5	5	0
3775	0	0	0	0	9	2296	9	8	1
3778	0	0	0	0	6	2297	6	6	0
3778	0	0	0	0	6	2299	6	6	0
3774	0	0	0	0	10	2307	10	9	1
3775	0	0	0	0	9	2326	9	9	0
3779	0	0	0	0	5	2281	5	5	0
3767	0	0	0	0	17	2333	17	17	0
3776	0	0	0	0	8	2312	8	7	1
3767	0	0	0	0	17	2311	17	16	1
3779	0	0	0	0	5	2282	5	5	0
3775	0	0	0	0	9	2301	9	9	0
3779	0	0	0	0	5	2283	5	5	0
3776	0	0	0	0	8	2299	8	8	0
3773	0	0	0	0	11	2301	11	11	0
3776	0	0	0	0	8	2303	8	6	2
3779	0	0	0	0	5	2283	5	5	0
3778	0	0	0	0	6	2304	6	6	0
3778	0	0	0	0	6	2291	6	6	0
3772	0	0	0	0	12	2304	12	12	0
3772	0	0	0	0	12	2307	12	12	0
3776	0	0	0	0	8	2286	8	7	1
3779	0	0	0	0	5	2288	5	5	0
3779	0	0	0	0	5	2280	5	5	0
3778	0	0	0	0	6	2298	6	6	0
3777	0	0	0	0	7	2281	7	6	1
3778	0	0	0	0	6	2279	6	6	0
3772	0	0	0	0	12	2288	12	11	1
3777	0	0	0	0	7	2298	7	7	0
3778	0	0	0	0	6	2287	6	5	1
3776	0	0	0	0	8	2295	8	7	1
3777	0	0	0	0	7	2309	7	7	0
3775	0	0	0	0	9	2306	9	9	0
3777	0	0	0	0	7	2298	7	6	1
3779	0	0	0	0	5	2285	5	5	0
3777	0	0	0	0	7	2290	7	7	0
3778	0	0	0	0	6	2289	6	6	0
3778	0	0	0	0	6	2299	6	5	1
3776	0	0	0	0	8	2309	8	8	0
3777	0	0	0	0	7	2299	7	6	1
3776	0	0	0	0	8	2311	8	8	0
3779	0	0	0	0	5	2293	5	5	0
3776	0	0	0	0	8	2288	8	7	1
3774	0	0	0	0	10	2310	10	9	1
3776	0	0	0	0	8	2285	8	8	0
3777	0	0	0	0	7	2300	7	7	0
3775	0	0	0	0	9	2313	9	9	0
3779	0	0	0	0	5	2279	5	5	0
3777	0	0	0	0	7	2284	7	7	0
3777	0	0	0	0	7	2291	7	7	0
3779	0	0	0	0	5	2284	5	5	0
3773	0	0	0	0	11	2322	11	9	2
3770	0	0	0	0	14	2314	14	13	1
3775	0	0	0	0	9	2293	9	9	0
3771	0	0	0	0	13	2307	13	12	1
3777	0	0	0	0	7	2319	7	7	0
3777	0	0	0	0	7	2291	7	6	1
3778	0	0	0	0	6	2294	6	6	0
3779	0	0	0	0	5	2298	5	5	0
3777	0	0	0	0	7	2298	7	7	0
3773	0	0	0	0	11	2315	11	10	1
3774	0	0	0	0	10	2322	10	9	1
3766	0	0	0	0	18	2339	18	17	1
3776	0	0	0	0	8	2305	8	8	0
3776	0	0	0	0	8	2300	8	8	0
3779	0	0	0	0	5	2273	5	5	0
3778	0	0	0	0	6	2305	6	6	0
3763	0	0	0	0	21	2355	21	20	1
3779	0	0	0	0	5	2289	5	5	0
3776	0	0	0	0	8	2297	8	7	1
3779	0	0	0	0	5	2300	5	5	0
3779	0	0	0	0	5	2286	5	5	0
3776	0	0	0	0	8	2319	8	8	0
3778	0	0	0	0	6	2293	6	6	0
3776	0	0	0	0	8	2288	8	8	0
3772	0	0	0	0	12	2284	12	11	1
3775	0	0	0	0	9	2283	9	8	1
3773	0	0	0	0	11	2313	11	10	1
3777	0	0	0	0	7	2285	7	7	0
3777	0	0	0	0	7	2296	7	7	0
3778	0	0	0	0	6	2301	6	6	0
3776	0	0	0	0	8	2298	8	8	0
3778	0	0	0	0	6	2279	6	6	0
3778	0	0	0	0	6	2304	6	6	0
3777	0	0	0	0	7	2293	7	6	1
3777	0	0	0	0	7	2301	7	5	2
3778	0	0	0	0	6	2292	6	5	1
3778	0	0	0	0	6	2294	6	6	0
3775	0	0	0	0	9	2284	9	9	0
3779	0	0	0	0	5	2282	5	5	0
3777	0	0	0	0	7	2285	7	7	0
3779	0	0	0	0	5	2281	5	5	0
3775	0	0	0	0	9	2290	9	9	0
3778	0	0	0	0	6	2282	6	6	0
3773	0	0	0	0	11	2300	11	10	1
3779	0	0	0	0	5	2278	5	5	0
3776	0	0	0	0	8	2295	8	6	2
3775	0	0	0	0	9	2289	9	9	0
3774	0	0	0	0	10	2289	10	9	1
3778	0	0	0	0	6	2284	6	6	0
3779	0	0	0	0	5	2279	5	5	0
3779	0	0	0	0	5	2294	5	5	0
3779	0	0	0	0	5	2282	5	5	0
3774	0	0	0	0	10	2286	10	8	2
3777	0	0	0	0	7	2309	7	6	1
3776	0	0	0	0	8	2284	8	8	0
3776	0	0	0	0	8	2318	8	7	1
3778	0	0	0	0	6	2276	6	6	0
3777	0	0	0	0	7	2301	7	6	1
3774	0	0	0	0	10	2328	10	10	0
3779	0	0	0	0	5	2298	5	5	0
3775	0	0	0	0	9	2287	9	9	0
3777	0	0	0	0	7	2305	7	7	0
3778	0	0	0	0	6	2302	6	5	1
3777	0	0	0	0	7	2315	7	6	1
3779	0	0	0	0	5	2295	5	5	0
3776	0	0	0	0	8	2291	8	7	1
3776	0	0	0	0	8	2292	8	8	0
3774	0	0	0	0	10	2328	10	9	1
3778	0	0	0	0	6	2304	6	6	0
3775	0	0	0	0	9	2317	9	9	0
3778	0	0	0	0	6	2285	6	6	0
3779	0	0	0	0	5	2294	5	5	0
3779	0	0	0	0	5	2292	5	5	0
3777	0	0	0	0	7	2299	7	7	0
3774	0	0	0	0	10	2307	10	9	1
3779	0	0	0	0	5	2272	5	5	0
3779	0	0	0	0	5	2281	5	5	0
3779	0	0	0	0	5	2294	5	5	0
3778	0	0	0	0	6	2317	6	6	0
3778	0	0	0	0	6	2291	6	6	0
3778	0	0	0	0	6	2291	6	6	0
3779	0	0	0	0	5	2289	5	5	0
3778	0	0	0	0	6	2288	6	5	1
3776	0	0	0	0	8	2300	8	7	1
3774	0	0	0	0	10	2317	10	8	2
3779	0	0	0	0	5	2282	5	5	0
3779	0	0	0	0	5	2277	5	5	0
3776	0	0	0	0	8	2293	8	8	0
3779	0	0	0	0	5	2281	5	5	0
3778	0	0	0	0	6	2304	6	6	0
3773	0	0	0	0	11	2318	11	11	0
3775	0	0	0	0	9	2299	9	8	1
3776	0	0	0	0	8	2300	8	8	0
3778	0	0	0	0	6	2287	6	5	1
3779	0	0	0	0	5	2298	5	5	0
3779	0	0	0	0	5	2275	5	5	0
3777	0	0	0	0	7	2306	7	7	0
3764	0	0	0	0	20	2338	20	18	2
3778	0	0	0	0	6	2307	6	6	0
3778	0	0	0	0	6	2306	6	6	0
3779	0	0	0	0	5	2293	5	5	0
3778	0	0	0	0	6	2305	6	6	0
3773	0	0	0	0	11	2311	11	10	1
3777	0	0	0	0	7	2287	7	6	1
3777	0	0	0	0	7	2285	7	5	2
3777	0	0	0	0	7	2296	7	6	1
3779	0	0	0	0	5	2278	5	5	0
3777	0	0	0	0	7	2296	7	7	0
3777	0	0	0	0	7	2292	7	7	0
3777	0	0	0	0	7	2285	7	7	0
3778	0	0	0	0	6	2297	6	6	0
3778	0	0	0	0	6	2292	6	6	0
3776	0	0	0	0	8	2304	8	7	1
3774	0	0	0	0	10	2293	10	9	1
3774	0	0	0	0	10	2310	10	9	1
3776	0	0	0	0	8	2308	8	7	1
3779	0	0	0	0	5	2286	5	5	0
3776	0	0	0	0	8	2277	8	7	1
3779	0	0	0	0	5	2283	5	5	0
3776	0	0	0	0	8	2301	8	8	0
3779	0	0	0	0	5	2283	5	5	0
3772	0	0	0	0	12	2298	12	12	0
3778	0	0	0	0	6	2300	6	5	1
3776	0	0	0	0	8	2288	8	7	1
3779	0	0	0	0	5	2283	5	5	0
3775	0	0	0	0	9	2310	9	9	0
3778	0	0	0	0	6	2299	6	5	1
3777	0	0	0	0	7	2302	7	6	1
3776	0	0	0	0	8	2290	8	7	1
3772	0	0	0	0	12	2293	12	11	1
3773	0	0	0	0	11	2289	11	11	0
3779	0	0	0	0	5	2282	5	5	0
3778	0	0	0	0	6	2305	6	6	0
3777	0	0	0	0	7	2294	7	7	0
3773	0	0	0	0	11	2308	11	10	1
3779	0	0	0	0	5	2302	5	5	0
3774	0	0	0	0	10	2293	10	8	2
3779	0	0	0	0	5	2292	5	5	0
3777	0	0	0	0	7	2298	7	7	0
3779	0	0	0	0	5	2286	5	5	0
3777	0	0	0	0	7	2320	7	7	0
3776	0	0	0	0	8	2304	8	7	1
3775	0	0	0	0	9	2298	9	8	1
3777	0	0	0	0	7	2288	7	7	0
3779	0	0	0	0	5	2277	5	5	0
3776	0	0	0	0	8	2286	8	8	0
3775	0	0	0	0	9	2307	9	9	0
3779	0	0	0	0	5	2287	5	5	0
3777	0	0	0	0	7	2291	7	7	0
3777	0	0	0	0	7	2294	7	7	0
3777	0	0	0	0	7	2296	7	7	0
3778	0	0	0	0	6	2275	6	6	0
3773	0	0	0	0	11	2315	11	11	0
3774	0	0	0	0	10	2298	10	9	1
3778	0	0	0	0	6	2301	6	5	1
3777	0	0	0	0	7	2314	7	7	0
3779	0	0	0	0	5	2286	5	5	0
3776	0	0	0	0	8	2297	8	7	1
3779	0	0	0	0	5	2286	5	5	0
3774	0	0	0	0	10	2296	10	10	0
3779	0	0	0	0	5	2281	5	5	0
3777	0	0	0	0	7	2292	7	6	1
3775	0	0	0	0	9	2300	9	8	1
3777	0	0	0	0	7	2287	7	7	0
3776	0	0	0	0	8	2296	8	8	0
3774	0	0	0	0	10	2289	10	10	0
3777	0	0	0	0	7	2279	7	7	0
3771	0	0	0	0	13	2314	13	13	0
3775	0	0	0	0	9	2286	9	9	0
3775	0	0	0	0	9	2311	9	8	1
3778	0	0	0	0	6	2298	6	6	0
3775	0	0	0	0	9	2314	9	9	0
3777	0	0	0	0	7	2309	7	7	0
3776	0	0	0	0	8	2297	8	7	1
3778	0	0	0	0	6	2280	6	6	0
3776	0	0	0	0	8	2302	8	8	0
3773	0	0	0	0	11	2323	11	8	3
3778	0	0	0	0	6	2302	6	6	0
3778	0	0	0	0	6	2281	6	6	0
3779	0	0	0	0	5	2306	5	5	0
3778	0	0	0	0	6	2304	6	6	0
3779	0	0	0	0	5	2272	5	5	0
3777	0	0	0	0	7	2311	7	7	0
3777	0	0	0	0	7	2291	7	6	1
3775	0	0	0	0	9	2290	9	7	2
3776	0	0	0	0	8	2288	8	6	2
3775	0	0	0	0	9	2305	9	8	1
3779	0	0	0	0	5	2276	5	5	0
3778	0	0	0	0	6	2295	6	6	0
3777	0	0	0	0	7	2289	7	6	1
3771	0	0	0	0	13	2332	13	12	1
3779	0	0	0	0	5	2274	5	5	0
3777	0	0	0	0	7	2289	7	6	1
3777	0	0	0	0	7	2284	7	5	2
3777	0	0	0	0	7	2278	7	7	0
3777	0	0	0	0	7	2288	7	7	0
3774	0	0	0	0	10	2289	10	8	2
3772	0	0	0	0	12	2288	12	11	1
3776	0	0	0	0	8	2311	8	8	0
3777	0	0	0	0	7	2300	7	6	1
3777	0	0	0	0	7	2293	7	7	0
3779	0	0	0	0	5	2281	5	5	0
3777	0	0	0	0	7	2288	7	6	1
3778	0	0	0	0	6	2281	6	6	0
3776	0	0	0	0	8	2302	8	7	1
3779	0	0	0	0	5	2291	5	5	0
3772	0	0	0	0	12	2331	12	10	2
3779	0	0	0	0	5	2290	5	5	0
3775	0	0	0	0	9	2300	9	9	0
3778	0	0	0	0	6	2293	6	6	0
3776	0	0	0	0	8	2293	8	7	1
3778	0	0	0	0	6	2287	6	6	0
3779	0	0	0	0	5	2288	5	5	0
3779	0	0	0	0	5	2282	5	5	0
3775	0	0	0	0	9	2292	9	9	0
3778	0	0	0	0	6	2284	6	6	0
3779	0	0	0	0	5	2289	5	5	0
3772	0	0	0	0	12	2323	12	10	2
3773	0	0	0	0	11	2320	11	9	2
3777	0	0	0	0	7	2302	7	7	0
3775	0	0	0	0	9	2310	9	8	1
3775	0	0	0	0	9	2284	9	8	1
3774	0	0	0	0	10	2302	10	8	2
3778	0	0	0	0	6	2290	6	5	1
3770	0	0	0	0	14	2326	14	13	1
3777	0	0	0	0	7	2299	7	6	1
3773	0	0	0	0	11	2311	11	10	1
3778	0	0	0	0	6	2289	6	6	0
3776	0	0	0	0	8	2302	8	8	0
3777	0	0	0	0	7	2288	7	7	0
3778	0	0	0	0	6	2291	6	6	0
3779	0	0	0	0	5	2279	5	5	0
3779	0	0	0	0	5	2288	5	5	0
3773	0	0	0	0	11	2300	11	10	1
3777	0	0	0	0	7	2281	7	7	0
3776	0	0	0	0	8	2298	8	8	0
3775	0	0	0	0	9	2304	9	6	3
3778	0	0	0	0	6	2286	6	6	0
3773	0	0	0	0	11	2308	11	11	0
3775	0	0	0	0	9	2289	9	7	2
3779	0	0	0	0	5	2279	5	5	0
3778	0	0	0	0	6	2283	6	6	0
3778	0	0	0	0	6	2300	6	5	1
3777	0	0	0	0	7	2279	7	6	1
3773	0	0	0	0	11	2296	11	9	2
3779	0	0	0	0	5	2286	5	5	0
3776	0	0	0	0	8	2282	8	6	2
3776	0	0	0	0	8	2294	8	7	1
3773	0	0	0	0	11	2283	11	8	3
3779	0	0	0	0	5	2279	5	5	0
3775	0	0	0	0	9	2312	9	8	1
3777	0	0	0	0	7	2278	7	6	1
3779	0	0	0	0	5	2271	5	5	0
3778	0	0	0	0	6	2301	6	5	1
3778	0	0	0	0	6	2291	6	5	1
3779	0	0	0	0	5	2283	5	5	0
3779	0	0	0	0	5	2282	5	5	0
3774	0	0	0	0	10	2296	10	8	2
