3774	0	0	0	0	10	966	10	7	3
3767	0	0	0	0	17	986	17	15	2
3776	0	0	0	0	8	973	8	6	2
3761	0	0	0	0	23	999	23	16	7
3779	0	0	0	0	5	945	5	5	0
3778	0	0	0	0	6	954	6	6	0
3756	0	0	0	0	28	1009	28	24	4
3774	0	0	0	0	10	984	10	7	3
3764	0	0	0	0	20	997	20	13	7
3771	0	0	0	0	13	968	13	10	3
3775	0	0	0	0	9	961	9	6	3
3761	0	0	0	0	23	994	23	15	8
3765	0	0	0	0	19	992	19	17	2
3779	0	0	0	0	5	943	5	5	0
3778	0	0	0	0	6	949	6	6	0
3765	0	0	0	0	19	984	19	16	3
3779	0	0	0	0	5	948	5	5	0
3763	0	0	0	0	21	1008	21	14	7
3778	0	0	0	0	6	952	6	6	0
3778	0	0	0	0	6	949	6	6	0
3778	0	0	0	0	6	948	6	5	1
3767	0	0	0	0	17	1002	17	12	5
3779	0	0	0	0	5	950	5	5	0
3777	0	0	0	0	7	955	7	7	0
3762	0	0	0	0	22	1014	22	17	5
3762	0	0	0	0	22	1026	22	17	5
3774	0	0	0	0	10	978	10	8	2
3777	0	0	0	0	7	962	7	6	1
3757	0	0	0	0	27	1026	27	21	6
3778	0	0	0	0	6	962	6	6	0
3778	0	0	0	0	6	957	6	6	0
3772	0	0	0	0	12	979	12	10	2
3777	0	0	0	0	7	958	7	6	1
3779	0	0	0	0	5	954	5	5	0
3771	0	0	0	0	13	975	13	10	3
3778	0	0	0	0	6	946	6	6	0
3779	0	0	0	0	5	946	5	5	0
3776	0	0	0	0	8	959	8	7	1
3779	0	0	0	0	5	945	5	5	0
3778	0	0	0	0	6	948	6	6	0
3776	0	0	0	0	8	951	8	6	2
3779	0	0	0	0	5	951	5	5	0
3775	0	0	0	0	9	965	9	7	2
3774	0	0	0	0	10	970	10	8	2
3775	0	0	0	0	9	962	9	6	3
3779	0	0	0	0	5	948	5	5	0
3774	0	0	0	0	10	978	10	8	2
3765	0	0	0	0	19	1000	19	13	6
3768	0	0	0	0	16	994	16	12	4
3751	0	0	0	0	33	1028	33	24	9
3758	0	0	0	0	26	1041	26	18	8
3778	0	0	0	0	6	960	6	6	0
3778	0	0	0	0	6	954	6	5	1
3773	0	0	0	0	11	963	11	10	1
3777	0	0	0	0	7	958	7	5	2
3779	0	0	0	0	5	946	5	5	0
3769	0	0	0	0	15	992	15	12	3
3767	0	0	0	0	17	981	17	11	6
3769	0	0	0	0	15	998	15	11	4
3774	0	0	0	0	10	972	10	9	1
3775	0	0	0	0	9	968	9	8	1
3773	0	0	0	0	11	979	11	8	3
3778	0	0	0	0	6	960	6	6	0
3778	0	0	0	0	6	956	6	5	1
3770	0	0	0	0	14	995	14	8	6
3779	0	0	0	0	5	949	5	5	0
3779	0	0	0	0	5	950	5	5	0
3778	0	0	0	0	6	970	6	6	0
3774	0	0	0	0	10	954	10	10	0
3774	0	0	0	0	10	975	10	8	2
3775	0	0	0	0	9	955	9	8	1
3755	0	0	0	0	29	1054	29	21	8
3776	0	0	0	0	8	970	8	7	1
3764	0	0	0	0	20	1017	20	14	6
3731	0	0	0	0	53	1100	53	33	20
3776	0	0	0	0	8	971	8	7	1
3773	0	0	0	0	11	963	11	10	1
3775	0	0	0	0	9	961	9	7	2
3776	0	0	0	0	8	955	8	7	1
3772	0	0	0	0	12	998	12	9	3
3777	0	0	0	0	7	958	7	5	2
3759	0	0	0	0	25	1004	25	17	8
3763	0	0	0	0	21	999	21	14	7
3776	0	0	0	0	8	963	8	6	2
3773	0	0	0	0	11	968	11	7	4
3728	0	0	0	0	56	1095	56	43	13
3771	0	0	0	0	13	972	13	11	2
3778	0	0	0	0	6	960	6	5	1
3772	0	0	0	0	12	969	12	10	2
3774	0	0	0	0	10	968	10	8	2
3760	0	0	0	0	24	1021	24	15	9
3747	0	0	0	0	37	1071	37	26	11
3778	0	0	0	0	6	960	6	6	0
3769	0	0	0	0	15	980	15	10	5
3744	0	0	0	0	40	1055	40	26	14
3759	0	0	0	0	25	1001	25	21	4
3774	0	0	0	0	10	973	10	10	0
3769	0	0	0	0	15	1011	15	11	4
3775	0	0	0	0	9	971	9	8	1
3779	0	0	0	0	5	955	5	5	0
3775	0	0	0	0	9	969	9	7	2
3773	0	0	0	0	11	971	11	10	1
3764	0	0	0	0	20	987	20	14	6
3771	0	0	0	0	13	994	13	10	3
3779	0	0	0	0	5	946	5	5	0
3777	0	0	0	0	7	958	7	6	1
3779	0	0	0	0	5	946	5	5	0
3769	0	0	0	0	15	983	15	10	5
3775	0	0	0	0	9	973	9	7	2
3748	0	0	0	0	36	1038	36	16	20
3778	0	0	0	0	6	954	6	5	1
3772	0	0	0	0	12	964	12	9	3
3772	0	0	0	0	12	984	12	9	3
3773	0	0	0	0	11	979	11	8	3
3775	0	0	0	0	9	960	9	7	2
3775	0	0	0	0	9	959	9	8	1
3777	0	0	0	0	7	963	7	7	0
3772	0	0	0	0	12	995	12	11	1
3770	0	0	0	0	14	983	14	11	3
3766	0	0	0	0	18	988	18	10	8
3778	0	0	0	0	6	954	6	6	0
3776	0	0	0	0	8	957	8	7	1
3761	0	0	0	0	23	1024	23	20	3
3736	0	0	0	0	48	1085	48	40	8
3774	0	0	0	0	10	961	10	7	3
3778	0	0	0	0	6	955	6	6	0
3763	0	0	0	0	21	985	21	12	9
3778	0	0	0	0	6	950	6	5	1
3779	0	0	0	0	5	946	5	5	0
3777	0	0	0	0	7	958	7	7	0
3779	0	0	0	0	5	953	5	5	0
3774	0	0	0	0	10	962	10	8	2
3774	0	0	0	0	10	955	10	6	4
3778	0	0	0	0	6	952	6	6	0
3779	0	0	0	0	5	949	5	5	0
3776	0	0	0	0	8	960	8	8	0
3774	0	0	0	0	10	966	10	9	1
3778	0	0	0	0	6	959	6	5	1
3777	0	0	0	0	7	963	7	7	0
3771	0	0	0	0	13	993	13	8	5
3778	0	0	0	0	6	953	6	6	0
3778	0	0	0	0	6	965	6	5	1
3769	0	0	0	0	15	990	15	12	3
3779	0	0	0	0	5	951	5	5	0
3770	0	0	0	0	14	1011	14	10	4
3758	0	0	0	0	26	1023	26	17	9
3778	0	0	0	0	6	962	6	6	0
3760	0	0	0	0	24	1034	24	20	4
3779	0	0	0	0	5	945	5	5	0
3778	0	0	0	0	6	949	6	5	1
3743	0	0	0	0	41	1044	41	30	11
3762	0	0	0	0	22	1020	22	17	5
3777	0	0	0	0	7	956	7	7	0
3777	0	0	0	0	7	951	7	7	0
3769	0	0	0	0	15	981	15	11	4
3753	0	0	0	0	31	1034	31	20	11
3779	0	0	0	0	5	951	5	5	0
3744	0	0	0	0	40	1063	40	24	16
3767	0	0	0	0	17	993	17	12	5
3775	0	0	0	0	9	965	9	8	1
3779	0	0	0	0	5	960	5	5	0
3774	0	0	0	0	10	959	10	8	2
3765	0	0	0	0	19	995	19	16	3
3768	0	0	0	0	16	987	16	10	6
3761	0	0	0	0	23	997	23	15	8
3776	0	0	0	0	8	957	8	7	1
3778	0	0	0	0	6	955	6	6	0
3774	0	0	0	0	10	955	10	7	3
3772	0	0	0	0	12	983	12	10	2
3779	0	0	0	0	5	949	5	5	0
3777	0	0	0	0	7	957	7	7	0
3767	0	0	0	0	17	996	17	12	5
3779	0	0	0	0	5	945	5	5	0
3779	0	0	0	0	5	947	5	5	0
3775	0	0	0	0	9	976	9	9	0
3744	0	0	0	0	40	1063	40	26	14
3778	0	0	0	0	6	957	6	5	1
3776	0	0	0	0	8	976	8	8	0
3779	0	0	0	0	5	951	5	5	0
3773	0	0	0	0	11	966	11	9	2
3777	0	0	0	0	7	955	7	5	2
3776	0	0	0	0	8	958	8	7	1
3738	0	0	0	0	46	1078	46	32	14
3774	0	0	0	0	10	976	10	8	2
3759	0	0	0	0	25	1014	25	21	4
3770	0	0	0	0	14	990	14	12	2
3765	0	0	0	0	19	1007	19	17	2
3765	0	0	0	0	19	1005	19	12	7
3766	0	0	0	0	18	992	18	15	3
3778	0	0	0	0	6	953	6	6	0
3779	0	0	0	0	5	951	5	5	0
3778	0	0	0	0	6	950	6	6	0
3774	0	0	0	0	10	974	10	8	2
3771	0	0	0	0	13	986	13	11	2
3759	0	0	0	0	25	1007	25	20	5
3767	0	0	0	0	17	1001	17	11	6
3774	0	0	0	0	10	968	10	8	2
3778	0	0	0	0	6	951	6	5	1
3717	0	0	0	0	67	1147	67	46	21
3768	0	0	0	0	16	987	16	9	7
3772	0	0	0	0	12	971	12	9	3
3778	0	0	0	0	6	952	6	5	1
3768	0	0	0	0	16	986	16	15	1
3767	0	0	0	0	17	994	17	12	5
3763	0	0	0	0	21	1000	21	18	3
3768	0	0	0	0	16	972	16	12	4
3773	0	0	0	0	11	977	11	8	3
3779	0	0	0	0	5	956	5	5	0
3776	0	0	0	0	8	968	8	6	2
3779	0	0	0	0	5	962	5	5	0
3779	0	0	0	0	5	950	5	5	0
3760	0	0	0	0	24	1002	24	16	8
3741	0	0	0	0	43	1062	43	33	10
3762	0	0	0	0	22	1000	22	17	5
3779	0	0	0	0	5	947	5	5	0
3778	0	0	0	0	6	960	6	6	0
3774	0	0	0	0	10	964	10	9	1
3771	0	0	0	0	13	970	13	9	4
3762	0	0	0	0	22	1014	22	14	8
3776	0	0	0	0	8	971	8	8	0
3777	0	0	0	0	7	954	7	5	2
3773	0	0	0	0	11	965	11	10	1
3774	0	0	0	0	10	973	10	7	3
3766	0	0	0	0	18	987	18	12	6
3775	0	0	0	0	9	960	9	6	3
3776	0	0	0	0	8	960	8	8	0
3770	0	0	0	0	14	975	14	10	4
3764	0	0	0	0	20	990	20	14	6
3751	0	0	0	0	33	1038	33	21	12
3770	0	0	0	0	14	987	14	9	5
3773	0	0	0	0	11	985	11	9	2
3776	0	0	0	0	8	955	8	6	2
3777	0	0	0	0	7	964	7	6	1
3775	0	0	0	0	9	973	9	8	1
3745	0	0	0	0	39	1038	39	28	11
3774	0	0	0	0	10	969	10	8	2
3767	0	0	0	0	17	979	17	12	5
3772	0	0	0	0	12	986	12	8	4
3779	0	0	0	0	5	957	5	5	0
3774	0	0	0	0	10	971	10	9	1
3774	0	0	0	0	10	972	10	7	3
3775	0	0	0	0	9	963	9	7	2
3751	0	0	0	0	33	1054	33	23	10
3742	0	0	0	0	42	1062	42	25	17
3779	0	0	0	0	5	956	5	5	0
3774	0	0	0	0	10	968	10	9	1
3778	0	0	0	0	6	960	6	5	1
3771	0	0	0	0	13	1012	13	9	4
3767	0	0	0	0	17	982	17	11	6
3769	0	0	0	0	15	983	15	12	3
3772	0	0	0	0	12	980	12	10	2
3759	0	0	0	0	25	1033	25	19	6
3729	0	0	0	0	55	1109	55	42	13
3747	0	0	0	0	37	1020	37	25	12
3761	0	0	0	0	23	1019	23	19	4
3778	0	0	0	0	6	956	6	6	0
3779	0	0	0	0	5	948	5	5	0
3749	0	0	0	0	35	1071	35	24	11
3708	0	0	0	0	76	1196	76	60	16
3778	0	0	0	0	6	956	6	5	1
3738	0	0	0	0	46	1066	46	32	14
3763	0	0	0	0	21	994	21	9	12
3777	0	0	0	0	7	962	7	7	0
3767	0	0	0	0	17	1010	17	13	4
3774	0	0	0	0	10	962	10	10	0
3770	0	0	0	0	14	989	14	13	1
3764	0	0	0	0	20	972	20	17	3
3778	0	0	0	0	6	962	6	5	1
3766	0	0	0	0	18	1033	18	13	5
3777	0	0	0	0	7	953	7	6	1
3772	0	0	0	0	12	970	12	10	2
3754	0	0	0	0	30	1023	30	19	11
3778	0	0	0	0	6	954	6	6	0
3777	0	0	0	0	7	956	7	6	1
3779	0	0	0	0	5	952	5	5	0
3776	0	0	0	0	8	959	8	6	2
3771	0	0	0	0	13	988	13	10	3
3765	0	0	0	0	19	987	19	13	6
3777	0	0	0	0	7	955	7	7	0
3775	0	0	0	0	9	966	9	8	1
3779	0	0	0	0	5	948	5	5	0
3770	0	0	0	0	14	981	14	11	3
3779	0	0	0	0	5	954	5	5	0
3775	0	0	0	0	9	967	9	7	2
3771	0	0	0	0	13	981	13	13	0
3749	0	0	0	0	35	1080	35	24	11
3779	0	0	0	0	5	947	5	5	0
3772	0	0	0	0	12	974	12	7	5
3774	0	0	0	0	10	961	10	8	2
3772	0	0	0	0	12	977	12	6	6
3778	0	0	0	0	6	954	6	5	1
3779	0	0	0	0	5	948	5	5	0
3778	0	0	0	0	6	954	6	5	1
3777	0	0	0	0	7	953	7	6	1
3771	0	0	0	0	13	975	13	9	4
3750	0	0	0	0	34	1050	34	26	8
3773	0	0	0	0	11	961	11	9	2
3765	0	0	0	0	19	997	19	14	5
3777	0	0	0	0	7	951	7	6	1
3753	0	0	0	0	31	1037	31	22	9
3771	0	0	0	0	13	1008	13	10	3
3778	0	0	0	0	6	964	6	5	1
3768	0	0	0	0	16	981	16	15	1
3773	0	0	0	0	11	975	11	10	1
3777	0	0	0	0	7	966	7	5	2
3771	0	0	0	0	13	985	13	10	3
3761	0	0	0	0	23	1035	23	17	6
3774	0	0	0	0	10	963	10	7	3
3775	0	0	0	0	9	966	9	9	0
3768	0	0	0	0	16	988	16	11	5
3773	0	0	0	0	11	979	11	9	2
3766	0	0	0	0	18	1002	18	15	3
3777	0	0	0	0	7	953	7	6	1
3772	0	0	0	0	12	994	12	9	3
3777	0	0	0	0	7	956	7	6	1
3779	0	0	0	0	5	955	5	5	0
3772	0	0	0	0	12	979	12	10	2
3779	0	0	0	0	5	949	5	5	0
3772	0	0	0	0	12	989	12	6	6
3778	0	0	0	0	6	967	6	6	0
3747	0	0	0	0	37	1057	37	29	8
3768	0	0	0	0	16	988	16	11	5
3739	0	0	0	0	45	1071	45	31	14
3778	0	0	0	0	6	952	6	5	1
3778	0	0	0	0	6	953	6	5	1
3773	0	0	0	0	11	963	11	7	4
3771	0	0	0	0	13	977	13	11	2
3777	0	0	0	0	7	960	7	5	2
3779	0	0	0	0	5	950	5	5	0
3764	0	0	0	0	20	982	20	15	5
3778	0	0	0	0	6	956	6	5	1
3778	0	0	0	0	6	958	6	6	0
3764	0	0	0	0	20	993	20	16	4
3751	0	0	0	0	33	1038	33	24	9
3778	0	0	0	0	6	959	6	5	1
3778	0	0	0	0	6	958	6	5	1
3764	0	0	0	0	20	1006	20	14	6
3779	0	0	0	0	5	944	5	5	0
3771	0	0	0	0	13	993	13	11	2
3740	0	0	0	0	44	1080	44	33	11
3770	0	0	0	0	14	984	14	10	4
3777	0	0	0	0	7	964	7	7	0
3778	0	0	0	0	6	956	6	6	0
3778	0	0	0	0	6	954	6	6	0
3774	0	0	0	0	10	970	10	8	2
3771	0	0	0	0	13	969	13	11	2
3777	0	0	0	0	7	951	7	5	2
3778	0	0	0	0	6	955	6	5	1
3779	0	0	0	0	5	948	5	5	0
3769	0	0	0	0	15	978	15	12	3
3772	0	0	0	0	12	979	12	10	2
3776	0	0	0	0	8	963	8	6	2
3776	0	0	0	0	8	954	8	6	2
3758	0	0	0	0	26	1011	26	18	8
3773	0	0	0	0	11	962	11	11	0
3776	0	0	0	0	8	972	8	6	2
3772	0	0	0	0	12	970	12	8	4
3767	0	0	0	0	17	1002	17	16	1
3779	0	0	0	0	5	947	5	5	0
3776	0	0	0	0	8	950	8	7	1
3779	0	0	0	0	5	951	5	5	0
3770	0	0	0	0	14	987	14	11	3
3779	0	0	0	0	5	949	5	5	0
3775	0	0	0	0	9	964	9	9	0
3739	0	0	0	0	45	1070	45	27	18
3778	0	0	0	0	6	966	6	5	1
3773	0	0	0	0	11	962	11	7	4
3765	0	0	0	0	19	1010	19	15	4
3778	0	0	0	0	6	958	6	5	1
3769	0	0	0	0	15	984	15	12	3
3775	0	0	0	0	9	969	9	8	1
3751	0	0	0	0	33	1041	33	23	10
3776	0	0	0	0	8	956	8	7	1
3779	0	0	0	0	5	956	5	5	0
3777	0	0	0	0	7	962	7	7	0
3777	0	0	0	0	7	968	7	7	0
3772	0	0	0	0	12	973	12	9	3
3764	0	0	0	0	20	1006	20	15	5
3772	0	0	0	0	12	970	12	9	3
3777	0	0	0	0	7	961	7	7	0
3773	0	0	0	0	11	986	11	8	3
3776	0	0	0	0	8	969	8	7	1
3777	0	0	0	0	7	959	7	6	1
3775	0	0	0	0	9	961	9	8	1
3770	0	0	0	0	14	974	14	8	6
3777	0	0	0	0	7	949	7	6	1
3779	0	0	0	0	5	945	5	5	0
3770	0	0	0	0	14	964	14	10	4
3771	0	0	0	0	13	979	13	12	1
3778	0	0	0	0	6	959	6	5	1
3771	0	0	0	0	13	973	13	9	4
3770	0	0	0	0	14	977	14	11	3
3774	0	0	0	0	10	965	10	7	3
3779	0	0	0	0	5	948	5	5	0
3731	0	0	0	0	53	1101	53	38	15
3766	0	0	0	0	18	992	18	14	4
3774	0	0	0	0	10	958	10	6	4
3745	0	0	0	0	39	1063	39	23	16
3779	0	0	0	0	5	947	5	5	0
3777	0	0	0	0	7	962	7	6	1
3779	0	0	0	0	5	952	5	5	0
3774	0	0	0	0	10	971	10	7	3
3779	0	0	0	0	5	953	5	5	0
3766	0	0	0	0	18	985	18	14	4
3772	0	0	0	0	12	1004	12	8	4
3775	0	0	0	0	9	973	9	8	1
3749	0	0	0	0	35	1044	35	29	6
3775	0	0	0	0	9	978	9	8	1
3778	0	0	0	0	6	949	6	6	0
3770	0	0	0	0	14	985	14	13	1
3778	0	0	0	0	6	956	6	6	0
3776	0	0	0	0	8	966	8	7	1
3774	0	0	0	0	10	967	10	9	1
3767	0	0	0	0	17	994	17	11	6
3776	0	0	0	0	8	972	8	8	0
3777	0	0	0	0	7	960	7	6	1
3779	0	0	0	0	5	952	5	5	0
3776	0	0	0	0	8	962	8	6	2
3742	0	0	0	0	42	1057	42	29	13
3766	0	0	0	0	18	976	18	14	4
3778	0	0	0	0	6	954	6	6	0
3766	0	0	0	0	18	1010	18	12	6
3777	0	0	0	0	7	971	7	7	0
3777	0	0	0	0	7	955	7	6	1
3777	0	0	0	0	7	964	7	6	1
3776	0	0	0	0	8	957	8	8	0
3770	0	0	0	0	14	978	14	9	5
3768	0	0	0	0	16	972	16	12	4
3727	0	0	0	0	57	1096	57	36	21
3777	0	0	0	0	7	954	7	5	2
3777	0	0	0	0	7	960	7	7	0
3773	0	0	0	0	11	971	11	9	2
3750	0	0	0	0	34	1036	34	22	12
3779	0	0	0	0	5	946	5	5	0
3753	0	0	0	0	31	1013	31	23	8
3776	0	0	0	0	8	956	8	5	3
3777	0	0	0	0	7	959	7	7	0
3763	0	0	0	0	21	999	21	15	6
3773	0	0	0	0	11	967	11	9	2
3770	0	0	0	0	14	974	14	11	3
3779	0	0	0	0	5	949	5	5	0
3774	0	0	0	0	10	979	10	8	2
3762	0	0	0	0	22	1024	22	18	4
3776	0	0	0	0	8	967	8	6	2
3773	0	0	0	0	11	973	11	9	2
3775	0	0	0	0	9	958	9	9	0
3768	0	0	0	0	16	987	16	12	4
3778	0	0	0	0	6	960	6	5	1
3771	0	0	0	0	13	972	13	10	3
3778	0	0	0	0	6	962	6	6	0
3774	0	0	0	0	10	975	10	10	0
3775	0	0	0	0	9	964	9	7	2
3762	0	0	0	0	22	1011	22	18	4
3763	0	0	0	0	21	996	21	17	4
3775	0	0	0	0	9	970	9	7	2
3765	0	0	0	0	19	998	19	15	4
3773	0	0	0	0	11	978	11	9	2
3778	0	0	0	0	6	948	6	5	1
3778	0	0	0	0	6	954	6	6	0
3759	0	0	0	0	25	1018	25	16	9
3770	0	0	0	0	14	967	14	8	6
3778	0	0	0	0	6	957	6	6	0
3776	0	0	0	0	8	957	8	7	1
3775	0	0	0	0	9	961	9	6	3
3752	0	0	0	0	32	1055	32	21	11
3778	0	0	0	0	6	954	6	5	1
3762	0	0	0	0	22	1027	22	18	4
3723	0	0	0	0	61	1136	61	38	23
3777	0	0	0	0	7	971	7	6	1
3779	0	0	0	0	5	951	5	5	0
3770	0	0	0	0	14	981	14	10	4
3774	0	0	0	0	10	966	10	9	1
3776	0	0	0	0	8	965	8	7	1
3779	0	0	0	0	5	947	5	5	0
3778	0	0	0	0	6	956	6	5	1
3774	0	0	0	0	10	964	10	7	3
3727	0	0	0	0	57	1048	57	41	16
3765	0	0	0	0	19	1007	19	15	4
3761	0	0	0	0	23	1005	23	16	7
3777	0	0	0	0	7	957	7	7	0
3772	0	0	0	0	12	974	12	12	0
3759	0	0	0	0	25	1008	25	18	7
3779	0	0	0	0	5	951	5	5	0
3768	0	0	0	0	16	983	16	11	5
3723	0	0	0	0	61	1102	61	44	17
3774	0	0	0	0	10	959	10	6	4
3769	0	0	0	0	15	973	15	9	6
3779	0	0	0	0	5	962	5	5	0
3775	0	0	0	0	9	969	9	7	2
3775	0	0	0	0	9	971	9	7	2
3774	0	0	0	0	10	962	10	6	4
3766	0	0	0	0	18	1002	18	15	3
3778	0	0	0	0	6	959	6	5	1
3777	0	0	0	0	7	955	7	6	1
3779	0	0	0	0	5	949	5	5	0
3777	0	0	0	0	7	961	7	5	2
3776	0	0	0	0	8	972	8	6	2
3779	0	0	0	0	5	949	5	5	0
3779	0	0	0	0	5	947	5	5	0
3767	0	0	0	0	17	987	17	8	9
