3773	0	0	0	0	11	2276	11	7	4
3771	0	0	0	0	13	2282	13	12	1
3778	0	0	0	0	6	2272	6	6	0
3777	0	0	0	0	7	2276	7	7	0
3778	0	0	0	0	6	2269	6	6	0
3778	0	0	0	0	6	2272	6	5	1
3777	0	0	0	0	7	2270	7	6	1
3765	0	0	0	0	19	2286	19	14	5
3770	0	0	0	0	14	2283	14	12	2
3773	0	0	0	0	11	2274	11	10	1
3778	0	0	0	0	6	2268	6	6	0
3768	0	0	0	0	16	2285	16	12	4
3778	0	0	0	0	6	2272	6	6	0
3779	0	0	0	0	5	2270	5	5	0
3776	0	0	0	0	8	2267	8	8	0
3770	0	0	0	0	14	2275	14	13	1
3779	0	0	0	0	5	2266	5	5	0
3767	0	0	0	0	17	2282	17	13	4
3779	0	0	0	0	5	2268	5	5	0
3773	0	0	0	0	11	2272	11	9	2
3778	0	0	0	0	6	2271	6	5	1
3775	0	0	0	0	9	2275	9	7	2
3779	0	0	0	0	5	2272	5	5	0
3775	0	0	0	0	9	2277	9	8	1
3770	0	0	0	0	14	2277	14	13	1
3774	0	0	0	0	10	2282	10	8	2
3776	0	0	0	0	8	2277	8	6	2
3771	0	0	0	0	13	2272	13	12	1
3771	0	0	0	0	13	2276	13	9	4
3778	0	0	0	0	6	2277	6	6	0
3774	0	0	0	0	10	2276	10	8	2
3772	0	0	0	0	12	2276	12	9	3
3779	0	0	0	0	5	2266	5	5	0
3777	0	0	0	0	7	2276	7	6	1
3755	0	0	0	0	29	2297	29	22	7
3778	0	0	0	0	6	2270	6	6	0
3779	0	0	0	0	5	2267	5	5	0
3776	0	0	0	0	8	2270	8	8	0
3779	0	0	0	0	5	2266	5	5	0
3778	0	0	0	0	6	2271	6	6	0
3778	0	0	0	0	6	2270	6	6	0
3778	0	0	0	0	6	2268	6	6	0
3761	0	0	0	0	23	2283	23	19	4
3775	0	0	0	0	9	2275	9	9	0
3777	0	0	0	0	7	2272	7	6	1
3779	0	0	0	0	5	2270	5	5	0
3774	0	0	0	0	10	2278	10	9	1
3773	0	0	0	0	11	2281	11	8	3
3774	0	0	0	0	10	2274	10	8	2
3776	0	0	0	0	8	2269	8	8	0
3771	0	0	0	0	13	2278	13	9	4
3771	0	0	0	0	13	2275	13	9	4
3778	0	0	0	0	6	2271	6	6	0
3779	0	0	0	0	5	2272	5	5	0
3774	0	0	0	0	10	2276	10	7	3
3779	0	0	0	0	5	2269	5	5	0
3776	0	0	0	0	8	2273	8	7	1
3777	0	0	0	0	7	2272	7	6	1
3770	0	0	0	0	14	2277	14	12	2
3774	0	0	0	0	10	2275	10	10	0
3777	0	0	0	0	7	2271	7	6	1
3777	0	0	0	0	7	2273	7	5	2
3768	0	0	0	0	16	2284	16	11	5
3779	0	0	0	0	5	2270	5	5	0
3776	0	0	0	0	8	2274	8	8	0
3779	0	0	0	0	5	2267	5	5	0
3776	0	0	0	0	8	2268	8	7	1
3773	0	0	0	0	11	2279	11	9	2
3777	0	0	0	0	7	2272	7	6	1
3775	0	0	0	0	9	2272	9	7	2
3777	0	0	0	0	7	2271	7	5	2
3770	0	0	0	0	14	2285	14	10	4
3774	0	0	0	0	10	2274	10	10	0
3767	0	0	0	0	17	2283	17	14	3
3765	0	0	0	0	19	2281	19	17	2
3771	0	0	0	0	13	2280	13	11	2
3769	0	0	0	0	15	2273	15	14	1
3776	0	0	0	0	8	2272	8	8	0
3774	0	0	0	0	10	2275	10	9	1
3769	0	0	0	0	15	2290	15	12	3
3778	0	0	0	0	6	2268	6	6	0
3769	0	0	0	0	15	2278	15	13	2
3778	0	0	0	0	6	2271	6	6	0
3776	0	0	0	0	8	2270	8	8	0
3776	0	0	0	0	8	2275	8	7	1
3766	0	0	0	0	18	2292	18	13	5
3778	0	0	0	0	6	2269	6	6	0
3776	0	0	0	0	8	2270	8	6	2
3779	0	0	0	0	5	2273	5	5	0
3779	0	0	0	0	5	2271	5	5	0
3775	0	0	0	0	9	2280	9	7	2
3756	0	0	0	0	28	2299	28	22	6
3767	0	0	0	0	17	2280	17	15	2
3779	0	0	0	0	5	2270	5	5	0
3779	0	0	0	0	5	2274	5	5	0
3778	0	0	0	0	6	2270	6	5	1
3775	0	0	0	0	9	2272	9	9	0
3774	0	0	0	0	10	2278	10	8	2
3774	0	0	0	0	10	2272	10	7	3
3775	0	0	0	0	9	2274	9	8	1
3776	0	0	0	0	8	2272	8	8	0
3768	0	0	0	0	16	2278	16	13	3
3775	0	0	0	0	9	2275	9	7	2
3778	0	0	0	0	6	2279	6	6	0
3779	0	0	0	0	5	2269	5	5	0
3777	0	0	0	0	7	2270	7	7	0
3779	0	0	0	0	5	2267	5	5	0
3767	0	0	0	0	17	2277	17	14	3
3772	0	0	0	0	12	2288	12	9	3
3762	0	0	0	0	22	2287	22	15	7
3778	0	0	0	0	6	2269	6	6	0
3768	0	0	0	0	16	2277	16	15	1
3768	0	0	0	0	16	2283	16	15	1
3776	0	0	0	0	8	2279	8	7	1
3771	0	0	0	0	13	2275	13	11	2
3779	0	0	0	0	5	2269	5	5	0
3777	0	0	0	0	7	2274	7	5	2
3777	0	0	0	0	7	2275	7	5	2
3774	0	0	0	0	10	2275	10	9	1
3777	0	0	0	0	7	2276	7	6	1
3777	0	0	0	0	7	2274	7	6	1
3777	0	0	0	0	7	2268	7	7	0
3769	0	0	0	0	15	2279	15	13	2
3776	0	0	0	0	8	2277	8	7	1
3773	0	0	0	0	11	2279	11	8	3
3778	0	0	0	0	6	2271	6	5	1
3753	0	0	0	0	31	2291	31	27	4
3779	0	0	0	0	5	2268	5	5	0
3779	0	0	0	0	5	2270	5	5	0
3777	0	0	0	0	7	2270	7	7	0
3779	0	0	0	0	5	2267	5	5	0
3778	0	0	0	0	6	2270	6	6	0
3773	0	0	0	0	11	2277	11	8	3
3778	0	0	0	0	6	2273	6	5	1
3777	0	0	0	0	7	2274	7	7	0
3778	0	0	0	0	6	2275	6	6	0
3779	0	0	0	0	5	2271	5	5	0
3778	0	0	0	0	6	2274	6	6	0
3778	0	0	0	0	6	2271	6	6	0
3778	0	0	0	0	6	2274	6	6	0
3779	0	0	0	0	5	2271	5	5	0
3774	0	0	0	0	10	2275	10	10	0
3774	0	0	0	0	10	2275	10	10	0
3779	0	0	0	0	5	2269	5	5	0
3770	0	0	0	0	14	2290	14	13	1
3769	0	0	0	0	15	2277	15	13	2
3774	0	0	0	0	10	2276	10	9	1
3769	0	0	0	0	15	2280	15	13	2
3779	0	0	0	0	5	2267	5	5	0
3778	0	0	0	0	6	2270	6	6	0
3762	0	0	0	0	22	2288	22	19	3
3772	0	0	0	0	12	2282	12	11	1
3772	0	0	0	0	12	2274	12	11	1
3777	0	0	0	0	7	2268	7	6	1
3779	0	0	0	0	5	2271	5	5	0
3778	0	0	0	0	6	2270	6	6	0
3779	0	0	0	0	5	2270	5	5	0
3771	0	0	0	0	13	2286	13	9	4
3779	0	0	0	0	5	2272	5	5	0
3773	0	0	0	0	11	2275	11	10	1
3779	0	0	0	0	5	2273	5	5	0
3777	0	0	0	0	7	2276	7	6	1
3774	0	0	0	0	10	2278	10	8	2
3770	0	0	0	0	14	2285	14	10	4
3768	0	0	0	0	16	2282	16	12	4
3777	0	0	0	0	7	2268	7	7	0
3779	0	0	0	0	5	2270	5	5	0
3775	0	0	0	0	9	2269	9	7	2
3777	0	0	0	0	7	2272	7	7	0
3779	0	0	0	0	5	2271	5	5	0
3778	0	0	0	0	6	2270	6	6	0
3772	0	0	0	0	12	2277	12	10	2
3779	0	0	0	0	5	2272	5	5	0
3779	0	0	0	0	5	2269	5	5	0
3770	0	0	0	0	14	2276	14	14	0
3774	0	0	0	0	10	2282	10	8	2
3778	0	0	0	0	6	2275	6	6	0
3778	0	0	0	0	6	2272	6	6	0
3779	0	0	0	0	5	2272	5	5	0
3767	0	0	0	0	17	2281	17	17	0
3779	0	0	0	0	5	2271	5	5	0
3771	0	0	0	0	13	2273	13	13	0
3762	0	0	0	0	22	2293	22	15	7
3776	0	0	0	0	8	2273	8	6	2
3768	0	0	0	0	16	2289	16	13	3
3774	0	0	0	0	10	2274	10	9	1
3779	0	0	0	0	5	2272	5	5	0
3762	0	0	0	0	22	2295	22	15	7
3773	0	0	0	0	11	2275	11	11	0
3778	0	0	0	0	6	2270	6	6	0
3779	0	0	0	0	5	2271	5	5	0
3779	0	0	0	0	5	2269	5	5	0
3768	0	0	0	0	16	2281	16	11	5
3777	0	0	0	0	7	2273	7	7	0
3777	0	0	0	0	7	2274	7	7	0
3773	0	0	0	0	11	2282	11	9	2
3759	0	0	0	0	25	2297	25	21	4
3779	0	0	0	0	5	2268	5	5	0
3764	0	0	0	0	20	2288	20	19	1
3774	0	0	0	0	10	2280	10	9	1
3756	0	0	0	0	28	2285	28	26	2
3779	0	0	0	0	5	2269	5	5	0
3768	0	0	0	0	16	2281	16	16	0
3775	0	0	0	0	9	2275	9	8	1
3775	0	0	0	0	9	2270	9	9	0
3769	0	0	0	0	15	2287	15	13	2
3775	0	0	0	0	9	2278	9	7	2
3779	0	0	0	0	5	2270	5	5	0
3778	0	0	0	0	6	2272	6	6	0
3777	0	0	0	0	7	2276	7	6	1
3769	0	0	0	0	15	2285	15	15	0
3770	0	0	0	0	14	2278	14	13	1
3776	0	0	0	0	8	2270	8	7	1
3779	0	0	0	0	5	2270	5	5	0
3779	0	0	0	0	5	2268	5	5	0
3778	0	0	0	0	6	2269	6	6	0
3777	0	0	0	0	7	2268	7	6	1
3778	0	0	0	0	6	2268	6	6	0
3758	0	0	0	0	26	2280	26	24	2
3776	0	0	0	0	8	2275	8	7	1
3777	0	0	0	0	7	2270	7	6	1
3773	0	0	0	0	11	2276	11	9	2
3777	0	0	0	0	7	2275	7	7	0
3773	0	0	0	0	11	2274	11	11	0
3777	0	0	0	0	7	2274	7	6	1
3776	0	0	0	0	8	2274	8	7	1
3776	0	0	0	0	8	2270	8	8	0
3777	0	0	0	0	7	2271	7	6	1
3778	0	0	0	0	6	2278	6	5	1
3765	0	0	0	0	19	2291	19	14	5
3777	0	0	0	0	7	2278	7	6	1
3776	0	0	0	0	8	2273	8	8	0
3779	0	0	0	0	5	2273	5	5	0
3776	0	0	0	0	8	2275	8	8	0
3772	0	0	0	0	12	2289	12	10	2
3772	0	0	0	0	12	2270	12	12	0
3770	0	0	0	0	14	2279	14	12	2
3773	0	0	0	0	11	2287	11	10	1
3779	0	0	0	0	5	2269	5	5	0
3772	0	0	0	0	12	2273	12	10	2
3777	0	0	0	0	7	2268	7	7	0
3779	0	0	0	0	5	2273	5	5	0
3771	0	0	0	0	13	2278	13	10	3
3746	0	0	0	0	38	2308	38	32	6
3772	0	0	0	0	12	2278	12	10	2
3770	0	0	0	0	14	2272	14	13	1
3777	0	0	0	0	7	2279	7	7	0
3777	0	0	0	0	7	2275	7	6	1
3774	0	0	0	0	10	2272	10	8	2
3779	0	0	0	0	5	2270	5	5	0
3772	0	0	0	0	12	2277	12	9	3
3757	0	0	0	0	27	2283	27	20	7
3773	0	0	0	0	11	2278	11	9	2
3746	0	0	0	0	38	2299	38	31	7
3769	0	0	0	0	15	2284	15	15	0
3775	0	0	0	0	9	2276	9	8	1
3779	0	0	0	0	5	2270	5	5	0
3778	0	0	0	0	6	2273	6	6	0
3740	0	0	0	0	44	2308	44	35	9
3774	0	0	0	0	10	2280	10	9	1
3775	0	0	0	0	9	2270	9	7	2
3778	0	0	0	0	6	2273	6	6	0
3778	0	0	0	0	6	2274	6	5	1
3738	0	0	0	0	46	2302	46	38	8
3773	0	0	0	0	11	2280	11	10	1
3774	0	0	0	0	10	2278	10	9	1
3767	0	0	0	0	17	2276	17	15	2
3775	0	0	0	0	9	2273	9	8	1
3766	0	0	0	0	18	2292	18	15	3
3773	0	0	0	0	11	2270	11	10	1
3777	0	0	0	0	7	2270	7	7	0
3777	0	0	0	0	7	2273	7	6	1
3772	0	0	0	0	12	2277	12	10	2
3778	0	0	0	0	6	2271	6	6	0
3778	0	0	0	0	6	2269	6	6	0
3776	0	0	0	0	8	2272	8	7	1
3765	0	0	0	0	19	2284	19	13	6
3776	0	0	0	0	8	2275	8	6	2
3778	0	0	0	0	6	2271	6	6	0
3774	0	0	0	0	10	2273	10	9	1
3779	0	0	0	0	5	2269	5	5	0
3776	0	0	0	0	8	2273	8	7	1
3779	0	0	0	0	5	2270	5	5	0
3775	0	0	0	0	9	2277	9	9	0
3773	0	0	0	0	11	2273	11	8	3
3772	0	0	0	0	12	2277	12	10	2
3779	0	0	0	0	5	2269	5	5	0
3772	0	0	0	0	12	2278	12	7	5
3773	0	0	0	0	11	2273	11	11	0
3773	0	0	0	0	11	2272	11	10	1
3778	0	0	0	0	6	2269	6	6	0
3779	0	0	0	0	5	2267	5	5	0
3778	0	0	0	0	6	2270	6	6	0
3779	0	0	0	0	5	2269	5	5	0
3768	0	0	0	0	16	2273	16	14	2
3748	0	0	0	0	36	2299	36	31	5
3776	0	0	0	0	8	2271	8	8	0
3770	0	0	0	0	14	2278	14	11	3
3777	0	0	0	0	7	2271	7	6	1
3777	0	0	0	0	7	2271	7	6	1
3772	0	0	0	0	12	2274	12	11	1
3777	0	0	0	0	7	2275	7	7	0
3775	0	0	0	0	9	2272	9	9	0
3776	0	0	0	0	8	2275	8	8	0
3771	0	0	0	0	13	2277	13	11	2
3773	0	0	0	0	11	2280	11	10	1
3778	0	0	0	0	6	2275	6	5	1
3776	0	0	0	0	8	2272	8	7	1
3775	0	0	0	0	9	2268	9	9	0
3774	0	0	0	0	10	2276	10	9	1
3778	0	0	0	0	6	2275	6	6	0
3773	0	0	0	0	11	2274	11	10	1
3778	0	0	0	0	6	2271	6	6	0
3774	0	0	0	0	10	2276	10	10	0
3776	0	0	0	0	8	2274	8	6	2
3777	0	0	0	0	7	2270	7	7	0
3774	0	0	0	0	10	2272	10	9	1
3779	0	0	0	0	5	2267	5	5	0
3778	0	0	0	0	6	2271	6	5	1
3779	0	0	0	0	5	2268	5	5	0
3777	0	0	0	0	7	2274	7	7	0
3778	0	0	0	0	6	2268	6	6	0
3776	0	0	0	0	8	2275	8	6	2
3779	0	0	0	0	5	2270	5	5	0
3775	0	0	0	0	9	2274	9	6	3
3775	0	0	0	0	9	2272	9	7	2
3764	0	0	0	0	20	2290	20	12	8
3778	0	0	0	0	6	2267	6	5	1
3779	0	0	0	0	5	2268	5	5	0
3776	0	0	0	0	8	2268	8	8	0
3779	0	0	0	0	5	2270	5	5	0
3777	0	0	0	0	7	2279	7	7	0
3770	0	0	0	0	14	2279	14	12	2
3775	0	0	0	0	9	2273	9	8	1
3775	0	0	0	0	9	2279	9	8	1
3778	0	0	0	0	6	2272	6	5	1
3778	0	0	0	0	6	2279	6	5	1
3779	0	0	0	0	5	2270	5	5	0
3774	0	0	0	0	10	2278	10	10	0
3744	0	0	0	0	40	2313	40	34	6
3777	0	0	0	0	7	2276	7	6	1
3778	0	0	0	0	6	2275	6	6	0
3779	0	0	0	0	5	2270	5	5	0
3776	0	0	0	0	8	2270	8	8	0
3767	0	0	0	0	17	2281	17	15	2
3777	0	0	0	0	7	2272	7	6	1
3777	0	0	0	0	7	2269	7	5	2
3775	0	0	0	0	9	2275	9	7	2
3778	0	0	0	0	6	2267	6	6	0
3776	0	0	0	0	8	2270	8	7	1
3777	0	0	0	0	7	2270	7	7	0
3777	0	0	0	0	7	2272	7	7	0
3771	0	0	0	0	13	2276	13	12	1
3778	0	0	0	0	6	2274	6	6	0
3776	0	0	0	0	8	2274	8	7	1
3775	0	0	0	0	9	2277	9	9	0
3769	0	0	0	0	15	2275	15	12	3
3765	0	0	0	0	19	2285	19	17	2
3779	0	0	0	0	5	2270	5	5	0
3777	0	0	0	0	7	2267	7	7	0
3779	0	0	0	0	5	2268	5	5	0
3776	0	0	0	0	8	2272	8	8	0
3779	0	0	0	0	5	2275	5	5	0
3772	0	0	0	0	12	2274	12	12	0
3743	0	0	0	0	41	2305	41	33	8
3776	0	0	0	0	8	2277	8	7	1
3778	0	0	0	0	6	2268	6	6	0
3774	0	0	0	0	10	2278	10	10	0
3777	0	0	0	0	7	2279	7	6	1
3776	0	0	0	0	8	2273	8	7	1
3774	0	0	0	0	10	2271	10	10	0
3764	0	0	0	0	20	2282	20	17	3
3772	0	0	0	0	12	2268	12	12	0
3779	0	0	0	0	5	2269	5	5	0
3774	0	0	0	0	10	2275	10	8	2
3767	0	0	0	0	17	2282	17	13	4
3773	0	0	0	0	11	2275	11	10	1
3778	0	0	0	0	6	2271	6	6	0
3771	0	0	0	0	13	2279	13	10	3
3778	0	0	0	0	6	2274	6	5	1
3776	0	0	0	0	8	2274	8	8	0
3779	0	0	0	0	5	2270	5	5	0
3773	0	0	0	0	11	2280	11	11	0
3773	0	0	0	0	11	2271	11	9	2
3771	0	0	0	0	13	2280	13	12	1
3775	0	0	0	0	9	2272	9	9	0
3779	0	0	0	0	5	2268	5	5	0
3776	0	0	0	0	8	2271	8	8	0
3774	0	0	0	0	10	2280	10	9	1
3778	0	0	0	0	6	2269	6	6	0
3777	0	0	0	0	7	2271	7	7	0
3776	0	0	0	0	8	2274	8	8	0
3769	0	0	0	0	15	2284	15	12	3
3778	0	0	0	0	6	2267	6	6	0
3773	0	0	0	0	11	2273	11	11	0
3772	0	0	0	0	12	2272	12	11	1
3773	0	0	0	0	11	2278	11	8	3
3776	0	0	0	0	8	2274	8	8	0
3777	0	0	0	0	7	2268	7	7	0
3775	0	0	0	0	9	2278	9	8	1
3779	0	0	0	0	5	2271	5	5	0
3768	0	0	0	0	16	2279	16	15	1
3779	0	0	0	0	5	2270	5	5	0
3777	0	0	0	0	7	2272	7	7	0
3771	0	0	0	0	13	2283	13	11	2
3773	0	0	0	0	11	2277	11	9	2
3768	0	0	0	0	16	2287	16	14	2
3772	0	0	0	0	12	2275	12	12	0
3777	0	0	0	0	7	2272	7	7	0
3769	0	0	0	0	15	2277	15	14	1
3774	0	0	0	0	10	2272	10	10	0
3774	0	0	0	0	10	2273	10	8	2
3778	0	0	0	0	6	2269	6	6	0
3769	0	0	0	0	15	2278	15	11	4
3777	0	0	0	0	7	2278	7	7	0
3775	0	0	0	0	9	2275	9	7	2
3778	0	0	0	0	6	2273	6	6	0
3776	0	0	0	0	8	2272	8	8	0
3775	0	0	0	0	9	2285	9	7	2
3778	0	0	0	0	6	2268	6	6	0
3778	0	0	0	0	6	2269	6	6	0
3762	0	0	0	0	22	2297	22	16	6
3758	0	0	0	0	26	2295	26	22	4
3779	0	0	0	0	5	2267	5	5	0
3770	0	0	0	0	14	2278	14	12	2
3777	0	0	0	0	7	2269	7	6	1
3771	0	0	0	0	13	2280	13	8	5
3770	0	0	0	0	14	2278	14	10	4
3775	0	0	0	0	9	2272	9	8	1
3779	0	0	0	0	5	2266	5	5	0
3778	0	0	0	0	6	2274	6	6	0
3768	0	0	0	0	16	2280	16	11	5
3771	0	0	0	0	13	2280	13	12	1
3779	0	0	0	0	5	2267	5	5	0
3775	0	0	0	0	9	2274	9	6	3
3778	0	0	0	0	6	2271	6	5	1
3777	0	0	0	0	7	2270	7	7	0
3775	0	0	0	0	9	2271	9	7	2
3772	0	0	0	0	12	2279	12	9	3
3773	0	0	0	0	11	2278	11	11	0
3776	0	0	0	0	8	2274	8	8	0
3775	0	0	0	0	9	2278	9	8	1
3777	0	0	0	0	7	2273	7	7	0
3778	0	0	0	0	6	2271	6	5	1
3776	0	0	0	0	8	2276	8	6	2
3778	0	0	0	0	6	2268	6	6	0
3776	0	0	0	0	8	2274	8	7	1
3779	0	0	0	0	5	2275	5	5	0
3763	0	0	0	0	21	2285	21	16	5
3778	0	0	0	0	6	2270	6	5	1
3770	0	0	0	0	14	2279	14	12	2
3778	0	0	0	0	6	2271	6	6	0
3765	0	0	0	0	19	2278	19	17	2
3774	0	0	0	0	10	2279	10	7	3
3778	0	0	0	0	6	2273	6	5	1
3775	0	0	0	0	9	2274	9	6	3
3775	0	0	0	0	9	2276	9	9	0
3778	0	0	0	0	6	2269	6	6	0
3778	0	0	0	0	6	2271	6	5	1
3758	0	0	0	0	26	2297	26	20	6
3774	0	0	0	0	10	2272	10	8	2
3774	0	0	0	0	10	2281	10	9	1
3773	0	0	0	0	11	2276	11	9	2
3771	0	0	0	0	13	2277	13	11	2
3768	0	0	0	0	16	2288	16	12	4
3774	0	0	0	0	10	2276	10	8	2
3758	0	0	0	0	26	2295	26	21	5
3776	0	0	0	0	8	2274	8	6	2
3755	0	0	0	0	29	2296	29	22	7
3778	0	0	0	0	6	2271	6	6	0
3776	0	0	0	0	8	2271	8	8	0
3776	0	0	0	0	8	2271	8	7	1
3778	0	0	0	0	6	2271	6	6	0
3779	0	0	0	0	5	2268	5	5	0
3772	0	0	0	0	12	2276	12	9	3
3774	0	0	0	0	10	2270	10	9	1
3775	0	0	0	0	9	2268	9	8	1
3776	0	0	0	0	8	2272	8	8	0
3773	0	0	0	0	11	2271	11	7	4
3778	0	0	0	0	6	2269	6	6	0
3763	0	0	0	0	21	2279	21	17	4
3773	0	0	0	0	11	2276	11	8	3
3779	0	0	0	0	5	2267	5	5	0
3778	0	0	0	0	6	2270	6	6	0
3777	0	0	0	0	7	2273	7	5	2
3777	0	0	0	0	7	2269	7	6	1
3767	0	0	0	0	17	2280	17	11	6
3778	0	0	0	0	6	2274	6	5	1
3775	0	0	0	0	9	2273	9	6	3
3779	0	0	0	0	5	2272	5	5	0
3773	0	0	0	0	11	2277	11	7	4
3776	0	0	0	0	8	2270	8	8	0
3770	0	0	0	0	14	2284	14	10	4
3774	0	0	0	0	10	2271	10	8	2
3779	0	0	0	0	5	2269	5	5	0
3776	0	0	0	0	8	2276	8	5	3
3778	0	0	0	0	6	2272	6	5	1
3778	0	0	0	0	6	2269	6	5	1
3779	0	0	0	0	5	2270	5	5	0
3773	0	0	0	0	11	2277	11	10	1
