3770	0	0	0	0	14	408	14	9	5
3765	0	0	0	0	19	426	19	17	2
3776	0	0	0	0	8	407	8	6	2
3739	0	0	0	0	45	513	45	32	13
3778	0	0	0	0	6	382	6	6	0
3777	0	0	0	0	7	391	7	6	1
3751	0	0	0	0	33	447	33	28	5
3751	0	0	0	0	33	485	33	25	8
3729	0	0	0	0	55	512	55	38	17
3771	0	0	0	0	13	401	13	10	3
3774	0	0	0	0	10	402	10	7	3
3734	0	0	0	0	50	470	50	35	15
3761	0	0	0	0	23	439	23	19	4
3779	0	0	0	0	5	377	5	5	0
3778	0	0	0	0	6	381	6	6	0
3763	0	0	0	0	21	419	21	18	3
3779	0	0	0	0	5	381	5	5	0
3745	0	0	0	0	39	493	39	27	12
3778	0	0	0	0	6	385	6	6	0
3774	0	0	0	0	10	389	10	10	0
3778	0	0	0	0	6	382	6	5	1
3723	0	0	0	0	61	530	61	41	20
3779	0	0	0	0	5	383	5	5	0
3777	0	0	0	0	7	388	7	7	0
3746	0	0	0	0	38	480	38	28	10
3720	0	0	0	0	64	585	64	47	17
3773	0	0	0	0	11	416	11	9	2
3764	0	0	0	0	20	420	20	19	1
3721	0	0	0	0	63	563	63	50	13
3766	0	0	0	0	18	434	18	16	2
3776	0	0	0	0	8	399	8	8	0
3770	0	0	0	0	14	420	14	12	2
3777	0	0	0	0	7	392	7	6	1
3778	0	0	0	0	6	395	6	6	0
3728	0	0	0	0	56	509	56	43	13
3778	0	0	0	0	6	379	6	6	0
3779	0	0	0	0	5	380	5	5	0
3748	0	0	0	0	36	476	36	23	13
3779	0	0	0	0	5	378	5	5	0
3778	0	0	0	0	6	382	6	6	0
3766	0	0	0	0	18	412	18	14	4
3746	0	0	0	0	38	482	38	32	6
3756	0	0	0	0	28	426	28	23	5
3766	0	0	0	0	18	423	18	13	5
3774	0	0	0	0	10	397	10	7	3
3779	0	0	0	0	5	381	5	5	0
3768	0	0	0	0	16	436	16	13	3
3765	0	0	0	0	19	436	19	13	6
3763	0	0	0	0	21	433	21	16	5
3689	0	0	0	0	95	604	95	80	15
3751	0	0	0	0	33	492	33	23	10
3776	0	0	0	0	8	394	8	8	0
3777	0	0	0	0	7	387	7	6	1
3771	0	0	0	0	13	413	13	12	1
3775	0	0	0	0	9	401	9	7	2
3779	0	0	0	0	5	380	5	5	0
3764	0	0	0	0	20	439	20	15	5
3766	0	0	0	0	18	417	18	12	6
3752	0	0	0	0	32	457	32	25	7
3771	0	0	0	0	13	411	13	12	1
3775	0	0	0	0	9	400	9	8	1
3773	0	0	0	0	11	411	11	8	3
3774	0	0	0	0	10	404	10	10	0
3768	0	0	0	0	16	415	16	13	3
3769	0	0	0	0	15	440	15	9	6
3779	0	0	0	0	5	384	5	5	0
3778	0	0	0	0	6	385	6	6	0
3771	0	0	0	0	13	429	13	11	2
3774	0	0	0	0	10	389	10	10	0
3769	0	0	0	0	15	428	15	11	4
3775	0	0	0	0	9	388	9	8	1
3677	0	0	0	0	107	661	107	80	27
3774	0	0	0	0	10	407	10	9	1
3755	0	0	0	0	29	464	29	20	9
3669	0	0	0	0	115	720	115	87	28
3775	0	0	0	0	9	406	9	8	1
3770	0	0	0	0	14	402	14	13	1
3775	0	0	0	0	9	395	9	7	2
3775	0	0	0	0	9	391	9	8	1
3767	0	0	0	0	17	442	17	13	4
3776	0	0	0	0	8	391	8	6	2
3749	0	0	0	0	35	451	35	25	10
3761	0	0	0	0	23	450	23	16	7
3772	0	0	0	0	12	409	12	10	2
3773	0	0	0	0	11	400	11	7	4
3717	0	0	0	0	67	581	67	52	15
3770	0	0	0	0	14	406	14	12	2
3778	0	0	0	0	6	394	6	5	1
3760	0	0	0	0	24	434	24	21	3
3774	0	0	0	0	10	403	10	8	2
3752	0	0	0	0	32	491	32	22	10
3704	0	0	0	0	80	589	80	62	18
3736	0	0	0	0	48	512	48	39	9
3766	0	0	0	0	18	425	18	13	5
3701	0	0	0	0	83	618	83	60	23
3739	0	0	0	0	45	500	45	35	10
3773	0	0	0	0	11	409	11	11	0
3761	0	0	0	0	23	466	23	16	7
3768	0	0	0	0	16	422	16	13	3
3776	0	0	0	0	8	402	8	8	0
3771	0	0	0	0	13	406	13	11	2
3767	0	0	0	0	17	425	17	15	2
3749	0	0	0	0	35	457	35	25	10
3762	0	0	0	0	22	438	22	16	6
3779	0	0	0	0	5	378	5	5	0
3776	0	0	0	0	8	392	8	7	1
3779	0	0	0	0	5	380	5	5	0
3755	0	0	0	0	29	435	29	21	8
3775	0	0	0	0	9	405	9	7	2
3741	0	0	0	0	43	481	43	23	20
3777	0	0	0	0	7	389	7	6	1
3769	0	0	0	0	15	414	15	12	3
3766	0	0	0	0	18	418	18	14	4
3771	0	0	0	0	13	416	13	10	3
3772	0	0	0	0	12	395	12	10	2
3760	0	0	0	0	24	455	24	19	5
3777	0	0	0	0	7	397	7	7	0
3765	0	0	0	0	19	454	19	15	4
3765	0	0	0	0	19	425	19	15	4
3766	0	0	0	0	18	421	18	10	8
3778	0	0	0	0	6	390	6	6	0
3774	0	0	0	0	10	396	10	9	1
3756	0	0	0	0	28	469	28	25	3
3694	0	0	0	0	90	611	90	70	20
3772	0	0	0	0	12	400	12	9	3
3778	0	0	0	0	6	388	6	6	0
3743	0	0	0	0	41	486	41	30	11
3778	0	0	0	0	6	386	6	5	1
3779	0	0	0	0	5	379	5	5	0
3771	0	0	0	0	13	417	13	13	0
3779	0	0	0	0	5	385	5	5	0
3771	0	0	0	0	13	405	13	11	2
3772	0	0	0	0	12	392	12	8	4
3778	0	0	0	0	6	388	6	6	0
3777	0	0	0	0	7	383	7	7	0
3775	0	0	0	0	9	397	9	9	0
3773	0	0	0	0	11	403	11	10	1
3774	0	0	0	0	10	411	10	9	1
3777	0	0	0	0	7	395	7	7	0
3769	0	0	0	0	15	439	15	9	6
3778	0	0	0	0	6	388	6	6	0
3773	0	0	0	0	11	405	11	10	1
3763	0	0	0	0	21	440	21	17	4
3776	0	0	0	0	8	393	8	7	1
3766	0	0	0	0	18	460	18	14	4
3750	0	0	0	0	34	471	34	23	11
3773	0	0	0	0	11	408	11	9	2
3754	0	0	0	0	30	479	30	24	6
3779	0	0	0	0	5	377	5	5	0
3777	0	0	0	0	7	381	7	6	1
3728	0	0	0	0	56	505	56	40	16
3757	0	0	0	0	27	471	27	21	6
3774	0	0	0	0	10	391	10	10	0
3776	0	0	0	0	8	395	8	8	0
3768	0	0	0	0	16	422	16	12	4
3739	0	0	0	0	45	541	45	28	17
3779	0	0	0	0	5	385	5	5	0
3712	0	0	0	0	72	575	72	49	23
3765	0	0	0	0	19	429	19	13	6
3771	0	0	0	0	13	404	13	11	2
3779	0	0	0	0	5	394	5	5	0
3774	0	0	0	0	10	398	10	8	2
3763	0	0	0	0	21	435	21	17	4
3748	0	0	0	0	36	472	36	26	10
3755	0	0	0	0	29	451	29	21	8
3775	0	0	0	0	9	394	9	8	1
3778	0	0	0	0	6	389	6	6	0
3774	0	0	0	0	10	387	10	7	3
3772	0	0	0	0	12	418	12	10	2
3779	0	0	0	0	5	382	5	5	0
3777	0	0	0	0	7	389	7	7	0
3726	0	0	0	0	58	560	58	40	18
3779	0	0	0	0	5	380	5	5	0
3778	0	0	0	0	6	381	6	5	1
3767	0	0	0	0	17	433	17	15	2
3724	0	0	0	0	60	533	60	43	17
3777	0	0	0	0	7	396	7	5	2
3776	0	0	0	0	8	411	8	8	0
3779	0	0	0	0	5	384	5	5	0
3760	0	0	0	0	24	430	24	21	3
3750	0	0	0	0	34	458	34	22	12
3772	0	0	0	0	12	397	12	11	1
3678	0	0	0	0	106	679	106	80	26
3774	0	0	0	0	10	409	10	8	2
3732	0	0	0	0	52	513	52	40	12
3744	0	0	0	0	40	489	40	29	11
3762	0	0	0	0	22	459	22	20	2
3709	0	0	0	0	75	588	75	48	27
3728	0	0	0	0	56	517	56	43	13
3777	0	0	0	0	7	388	7	7	0
3779	0	0	0	0	5	383	5	5	0
3778	0	0	0	0	6	383	6	6	0
3771	0	0	0	0	13	412	13	10	3
3761	0	0	0	0	23	449	23	20	3
3752	0	0	0	0	32	452	32	25	7
3755	0	0	0	0	29	467	29	21	8
3720	0	0	0	0	64	568	64	43	21
3778	0	0	0	0	6	385	6	5	1
3666	0	0	0	0	118	676	118	89	29
3767	0	0	0	0	17	425	17	9	8
3761	0	0	0	0	23	444	23	18	5
3778	0	0	0	0	6	386	6	5	1
3766	0	0	0	0	18	433	18	17	1
3765	0	0	0	0	19	431	19	14	5
3751	0	0	0	0	33	457	33	25	8
3764	0	0	0	0	20	407	20	16	4
3754	0	0	0	0	30	473	30	22	8
3779	0	0	0	0	5	390	5	5	0
3768	0	0	0	0	16	430	16	11	5
3778	0	0	0	0	6	400	6	6	0
3767	0	0	0	0	17	418	17	16	1
3749	0	0	0	0	35	466	35	24	11
3733	0	0	0	0	51	515	51	39	12
3757	0	0	0	0	27	441	27	22	5
3779	0	0	0	0	5	381	5	5	0
3778	0	0	0	0	6	395	6	6	0
3774	0	0	0	0	10	398	10	9	1
3769	0	0	0	0	15	409	15	10	5
3744	0	0	0	0	40	480	40	30	10
3774	0	0	0	0	10	413	10	10	0
3777	0	0	0	0	7	388	7	5	2
3773	0	0	0	0	11	401	11	10	1
3774	0	0	0	0	10	405	10	7	3
3763	0	0	0	0	21	451	21	15	6
3774	0	0	0	0	10	398	10	6	4
3775	0	0	0	0	9	397	9	8	1
3767	0	0	0	0	17	418	17	13	4
3761	0	0	0	0	23	424	23	17	6
3748	0	0	0	0	36	481	36	23	13
3766	0	0	0	0	18	439	18	10	8
3773	0	0	0	0	11	422	11	9	2
3770	0	0	0	0	14	404	14	12	2
3777	0	0	0	0	7	399	7	6	1
3775	0	0	0	0	9	407	9	8	1
3738	0	0	0	0	46	500	46	33	13
3773	0	0	0	0	11	410	11	9	2
3740	0	0	0	0	44	483	44	31	13
3769	0	0	0	0	15	428	15	11	4
3779	0	0	0	0	5	393	5	5	0
3774	0	0	0	0	10	405	10	9	1
3761	0	0	0	0	23	449	23	17	6
3759	0	0	0	0	25	444	25	20	5
3725	0	0	0	0	59	541	59	43	16
3714	0	0	0	0	70	548	70	44	26
3770	0	0	0	0	14	417	14	13	1
3767	0	0	0	0	17	407	17	16	1
3752	0	0	0	0	32	484	32	20	12
3767	0	0	0	0	17	455	17	12	5
3763	0	0	0	0	21	420	21	15	6
3754	0	0	0	0	30	460	30	24	6
3769	0	0	0	0	15	416	15	13	2
3731	0	0	0	0	53	525	53	37	16
3692	0	0	0	0	92	619	92	75	17
3747	0	0	0	0	37	463	37	26	11
3754	0	0	0	0	30	458	30	25	5
3765	0	0	0	0	19	437	19	19	0
3779	0	0	0	0	5	382	5	5	0
3732	0	0	0	0	52	551	52	33	19
3625	0	0	0	0	159	850	159	125	34
3778	0	0	0	0	6	389	6	5	1
3710	0	0	0	0	74	564	74	51	23
3761	0	0	0	0	23	432	23	11	12
3777	0	0	0	0	7	395	7	7	0
3753	0	0	0	0	31	475	31	25	6
3772	0	0	0	0	12	398	12	11	1
3730	0	0	0	0	54	515	54	38	16
3762	0	0	0	0	22	408	22	19	3
3775	0	0	0	0	9	398	9	8	1
3760	0	0	0	0	24	474	24	19	5
3776	0	0	0	0	8	388	8	7	1
3771	0	0	0	0	13	419	13	11	2
3674	0	0	0	0	110	672	110	83	27
3776	0	0	0	0	8	393	8	8	0
3776	0	0	0	0	8	389	8	7	1
3778	0	0	0	0	6	388	6	6	0
3775	0	0	0	0	9	400	9	7	2
3767	0	0	0	0	17	431	17	14	3
3765	0	0	0	0	19	422	19	13	6
3777	0	0	0	0	7	387	7	7	0
3773	0	0	0	0	11	399	11	10	1
3779	0	0	0	0	5	382	5	5	0
3768	0	0	0	0	16	415	16	13	3
3779	0	0	0	0	5	386	5	5	0
3772	0	0	0	0	12	413	12	10	2
3769	0	0	0	0	15	425	15	14	1
3702	0	0	0	0	82	582	82	59	23
3779	0	0	0	0	5	380	5	5	0
3769	0	0	0	0	15	410	15	9	6
3771	0	0	0	0	13	402	13	10	3
3762	0	0	0	0	22	422	22	14	8
3777	0	0	0	0	7	387	7	6	1
3779	0	0	0	0	5	382	5	5	0
3778	0	0	0	0	6	387	6	5	1
3777	0	0	0	0	7	387	7	6	1
3767	0	0	0	0	17	411	17	13	4
3708	0	0	0	0	76	572	76	59	17
3769	0	0	0	0	15	398	15	11	4
3732	0	0	0	0	52	513	52	37	15
3774	0	0	0	0	10	383	10	9	1
3705	0	0	0	0	79	607	79	61	18
3753	0	0	0	0	31	496	31	24	7
3776	0	0	0	0	8	403	8	7	1
3684	0	0	0	0	100	683	100	80	20
3688	0	0	0	0	96	624	96	78	18
3777	0	0	0	0	7	400	7	5	2
3767	0	0	0	0	17	425	17	14	3
3754	0	0	0	0	30	482	30	21	9
3773	0	0	0	0	11	399	11	7	4
3775	0	0	0	0	9	400	9	9	0
3751	0	0	0	0	33	461	33	21	12
3764	0	0	0	0	20	446	20	14	6
3751	0	0	0	0	33	456	33	26	7
3736	0	0	0	0	48	496	48	38	10
3771	0	0	0	0	13	432	13	10	3
3776	0	0	0	0	8	391	8	7	1
3777	0	0	0	0	7	390	7	7	0
3763	0	0	0	0	21	421	21	17	4
3779	0	0	0	0	5	381	5	5	0
3731	0	0	0	0	53	546	53	34	19
3777	0	0	0	0	7	405	7	7	0
3704	0	0	0	0	80	571	80	58	22
3766	0	0	0	0	18	426	18	12	6
3704	0	0	0	0	80	585	80	60	20
3778	0	0	0	0	6	385	6	5	1
3774	0	0	0	0	10	397	10	7	3
3773	0	0	0	0	11	395	11	7	4
3766	0	0	0	0	18	423	18	15	3
3776	0	0	0	0	8	397	8	5	3
3779	0	0	0	0	5	385	5	5	0
3729	0	0	0	0	55	510	55	39	16
3778	0	0	0	0	6	389	6	5	1
3778	0	0	0	0	6	391	6	6	0
3766	0	0	0	0	18	427	18	13	5
3740	0	0	0	0	44	489	44	33	11
3760	0	0	0	0	24	440	24	18	6
3778	0	0	0	0	6	395	6	5	1
3752	0	0	0	0	32	476	32	23	9
3779	0	0	0	0	5	378	5	5	0
3766	0	0	0	0	18	435	18	15	3
3687	0	0	0	0	97	698	97	75	22
3760	0	0	0	0	24	467	24	19	5
3777	0	0	0	0	7	400	7	7	0
3778	0	0	0	0	6	389	6	6	0
3778	0	0	0	0	6	386	6	6	0
3765	0	0	0	0	19	423	19	14	5
3769	0	0	0	0	15	402	15	13	2
3777	0	0	0	0	7	383	7	5	2
3774	0	0	0	0	10	401	10	8	2
3779	0	0	0	0	5	380	5	5	0
3704	0	0	0	0	80	632	80	59	21
3771	0	0	0	0	13	417	13	11	2
3775	0	0	0	0	9	397	9	7	2
3776	0	0	0	0	8	387	8	6	2
3737	0	0	0	0	47	516	47	34	13
3773	0	0	0	0	11	398	11	11	0
3772	0	0	0	0	12	416	12	9	3
3752	0	0	0	0	32	474	32	23	9
3755	0	0	0	0	29	469	29	26	3
3779	0	0	0	0	5	380	5	5	0
3770	0	0	0	0	14	399	14	12	2
3779	0	0	0	0	5	383	5	5	0
3750	0	0	0	0	34	464	34	24	10
3778	0	0	0	0	6	386	6	5	1
3691	0	0	0	0	93	585	93	67	26
3711	0	0	0	0	73	592	73	48	25
3776	0	0	0	0	8	403	8	7	1
3773	0	0	0	0	11	396	11	7	4
3724	0	0	0	0	60	534	60	39	21
3778	0	0	0	0	6	391	6	5	1
3768	0	0	0	0	16	425	16	13	3
3771	0	0	0	0	13	410	13	12	1
3741	0	0	0	0	43	491	43	32	11
3771	0	0	0	0	13	398	13	12	1
3779	0	0	0	0	5	388	5	5	0
3777	0	0	0	0	7	394	7	7	0
3775	0	0	0	0	9	401	9	8	1
3768	0	0	0	0	16	410	16	12	4
3749	0	0	0	0	35	470	35	28	7
3770	0	0	0	0	14	410	14	11	3
3777	0	0	0	0	7	393	7	7	0
3765	0	0	0	0	19	452	19	14	5
3760	0	0	0	0	24	443	24	21	3
3730	0	0	0	0	54	504	54	42	12
3774	0	0	0	0	10	402	10	9	1
3767	0	0	0	0	17	423	17	11	6
3774	0	0	0	0	10	392	10	8	2
3779	0	0	0	0	5	379	5	5	0
3773	0	0	0	0	11	395	11	10	1
3654	0	0	0	0	130	717	130	106	24
3775	0	0	0	0	9	398	9	7	2
3769	0	0	0	0	15	409	15	11	4
3767	0	0	0	0	17	417	17	14	3
3770	0	0	0	0	14	409	14	10	4
3778	0	0	0	0	6	380	6	6	0
3664	0	0	0	0	120	683	120	87	33
3764	0	0	0	0	20	428	20	15	5
3758	0	0	0	0	26	434	26	17	9
3726	0	0	0	0	58	526	58	35	23
3779	0	0	0	0	5	380	5	5	0
3775	0	0	0	0	9	402	9	8	1
3779	0	0	0	0	5	384	5	5	0
3771	0	0	0	0	13	407	13	10	3
3779	0	0	0	0	5	388	5	5	0
3764	0	0	0	0	20	429	20	15	5
3750	0	0	0	0	34	487	34	25	9
3775	0	0	0	0	9	406	9	8	1
3714	0	0	0	0	70	569	70	51	19
3763	0	0	0	0	21	428	21	18	3
3777	0	0	0	0	7	384	7	7	0
3745	0	0	0	0	39	470	39	33	6
3775	0	0	0	0	9	396	9	9	0
3746	0	0	0	0	38	487	38	30	8
3774	0	0	0	0	10	402	10	9	1
3759	0	0	0	0	25	444	25	16	9
3774	0	0	0	0	10	411	10	9	1
3775	0	0	0	0	9	392	9	7	2
3778	0	0	0	0	6	389	6	6	0
3724	0	0	0	0	60	525	60	48	12
3704	0	0	0	0	80	594	80	58	22
3751	0	0	0	0	33	450	33	28	5
3778	0	0	0	0	6	389	6	6	0
3729	0	0	0	0	55	532	55	37	18
3777	0	0	0	0	7	406	7	7	0
3777	0	0	0	0	7	388	7	6	1
3752	0	0	0	0	32	474	32	26	6
3776	0	0	0	0	8	391	8	8	0
3768	0	0	0	0	16	414	16	10	6
3763	0	0	0	0	21	418	21	17	4
3692	0	0	0	0	92	609	92	69	23
3776	0	0	0	0	8	387	8	5	3
3777	0	0	0	0	7	396	7	7	0
3771	0	0	0	0	13	413	13	11	2
3717	0	0	0	0	67	550	67	46	21
3779	0	0	0	0	5	378	5	5	0
3738	0	0	0	0	46	488	46	37	9
3776	0	0	0	0	8	391	8	5	3
3777	0	0	0	0	7	391	7	7	0
3771	0	0	0	0	13	400	13	11	2
3772	0	0	0	0	12	401	12	10	2
3767	0	0	0	0	17	410	17	14	3
3775	0	0	0	0	9	398	9	9	0
3746	0	0	0	0	38	476	38	29	9
3754	0	0	0	0	30	470	30	22	8
3770	0	0	0	0	14	425	14	12	2
3770	0	0	0	0	14	409	14	11	3
3766	0	0	0	0	18	413	18	16	2
3766	0	0	0	0	18	425	18	13	5
3778	0	0	0	0	6	394	6	5	1
3741	0	0	0	0	43	498	43	29	14
3778	0	0	0	0	6	394	6	6	0
3770	0	0	0	0	14	412	14	14	0
3757	0	0	0	0	27	452	27	22	5
3759	0	0	0	0	25	448	25	21	4
3757	0	0	0	0	27	446	27	23	4
3772	0	0	0	0	12	417	12	9	3
3763	0	0	0	0	21	431	21	17	4
3770	0	0	0	0	14	414	14	11	3
3777	0	0	0	0	7	381	7	6	1
3778	0	0	0	0	6	388	6	6	0
3686	0	0	0	0	98	613	98	66	32
3768	0	0	0	0	16	421	16	10	6
3748	0	0	0	0	36	477	36	29	7
3774	0	0	0	0	10	399	10	8	2
3770	0	0	0	0	14	403	14	10	4
3744	0	0	0	0	40	502	40	27	13
3778	0	0	0	0	6	387	6	5	1
3758	0	0	0	0	26	471	26	23	3
3678	0	0	0	0	106	643	106	69	37
3757	0	0	0	0	27	463	27	22	5
3778	0	0	0	0	6	386	6	6	0
3765	0	0	0	0	19	425	19	15	4
3769	0	0	0	0	15	413	15	11	4
3776	0	0	0	0	8	399	8	7	1
3779	0	0	0	0	5	379	5	5	0
3778	0	0	0	0	6	390	6	5	1
3770	0	0	0	0	14	406	14	11	3
3712	0	0	0	0	72	532	72	55	17
3757	0	0	0	0	27	454	27	22	5
3752	0	0	0	0	32	453	32	25	7
3777	0	0	0	0	7	392	7	7	0
3768	0	0	0	0	16	423	16	16	0
3753	0	0	0	0	31	456	31	23	8
3779	0	0	0	0	5	383	5	5	0
3727	0	0	0	0	57	524	57	37	20
3712	0	0	0	0	72	558	72	53	19
3774	0	0	0	0	10	392	10	6	4
3760	0	0	0	0	24	413	24	12	12
3779	0	0	0	0	5	396	5	5	0
3762	0	0	0	0	22	429	22	18	4
3774	0	0	0	0	10	409	10	8	2
3770	0	0	0	0	14	399	14	9	5
3758	0	0	0	0	26	447	26	23	3
3767	0	0	0	0	17	422	17	14	3
3777	0	0	0	0	7	389	7	6	1
3778	0	0	0	0	6	382	6	6	0
3777	0	0	0	0	7	394	7	5	2
3776	0	0	0	0	8	406	8	6	2
3779	0	0	0	0	5	382	5	5	0
3779	0	0	0	0	5	381	5	5	0
3761	0	0	0	0	23	447	23	12	11
