3740	0	0	0	0	44	1005	44	42	2
3746	0	0	0	0	38	996	38	38	0
3736	0	0	0	0	48	1007	48	48	0
3721	0	0	0	0	63	1028	63	63	0
3601	0	0	0	0	183	1101	183	183	0
3775	0	0	0	0	9	990	9	9	0
3777	0	0	0	0	7	982	7	7	0
3742	0	0	0	0	42	1010	42	41	1
3734	0	0	0	0	50	1024	50	50	0
3768	0	0	0	0	16	986	16	15	1
3598	0	0	0	0	186	1108	186	186	0
3769	0	0	0	0	15	1000	15	15	0
3776	0	0	0	0	8	991	8	8	0
3779	0	0	0	0	5	957	5	5	0
3776	0	0	0	0	8	955	8	8	0
3719	0	0	0	0	65	1037	65	64	1
3778	0	0	0	0	6	956	6	6	0
3736	0	0	0	0	48	1021	48	47	1
3778	0	0	0	0	6	984	6	6	0
3773	0	0	0	0	11	984	11	11	0
3778	0	0	0	0	6	970	6	5	1
3704	0	0	0	0	80	1021	80	80	0
3779	0	0	0	0	5	975	5	5	0
3776	0	0	0	0	8	990	8	8	0
3728	0	0	0	0	56	1004	56	56	0
3751	0	0	0	0	33	1032	33	32	1
3759	0	0	0	0	25	1008	25	24	1
3735	0	0	0	0	49	1010	49	49	0
3764	0	0	0	0	20	1016	20	19	1
3748	0	0	0	0	36	1011	36	36	0
3767	0	0	0	0	17	1011	17	16	1
3769	0	0	0	0	15	1014	15	13	2
3752	0	0	0	0	32	1024	32	32	0
3765	0	0	0	0	19	1006	19	19	0
3689	0	0	0	0	95	1060	95	94	1
3778	0	0	0	0	6	958	6	6	0
3620	0	0	0	0	164	1078	164	164	0
3774	0	0	0	0	10	985	10	10	0
3779	0	0	0	0	5	953	5	5	0
3778	0	0	0	0	6	980	6	6	0
3775	0	0	0	0	9	977	9	9	0
3700	0	0	0	0	84	1044	84	84	0
3743	0	0	0	0	41	1008	41	40	1
3769	0	0	0	0	15	996	15	15	0
3777	0	0	0	0	7	966	7	6	1
3779	0	0	0	0	5	970	5	5	0
3761	0	0	0	0	23	1016	23	23	0
3776	0	0	0	0	8	985	8	6	2
3731	0	0	0	0	53	1031	53	52	1
3584	0	0	0	0	200	1133	200	200	0
3744	0	0	0	0	40	1001	40	39	1
3779	0	0	0	0	5	960	5	5	0
3773	0	0	0	0	11	981	11	11	0
3680	0	0	0	0	104	1100	104	104	0
3775	0	0	0	0	9	987	9	7	2
3779	0	0	0	0	5	957	5	5	0
3762	0	0	0	0	22	1003	22	22	0
3774	0	0	0	0	10	983	10	10	0
3742	0	0	0	0	42	1022	42	42	0
3753	0	0	0	0	31	977	31	31	0
3775	0	0	0	0	9	967	9	9	0
3773	0	0	0	0	11	990	11	10	1
3772	0	0	0	0	12	998	12	12	0
3763	0	0	0	0	21	994	21	21	0
3765	0	0	0	0	19	982	19	18	1
3698	0	0	0	0	86	1021	86	86	0
3746	0	0	0	0	38	1020	38	38	0
3715	0	0	0	0	69	1035	69	69	0
3777	0	0	0	0	7	980	7	7	0
3749	0	0	0	0	35	1004	35	35	0
3779	0	0	0	0	5	961	5	5	0
3747	0	0	0	0	37	1021	37	37	0
3765	0	0	0	0	19	982	19	18	1
3762	0	0	0	0	22	992	22	22	0
3651	0	0	0	0	133	1083	133	131	2
3765	0	0	0	0	19	1001	19	19	0
3726	0	0	0	0	58	992	58	58	0
3767	0	0	0	0	17	974	17	17	0
3766	0	0	0	0	18	992	18	17	1
3732	0	0	0	0	52	1062	52	50	2
3722	0	0	0	0	62	1060	62	62	0
3735	0	0	0	0	49	1008	49	48	1
3775	0	0	0	0	9	981	9	9	0
3763	0	0	0	0	21	1006	21	21	0
3771	0	0	0	0	13	980	13	13	0
3678	0	0	0	0	106	1110	106	106	0
3761	0	0	0	0	23	984	23	23	0
3776	0	0	0	0	8	963	8	8	0
3758	0	0	0	0	26	996	26	26	0
3779	0	0	0	0	5	977	5	5	0
3779	0	0	0	0	5	983	5	5	0
3574	0	0	0	0	210	1156	210	209	1
3767	0	0	0	0	17	1006	17	17	0
3764	0	0	0	0	20	983	20	20	0
3777	0	0	0	0	7	1013	7	7	0
3775	0	0	0	0	9	1009	9	8	1
3743	0	0	0	0	41	1025	41	41	0
3607	0	0	0	0	177	1112	177	177	0
3753	0	0	0	0	31	1003	31	30	1
3739	0	0	0	0	45	994	45	45	0
3771	0	0	0	0	13	997	13	13	0
3662	0	0	0	0	122	1098	122	122	0
3758	0	0	0	0	26	1008	26	26	0
3723	0	0	0	0	61	1004	61	61	0
3779	0	0	0	0	5	961	5	5	0
3770	0	0	0	0	14	974	14	14	0
3779	0	0	0	0	5	957	5	5	0
3717	0	0	0	0	67	1022	67	65	2
3774	0	0	0	0	10	998	10	10	0
3696	0	0	0	0	88	1047	88	88	0
3773	0	0	0	0	11	972	11	11	0
3754	0	0	0	0	30	1024	30	29	1
3762	0	0	0	0	22	975	22	22	0
3763	0	0	0	0	21	975	21	20	1
3771	0	0	0	0	13	978	13	12	1
3724	0	0	0	0	60	1067	60	60	0
3778	0	0	0	0	6	967	6	6	0
3619	0	0	0	0	165	1107	165	164	1
3738	0	0	0	0	46	1014	46	46	0
3741	0	0	0	0	43	999	43	42	1
3775	0	0	0	0	9	975	9	9	0
3771	0	0	0	0	13	968	13	13	0
3748	0	0	0	0	36	1018	36	36	0
3773	0	0	0	0	11	1020	11	11	0
3771	0	0	0	0	13	996	13	11	2
3742	0	0	0	0	42	1031	42	42	0
3698	0	0	0	0	86	1021	86	85	1
3779	0	0	0	0	5	958	5	5	0
3779	0	0	0	0	5	961	5	5	0
3542	0	0	0	0	242	1151	242	239	3
3779	0	0	0	0	5	976	5	5	0
3734	0	0	0	0	50	1028	50	50	0
3775	0	0	0	0	9	980	9	8	1
3776	0	0	0	0	8	990	8	7	1
3777	0	0	0	0	7	982	7	7	0
3772	0	0	0	0	12	1002	12	12	0
3756	0	0	0	0	28	1056	28	28	0
3769	0	0	0	0	15	997	15	15	0
3778	0	0	0	0	6	988	6	5	1
3777	0	0	0	0	7	985	7	7	0
3779	0	0	0	0	5	963	5	5	0
3767	0	0	0	0	17	980	17	17	0
3771	0	0	0	0	13	979	13	13	0
3762	0	0	0	0	22	992	22	22	0
3595	0	0	0	0	189	1113	189	189	0
3733	0	0	0	0	51	1035	51	49	2
3779	0	0	0	0	5	987	5	5	0
3710	0	0	0	0	74	1023	74	73	1
3779	0	0	0	0	5	954	5	5	0
3776	0	0	0	0	8	973	8	8	0
3698	0	0	0	0	86	1064	86	83	3
3736	0	0	0	0	48	1008	48	48	0
3769	0	0	0	0	15	979	15	15	0
3777	0	0	0	0	7	982	7	7	0
3757	0	0	0	0	27	987	27	27	0
3534	0	0	0	0	250	1151	250	250	0
3778	0	0	0	0	6	967	6	6	0
3613	0	0	0	0	171	1145	171	170	1
3778	0	0	0	0	6	966	6	6	0
3768	0	0	0	0	16	971	16	16	0
3741	0	0	0	0	43	1004	43	43	0
3770	0	0	0	0	14	986	14	14	0
3761	0	0	0	0	23	998	23	23	0
3716	0	0	0	0	68	997	68	66	2
3776	0	0	0	0	8	986	8	7	1
3773	0	0	0	0	11	975	11	11	0
3778	0	0	0	0	6	996	6	6	0
3775	0	0	0	0	9	968	9	7	2
3776	0	0	0	0	8	983	8	8	0
3779	0	0	0	0	5	965	5	5	0
3775	0	0	0	0	9	1002	9	9	0
3625	0	0	0	0	159	1112	159	159	0
3779	0	0	0	0	5	969	5	5	0
3777	0	0	0	0	7	952	7	7	0
3758	0	0	0	0	26	977	26	26	0
3692	0	0	0	0	92	1025	92	92	0
3772	0	0	0	0	12	999	12	12	0
3771	0	0	0	0	13	982	13	12	1
3779	0	0	0	0	5	966	5	5	0
3649	0	0	0	0	135	1061	135	135	0
3760	0	0	0	0	24	1000	24	24	0
3771	0	0	0	0	13	973	13	13	0
3498	0	0	0	0	286	1174	286	286	0
3777	0	0	0	0	7	980	7	7	0
3564	0	0	0	0	220	1180	220	220	0
3742	0	0	0	0	42	1007	42	41	1
3753	0	0	0	0	31	1044	31	31	0
3755	0	0	0	0	29	1021	29	29	0
3543	0	0	0	0	241	1154	241	241	0
3584	0	0	0	0	200	1130	200	200	0
3779	0	0	0	0	5	978	5	5	0
3764	0	0	0	0	20	1008	20	20	0
3771	0	0	0	0	13	989	13	12	1
3715	0	0	0	0	69	1008	69	69	0
3728	0	0	0	0	56	1017	56	56	0
3723	0	0	0	0	61	1008	61	60	1
3612	0	0	0	0	172	1090	172	172	0
3778	0	0	0	0	6	966	6	6	0
3659	0	0	0	0	125	1090	125	125	0
3752	0	0	0	0	32	1018	32	31	1
3666	0	0	0	0	118	1113	118	118	0
3737	0	0	0	0	47	1024	47	47	0
3752	0	0	0	0	32	995	32	32	0
3770	0	0	0	0	14	992	14	14	0
3717	0	0	0	0	67	1024	67	67	0
3767	0	0	0	0	17	985	17	17	0
3774	0	0	0	0	10	986	10	9	1
3779	0	0	0	0	5	966	5	5	0
3602	0	0	0	0	182	1098	182	182	0
3778	0	0	0	0	6	976	6	6	0
3756	0	0	0	0	28	1017	28	28	0
3762	0	0	0	0	22	1003	22	22	0
3725	0	0	0	0	59	1028	59	58	1
3778	0	0	0	0	6	968	6	6	0
3779	0	0	0	0	5	972	5	5	0
3771	0	0	0	0	13	990	13	13	0
3775	0	0	0	0	9	966	9	8	1
3769	0	0	0	0	15	973	15	15	0
3716	0	0	0	0	68	1010	68	67	1
3752	0	0	0	0	32	998	32	32	0
3714	0	0	0	0	70	1035	70	69	1
3761	0	0	0	0	23	984	23	22	1
3776	0	0	0	0	8	996	8	8	0
3698	0	0	0	0	86	1032	86	86	0
3751	0	0	0	0	33	1014	33	32	1
3771	0	0	0	0	13	989	13	13	0
3768	0	0	0	0	16	990	16	16	0
3765	0	0	0	0	19	991	19	19	0
3745	0	0	0	0	39	1003	39	38	1
3748	0	0	0	0	36	1011	36	36	0
3768	0	0	0	0	16	1005	16	15	1
3775	0	0	0	0	9	998	9	9	0
3774	0	0	0	0	10	1000	10	10	0
3773	0	0	0	0	11	970	11	10	1
3715	0	0	0	0	69	1003	69	68	1
3761	0	0	0	0	23	1022	23	23	0
3734	0	0	0	0	50	1007	50	50	0
3732	0	0	0	0	52	1004	52	51	1
3775	0	0	0	0	9	968	9	9	0
3769	0	0	0	0	15	968	15	15	0
3749	0	0	0	0	35	987	35	35	0
3754	0	0	0	0	30	1031	30	30	0
3630	0	0	0	0	154	1137	154	153	1
3594	0	0	0	0	190	1081	190	190	0
3767	0	0	0	0	17	986	17	17	0
3753	0	0	0	0	31	1001	31	30	1
3709	0	0	0	0	75	1069	75	75	0
3756	0	0	0	0	28	977	28	27	1
3753	0	0	0	0	31	1026	31	31	0
3564	0	0	0	0	220	1126	220	219	1
3712	0	0	0	0	72	1016	72	72	0
3692	0	0	0	0	92	1045	92	92	0
3751	0	0	0	0	33	1067	33	33	0
3600	0	0	0	0	184	1124	184	183	1
3741	0	0	0	0	43	1012	43	43	0
3734	0	0	0	0	50	1011	50	50	0
3779	0	0	0	0	5	948	5	5	0
3660	0	0	0	0	124	1074	124	124	0
3592	0	0	0	0	192	1146	192	191	1
3772	0	0	0	0	12	976	12	12	0
3688	0	0	0	0	96	1024	96	95	1
3623	0	0	0	0	161	1079	161	160	1
3777	0	0	0	0	7	973	7	7	0
3595	0	0	0	0	189	1119	189	189	0
3777	0	0	0	0	7	973	7	7	0
3721	0	0	0	0	63	1014	63	63	0
3750	0	0	0	0	34	989	34	33	1
3767	0	0	0	0	17	971	17	16	1
3726	0	0	0	0	58	1003	58	57	1
3770	0	0	0	0	14	996	14	14	0
3730	0	0	0	0	54	1030	54	54	0
3520	0	0	0	0	264	1165	264	264	0
3770	0	0	0	0	14	982	14	14	0
3778	0	0	0	0	6	958	6	6	0
3778	0	0	0	0	6	994	6	6	0
3769	0	0	0	0	15	979	15	15	0
3704	0	0	0	0	80	1025	80	79	1
3723	0	0	0	0	61	1027	61	60	1
3776	0	0	0	0	8	981	8	8	0
3768	0	0	0	0	16	979	16	16	0
3779	0	0	0	0	5	968	5	5	0
3761	0	0	0	0	23	976	23	23	0
3779	0	0	0	0	5	968	5	5	0
3762	0	0	0	0	22	985	22	22	0
3761	0	0	0	0	23	989	23	23	0
3619	0	0	0	0	165	1074	165	165	0
3779	0	0	0	0	5	959	5	5	0
3765	0	0	0	0	19	996	19	18	1
3766	0	0	0	0	18	974	18	18	0
3759	0	0	0	0	25	963	25	24	1
3750	0	0	0	0	34	999	34	34	0
3732	0	0	0	0	52	1013	52	52	0
3766	0	0	0	0	18	1000	18	18	0
3778	0	0	0	0	6	964	6	6	0
3763	0	0	0	0	21	974	21	20	1
3604	0	0	0	0	180	1103	180	179	1
3770	0	0	0	0	14	981	14	14	0
3656	0	0	0	0	128	1090	128	127	1
3770	0	0	0	0	14	963	14	14	0
3695	0	0	0	0	89	1041	89	88	1
3761	0	0	0	0	23	1000	23	23	0
3710	0	0	0	0	74	1022	74	74	0
3688	0	0	0	0	96	1070	96	96	0
3618	0	0	0	0	166	1093	166	166	0
3761	0	0	0	0	23	989	23	22	1
3736	0	0	0	0	48	1040	48	47	1
3773	0	0	0	0	11	976	11	11	0
3774	0	0	0	0	10	973	10	10	0
3771	0	0	0	0	13	983	13	13	0
3764	0	0	0	0	20	1012	20	19	1
3763	0	0	0	0	21	1013	21	21	0
3724	0	0	0	0	60	1038	60	60	0
3778	0	0	0	0	6	972	6	6	0
3778	0	0	0	0	6	987	6	6	0
3778	0	0	0	0	6	976	6	6	0
3770	0	0	0	0	14	994	14	14	0
3763	0	0	0	0	21	1030	21	21	0
3779	0	0	0	0	5	956	5	5	0
3775	0	0	0	0	9	968	9	9	0
3738	0	0	0	0	46	1003	46	46	0
3674	0	0	0	0	110	1079	110	110	0
3746	0	0	0	0	38	1063	38	38	0
3772	0	0	0	0	12	996	12	12	0
3778	0	0	0	0	6	970	6	6	0
3772	0	0	0	0	12	975	12	11	1
3774	0	0	0	0	10	986	10	9	1
3757	0	0	0	0	27	1022	27	25	2
3773	0	0	0	0	11	978	11	11	0
3773	0	0	0	0	11	963	11	11	0
3772	0	0	0	0	12	993	12	12	0
3779	0	0	0	0	5	970	5	5	0
3757	0	0	0	0	27	1015	27	27	0
3748	0	0	0	0	36	1011	36	36	0
3734	0	0	0	0	50	1027	50	49	1
3739	0	0	0	0	45	1027	45	45	0
3778	0	0	0	0	6	970	6	5	1
3778	0	0	0	0	6	1000	6	6	0
3779	0	0	0	0	5	954	5	5	0
3758	0	0	0	0	26	1000	26	26	0
3515	0	0	0	0	269	1142	269	267	2
3763	0	0	0	0	21	995	21	21	0
3763	0	0	0	0	21	1000	21	21	0
3777	0	0	0	0	7	990	7	7	0
3719	0	0	0	0	65	1031	65	65	0
3730	0	0	0	0	54	1027	54	53	1
3776	0	0	0	0	8	975	8	7	1
3777	0	0	0	0	7	976	7	5	2
3774	0	0	0	0	10	1000	10	9	1
3778	0	0	0	0	6	968	6	6	0
3608	0	0	0	0	176	1112	176	176	0
3771	0	0	0	0	13	977	13	13	0
3776	0	0	0	0	8	978	8	8	0
3775	0	0	0	0	9	993	9	9	0
3761	0	0	0	0	23	1006	23	22	1
3772	0	0	0	0	12	997	12	11	1
3754	0	0	0	0	30	992	30	30	0
3723	0	0	0	0	61	1041	61	60	1
3674	0	0	0	0	110	1103	110	109	1
3779	0	0	0	0	5	968	5	5	0
3763	0	0	0	0	21	969	21	21	0
3778	0	0	0	0	6	964	6	6	0
3764	0	0	0	0	20	992	20	20	0
3777	0	0	0	0	7	981	7	7	0
3765	0	0	0	0	19	999	19	19	0
3679	0	0	0	0	105	1091	105	104	1
3772	0	0	0	0	12	982	12	12	0
3776	0	0	0	0	8	972	8	8	0
3749	0	0	0	0	35	1008	35	35	0
3774	0	0	0	0	10	989	10	9	1
3742	0	0	0	0	42	1032	42	41	1
3758	0	0	0	0	26	977	26	26	0
3763	0	0	0	0	21	988	21	20	1
3761	0	0	0	0	23	989	23	23	0
3779	0	0	0	0	5	976	5	5	0
3743	0	0	0	0	41	1031	41	41	0
3775	0	0	0	0	9	987	9	9	0
3711	0	0	0	0	73	1033	73	73	0
3677	0	0	0	0	107	1072	107	107	0
3768	0	0	0	0	16	995	16	14	2
3778	0	0	0	0	6	977	6	6	0
3754	0	0	0	0	30	1020	30	30	0
3739	0	0	0	0	45	1020	45	45	0
3769	0	0	0	0	15	1016	15	15	0
3773	0	0	0	0	11	987	11	10	1
3698	0	0	0	0	86	1024	86	85	1
3765	0	0	0	0	19	1000	19	19	0
3777	0	0	0	0	7	962	7	7	0
3774	0	0	0	0	10	967	10	10	0
3657	0	0	0	0	127	1065	127	127	0
3729	0	0	0	0	55	1025	55	55	0
3777	0	0	0	0	7	976	7	7	0
3748	0	0	0	0	36	1008	36	36	0
3701	0	0	0	0	83	1015	83	83	0
3778	0	0	0	0	6	958	6	6	0
3621	0	0	0	0	163	1086	163	163	0
3690	0	0	0	0	94	1041	94	93	1
3766	0	0	0	0	18	1009	18	17	1
3690	0	0	0	0	94	1084	94	94	0
3770	0	0	0	0	14	987	14	14	0
3768	0	0	0	0	16	972	16	15	1
3779	0	0	0	0	5	981	5	5	0
3758	0	0	0	0	26	982	26	26	0
3779	0	0	0	0	5	960	5	5	0
3756	0	0	0	0	28	994	28	28	0
3727	0	0	0	0	57	1047	57	57	0
3776	0	0	0	0	8	967	8	8	0
3750	0	0	0	0	34	1016	34	34	0
3767	0	0	0	0	17	975	17	17	0
3776	0	0	0	0	8	963	8	8	0
3719	0	0	0	0	65	1054	65	65	0
3768	0	0	0	0	16	964	16	16	0
3706	0	0	0	0	78	1067	78	77	1
3767	0	0	0	0	17	986	17	17	0
3750	0	0	0	0	34	1001	34	34	0
3741	0	0	0	0	43	999	43	43	0
3769	0	0	0	0	15	973	15	15	0
3766	0	0	0	0	18	959	18	18	0
3762	0	0	0	0	22	1015	22	22	0
3609	0	0	0	0	175	1130	175	173	2
3766	0	0	0	0	18	1000	18	18	0
3773	0	0	0	0	11	972	11	11	0
3641	0	0	0	0	143	1133	143	143	0
3779	0	0	0	0	5	979	5	5	0
3779	0	0	0	0	5	949	5	5	0
3754	0	0	0	0	30	1024	30	30	0
3776	0	0	0	0	8	973	8	7	1
3769	0	0	0	0	15	997	15	13	2
3762	0	0	0	0	22	987	22	20	2
3591	0	0	0	0	193	1125	193	192	1
3772	0	0	0	0	12	967	12	12	0
3778	0	0	0	0	6	974	6	6	0
3775	0	0	0	0	9	981	9	8	1
3660	0	0	0	0	124	1062	124	123	1
3779	0	0	0	0	5	958	5	5	0
3770	0	0	0	0	14	995	14	13	1
3774	0	0	0	0	10	983	10	9	1
3776	0	0	0	0	8	981	8	8	0
3777	0	0	0	0	7	984	7	7	0
3761	0	0	0	0	23	994	23	21	2
3763	0	0	0	0	21	968	21	21	0
3773	0	0	0	0	11	1003	11	11	0
3747	0	0	0	0	37	1018	37	36	1
3773	0	0	0	0	11	992	11	11	0
3767	0	0	0	0	17	1000	17	17	0
3762	0	0	0	0	22	984	22	21	1
3775	0	0	0	0	9	966	9	9	0
3776	0	0	0	0	8	986	8	8	0
3778	0	0	0	0	6	982	6	6	0
3702	0	0	0	0	82	1040	82	80	2
3778	0	0	0	0	6	976	6	6	0
3775	0	0	0	0	9	982	9	9	0
3687	0	0	0	0	97	1044	97	97	0
3763	0	0	0	0	21	982	21	20	1
3732	0	0	0	0	52	1010	52	52	0
3757	0	0	0	0	27	997	27	27	0
3778	0	0	0	0	6	972	6	6	0
3768	0	0	0	0	16	974	16	16	0
3777	0	0	0	0	7	973	7	7	0
3779	0	0	0	0	5	969	5	5	0
3616	0	0	0	0	168	1125	168	167	1
3716	0	0	0	0	68	1056	68	67	1
3748	0	0	0	0	36	1020	36	36	0
3761	0	0	0	0	23	992	23	22	1
3771	0	0	0	0	13	972	13	12	1
3727	0	0	0	0	57	1001	57	56	1
3775	0	0	0	0	9	975	9	8	1
3719	0	0	0	0	65	1071	65	64	1
3656	0	0	0	0	128	1068	128	127	1
3657	0	0	0	0	127	1081	127	126	1
3766	0	0	0	0	18	988	18	18	0
3769	0	0	0	0	15	987	15	15	0
3771	0	0	0	0	13	984	13	13	0
3776	0	0	0	0	8	972	8	8	0
3779	0	0	0	0	5	961	5	5	0
3775	0	0	0	0	9	982	9	9	0
3768	0	0	0	0	16	988	16	16	0
3765	0	0	0	0	19	993	19	19	0
3716	0	0	0	0	68	1013	68	68	0
3551	0	0	0	0	233	1138	233	230	3
3777	0	0	0	0	7	970	7	7	0
3762	0	0	0	0	22	999	22	21	1
3763	0	0	0	0	21	982	21	19	2
3779	0	0	0	0	5	959	5	5	0
3706	0	0	0	0	78	1038	78	78	0
3725	0	0	0	0	59	1020	59	59	0
3769	0	0	0	0	15	980	15	14	1
3757	0	0	0	0	27	986	27	25	2
3777	0	0	0	0	7	970	7	7	0
3753	0	0	0	0	31	1002	31	29	2
3615	0	0	0	0	169	1125	169	169	0
3764	0	0	0	0	20	973	20	18	2
3759	0	0	0	0	25	998	25	25	0
3759	0	0	0	0	25	1009	25	24	1
3771	0	0	0	0	13	964	13	12	1
3778	0	0	0	0	6	952	6	6	0
3777	0	0	0	0	7	1003	7	6	1
3778	0	0	0	0	6	972	6	6	0
3779	0	0	0	0	5	964	5	5	0
3779	0	0	0	0	5	958	5	5	0
3698	0	0	0	0	86	1031	86	86	0
