3776	0	0	0	0	8	1232	8	5	3
3774	0	0	0	0	10	1253	10	10	0
3777	0	0	0	0	7	1232	7	6	1
3776	0	0	0	0	8	1204	8	7	1
3779	0	0	0	0	5	1170	5	5	0
3778	0	0	0	0	6	1211	6	5	1
3777	0	0	0	0	7	1250	7	5	2
3777	0	0	0	0	7	1245	7	5	2
3776	0	0	0	0	8	1240	8	7	1
3774	0	0	0	0	10	1234	10	9	1
3776	0	0	0	0	8	1235	8	6	2
3778	0	0	0	0	6	1206	6	5	1
3776	0	0	0	0	8	1233	8	6	2
3779	0	0	0	0	5	1155	5	5	0
3779	0	0	0	0	5	1160	5	5	0
3772	0	0	0	0	12	1263	12	9	3
3779	0	0	0	0	5	1163	5	5	0
3774	0	0	0	0	10	1263	10	8	2
3779	0	0	0	0	5	1183	5	5	0
3779	0	0	0	0	5	1184	5	5	0
3778	0	0	0	0	6	1172	6	5	1
3773	0	0	0	0	11	1249	11	8	3
3779	0	0	0	0	5	1203	5	5	0
3777	0	0	0	0	7	1224	7	7	0
3775	0	0	0	0	9	1249	9	8	1
3774	0	0	0	0	10	1307	10	9	1
3776	0	0	0	0	8	1257	8	7	1
3779	0	0	0	0	5	1224	5	5	0
3773	0	0	0	0	11	1291	11	8	3
3778	0	0	0	0	6	1248	6	6	0
3778	0	0	0	0	6	1228	6	5	1
3775	0	0	0	0	9	1276	9	7	2
3778	0	0	0	0	6	1189	6	5	1
3779	0	0	0	0	5	1210	5	5	0
3775	0	0	0	0	9	1253	9	6	3
3778	0	0	0	0	6	1162	6	6	0
3779	0	0	0	0	5	1192	5	5	0
3776	0	0	0	0	8	1251	8	7	1
3779	0	0	0	0	5	1148	5	5	0
3778	0	0	0	0	6	1222	6	6	0
3777	0	0	0	0	7	1198	7	6	1
3779	0	0	0	0	5	1169	5	5	0
3776	0	0	0	0	8	1221	8	7	1
3776	0	0	0	0	8	1230	8	7	1
3776	0	0	0	0	8	1184	8	5	3
3779	0	0	0	0	5	1182	5	5	0
3776	0	0	0	0	8	1238	8	6	2
3776	0	0	0	0	8	1251	8	5	3
3776	0	0	0	0	8	1240	8	6	2
3776	0	0	0	0	8	1200	8	7	1
3773	0	0	0	0	11	1264	11	7	4
3779	0	0	0	0	5	1164	5	5	0
3778	0	0	0	0	6	1200	6	5	1
3777	0	0	0	0	7	1218	7	5	2
3777	0	0	0	0	7	1224	7	5	2
3779	0	0	0	0	5	1152	5	5	0
3777	0	0	0	0	7	1244	7	6	1
3778	0	0	0	0	6	1195	6	6	0
3776	0	0	0	0	8	1262	8	7	1
3777	0	0	0	0	7	1195	7	7	0
3777	0	0	0	0	7	1204	7	6	1
3774	0	0	0	0	10	1256	10	7	3
3778	0	0	0	0	6	1233	6	5	1
3778	0	0	0	0	6	1222	6	5	1
3777	0	0	0	0	7	1227	7	6	1
3779	0	0	0	0	5	1201	5	5	0
3779	0	0	0	0	5	1202	5	5	0
3778	0	0	0	0	6	1242	6	6	0
3778	0	0	0	0	6	1205	6	6	0
3776	0	0	0	0	8	1245	8	6	2
3779	0	0	0	0	5	1164	5	5	0
3778	0	0	0	0	6	1268	6	5	1
3776	0	0	0	0	8	1225	8	6	2
3775	0	0	0	0	9	1234	9	8	1
3769	0	0	0	0	15	1307	15	11	4
3778	0	0	0	0	6	1206	6	6	0
3776	0	0	0	0	8	1185	8	8	0
3778	0	0	0	0	6	1212	6	5	1
3776	0	0	0	0	8	1234	8	7	1
3774	0	0	0	0	10	1333	10	8	2
3778	0	0	0	0	6	1208	6	5	1
3772	0	0	0	0	12	1209	12	9	3
3778	0	0	0	0	6	1217	6	5	1
3777	0	0	0	0	7	1226	7	6	1
3775	0	0	0	0	9	1208	9	7	2
3771	0	0	0	0	13	1322	13	9	4
3778	0	0	0	0	6	1191	6	6	0
3778	0	0	0	0	6	1189	6	5	1
3779	0	0	0	0	5	1199	5	5	0
3777	0	0	0	0	7	1205	7	5	2
3779	0	0	0	0	5	1221	5	5	0
3774	0	0	0	0	10	1302	10	8	2
3779	0	0	0	0	5	1211	5	5	0
3776	0	0	0	0	8	1225	8	6	2
3777	0	0	0	0	7	1240	7	5	2
3778	0	0	0	0	6	1232	6	5	1
3776	0	0	0	0	8	1182	8	8	0
3777	0	0	0	0	7	1275	7	5	2
3777	0	0	0	0	7	1224	7	6	1
3779	0	0	0	0	5	1211	5	5	0
3776	0	0	0	0	8	1254	8	6	2
3776	0	0	0	0	8	1259	8	7	1
3775	0	0	0	0	9	1230	9	7	2
3776	0	0	0	0	8	1218	8	6	2
3779	0	0	0	0	5	1161	5	5	0
3777	0	0	0	0	7	1180	7	6	1
3779	0	0	0	0	5	1162	5	5	0
3772	0	0	0	0	12	1236	12	8	4
3778	0	0	0	0	6	1261	6	6	0
3769	0	0	0	0	15	1272	15	8	7
3778	0	0	0	0	6	1169	6	5	1
3775	0	0	0	0	9	1264	9	7	2
3777	0	0	0	0	7	1202	7	6	1
3774	0	0	0	0	10	1221	10	6	4
3775	0	0	0	0	9	1172	9	7	2
3777	0	0	0	0	7	1202	7	6	1
3779	0	0	0	0	5	1176	5	5	0
3778	0	0	0	0	6	1246	6	5	1
3776	0	0	0	0	8	1243	8	7	1
3775	0	0	0	0	9	1219	9	6	3
3779	0	0	0	0	5	1176	5	5	0
3776	0	0	0	0	8	1187	8	6	2
3774	0	0	0	0	10	1289	10	9	1
3775	0	0	0	0	9	1299	9	7	2
3777	0	0	0	0	7	1202	7	5	2
3779	0	0	0	0	5	1209	5	5	0
3776	0	0	0	0	8	1219	8	6	2
3778	0	0	0	0	6	1179	6	5	1
3779	0	0	0	0	5	1162	5	5	0
3779	0	0	0	0	5	1209	5	5	0
3779	0	0	0	0	5	1193	5	5	0
3776	0	0	0	0	8	1197	8	6	2
3776	0	0	0	0	8	1172	8	5	3
3778	0	0	0	0	6	1224	6	5	1
3779	0	0	0	0	5	1216	5	5	0
3778	0	0	0	0	6	1221	6	6	0
3779	0	0	0	0	5	1176	5	5	0
3778	0	0	0	0	6	1211	6	5	1
3777	0	0	0	0	7	1233	7	5	2
3778	0	0	0	0	6	1227	6	6	0
3778	0	0	0	0	6	1168	6	5	1
3778	0	0	0	0	6	1179	6	5	1
3778	0	0	0	0	6	1200	6	5	1
3779	0	0	0	0	5	1179	5	5	0
3776	0	0	0	0	8	1251	8	6	2
3773	0	0	0	0	11	1234	11	8	3
3779	0	0	0	0	5	1221	5	5	0
3773	0	0	0	0	11	1250	11	9	2
3779	0	0	0	0	5	1154	5	5	0
3778	0	0	0	0	6	1172	6	5	1
3769	0	0	0	0	15	1327	15	10	5
3776	0	0	0	0	8	1211	8	6	2
3777	0	0	0	0	7	1180	7	7	0
3778	0	0	0	0	6	1207	6	6	0
3776	0	0	0	0	8	1241	8	6	2
3777	0	0	0	0	7	1226	7	6	1
3779	0	0	0	0	5	1196	5	5	0
3775	0	0	0	0	9	1294	9	6	3
3775	0	0	0	0	9	1203	9	8	1
3775	0	0	0	0	9	1181	9	7	2
3779	0	0	0	0	5	1215	5	5	0
3775	0	0	0	0	9	1219	9	7	2
3778	0	0	0	0	6	1228	6	5	1
3776	0	0	0	0	8	1233	8	5	3
3775	0	0	0	0	9	1246	9	7	2
3777	0	0	0	0	7	1215	7	6	1
3779	0	0	0	0	5	1215	5	5	0
3775	0	0	0	0	9	1171	9	7	2
3778	0	0	0	0	6	1230	6	6	0
3779	0	0	0	0	5	1180	5	5	0
3779	0	0	0	0	5	1199	5	5	0
3777	0	0	0	0	7	1217	7	7	0
3779	0	0	0	0	5	1190	5	5	0
3779	0	0	0	0	5	1155	5	5	0
3776	0	0	0	0	8	1201	8	8	0
3776	0	0	0	0	8	1222	8	6	2
3778	0	0	0	0	6	1204	6	5	1
3778	0	0	0	0	6	1241	6	5	1
3779	0	0	0	0	5	1169	5	5	0
3776	0	0	0	0	8	1224	8	6	2
3778	0	0	0	0	6	1199	6	5	1
3778	0	0	0	0	6	1190	6	6	0
3776	0	0	0	0	8	1270	8	7	1
3778	0	0	0	0	6	1250	6	6	0
3778	0	0	0	0	6	1247	6	6	0
3776	0	0	0	0	8	1239	8	6	2
3778	0	0	0	0	6	1230	6	5	1
3775	0	0	0	0	9	1268	9	7	2
3778	0	0	0	0	6	1229	6	6	0
3778	0	0	0	0	6	1251	6	5	1
3779	0	0	0	0	5	1217	5	5	0
3779	0	0	0	0	5	1189	5	5	0
3778	0	0	0	0	6	1198	6	5	1
3775	0	0	0	0	9	1261	9	8	1
3777	0	0	0	0	7	1230	7	6	1
3774	0	0	0	0	10	1258	10	8	2
3777	0	0	0	0	7	1267	7	7	0
3778	0	0	0	0	6	1193	6	5	1
3770	0	0	0	0	14	1367	14	12	2
3775	0	0	0	0	9	1259	9	7	2
3773	0	0	0	0	11	1288	11	8	3
3778	0	0	0	0	6	1180	6	5	1
3776	0	0	0	0	8	1224	8	8	0
3776	0	0	0	0	8	1225	8	6	2
3775	0	0	0	0	9	1263	9	8	1
3775	0	0	0	0	9	1201	9	9	0
3776	0	0	0	0	8	1245	8	5	3
3779	0	0	0	0	5	1192	5	5	0
3779	0	0	0	0	5	1233	5	5	0
3779	0	0	0	0	5	1192	5	5	0
3779	0	0	0	0	5	1196	5	5	0
3772	0	0	0	0	12	1287	12	10	2
3777	0	0	0	0	7	1190	7	6	1
3778	0	0	0	0	6	1198	6	5	1
3779	0	0	0	0	5	1182	5	5	0
3778	0	0	0	0	6	1232	6	6	0
3775	0	0	0	0	9	1188	9	7	2
3777	0	0	0	0	7	1196	7	6	1
3779	0	0	0	0	5	1198	5	5	0
3779	0	0	0	0	5	1211	5	5	0
3778	0	0	0	0	6	1184	6	5	1
3775	0	0	0	0	9	1223	9	7	2
3775	0	0	0	0	9	1245	9	7	2
3776	0	0	0	0	8	1239	8	8	0
3776	0	0	0	0	8	1210	8	6	2
3778	0	0	0	0	6	1214	6	5	1
3774	0	0	0	0	10	1240	10	7	3
3777	0	0	0	0	7	1205	7	6	1
3774	0	0	0	0	10	1239	10	6	4
3777	0	0	0	0	7	1250	7	6	1
3775	0	0	0	0	9	1242	9	6	3
3776	0	0	0	0	8	1233	8	6	2
3779	0	0	0	0	5	1207	5	5	0
3775	0	0	0	0	9	1207	9	7	2
3774	0	0	0	0	10	1262	10	8	2
3776	0	0	0	0	8	1223	8	8	0
3777	0	0	0	0	7	1222	7	6	1
3775	0	0	0	0	9	1256	9	7	2
3779	0	0	0	0	5	1193	5	5	0
3776	0	0	0	0	8	1193	8	7	1
3777	0	0	0	0	7	1216	7	6	1
3776	0	0	0	0	8	1206	8	6	2
3774	0	0	0	0	10	1306	10	7	3
3773	0	0	0	0	11	1269	11	8	3
3779	0	0	0	0	5	1184	5	5	0
3775	0	0	0	0	9	1214	9	7	2
3778	0	0	0	0	6	1259	6	5	1
3778	0	0	0	0	6	1218	6	5	1
3777	0	0	0	0	7	1216	7	6	1
3775	0	0	0	0	9	1230	9	7	2
3776	0	0	0	0	8	1269	8	5	3
3775	0	0	0	0	9	1240	9	8	1
3774	0	0	0	0	10	1318	10	7	3
3771	0	0	0	0	13	1269	13	10	3
3776	0	0	0	0	8	1246	8	8	0
3778	0	0	0	0	6	1217	6	6	0
3779	0	0	0	0	5	1147	5	5	0
3778	0	0	0	0	6	1242	6	5	1
3776	0	0	0	0	8	1255	8	7	1
3778	0	0	0	0	6	1186	6	5	1
3775	0	0	0	0	9	1233	9	7	2
3769	0	0	0	0	15	1292	15	7	8
3777	0	0	0	0	7	1235	7	5	2
3775	0	0	0	0	9	1327	9	8	1
3778	0	0	0	0	6	1199	6	6	0
3775	0	0	0	0	9	1207	9	7	2
3772	0	0	0	0	12	1217	12	11	1
3778	0	0	0	0	6	1184	6	5	1
3775	0	0	0	0	9	1273	9	6	3
3777	0	0	0	0	7	1194	7	6	1
3775	0	0	0	0	9	1222	9	7	2
3768	0	0	0	0	16	1380	16	9	7
3778	0	0	0	0	6	1193	6	6	0
3779	0	0	0	0	5	1166	5	5	0
3779	0	0	0	0	5	1221	5	5	0
3777	0	0	0	0	7	1210	7	5	2
3777	0	0	0	0	7	1225	7	5	2
3773	0	0	0	0	11	1245	11	7	4
3777	0	0	0	0	7	1223	7	7	0
3775	0	0	0	0	9	1197	9	8	1
3779	0	0	0	0	5	1177	5	5	0
3772	0	0	0	0	12	1198	12	8	4
3779	0	0	0	0	5	1208	5	5	0
3778	0	0	0	0	6	1193	6	6	0
3779	0	0	0	0	5	1210	5	5	0
3775	0	0	0	0	9	1232	9	7	2
3779	0	0	0	0	5	1168	5	5	0
3777	0	0	0	0	7	1205	7	5	2
3776	0	0	0	0	8	1217	8	7	1
3774	0	0	0	0	10	1203	10	6	4
3778	0	0	0	0	6	1187	6	5	1
3779	0	0	0	0	5	1182	5	5	0
3778	0	0	0	0	6	1222	6	5	1
3779	0	0	0	0	5	1185	5	5	0
3775	0	0	0	0	9	1185	9	6	3
3778	0	0	0	0	6	1230	6	5	1
3778	0	0	0	0	6	1183	6	6	0
3776	0	0	0	0	8	1275	8	7	1
3779	0	0	0	0	5	1171	5	5	0
3775	0	0	0	0	9	1239	9	7	2
3775	0	0	0	0	9	1359	9	8	1
3778	0	0	0	0	6	1234	6	5	1
3775	0	0	0	0	9	1193	9	9	0
3779	0	0	0	0	5	1214	5	5	0
3777	0	0	0	0	7	1237	7	5	2
3774	0	0	0	0	10	1257	10	7	3
3776	0	0	0	0	8	1218	8	6	2
3777	0	0	0	0	7	1224	7	6	1
3776	0	0	0	0	8	1236	8	8	0
3773	0	0	0	0	11	1305	11	8	3
3778	0	0	0	0	6	1239	6	5	1
3776	0	0	0	0	8	1292	8	7	1
3777	0	0	0	0	7	1196	7	6	1
3779	0	0	0	0	5	1234	5	5	0
3779	0	0	0	0	5	1193	5	5	0
3779	0	0	0	0	5	1209	5	5	0
3778	0	0	0	0	6	1200	6	5	1
3779	0	0	0	0	5	1162	5	5	0
3777	0	0	0	0	7	1196	7	5	2
3779	0	0	0	0	5	1209	5	5	0
3774	0	0	0	0	10	1279	10	8	2
3774	0	0	0	0	10	1282	10	8	2
3778	0	0	0	0	6	1210	6	5	1
3778	0	0	0	0	6	1203	6	5	1
3778	0	0	0	0	6	1189	6	5	1
3774	0	0	0	0	10	1239	10	7	3
3773	0	0	0	0	11	1267	11	8	3
3778	0	0	0	0	6	1193	6	5	1
3779	0	0	0	0	5	1178	5	5	0
3772	0	0	0	0	12	1239	12	9	3
3778	0	0	0	0	6	1175	6	5	1
3778	0	0	0	0	6	1238	6	6	0
3773	0	0	0	0	11	1268	11	10	1
3778	0	0	0	0	6	1184	6	5	1
3778	0	0	0	0	6	1203	6	5	1
3778	0	0	0	0	6	1208	6	5	1
3779	0	0	0	0	5	1200	5	5	0
3779	0	0	0	0	5	1161	5	5	0
3776	0	0	0	0	8	1259	8	6	2
3773	0	0	0	0	11	1281	11	9	2
3775	0	0	0	0	9	1238	9	6	3
3778	0	0	0	0	6	1228	6	6	0
3779	0	0	0	0	5	1224	5	5	0
3778	0	0	0	0	6	1210	6	6	0
3777	0	0	0	0	7	1251	7	6	1
3777	0	0	0	0	7	1191	7	6	1
3777	0	0	0	0	7	1182	7	5	2
3778	0	0	0	0	6	1220	6	5	1
3779	0	0	0	0	5	1174	5	5	0
3775	0	0	0	0	9	1240	9	7	2
3776	0	0	0	0	8	1230	8	7	1
3778	0	0	0	0	6	1192	6	6	0
3776	0	0	0	0	8	1222	8	6	2
3779	0	0	0	0	5	1204	5	5	0
3775	0	0	0	0	9	1241	9	7	2
3776	0	0	0	0	8	1204	8	6	2
3776	0	0	0	0	8	1210	8	5	3
3776	0	0	0	0	8	1280	8	7	1
3779	0	0	0	0	5	1193	5	5	0
3778	0	0	0	0	6	1177	6	5	1
3779	0	0	0	0	5	1171	5	5	0
3776	0	0	0	0	8	1254	8	6	2
3779	0	0	0	0	5	1182	5	5	0
3777	0	0	0	0	7	1205	7	7	0
3766	0	0	0	0	18	1388	18	12	6
3778	0	0	0	0	6	1185	6	5	1
3775	0	0	0	0	9	1187	9	5	4
3776	0	0	0	0	8	1241	8	6	2
3778	0	0	0	0	6	1212	6	5	1
3776	0	0	0	0	8	1224	8	6	2
3778	0	0	0	0	6	1203	6	5	1
3771	0	0	0	0	13	1228	13	9	4
3776	0	0	0	0	8	1183	8	7	1
3779	0	0	0	0	5	1188	5	5	0
3778	0	0	0	0	6	1216	6	6	0
3779	0	0	0	0	5	1216	5	5	0
3775	0	0	0	0	9	1235	9	7	2
3777	0	0	0	0	7	1255	7	5	2
3775	0	0	0	0	9	1190	9	7	2
3779	0	0	0	0	5	1217	5	5	0
3778	0	0	0	0	6	1234	6	5	1
3776	0	0	0	0	8	1307	8	7	1
3778	0	0	0	0	6	1230	6	5	1
3776	0	0	0	0	8	1214	8	6	2
3776	0	0	0	0	8	1241	8	7	1
3777	0	0	0	0	7	1192	7	6	1
3779	0	0	0	0	5	1158	5	5	0
3777	0	0	0	0	7	1194	7	7	0
3774	0	0	0	0	10	1278	10	8	2
3778	0	0	0	0	6	1206	6	5	1
3775	0	0	0	0	9	1210	9	7	2
3773	0	0	0	0	11	1243	11	9	2
3775	0	0	0	0	9	1216	9	6	3
3779	0	0	0	0	5	1166	5	5	0
3775	0	0	0	0	9	1286	9	7	2
3777	0	0	0	0	7	1231	7	5	2
3774	0	0	0	0	10	1243	10	6	4
3777	0	0	0	0	7	1263	7	6	1
3779	0	0	0	0	5	1189	5	5	0
3778	0	0	0	0	6	1200	6	5	1
3779	0	0	0	0	5	1193	5	5	0
3774	0	0	0	0	10	1220	10	7	3
3779	0	0	0	0	5	1178	5	5	0
3773	0	0	0	0	11	1234	11	7	4
3776	0	0	0	0	8	1263	8	6	2
3776	0	0	0	0	8	1200	8	7	1
3776	0	0	0	0	8	1250	8	7	1
3776	0	0	0	0	8	1222	8	7	1
3778	0	0	0	0	6	1166	6	6	0
3773	0	0	0	0	11	1271	11	10	1
3778	0	0	0	0	6	1166	6	6	0
3777	0	0	0	0	7	1231	7	6	1
3776	0	0	0	0	8	1234	8	6	2
3778	0	0	0	0	6	1236	6	5	1
3779	0	0	0	0	5	1229	5	5	0
3777	0	0	0	0	7	1201	7	6	1
3779	0	0	0	0	5	1162	5	5	0
3776	0	0	0	0	8	1248	8	6	2
3773	0	0	0	0	11	1276	11	7	4
3778	0	0	0	0	6	1222	6	5	1
3778	0	0	0	0	6	1174	6	6	0
3776	0	0	0	0	8	1298	8	6	2
3778	0	0	0	0	6	1247	6	6	0
3778	0	0	0	0	6	1147	6	5	1
3779	0	0	0	0	5	1234	5	5	0
3777	0	0	0	0	7	1206	7	6	1
3776	0	0	0	0	8	1195	8	6	2
3774	0	0	0	0	10	1201	10	7	3
3777	0	0	0	0	7	1239	7	5	2
3777	0	0	0	0	7	1167	7	5	2
3778	0	0	0	0	6	1211	6	6	0
3778	0	0	0	0	6	1193	6	5	1
3775	0	0	0	0	9	1270	9	7	2
3779	0	0	0	0	5	1161	5	5	0
3776	0	0	0	0	8	1185	8	5	3
3776	0	0	0	0	8	1192	8	5	3
3777	0	0	0	0	7	1183	7	7	0
3778	0	0	0	0	6	1184	6	5	1
3774	0	0	0	0	10	1205	10	7	3
3774	0	0	0	0	10	1191	10	8	2
3779	0	0	0	0	5	1200	5	5	0
3777	0	0	0	0	7	1257	7	5	2
3778	0	0	0	0	6	1225	6	6	0
3778	0	0	0	0	6	1206	6	5	1
3777	0	0	0	0	7	1201	7	6	1
3778	0	0	0	0	6	1189	6	6	0
3777	0	0	0	0	7	1231	7	6	1
3778	0	0	0	0	6	1204	6	5	1
3777	0	0	0	0	7	1238	7	5	2
3778	0	0	0	0	6	1234	6	5	1
3778	0	0	0	0	6	1227	6	6	0
3777	0	0	0	0	7	1222	7	6	1
3777	0	0	0	0	7	1227	7	6	1
3777	0	0	0	0	7	1202	7	6	1
3776	0	0	0	0	8	1234	8	5	3
3779	0	0	0	0	5	1178	5	5	0
3778	0	0	0	0	6	1193	6	5	1
3778	0	0	0	0	6	1169	6	5	1
3779	0	0	0	0	5	1201	5	5	0
3773	0	0	0	0	11	1284	11	8	3
3773	0	0	0	0	11	1265	11	7	4
3778	0	0	0	0	6	1219	6	6	0
3776	0	0	0	0	8	1232	8	7	1
3776	0	0	0	0	8	1189	8	5	3
3772	0	0	0	0	12	1258	12	6	6
3778	0	0	0	0	6	1189	6	5	1
3775	0	0	0	0	9	1268	9	8	1
3773	0	0	0	0	11	1278	11	6	5
3777	0	0	0	0	7	1233	7	6	1
3779	0	0	0	0	5	1184	5	5	0
3777	0	0	0	0	7	1216	7	6	1
3777	0	0	0	0	7	1206	7	7	0
3777	0	0	0	0	7	1202	7	6	1
3779	0	0	0	0	5	1161	5	5	0
3778	0	0	0	0	6	1215	6	5	1
3778	0	0	0	0	6	1204	6	5	1
3778	0	0	0	0	6	1205	6	6	0
3776	0	0	0	0	8	1251	8	7	1
3773	0	0	0	0	11	1255	11	5	6
3777	0	0	0	0	7	1211	7	6	1
3774	0	0	0	0	10	1280	10	10	0
3768	0	0	0	0	16	1258	16	7	9
3779	0	0	0	0	5	1172	5	5	0
3778	0	0	0	0	6	1209	6	5	1
3775	0	0	0	0	9	1245	9	6	3
3775	0	0	0	0	9	1180	9	6	3
3777	0	0	0	0	7	1177	7	5	2
3779	0	0	0	0	5	1195	5	5	0
3776	0	0	0	0	8	1179	8	6	2
3777	0	0	0	0	7	1220	7	6	1
3775	0	0	0	0	9	1186	9	5	4
3776	0	0	0	0	8	1231	8	7	1
3778	0	0	0	0	6	1205	6	5	1
3777	0	0	0	0	7	1169	7	6	1
3779	0	0	0	0	5	1143	5	5	0
3777	0	0	0	0	7	1223	7	5	2
3777	0	0	0	0	7	1212	7	5	2
3779	0	0	0	0	5	1204	5	5	0
3779	0	0	0	0	5	1169	5	5	0
3772	0	0	0	0	12	1235	12	7	5
