3773	0	0	0	0	11	594	11	8	3
3766	0	0	0	0	18	617	18	16	2
3776	0	0	0	0	8	599	8	6	2
3755	0	0	0	0	29	651	29	21	8
3779	0	0	0	0	5	569	5	5	0
3777	0	0	0	0	7	580	7	6	1
3755	0	0	0	0	29	641	29	25	4
3760	0	0	0	0	24	662	24	16	8
3763	0	0	0	0	21	630	21	13	8
3771	0	0	0	0	13	592	13	10	3
3775	0	0	0	0	9	586	9	6	3
3757	0	0	0	0	27	630	27	17	10
3764	0	0	0	0	20	623	20	16	4
3779	0	0	0	0	5	566	5	5	0
3778	0	0	0	0	6	572	6	6	0
3765	0	0	0	0	19	612	19	16	3
3779	0	0	0	0	5	572	5	5	0
3761	0	0	0	0	23	643	23	15	8
3778	0	0	0	0	6	575	6	6	0
3778	0	0	0	0	6	573	6	6	0
3778	0	0	0	0	6	570	6	5	1
3733	0	0	0	0	51	724	51	29	22
3779	0	0	0	0	5	573	5	5	0
3777	0	0	0	0	7	578	7	7	0
3758	0	0	0	0	26	651	26	17	9
3762	0	0	0	0	22	658	22	17	5
3774	0	0	0	0	10	603	10	8	2
3777	0	0	0	0	7	586	7	6	1
3752	0	0	0	0	32	682	32	26	6
3766	0	0	0	0	18	637	18	16	2
3778	0	0	0	0	6	579	6	6	0
3772	0	0	0	0	12	603	12	10	2
3777	0	0	0	0	7	585	7	6	1
3778	0	0	0	0	6	581	6	6	0
3748	0	0	0	0	36	671	36	26	10
3778	0	0	0	0	6	569	6	6	0
3778	0	0	0	0	6	572	6	5	1
3776	0	0	0	0	8	585	8	7	1
3779	0	0	0	0	5	569	5	5	0
3778	0	0	0	0	6	573	6	6	0
3776	0	0	0	0	8	575	8	6	2
3779	0	0	0	0	5	574	5	5	0
3774	0	0	0	0	10	594	10	7	3
3774	0	0	0	0	10	595	10	8	2
3775	0	0	0	0	9	584	9	6	3
3779	0	0	0	0	5	571	5	5	0
3772	0	0	0	0	12	615	12	10	2
3765	0	0	0	0	19	629	19	13	6
3768	0	0	0	0	16	621	16	12	4
3746	0	0	0	0	38	672	38	27	11
3752	0	0	0	0	32	685	32	21	11
3778	0	0	0	0	6	584	6	6	0
3777	0	0	0	0	7	584	7	6	1
3772	0	0	0	0	12	592	12	11	1
3777	0	0	0	0	7	584	7	5	2
3779	0	0	0	0	5	568	5	5	0
3768	0	0	0	0	16	625	16	12	4
3764	0	0	0	0	20	623	20	14	6
3769	0	0	0	0	15	630	15	11	4
3773	0	0	0	0	11	603	11	9	2
3775	0	0	0	0	9	591	9	8	1
3773	0	0	0	0	11	605	11	8	3
3778	0	0	0	0	6	583	6	6	0
3777	0	0	0	0	7	580	7	5	2
3770	0	0	0	0	14	630	14	8	6
3779	0	0	0	0	5	574	5	5	0
3779	0	0	0	0	5	574	5	5	0
3778	0	0	0	0	6	594	6	6	0
3774	0	0	0	0	10	579	10	10	0
3770	0	0	0	0	14	620	14	9	5
3775	0	0	0	0	9	580	9	8	1
3722	0	0	0	0	62	784	62	43	19
3776	0	0	0	0	8	595	8	7	1
3762	0	0	0	0	22	651	22	14	8
3704	0	0	0	0	80	817	80	50	30
3775	0	0	0	0	9	599	9	8	1
3772	0	0	0	0	12	587	12	11	1
3775	0	0	0	0	9	587	9	7	2
3774	0	0	0	0	10	581	10	8	2
3771	0	0	0	0	13	631	13	10	3
3744	0	0	0	0	40	702	40	28	12
3755	0	0	0	0	29	645	29	19	10
3764	0	0	0	0	20	631	20	12	8
3773	0	0	0	0	11	598	11	9	2
3773	0	0	0	0	11	590	11	7	4
3720	0	0	0	0	64	759	64	46	18
3764	0	0	0	0	20	613	20	15	5
3778	0	0	0	0	6	585	6	5	1
3763	0	0	0	0	21	628	21	18	3
3774	0	0	0	0	10	594	10	8	2
3760	0	0	0	0	24	657	24	15	9
3729	0	0	0	0	55	763	55	36	19
3778	0	0	0	0	6	583	6	6	0
3768	0	0	0	0	16	608	16	12	4
3744	0	0	0	0	40	687	40	26	14
3759	0	0	0	0	25	631	25	21	4
3773	0	0	0	0	11	599	11	11	0
3763	0	0	0	0	21	658	21	14	7
3772	0	0	0	0	12	603	12	9	3
3779	0	0	0	0	5	582	5	5	0
3774	0	0	0	0	10	597	10	8	2
3769	0	0	0	0	15	606	15	11	4
3760	0	0	0	0	24	624	24	15	9
3764	0	0	0	0	20	625	20	14	6
3779	0	0	0	0	5	568	5	5	0
3777	0	0	0	0	7	581	7	6	1
3779	0	0	0	0	5	570	5	5	0
3766	0	0	0	0	18	617	18	12	6
3772	0	0	0	0	12	618	12	9	3
3745	0	0	0	0	39	692	39	17	22
3778	0	0	0	0	6	581	6	5	1
3770	0	0	0	0	14	602	14	10	4
3772	0	0	0	0	12	607	12	9	3
3773	0	0	0	0	11	605	11	8	3
3775	0	0	0	0	9	585	9	7	2
3773	0	0	0	0	11	590	11	9	2
3777	0	0	0	0	7	589	7	7	0
3768	0	0	0	0	16	641	16	15	1
3763	0	0	0	0	21	619	21	15	6
3764	0	0	0	0	20	630	20	12	8
3778	0	0	0	0	6	580	6	6	0
3776	0	0	0	0	8	581	8	7	1
3759	0	0	0	0	25	659	25	20	5
3717	0	0	0	0	67	780	67	49	18
3773	0	0	0	0	11	590	11	7	4
3778	0	0	0	0	6	579	6	6	0
3763	0	0	0	0	21	615	21	12	9
3778	0	0	0	0	6	575	6	5	1
3779	0	0	0	0	5	570	5	5	0
3776	0	0	0	0	8	591	8	8	0
3779	0	0	0	0	5	577	5	5	0
3774	0	0	0	0	10	587	10	8	2
3774	0	0	0	0	10	580	10	6	4
3778	0	0	0	0	6	577	6	6	0
3779	0	0	0	0	5	572	5	5	0
3776	0	0	0	0	8	584	8	8	0
3774	0	0	0	0	10	592	10	9	1
3773	0	0	0	0	11	602	11	9	2
3777	0	0	0	0	7	587	7	7	0
3769	0	0	0	0	15	633	15	9	6
3778	0	0	0	0	6	580	6	6	0
3778	0	0	0	0	6	589	6	5	1
3767	0	0	0	0	17	634	17	13	4
3778	0	0	0	0	6	576	6	5	1
3770	0	0	0	0	14	642	14	10	4
3756	0	0	0	0	28	676	28	18	10
3778	0	0	0	0	6	588	6	6	0
3757	0	0	0	0	27	675	27	22	5
3779	0	0	0	0	5	567	5	5	0
3778	0	0	0	0	6	572	6	5	1
3736	0	0	0	0	48	703	48	31	17
3761	0	0	0	0	23	665	23	18	5
3777	0	0	0	0	7	581	7	7	0
3776	0	0	0	0	8	586	8	8	0
3766	0	0	0	0	18	612	18	11	7
3748	0	0	0	0	36	685	36	22	14
3779	0	0	0	0	5	574	5	5	0
3743	0	0	0	0	41	706	41	24	17
3767	0	0	0	0	17	620	17	12	5
3773	0	0	0	0	11	595	11	9	2
3779	0	0	0	0	5	582	5	5	0
3774	0	0	0	0	10	589	10	8	2
3766	0	0	0	0	18	627	18	15	3
3767	0	0	0	0	17	620	17	10	7
3760	0	0	0	0	24	627	24	15	9
3775	0	0	0	0	9	586	9	7	2
3778	0	0	0	0	6	578	6	6	0
3774	0	0	0	0	10	577	10	7	3
3772	0	0	0	0	12	611	12	10	2
3779	0	0	0	0	5	571	5	5	0
3777	0	0	0	0	7	583	7	7	0
3767	0	0	0	0	17	626	17	12	5
3779	0	0	0	0	5	569	5	5	0
3778	0	0	0	0	6	572	6	5	1
3775	0	0	0	0	9	601	9	9	0
3731	0	0	0	0	53	745	53	34	19
3777	0	0	0	0	7	586	7	5	2
3776	0	0	0	0	8	600	8	8	0
3779	0	0	0	0	5	574	5	5	0
3772	0	0	0	0	12	595	12	8	4
3776	0	0	0	0	8	581	8	6	2
3776	0	0	0	0	8	582	8	7	1
3720	0	0	0	0	64	785	64	41	23
3773	0	0	0	0	11	612	11	9	2
3751	0	0	0	0	33	672	33	25	8
3747	0	0	0	0	37	684	37	27	10
3765	0	0	0	0	19	640	19	17	2
3764	0	0	0	0	20	634	20	12	8
3762	0	0	0	0	22	632	22	16	6
3775	0	0	0	0	9	593	9	8	1
3779	0	0	0	0	5	573	5	5	0
3778	0	0	0	0	6	573	6	6	0
3774	0	0	0	0	10	597	10	8	2
3770	0	0	0	0	14	613	14	12	2
3757	0	0	0	0	27	639	27	21	6
3767	0	0	0	0	17	630	17	11	6
3750	0	0	0	0	34	695	34	23	11
3778	0	0	0	0	6	574	6	5	1
3687	0	0	0	0	97	852	97	64	33
3755	0	0	0	0	29	658	29	17	12
3772	0	0	0	0	12	597	12	9	3
3778	0	0	0	0	6	576	6	5	1
3767	0	0	0	0	17	615	17	15	2
3760	0	0	0	0	24	644	24	17	7
3758	0	0	0	0	26	654	26	19	7
3767	0	0	0	0	17	603	17	13	4
3767	0	0	0	0	17	639	17	12	5
3779	0	0	0	0	5	580	5	5	0
3770	0	0	0	0	14	623	14	8	6
3779	0	0	0	0	5	587	5	5	0
3779	0	0	0	0	5	572	5	5	0
3760	0	0	0	0	24	632	24	16	8
3739	0	0	0	0	45	702	45	34	11
3762	0	0	0	0	22	639	22	17	5
3779	0	0	0	0	5	570	5	5	0
3778	0	0	0	0	6	584	6	6	0
3774	0	0	0	0	10	588	10	9	1
3769	0	0	0	0	15	600	15	10	5
3755	0	0	0	0	29	672	29	19	10
3776	0	0	0	0	8	596	8	8	0
3777	0	0	0	0	7	578	7	5	2
3773	0	0	0	0	11	591	11	10	1
3774	0	0	0	0	10	596	10	7	3
3761	0	0	0	0	23	634	23	15	8
3774	0	0	0	0	10	587	10	6	4
3776	0	0	0	0	8	585	8	8	0
3770	0	0	0	0	14	607	14	10	4
3764	0	0	0	0	20	616	20	14	6
3742	0	0	0	0	42	688	42	25	17
3770	0	0	0	0	14	617	14	9	5
3773	0	0	0	0	11	612	11	9	2
3776	0	0	0	0	8	580	8	6	2
3777	0	0	0	0	7	589	7	6	1
3775	0	0	0	0	9	603	9	8	1
3744	0	0	0	0	40	676	40	27	13
3773	0	0	0	0	11	601	11	9	2
3767	0	0	0	0	17	606	17	12	5
3772	0	0	0	0	12	612	12	8	4
3779	0	0	0	0	5	581	5	5	0
3774	0	0	0	0	10	600	10	9	1
3774	0	0	0	0	10	601	10	7	3
3775	0	0	0	0	9	586	9	7	2
3748	0	0	0	0	36	710	36	24	12
3727	0	0	0	0	57	730	57	32	25
3779	0	0	0	0	5	579	5	5	0
3772	0	0	0	0	12	594	12	9	3
3759	0	0	0	0	25	653	25	18	7
3770	0	0	0	0	14	642	14	9	5
3767	0	0	0	0	17	613	17	11	6
3750	0	0	0	0	34	670	34	23	11
3769	0	0	0	0	15	624	15	12	3
3751	0	0	0	0	33	698	33	22	11
3727	0	0	0	0	57	763	57	42	15
3746	0	0	0	0	38	659	38	25	13
3759	0	0	0	0	25	655	25	20	5
3778	0	0	0	0	6	581	6	6	0
3779	0	0	0	0	5	571	5	5	0
3736	0	0	0	0	48	736	48	29	19
3701	0	0	0	0	83	875	83	63	20
3778	0	0	0	0	6	579	6	5	1
3734	0	0	0	0	50	728	50	33	17
3756	0	0	0	0	28	662	28	14	14
3777	0	0	0	0	7	586	7	7	0
3765	0	0	0	0	19	648	19	13	6
3774	0	0	0	0	10	586	10	10	0
3767	0	0	0	0	17	619	17	13	4
3760	0	0	0	0	24	606	24	18	6
3776	0	0	0	0	8	589	8	7	1
3763	0	0	0	0	21	670	21	14	7
3777	0	0	0	0	7	576	7	6	1
3771	0	0	0	0	13	609	13	11	2
3754	0	0	0	0	30	657	30	19	11
3778	0	0	0	0	6	578	6	6	0
3777	0	0	0	0	7	579	7	6	1
3779	0	0	0	0	5	574	5	5	0
3775	0	0	0	0	9	588	9	6	3
3769	0	0	0	0	15	621	15	11	4
3761	0	0	0	0	23	624	23	16	7
3777	0	0	0	0	7	579	7	7	0
3774	0	0	0	0	10	592	10	9	1
3779	0	0	0	0	5	572	5	5	0
3769	0	0	0	0	15	609	15	11	4
3779	0	0	0	0	5	576	5	5	0
3775	0	0	0	0	9	593	9	7	2
3771	0	0	0	0	13	613	13	13	0
3737	0	0	0	0	47	746	47	29	18
3779	0	0	0	0	5	570	5	5	0
3770	0	0	0	0	14	603	14	8	6
3773	0	0	0	0	11	592	11	8	3
3772	0	0	0	0	12	602	12	6	6
3778	0	0	0	0	6	578	6	5	1
3779	0	0	0	0	5	571	5	5	0
3778	0	0	0	0	6	577	6	5	1
3777	0	0	0	0	7	577	7	6	1
3771	0	0	0	0	13	600	13	9	4
3746	0	0	0	0	38	699	38	28	10
3770	0	0	0	0	14	589	14	9	5
3760	0	0	0	0	24	630	24	17	7
3777	0	0	0	0	7	573	7	6	1
3751	0	0	0	0	33	670	33	23	10
3770	0	0	0	0	14	645	14	11	3
3778	0	0	0	0	6	588	6	5	1
3768	0	0	0	0	16	606	16	15	1
3737	0	0	0	0	47	742	47	34	13
3777	0	0	0	0	7	591	7	5	2
3770	0	0	0	0	14	613	14	10	4
3759	0	0	0	0	25	673	25	17	8
3773	0	0	0	0	11	589	11	7	4
3775	0	0	0	0	9	591	9	9	0
3756	0	0	0	0	28	652	28	18	10
3766	0	0	0	0	18	644	18	14	4
3762	0	0	0	0	22	641	22	18	4
3741	0	0	0	0	43	694	43	34	9
3772	0	0	0	0	12	620	12	9	3
3776	0	0	0	0	8	580	8	6	2
3779	0	0	0	0	5	577	5	5	0
3763	0	0	0	0	21	627	21	14	7
3779	0	0	0	0	5	571	5	5	0
3768	0	0	0	0	16	630	16	10	6
3778	0	0	0	0	6	595	6	6	0
3736	0	0	0	0	48	727	48	34	14
3751	0	0	0	0	33	682	33	21	12
3726	0	0	0	0	58	750	58	38	20
3778	0	0	0	0	6	577	6	5	1
3775	0	0	0	0	9	589	9	6	3
3773	0	0	0	0	11	586	11	7	4
3767	0	0	0	0	17	616	17	13	4
3776	0	0	0	0	8	588	8	5	3
3779	0	0	0	0	5	576	5	5	0
3738	0	0	0	0	46	681	46	31	15
3778	0	0	0	0	6	579	6	5	1
3778	0	0	0	0	6	585	6	6	0
3767	0	0	0	0	17	618	17	12	5
3751	0	0	0	0	33	676	33	24	9
3766	0	0	0	0	18	624	18	11	7
3778	0	0	0	0	6	585	6	5	1
3762	0	0	0	0	22	639	22	16	6
3779	0	0	0	0	5	568	5	5	0
3771	0	0	0	0	13	620	13	11	2
3728	0	0	0	0	56	794	56	40	16
3770	0	0	0	0	14	614	14	10	4
3774	0	0	0	0	10	596	10	9	1
3778	0	0	0	0	6	581	6	6	0
3778	0	0	0	0	6	577	6	6	0
3773	0	0	0	0	11	601	11	8	3
3770	0	0	0	0	14	601	14	12	2
3777	0	0	0	0	7	573	7	5	2
3775	0	0	0	0	9	592	9	7	2
3779	0	0	0	0	5	570	5	5	0
3712	0	0	0	0	72	843	72	46	26
3772	0	0	0	0	12	612	12	10	2
3776	0	0	0	0	8	588	8	6	2
3776	0	0	0	0	8	577	8	6	2
3748	0	0	0	0	36	706	36	26	10
3773	0	0	0	0	11	587	11	11	0
3775	0	0	0	0	9	598	9	6	3
3772	0	0	0	0	12	598	12	8	4
3756	0	0	0	0	28	665	28	23	5
3779	0	0	0	0	5	569	5	5	0
3776	0	0	0	0	8	575	8	7	1
3779	0	0	0	0	5	575	5	5	0
3770	0	0	0	0	14	618	14	11	3
3778	0	0	0	0	6	579	6	5	1
3775	0	0	0	0	9	589	9	9	0
3736	0	0	0	0	48	728	48	27	21
3778	0	0	0	0	6	590	6	5	1
3773	0	0	0	0	11	585	11	7	4
3762	0	0	0	0	22	645	22	16	6
3778	0	0	0	0	6	582	6	5	1
3743	0	0	0	0	41	707	41	31	10
3775	0	0	0	0	9	595	9	8	1
3747	0	0	0	0	37	688	37	26	11
3776	0	0	0	0	8	579	8	7	1
3779	0	0	0	0	5	578	5	5	0
3776	0	0	0	0	8	592	8	8	0
3777	0	0	0	0	7	593	7	7	0
3772	0	0	0	0	12	600	12	9	3
3754	0	0	0	0	30	675	30	22	8
3771	0	0	0	0	13	599	13	10	3
3777	0	0	0	0	7	584	7	7	0
3768	0	0	0	0	16	647	16	10	6
3776	0	0	0	0	8	595	8	7	1
3776	0	0	0	0	8	584	8	6	2
3775	0	0	0	0	9	588	9	8	1
3770	0	0	0	0	14	599	14	8	6
3777	0	0	0	0	7	573	7	6	1
3778	0	0	0	0	6	574	6	6	0
3770	0	0	0	0	14	587	14	10	4
3771	0	0	0	0	13	607	13	12	1
3776	0	0	0	0	8	588	8	6	2
3771	0	0	0	0	13	597	13	9	4
3770	0	0	0	0	14	611	14	11	3
3774	0	0	0	0	10	590	10	7	3
3779	0	0	0	0	5	570	5	5	0
3700	0	0	0	0	84	836	84	57	27
3756	0	0	0	0	28	654	28	21	7
3774	0	0	0	0	10	582	10	6	4
3751	0	0	0	0	33	682	33	21	12
3779	0	0	0	0	5	570	5	5	0
3776	0	0	0	0	8	598	8	6	2
3779	0	0	0	0	5	574	5	5	0
3774	0	0	0	0	10	598	10	7	3
3779	0	0	0	0	5	576	5	5	0
3764	0	0	0	0	20	621	20	15	5
3770	0	0	0	0	14	642	14	9	5
3775	0	0	0	0	9	598	9	8	1
3729	0	0	0	0	55	750	55	44	11
3772	0	0	0	0	12	609	12	10	2
3778	0	0	0	0	6	573	6	6	0
3767	0	0	0	0	17	633	17	15	2
3778	0	0	0	0	6	580	6	6	0
3774	0	0	0	0	10	601	10	7	3
3774	0	0	0	0	10	592	10	9	1
3767	0	0	0	0	17	622	17	11	6
3775	0	0	0	0	9	600	9	8	1
3777	0	0	0	0	7	582	7	6	1
3779	0	0	0	0	5	575	5	5	0
3776	0	0	0	0	8	586	8	6	2
3726	0	0	0	0	58	749	58	37	21
3762	0	0	0	0	22	621	22	17	5
3778	0	0	0	0	6	579	6	6	0
3766	0	0	0	0	18	639	18	12	6
3777	0	0	0	0	7	599	7	7	0
3777	0	0	0	0	7	579	7	6	1
3776	0	0	0	0	8	593	8	7	1
3776	0	0	0	0	8	581	8	8	0
3768	0	0	0	0	16	607	16	10	6
3768	0	0	0	0	16	600	16	12	4
3720	0	0	0	0	64	766	64	38	26
3776	0	0	0	0	8	579	8	5	3
3777	0	0	0	0	7	585	7	7	0
3773	0	0	0	0	11	598	11	9	2
3738	0	0	0	0	46	706	46	28	18
3779	0	0	0	0	5	568	5	5	0
3751	0	0	0	0	33	658	33	26	7
3776	0	0	0	0	8	581	8	5	3
3777	0	0	0	0	7	581	7	7	0
3760	0	0	0	0	24	640	24	16	8
3773	0	0	0	0	11	594	11	9	2
3769	0	0	0	0	15	599	15	11	4
3779	0	0	0	0	5	573	5	5	0
3770	0	0	0	0	14	619	14	8	6
3761	0	0	0	0	23	656	23	18	5
3775	0	0	0	0	9	599	9	7	2
3772	0	0	0	0	12	601	12	9	3
3775	0	0	0	0	9	586	9	9	0
3768	0	0	0	0	16	615	16	12	4
3778	0	0	0	0	6	584	6	5	1
3771	0	0	0	0	13	600	13	10	3
3778	0	0	0	0	6	586	6	6	0
3774	0	0	0	0	10	600	10	10	0
3760	0	0	0	0	24	636	24	18	6
3762	0	0	0	0	22	644	22	18	4
3762	0	0	0	0	22	629	22	18	4
3770	0	0	0	0	14	613	14	10	4
3752	0	0	0	0	32	663	32	22	10
3773	0	0	0	0	11	604	11	9	2
3777	0	0	0	0	7	571	7	5	2
3778	0	0	0	0	6	577	6	6	0
3710	0	0	0	0	74	799	74	43	31
3750	0	0	0	0	34	669	34	19	15
3778	0	0	0	0	6	579	6	6	0
3772	0	0	0	0	12	605	12	9	3
3774	0	0	0	0	10	593	10	6	4
3751	0	0	0	0	33	691	33	21	12
3778	0	0	0	0	6	578	6	5	1
3759	0	0	0	0	25	662	25	18	7
3708	0	0	0	0	76	816	76	45	31
3777	0	0	0	0	7	595	7	6	1
3779	0	0	0	0	5	575	5	5	0
3768	0	0	0	0	16	614	16	10	6
3773	0	0	0	0	11	593	11	7	4
3776	0	0	0	0	8	590	8	7	1
3779	0	0	0	0	5	569	5	5	0
3778	0	0	0	0	6	580	6	5	1
3774	0	0	0	0	10	591	10	7	3
3722	0	0	0	0	62	709	62	44	18
3763	0	0	0	0	21	642	21	16	5
3747	0	0	0	0	37	696	37	26	11
3777	0	0	0	0	7	582	7	7	0
3770	0	0	0	0	14	611	14	14	0
3756	0	0	0	0	28	649	28	20	8
3779	0	0	0	0	5	573	5	5	0
3744	0	0	0	0	40	677	40	25	15
3720	0	0	0	0	64	758	64	46	18
3774	0	0	0	0	10	583	10	6	4
3766	0	0	0	0	18	615	18	10	8
3779	0	0	0	0	5	586	5	5	0
3772	0	0	0	0	12	595	12	9	3
3775	0	0	0	0	9	597	9	7	2
3774	0	0	0	0	10	586	10	6	4
3766	0	0	0	0	18	628	18	15	3
3774	0	0	0	0	10	593	10	8	2
3777	0	0	0	0	7	578	7	6	1
3778	0	0	0	0	6	571	6	6	0
3777	0	0	0	0	7	583	7	5	2
3775	0	0	0	0	9	600	9	6	3
3779	0	0	0	0	5	572	5	5	0
3779	0	0	0	0	5	571	5	5	0
3765	0	0	0	0	19	622	19	8	11
