3775	0	0	0	0	9	2268	9	8	1
3770	0	0	0	0	14	2270	14	14	0
3777	0	0	0	0	7	2266	7	7	0
3775	0	0	0	0	9	2269	9	9	0
3777	0	0	0	0	7	2267	7	7	0
3778	0	0	0	0	6	2268	6	6	0
3777	0	0	0	0	7	2266	7	7	0
3766	0	0	0	0	18	2274	18	18	0
3767	0	0	0	0	17	2273	17	15	2
3772	0	0	0	0	12	2267	12	12	0
3778	0	0	0	0	6	2266	6	6	0
3762	0	0	0	0	22	2271	22	21	1
3778	0	0	0	0	6	2267	6	6	0
3779	0	0	0	0	5	2268	5	5	0
3776	0	0	0	0	8	2267	8	8	0
3766	0	0	0	0	18	2267	18	18	0
3779	0	0	0	0	5	2265	5	5	0
3768	0	0	0	0	16	2270	16	15	1
3779	0	0	0	0	5	2268	5	5	0
3775	0	0	0	0	9	2268	9	9	0
3778	0	0	0	0	6	2267	6	6	0
3754	0	0	0	0	30	2271	30	29	1
3779	0	0	0	0	5	2268	5	5	0
3773	0	0	0	0	11	2269	11	11	0
3761	0	0	0	0	23	2271	23	22	1
3778	0	0	0	0	6	2269	6	6	0
3779	0	0	0	0	5	2266	5	5	0
3774	0	0	0	0	10	2266	10	10	0
3771	0	0	0	0	13	2268	13	12	1
3778	0	0	0	0	6	2269	6	6	0
3775	0	0	0	0	9	2268	9	9	0
3775	0	0	0	0	9	2268	9	8	1
3779	0	0	0	0	5	2266	5	5	0
3777	0	0	0	0	7	2267	7	7	0
3756	0	0	0	0	28	2268	28	28	0
3778	0	0	0	0	6	2268	6	6	0
3778	0	0	0	0	6	2268	6	6	0
3776	0	0	0	0	8	2267	8	8	0
3779	0	0	0	0	5	2267	5	5	0
3778	0	0	0	0	6	2268	6	6	0
3777	0	0	0	0	7	2268	7	7	0
3777	0	0	0	0	7	2268	7	7	0
3758	0	0	0	0	26	2271	26	26	0
3773	0	0	0	0	11	2269	11	11	0
3779	0	0	0	0	5	2268	5	5	0
3779	0	0	0	0	5	2268	5	5	0
3774	0	0	0	0	10	2272	10	10	0
3776	0	0	0	0	8	2271	8	7	1
3774	0	0	0	0	10	2267	10	10	0
3776	0	0	0	0	8	2268	8	8	0
3778	0	0	0	0	6	2267	6	6	0
3776	0	0	0	0	8	2267	8	8	0
3775	0	0	0	0	9	2266	9	9	0
3779	0	0	0	0	5	2267	5	5	0
3775	0	0	0	0	9	2270	9	9	0
3779	0	0	0	0	5	2268	5	5	0
3776	0	0	0	0	8	2270	8	7	1
3769	0	0	0	0	15	2268	15	15	0
3769	0	0	0	0	15	2273	15	15	0
3769	0	0	0	0	15	2269	15	15	0
3777	0	0	0	0	7	2269	7	7	0
3779	0	0	0	0	5	2269	5	5	0
3766	0	0	0	0	18	2272	18	18	0
3779	0	0	0	0	5	2267	5	5	0
3776	0	0	0	0	8	2269	8	8	0
3779	0	0	0	0	5	2267	5	5	0
3778	0	0	0	0	6	2267	6	6	0
3762	0	0	0	0	22	2272	22	22	0
3778	0	0	0	0	6	2267	6	6	0
3777	0	0	0	0	7	2266	7	7	0
3779	0	0	0	0	5	2266	5	5	0
3778	0	0	0	0	6	2266	6	6	0
3773	0	0	0	0	11	2268	11	10	1
3768	0	0	0	0	16	2271	16	15	1
3759	0	0	0	0	25	2268	25	24	1
3768	0	0	0	0	16	2270	16	16	0
3761	0	0	0	0	23	2270	23	23	0
3776	0	0	0	0	8	2268	8	8	0
3774	0	0	0	0	10	2269	10	10	0
3768	0	0	0	0	16	2270	16	15	1
3770	0	0	0	0	14	2266	14	14	0
3760	0	0	0	0	24	2271	24	23	1
3778	0	0	0	0	6	2268	6	6	0
3776	0	0	0	0	8	2269	8	8	0
3776	0	0	0	0	8	2267	8	8	0
3774	0	0	0	0	10	2267	10	9	1
3778	0	0	0	0	6	2267	6	6	0
3777	0	0	0	0	7	2268	7	7	0
3778	0	0	0	0	6	2269	6	6	0
3779	0	0	0	0	5	2269	5	5	0
3779	0	0	0	0	5	2268	5	5	0
3764	0	0	0	0	20	2268	20	20	0
3766	0	0	0	0	18	2268	18	18	0
3767	0	0	0	0	17	2269	17	17	0
3779	0	0	0	0	5	2267	5	5	0
3778	0	0	0	0	6	2265	6	6	0
3775	0	0	0	0	9	2271	9	9	0
3772	0	0	0	0	12	2268	12	12	0
3777	0	0	0	0	7	2269	7	7	0
3761	0	0	0	0	23	2270	23	22	1
3776	0	0	0	0	8	2269	8	8	0
3765	0	0	0	0	19	2269	19	19	0
3774	0	0	0	0	10	2268	10	10	0
3778	0	0	0	0	6	2267	6	6	0
3779	0	0	0	0	5	2266	5	5	0
3777	0	0	0	0	7	2266	7	7	0
3779	0	0	0	0	5	2267	5	5	0
3763	0	0	0	0	21	2272	21	20	1
3776	0	0	0	0	8	2271	8	8	0
3760	0	0	0	0	24	2270	24	24	0
3777	0	0	0	0	7	2266	7	7	0
3767	0	0	0	0	17	2271	17	17	0
3770	0	0	0	0	14	2269	14	14	0
3777	0	0	0	0	7	2268	7	6	1
3772	0	0	0	0	12	2272	12	12	0
3776	0	0	0	0	8	2265	8	8	0
3778	0	0	0	0	6	2268	6	6	0
3777	0	0	0	0	7	2267	7	7	0
3768	0	0	0	0	16	2269	16	16	0
3777	0	0	0	0	7	2267	7	7	0
3777	0	0	0	0	7	2272	7	6	1
3777	0	0	0	0	7	2267	7	7	0
3768	0	0	0	0	16	2268	16	15	1
3777	0	0	0	0	7	2267	7	7	0
3768	0	0	0	0	16	2269	16	15	1
3778	0	0	0	0	6	2266	6	6	0
3748	0	0	0	0	36	2273	36	34	2
3779	0	0	0	0	5	2268	5	5	0
3779	0	0	0	0	5	2268	5	5	0
3777	0	0	0	0	7	2268	7	7	0
3779	0	0	0	0	5	2268	5	5	0
3778	0	0	0	0	6	2266	6	6	0
3776	0	0	0	0	8	2271	8	8	0
3778	0	0	0	0	6	2266	6	6	0
3777	0	0	0	0	7	2268	7	7	0
3778	0	0	0	0	6	2269	6	6	0
3778	0	0	0	0	6	2267	6	6	0
3777	0	0	0	0	7	2267	7	7	0
3778	0	0	0	0	6	2269	6	6	0
3778	0	0	0	0	6	2267	6	6	0
3779	0	0	0	0	5	2266	5	5	0
3774	0	0	0	0	10	2272	10	10	0
3773	0	0	0	0	11	2272	11	11	0
3779	0	0	0	0	5	2267	5	5	0
3768	0	0	0	0	16	2268	16	16	0
3770	0	0	0	0	14	2271	14	13	1
3774	0	0	0	0	10	2270	10	10	0
3768	0	0	0	0	16	2272	16	15	1
3779	0	0	0	0	5	2267	5	5	0
3778	0	0	0	0	6	2268	6	6	0
3761	0	0	0	0	23	2269	23	23	0
3756	0	0	0	0	28	2273	28	27	1
3770	0	0	0	0	14	2268	14	14	0
3778	0	0	0	0	6	2265	6	6	0
3771	0	0	0	0	13	2266	13	13	0
3778	0	0	0	0	6	2266	6	6	0
3779	0	0	0	0	5	2268	5	5	0
3773	0	0	0	0	11	2266	11	11	0
3779	0	0	0	0	5	2266	5	5	0
3771	0	0	0	0	13	2270	13	13	0
3779	0	0	0	0	5	2270	5	5	0
3775	0	0	0	0	9	2269	9	9	0
3771	0	0	0	0	13	2270	13	13	0
3758	0	0	0	0	26	2274	26	25	1
3768	0	0	0	0	16	2268	16	15	1
3776	0	0	0	0	8	2268	8	8	0
3779	0	0	0	0	5	2270	5	5	0
3776	0	0	0	0	8	2265	8	8	0
3768	0	0	0	0	16	2268	16	16	0
3779	0	0	0	0	5	2270	5	5	0
3778	0	0	0	0	6	2267	6	6	0
3772	0	0	0	0	12	2269	12	12	0
3779	0	0	0	0	5	2269	5	5	0
3778	0	0	0	0	6	2267	6	6	0
3767	0	0	0	0	17	2268	17	17	0
3773	0	0	0	0	11	2272	11	11	0
3775	0	0	0	0	9	2269	9	9	0
3779	0	0	0	0	5	2269	5	5	0
3779	0	0	0	0	5	2268	5	5	0
3756	0	0	0	0	28	2273	28	28	0
3779	0	0	0	0	5	2269	5	5	0
3771	0	0	0	0	13	2269	13	13	0
3775	0	0	0	0	9	2270	9	9	0
3773	0	0	0	0	11	2270	11	9	2
3756	0	0	0	0	28	2273	28	27	1
3764	0	0	0	0	20	2269	20	19	1
3779	0	0	0	0	5	2266	5	5	0
3765	0	0	0	0	19	2271	19	17	2
3772	0	0	0	0	12	2267	12	12	0
3776	0	0	0	0	8	2267	8	8	0
3779	0	0	0	0	5	2267	5	5	0
3779	0	0	0	0	5	2268	5	5	0
3772	0	0	0	0	12	2270	12	11	1
3777	0	0	0	0	7	2266	7	7	0
3777	0	0	0	0	7	2270	7	7	0
3773	0	0	0	0	11	2268	11	11	0
3759	0	0	0	0	25	2274	25	25	0
3779	0	0	0	0	5	2268	5	5	0
3754	0	0	0	0	30	2271	30	29	1
3763	0	0	0	0	21	2268	21	21	0
3747	0	0	0	0	37	2270	37	36	1
3779	0	0	0	0	5	2266	5	5	0
3759	0	0	0	0	25	2271	25	25	0
3772	0	0	0	0	12	2269	12	11	1
3775	0	0	0	0	9	2266	9	9	0
3764	0	0	0	0	20	2269	20	20	0
3775	0	0	0	0	9	2267	9	9	0
3779	0	0	0	0	5	2269	5	5	0
3778	0	0	0	0	6	2268	6	6	0
3775	0	0	0	0	9	2270	9	9	0
3769	0	0	0	0	15	2270	15	15	0
3771	0	0	0	0	13	2274	13	13	0
3775	0	0	0	0	9	2267	9	8	1
3779	0	0	0	0	5	2268	5	5	0
3779	0	0	0	0	5	2268	5	5	0
3778	0	0	0	0	6	2269	6	6	0
3777	0	0	0	0	7	2267	7	7	0
3778	0	0	0	0	6	2267	6	6	0
3752	0	0	0	0	32	2273	32	31	1
3776	0	0	0	0	8	2267	8	8	0
3778	0	0	0	0	6	2268	6	6	0
3776	0	0	0	0	8	2266	8	8	0
3777	0	0	0	0	7	2267	7	7	0
3756	0	0	0	0	28	2271	28	28	0
3777	0	0	0	0	7	2269	7	6	1
3764	0	0	0	0	20	2270	20	20	0
3776	0	0	0	0	8	2267	8	8	0
3775	0	0	0	0	9	2268	9	8	1
3772	0	0	0	0	12	2271	12	12	0
3761	0	0	0	0	23	2272	23	23	0
3778	0	0	0	0	6	2267	6	6	0
3776	0	0	0	0	8	2267	8	8	0
3778	0	0	0	0	6	2270	6	6	0
3777	0	0	0	0	7	2269	7	7	0
3774	0	0	0	0	10	2270	10	10	0
3771	0	0	0	0	13	2267	13	13	0
3771	0	0	0	0	13	2273	13	12	1
3763	0	0	0	0	21	2274	21	19	2
3779	0	0	0	0	5	2268	5	5	0
3773	0	0	0	0	11	2268	11	10	1
3777	0	0	0	0	7	2267	7	7	0
3773	0	0	0	0	11	2268	11	11	0
3772	0	0	0	0	12	2269	12	12	0
3724	0	0	0	0	60	2276	60	59	1
3770	0	0	0	0	14	2269	14	14	0
3769	0	0	0	0	15	2266	15	15	0
3756	0	0	0	0	28	2274	28	28	0
3776	0	0	0	0	8	2268	8	7	1
3776	0	0	0	0	8	2266	8	8	0
3756	0	0	0	0	28	2274	28	27	1
3770	0	0	0	0	14	2270	14	13	1
3760	0	0	0	0	24	2271	24	22	2
3772	0	0	0	0	12	2267	12	12	0
3738	0	0	0	0	46	2272	46	44	2
3774	0	0	0	0	10	2269	10	10	0
3762	0	0	0	0	22	2270	22	21	1
3779	0	0	0	0	5	2269	5	5	0
3778	0	0	0	0	6	2268	6	6	0
3741	0	0	0	0	43	2281	43	42	1
3774	0	0	0	0	10	2268	10	10	0
3779	0	0	0	0	5	2268	5	5	0
3754	0	0	0	0	30	2270	30	28	2
3777	0	0	0	0	7	2268	7	7	0
3721	0	0	0	0	63	2276	63	61	2
3778	0	0	0	0	6	2267	6	6	0
3765	0	0	0	0	19	2268	19	19	0
3758	0	0	0	0	26	2271	26	24	2
3774	0	0	0	0	10	2270	10	9	1
3758	0	0	0	0	26	2275	26	25	1
3774	0	0	0	0	10	2265	10	10	0
3777	0	0	0	0	7	2266	7	7	0
3778	0	0	0	0	6	2269	6	6	0
3769	0	0	0	0	15	2266	15	15	0
3778	0	0	0	0	6	2271	6	6	0
3778	0	0	0	0	6	2267	6	6	0
3774	0	0	0	0	10	2270	10	9	1
3763	0	0	0	0	21	2267	21	21	0
3771	0	0	0	0	13	2271	13	11	2
3777	0	0	0	0	7	2269	7	7	0
3775	0	0	0	0	9	2269	9	9	0
3779	0	0	0	0	5	2268	5	5	0
3772	0	0	0	0	12	2268	12	12	0
3779	0	0	0	0	5	2266	5	5	0
3775	0	0	0	0	9	2270	9	9	0
3773	0	0	0	0	11	2265	11	11	0
3770	0	0	0	0	14	2269	14	14	0
3779	0	0	0	0	5	2266	5	5	0
3773	0	0	0	0	11	2268	11	11	0
3772	0	0	0	0	12	2267	12	12	0
3772	0	0	0	0	12	2268	12	12	0
3778	0	0	0	0	6	2266	6	6	0
3779	0	0	0	0	5	2267	5	5	0
3778	0	0	0	0	6	2266	6	6	0
3779	0	0	0	0	5	2269	5	5	0
3770	0	0	0	0	14	2269	14	14	0
3731	0	0	0	0	53	2276	53	49	4
3775	0	0	0	0	9	2266	9	9	0
3755	0	0	0	0	29	2273	29	27	2
3777	0	0	0	0	7	2269	7	6	1
3777	0	0	0	0	7	2267	7	7	0
3769	0	0	0	0	15	2267	15	15	0
3777	0	0	0	0	7	2268	7	7	0
3775	0	0	0	0	9	2267	9	9	0
3776	0	0	0	0	8	2268	8	8	0
3768	0	0	0	0	16	2268	16	15	1
3770	0	0	0	0	14	2268	14	14	0
3779	0	0	0	0	5	2270	5	5	0
3774	0	0	0	0	10	2270	10	9	1
3773	0	0	0	0	11	2268	11	11	0
3779	0	0	0	0	5	2267	5	5	0
3778	0	0	0	0	6	2268	6	6	0
3774	0	0	0	0	10	2267	10	10	0
3778	0	0	0	0	6	2266	6	6	0
3774	0	0	0	0	10	2267	10	10	0
3775	0	0	0	0	9	2268	9	8	1
3774	0	0	0	0	10	2267	10	10	0
3771	0	0	0	0	13	2266	13	13	0
3779	0	0	0	0	5	2267	5	5	0
3778	0	0	0	0	6	2268	6	6	0
3764	0	0	0	0	20	2270	20	19	1
3769	0	0	0	0	15	2270	15	15	0
3777	0	0	0	0	7	2268	7	7	0
3778	0	0	0	0	6	2267	6	6	0
3779	0	0	0	0	5	2266	5	5	0
3774	0	0	0	0	10	2270	10	8	2
3776	0	0	0	0	8	2268	8	7	1
3770	0	0	0	0	14	2270	14	13	1
3777	0	0	0	0	7	2265	7	7	0
3779	0	0	0	0	5	2266	5	5	0
3775	0	0	0	0	9	2266	9	9	0
3779	0	0	0	0	5	2265	5	5	0
3772	0	0	0	0	12	2271	12	12	0
3771	0	0	0	0	13	2269	13	13	0
3774	0	0	0	0	10	2265	10	10	0
3775	0	0	0	0	9	2269	9	9	0
3778	0	0	0	0	6	2267	6	6	0
3777	0	0	0	0	7	2269	7	7	0
3779	0	0	0	0	5	2269	5	5	0
3774	0	0	0	0	10	2270	10	10	0
3738	0	0	0	0	46	2271	46	46	0
3766	0	0	0	0	18	2268	18	18	0
3778	0	0	0	0	6	2271	6	6	0
3779	0	0	0	0	5	2268	5	5	0
3776	0	0	0	0	8	2267	8	8	0
3764	0	0	0	0	20	2272	20	20	0
3778	0	0	0	0	6	2268	6	6	0
3778	0	0	0	0	6	2267	6	5	1
3778	0	0	0	0	6	2266	6	6	0
3778	0	0	0	0	6	2266	6	6	0
3773	0	0	0	0	11	2267	11	11	0
3777	0	0	0	0	7	2265	7	7	0
3776	0	0	0	0	8	2267	8	8	0
3776	0	0	0	0	8	2266	8	8	0
3774	0	0	0	0	10	2268	10	10	0
3776	0	0	0	0	8	2269	8	8	0
3773	0	0	0	0	11	2271	11	10	1
3764	0	0	0	0	20	2268	20	20	0
3759	0	0	0	0	25	2270	25	25	0
3779	0	0	0	0	5	2267	5	5	0
3774	0	0	0	0	10	2266	10	10	0
3779	0	0	0	0	5	2269	5	5	0
3775	0	0	0	0	9	2268	9	9	0
3779	0	0	0	0	5	2268	5	5	0
3772	0	0	0	0	12	2269	12	12	0
3749	0	0	0	0	35	2272	35	34	1
3778	0	0	0	0	6	2268	6	6	0
3776	0	0	0	0	8	2266	8	8	0
3774	0	0	0	0	10	2268	10	10	0
3776	0	0	0	0	8	2268	8	8	0
3775	0	0	0	0	9	2270	9	9	0
3773	0	0	0	0	11	2267	11	11	0
3768	0	0	0	0	16	2267	16	16	0
3772	0	0	0	0	12	2266	12	12	0
3779	0	0	0	0	5	2268	5	5	0
3775	0	0	0	0	9	2269	9	9	0
3777	0	0	0	0	7	2266	7	7	0
3771	0	0	0	0	13	2269	13	13	0
3757	0	0	0	0	27	2270	27	27	0
3771	0	0	0	0	13	2275	13	12	1
3779	0	0	0	0	5	2269	5	5	0
3775	0	0	0	0	9	2269	9	9	0
3779	0	0	0	0	5	2267	5	5	0
3771	0	0	0	0	13	2268	13	13	0
3775	0	0	0	0	9	2268	9	9	0
3772	0	0	0	0	12	2267	12	12	0
3775	0	0	0	0	9	2270	9	9	0
3777	0	0	0	0	7	2267	7	7	0
3776	0	0	0	0	8	2269	8	8	0
3774	0	0	0	0	10	2267	10	10	0
3778	0	0	0	0	6	2267	6	6	0
3777	0	0	0	0	7	2268	7	7	0
3773	0	0	0	0	11	2269	11	11	0
3772	0	0	0	0	12	2271	12	12	0
3778	0	0	0	0	6	2267	6	6	0
3763	0	0	0	0	21	2269	21	21	0
3765	0	0	0	0	19	2266	19	19	0
3778	0	0	0	0	6	2268	6	6	0
3775	0	0	0	0	9	2265	9	9	0
3775	0	0	0	0	9	2267	9	9	0
3775	0	0	0	0	9	2268	9	9	0
3779	0	0	0	0	5	2267	5	5	0
3767	0	0	0	0	17	2272	17	17	0
3779	0	0	0	0	5	2268	5	5	0
3776	0	0	0	0	8	2267	8	8	0
3769	0	0	0	0	15	2270	15	15	0
3776	0	0	0	0	8	2269	8	8	0
3766	0	0	0	0	18	2270	18	17	1
3772	0	0	0	0	12	2269	12	12	0
3777	0	0	0	0	7	2268	7	7	0
3765	0	0	0	0	19	2271	19	17	2
3772	0	0	0	0	12	2270	12	12	0
3772	0	0	0	0	12	2268	12	12	0
3778	0	0	0	0	6	2266	6	6	0
3772	0	0	0	0	12	2268	12	12	0
3777	0	0	0	0	7	2272	7	7	0
3776	0	0	0	0	8	2270	8	8	0
3778	0	0	0	0	6	2269	6	6	0
3776	0	0	0	0	8	2267	8	8	0
3739	0	0	0	0	45	2277	45	42	3
3778	0	0	0	0	6	2266	6	6	0
3778	0	0	0	0	6	2266	6	6	0
3756	0	0	0	0	28	2271	28	26	2
3756	0	0	0	0	28	2268	28	28	0
3779	0	0	0	0	5	2266	5	5	0
3753	0	0	0	0	31	2270	31	31	0
3777	0	0	0	0	7	2266	7	7	0
3769	0	0	0	0	15	2269	15	13	2
3770	0	0	0	0	14	2268	14	12	2
3776	0	0	0	0	8	2266	8	8	0
3779	0	0	0	0	5	2266	5	5	0
3778	0	0	0	0	6	2267	6	6	0
3771	0	0	0	0	13	2267	13	13	0
3770	0	0	0	0	14	2268	14	14	0
3779	0	0	0	0	5	2267	5	5	0
3778	0	0	0	0	6	2269	6	6	0
3778	0	0	0	0	6	2267	6	5	1
3777	0	0	0	0	7	2266	7	7	0
3776	0	0	0	0	8	2269	8	8	0
3776	0	0	0	0	8	2266	8	8	0
3766	0	0	0	0	18	2272	18	17	1
3776	0	0	0	0	8	2267	8	8	0
3770	0	0	0	0	14	2269	14	13	1
3777	0	0	0	0	7	2266	7	7	0
3777	0	0	0	0	7	2266	7	7	0
3773	0	0	0	0	11	2267	11	11	0
3778	0	0	0	0	6	2267	6	6	0
3776	0	0	0	0	8	2269	8	8	0
3779	0	0	0	0	5	2267	5	5	0
3769	0	0	0	0	15	2272	15	14	1
3778	0	0	0	0	6	2266	6	6	0
3768	0	0	0	0	16	2270	16	15	1
3772	0	0	0	0	12	2266	12	12	0
3758	0	0	0	0	26	2270	26	24	2
3773	0	0	0	0	11	2269	11	11	0
3779	0	0	0	0	5	2268	5	5	0
3779	0	0	0	0	5	2266	5	5	0
3775	0	0	0	0	9	2269	9	9	0
3777	0	0	0	0	7	2268	7	7	0
3778	0	0	0	0	6	2266	6	6	0
3778	0	0	0	0	6	2266	6	6	0
3774	0	0	0	0	10	2265	10	10	0
3774	0	0	0	0	10	2270	10	10	0
3769	0	0	0	0	15	2269	15	15	0
3766	0	0	0	0	18	2266	18	18	0
3760	0	0	0	0	24	2271	24	24	0
3777	0	0	0	0	7	2268	7	7	0
3748	0	0	0	0	36	2273	36	34	2
3776	0	0	0	0	8	2268	8	7	1
3764	0	0	0	0	20	2272	20	19	1
3778	0	0	0	0	6	2269	6	6	0
3776	0	0	0	0	8	2266	8	8	0
3777	0	0	0	0	7	2266	7	7	0
3778	0	0	0	0	6	2268	6	6	0
3779	0	0	0	0	5	2266	5	5	0
3772	0	0	0	0	12	2269	12	12	0
3773	0	0	0	0	11	2266	11	11	0
3777	0	0	0	0	7	2267	7	7	0
3776	0	0	0	0	8	2267	8	8	0
3772	0	0	0	0	12	2267	12	11	1
3778	0	0	0	0	6	2267	6	6	0
3775	0	0	0	0	9	2266	9	9	0
3776	0	0	0	0	8	2269	8	8	0
3779	0	0	0	0	5	2267	5	5	0
3778	0	0	0	0	6	2266	6	6	0
3778	0	0	0	0	6	2268	6	6	0
3779	0	0	0	0	5	2265	5	5	0
3766	0	0	0	0	18	2274	18	16	2
3777	0	0	0	0	7	2269	7	7	0
3776	0	0	0	0	8	2269	8	7	1
3765	0	0	0	0	19	2271	19	19	0
3776	0	0	0	0	8	2270	8	8	0
3776	0	0	0	0	8	2269	8	8	0
3766	0	0	0	0	18	2273	18	17	1
3774	0	0	0	0	10	2268	10	9	1
3779	0	0	0	0	5	2267	5	5	0
3778	0	0	0	0	6	2267	6	6	0
3778	0	0	0	0	6	2267	6	6	0
3779	0	0	0	0	5	2267	5	5	0
3779	0	0	0	0	5	2268	5	5	0
3772	0	0	0	0	12	2269	12	11	1
