3756	0	0	0	0	28	580	28	24	4
3716	0	0	0	0	68	602	68	60	8
3693	0	0	0	0	91	631	91	75	16
3766	0	0	0	0	18	576	18	17	1
3776	0	0	0	0	8	568	8	7	1
3725	0	0	0	0	59	595	59	49	10
3264	0	0	0	0	520	830	520	428	92
3563	0	0	0	0	221	692	221	172	49
3092	0	0	0	0	692	893	692	561	131
3125	0	0	0	0	659	855	659	534	125
3097	0	0	0	0	687	898	687	562	125
3559	0	0	0	0	225	679	225	180	45
3534	0	0	0	0	250	661	250	211	39
3779	0	0	0	0	5	567	5	5	0
3771	0	0	0	0	13	572	13	10	3
3748	0	0	0	0	36	575	36	34	2
3778	0	0	0	0	6	568	6	6	0
3699	0	0	0	0	85	614	85	65	20
3779	0	0	0	0	5	569	5	5	0
3410	0	0	0	0	374	737	374	299	75
3777	0	0	0	0	7	568	7	7	0
3602	0	0	0	0	182	655	182	152	30
3779	0	0	0	0	5	568	5	5	0
3773	0	0	0	0	11	569	11	11	0
3205	0	0	0	0	579	807	579	480	99
3332	0	0	0	0	452	780	452	357	95
3668	0	0	0	0	116	629	116	92	24
3255	0	0	0	0	529	806	529	444	85
3284	0	0	0	0	500	813	500	411	89
3649	0	0	0	0	135	647	135	114	21
3338	0	0	0	0	446	774	446	376	70
3755	0	0	0	0	29	582	29	23	6
3396	0	0	0	0	388	772	388	317	71
3706	0	0	0	0	78	614	78	68	10
3157	0	0	0	0	627	860	627	512	115
3778	0	0	0	0	6	567	6	6	0
3301	0	0	0	0	483	771	483	402	81
3677	0	0	0	0	107	645	107	82	25
3779	0	0	0	0	5	568	5	5	0
3778	0	0	0	0	6	567	6	6	0
3717	0	0	0	0	67	594	67	58	9
3744	0	0	0	0	40	587	40	33	7
3586	0	0	0	0	198	670	198	159	39
3690	0	0	0	0	94	629	94	76	18
3767	0	0	0	0	17	579	17	15	2
3779	0	0	0	0	5	568	5	5	0
3669	0	0	0	0	115	620	115	96	19
3714	0	0	0	0	70	623	70	51	19
3210	0	0	0	0	574	842	574	477	97
3177	0	0	0	0	607	843	607	490	117
3695	0	0	0	0	89	625	89	68	21
3736	0	0	0	0	48	594	48	37	11
3766	0	0	0	0	18	575	18	16	2
3642	0	0	0	0	142	646	142	116	26
3137	0	0	0	0	647	891	647	524	123
3779	0	0	0	0	5	568	5	5	0
3322	0	0	0	0	462	774	462	379	83
3737	0	0	0	0	47	586	47	39	8
3690	0	0	0	0	94	618	94	81	13
3763	0	0	0	0	21	587	21	20	1
3772	0	0	0	0	12	574	12	11	1
3767	0	0	0	0	17	581	17	13	4
3703	0	0	0	0	81	623	81	71	10
3763	0	0	0	0	21	581	21	17	4
3759	0	0	0	0	25	587	25	22	3
3779	0	0	0	0	5	567	5	5	0
3614	0	0	0	0	170	674	170	137	33
3578	0	0	0	0	206	686	206	163	43
3544	0	0	0	0	240	684	240	193	47
3594	0	0	0	0	190	642	190	158	32
3693	0	0	0	0	91	620	91	70	21
3476	0	0	0	0	308	716	308	229	79
3767	0	0	0	0	17	576	17	14	3
3742	0	0	0	0	42	603	42	36	6
3043	0	0	0	0	741	931	741	602	139
3041	0	0	0	0	743	937	743	602	141
3571	0	0	0	0	213	669	213	176	37
3764	0	0	0	0	20	571	20	18	2
3771	0	0	0	0	13	572	13	13	0
3365	0	0	0	0	419	764	419	344	75
3432	0	0	0	0	352	726	352	278	74
3731	0	0	0	0	53	595	53	43	10
3683	0	0	0	0	101	629	101	82	19
2979	0	0	0	0	805	962	805	650	155
3746	0	0	0	0	38	585	38	33	5
3050	0	0	0	0	734	937	734	590	144
3743	0	0	0	0	41	590	41	33	8
3774	0	0	0	0	10	573	10	8	2
3725	0	0	0	0	59	591	59	54	5
3195	0	0	0	0	589	861	589	494	95
3675	0	0	0	0	109	636	109	85	24
3225	0	0	0	0	559	805	559	463	96
2977	0	0	0	0	807	940	807	670	137
3750	0	0	0	0	34	584	34	30	4
2862	0	0	0	0	922	1001	922	752	170
3778	0	0	0	0	6	564	6	6	0
3751	0	0	0	0	33	584	33	27	6
2976	0	0	0	0	808	995	808	651	157
3038	0	0	0	0	746	942	746	618	128
3736	0	0	0	0	48	592	48	39	9
3774	0	0	0	0	10	572	10	10	0
3404	0	0	0	0	380	750	380	310	70
3601	0	0	0	0	183	665	183	144	39
3686	0	0	0	0	98	626	98	76	22
3779	0	0	0	0	5	566	5	5	0
3739	0	0	0	0	45	596	45	36	9
3779	0	0	0	0	5	569	5	5	0
3153	0	0	0	0	631	872	631	513	118
3588	0	0	0	0	196	678	196	153	43
3545	0	0	0	0	239	692	239	192	47
3775	0	0	0	0	9	573	9	9	0
3154	0	0	0	0	630	871	630	509	121
3752	0	0	0	0	32	587	32	26	6
3767	0	0	0	0	17	579	17	16	1
3770	0	0	0	0	14	575	14	13	1
3168	0	0	0	0	616	879	616	511	105
3050	0	0	0	0	734	932	734	605	129
3155	0	0	0	0	629	856	629	519	110
3735	0	0	0	0	49	591	49	44	5
3668	0	0	0	0	116	635	116	99	17
3543	0	0	0	0	241	686	241	193	48
3768	0	0	0	0	16	573	16	14	2
3216	0	0	0	0	568	867	568	462	106
2957	0	0	0	0	827	976	827	678	149
3288	0	0	0	0	496	804	496	392	104
3777	0	0	0	0	7	571	7	7	0
3632	0	0	0	0	152	650	152	128	24
3240	0	0	0	0	544	811	544	454	90
3779	0	0	0	0	5	568	5	5	0
2990	0	0	0	0	794	937	794	649	145
3778	0	0	0	0	6	568	6	6	0
3772	0	0	0	0	12	569	12	12	0
3164	0	0	0	0	620	862	620	492	128
3776	0	0	0	0	8	570	8	8	0
3776	0	0	0	0	8	571	8	7	1
3613	0	0	0	0	171	663	171	141	30
3776	0	0	0	0	8	568	8	8	0
3628	0	0	0	0	156	652	156	126	30
3092	0	0	0	0	692	905	692	569	123
3687	0	0	0	0	97	635	97	72	25
3777	0	0	0	0	7	567	7	7	0
3768	0	0	0	0	16	578	16	12	4
3705	0	0	0	0	79	632	79	64	15
3771	0	0	0	0	13	570	13	12	1
3201	0	0	0	0	583	834	583	479	104
3623	0	0	0	0	161	647	161	137	24
3692	0	0	0	0	92	628	92	79	13
3552	0	0	0	0	232	686	232	187	45
3779	0	0	0	0	5	567	5	5	0
3776	0	0	0	0	8	569	8	7	1
3369	0	0	0	0	415	757	415	339	76
3696	0	0	0	0	88	623	88	72	16
3742	0	0	0	0	42	582	42	39	3
3775	0	0	0	0	9	566	9	9	0
3673	0	0	0	0	111	634	111	91	20
3713	0	0	0	0	71	603	71	55	16
3779	0	0	0	0	5	570	5	5	0
3378	0	0	0	0	406	754	406	332	74
3635	0	0	0	0	149	647	149	129	20
3763	0	0	0	0	21	577	21	19	2
3779	0	0	0	0	5	574	5	5	0
3762	0	0	0	0	22	572	22	20	2
3735	0	0	0	0	49	600	49	37	12
3605	0	0	0	0	179	646	179	149	30
3176	0	0	0	0	608	861	608	501	107
3769	0	0	0	0	15	579	15	13	2
3333	0	0	0	0	451	789	451	380	71
3771	0	0	0	0	13	569	13	11	2
3652	0	0	0	0	132	657	132	107	25
3779	0	0	0	0	5	568	5	5	0
3632	0	0	0	0	152	638	152	132	20
3385	0	0	0	0	399	762	399	326	73
3779	0	0	0	0	5	568	5	5	0
3777	0	0	0	0	7	568	7	7	0
3735	0	0	0	0	49	590	49	46	3
3563	0	0	0	0	221	694	221	174	47
3732	0	0	0	0	52	603	52	36	16
3768	0	0	0	0	16	583	16	12	4
3779	0	0	0	0	5	567	5	5	0
3502	0	0	0	0	282	708	282	231	51
3121	0	0	0	0	663	903	663	520	143
3764	0	0	0	0	20	575	20	18	2
3323	0	0	0	0	461	762	461	370	91
3627	0	0	0	0	157	660	157	123	34
3007	0	0	0	0	777	909	777	653	124
3678	0	0	0	0	106	636	106	83	23
3439	0	0	0	0	345	735	345	278	67
3034	0	0	0	0	750	933	750	606	144
3302	0	0	0	0	482	785	482	409	73
3389	0	0	0	0	395	730	395	326	69
3779	0	0	0	0	5	567	5	5	0
3693	0	0	0	0	91	613	91	77	14
3589	0	0	0	0	195	678	195	158	37
3731	0	0	0	0	53	596	53	45	8
3506	0	0	0	0	278	712	278	227	51
3687	0	0	0	0	97	632	97	74	23
3181	0	0	0	0	603	853	603	512	91
3779	0	0	0	0	5	568	5	5	0
3353	0	0	0	0	431	790	431	355	76
3205	0	0	0	0	579	843	579	474	105
3290	0	0	0	0	494	800	494	416	78
3550	0	0	0	0	234	681	234	200	34
3726	0	0	0	0	58	602	58	50	8
3701	0	0	0	0	83	624	83	68	15
3592	0	0	0	0	192	664	192	151	41
3287	0	0	0	0	497	814	497	415	82
3562	0	0	0	0	222	725	222	168	54
3772	0	0	0	0	12	571	12	11	1
3195	0	0	0	0	589	822	589	485	104
3679	0	0	0	0	105	618	105	92	13
3744	0	0	0	0	40	590	40	33	7
3695	0	0	0	0	89	609	89	74	15
3737	0	0	0	0	47	601	47	34	13
3779	0	0	0	0	5	571	5	5	0
3779	0	0	0	0	5	568	5	5	0
3680	0	0	0	0	104	626	104	87	17
3768	0	0	0	0	16	576	16	14	2
3640	0	0	0	0	144	640	144	121	23
3587	0	0	0	0	197	686	197	159	38
3718	0	0	0	0	66	608	66	51	15
3206	0	0	0	0	578	835	578	478	100
3762	0	0	0	0	22	579	22	18	4
3683	0	0	0	0	101	627	101	83	18
3670	0	0	0	0	114	633	114	95	19
3755	0	0	0	0	29	586	29	23	6
2910	0	0	0	0	874	1004	874	718	156
3446	0	0	0	0	338	739	338	275	63
3602	0	0	0	0	182	666	182	151	31
2840	0	0	0	0	944	995	944	781	163
3686	0	0	0	0	98	616	98	78	20
3776	0	0	0	0	8	571	8	8	0
3659	0	0	0	0	125	651	125	99	26
3042	0	0	0	0	742	957	742	591	151
3771	0	0	0	0	13	577	13	13	0
3662	0	0	0	0	122	653	122	92	30
3461	0	0	0	0	323	735	323	249	74
3704	0	0	0	0	80	610	80	70	10
3714	0	0	0	0	70	610	70	58	12
3449	0	0	0	0	335	720	335	268	67
3767	0	0	0	0	17	576	17	14	3
3222	0	0	0	0	562	851	562	454	108
3003	0	0	0	0	781	936	781	650	131
3211	0	0	0	0	573	849	573	476	97
3189	0	0	0	0	595	870	595	485	110
3666	0	0	0	0	118	626	118	96	22
3743	0	0	0	0	41	585	41	38	3
3071	0	0	0	0	713	911	713	593	120
3737	0	0	0	0	47	602	47	39	8
3518	0	0	0	0	266	694	266	222	44
3210	0	0	0	0	574	847	574	469	105
3275	0	0	0	0	509	813	509	426	83
3669	0	0	0	0	115	621	115	98	17
3328	0	0	0	0	456	774	456	373	83
3294	0	0	0	0	490	799	490	400	90
3688	0	0	0	0	96	634	96	76	20
3687	0	0	0	0	97	630	97	73	24
3779	0	0	0	0	5	569	5	5	0
3240	0	0	0	0	544	829	544	436	108
3097	0	0	0	0	687	917	687	552	135
3764	0	0	0	0	20	573	20	19	1
3535	0	0	0	0	249	704	249	203	46
3333	0	0	0	0	451	783	451	359	92
3776	0	0	0	0	8	569	8	8	0
3551	0	0	0	0	233	682	233	184	49
3767	0	0	0	0	17	577	17	14	3
3356	0	0	0	0	428	775	428	340	88
3639	0	0	0	0	145	634	145	115	30
3768	0	0	0	0	16	576	16	14	2
3703	0	0	0	0	81	613	81	64	17
3673	0	0	0	0	111	630	111	89	22
3588	0	0	0	0	196	674	196	160	36
3368	0	0	0	0	416	765	416	343	73
3761	0	0	0	0	23	574	23	21	2
3479	0	0	0	0	305	742	305	238	67
3778	0	0	0	0	6	569	6	6	0
3764	0	0	0	0	20	577	20	15	5
3651	0	0	0	0	133	641	133	117	16
3766	0	0	0	0	18	581	18	12	6
3777	0	0	0	0	7	569	7	7	0
3761	0	0	0	0	23	581	23	19	4
3779	0	0	0	0	5	569	5	5	0
3750	0	0	0	0	34	579	34	30	4
3779	0	0	0	0	5	569	5	5	0
3755	0	0	0	0	29	591	29	26	3
3749	0	0	0	0	35	584	35	33	2
3258	0	0	0	0	526	821	526	438	88
3779	0	0	0	0	5	568	5	5	0
3741	0	0	0	0	43	594	43	34	9
3762	0	0	0	0	22	576	22	16	6
3749	0	0	0	0	35	585	35	30	5
3776	0	0	0	0	8	564	8	8	0
3250	0	0	0	0	534	824	534	429	105
3778	0	0	0	0	6	565	6	6	0
3776	0	0	0	0	8	569	8	8	0
3758	0	0	0	0	26	576	26	21	5
3377	0	0	0	0	407	744	407	337	70
3760	0	0	0	0	24	574	24	20	4
2988	0	0	0	0	796	955	796	648	148
3773	0	0	0	0	11	570	11	10	1
3581	0	0	0	0	203	682	203	163	40
3610	0	0	0	0	174	664	174	147	27
3713	0	0	0	0	71	605	71	63	8
3094	0	0	0	0	690	871	690	571	119
3255	0	0	0	0	529	810	529	433	96
3609	0	0	0	0	175	663	175	142	33
3667	0	0	0	0	117	629	117	92	25
3690	0	0	0	0	94	637	94	69	25
3769	0	0	0	0	15	577	15	10	5
3675	0	0	0	0	109	627	109	88	21
3272	0	0	0	0	512	814	512	417	95
3667	0	0	0	0	117	644	117	97	20
3251	0	0	0	0	533	809	533	446	87
3127	0	0	0	0	657	886	657	536	121
3237	0	0	0	0	547	830	547	460	87
2984	0	0	0	0	800	933	800	645	155
3170	0	0	0	0	614	838	614	508	106
3754	0	0	0	0	30	574	30	27	3
3777	0	0	0	0	7	571	7	7	0
2972	0	0	0	0	812	962	812	670	142
3698	0	0	0	0	86	616	86	67	19
2947	0	0	0	0	837	949	837	689	148
3132	0	0	0	0	652	874	652	527	125
3100	0	0	0	0	684	902	684	546	138
3777	0	0	0	0	7	568	7	7	0
3593	0	0	0	0	191	672	191	162	29
3178	0	0	0	0	606	840	606	504	102
3213	0	0	0	0	571	837	571	478	93
3766	0	0	0	0	18	571	18	15	3
3699	0	0	0	0	85	618	85	73	12
3271	0	0	0	0	513	805	513	422	91
3774	0	0	0	0	10	570	10	8	2
3715	0	0	0	0	69	615	69	55	14
3575	0	0	0	0	209	662	209	173	36
3657	0	0	0	0	127	644	127	100	27
3772	0	0	0	0	12	571	12	11	1
3778	0	0	0	0	6	573	6	6	0
3673	0	0	0	0	111	651	111	89	22
3779	0	0	0	0	5	569	5	5	0
3657	0	0	0	0	127	633	127	106	21
2972	0	0	0	0	812	967	812	679	133
3724	0	0	0	0	60	615	60	45	15
2999	0	0	0	0	785	957	785	629	156
3779	0	0	0	0	5	569	5	5	0
3660	0	0	0	0	124	640	124	101	23
3666	0	0	0	0	118	641	118	95	23
3073	0	0	0	0	711	930	711	573	138
3777	0	0	0	0	7	570	7	5	2
3637	0	0	0	0	147	648	147	116	31
3336	0	0	0	0	448	807	448	371	77
3142	0	0	0	0	642	874	642	527	115
3777	0	0	0	0	7	572	7	7	0
3759	0	0	0	0	25	583	25	20	5
3063	0	0	0	0	721	920	721	591	130
3066	0	0	0	0	718	927	718	573	145
3774	0	0	0	0	10	569	10	9	1
3559	0	0	0	0	225	702	225	189	36
3341	0	0	0	0	443	765	443	364	79
3370	0	0	0	0	414	750	414	338	76
3779	0	0	0	0	5	567	5	5	0
3667	0	0	0	0	117	625	117	99	18
3778	0	0	0	0	6	568	6	6	0
3776	0	0	0	0	8	572	8	8	0
3777	0	0	0	0	7	569	7	7	0
3193	0	0	0	0	591	841	591	482	109
3054	0	0	0	0	730	955	730	583	147
3771	0	0	0	0	13	575	13	10	3
3769	0	0	0	0	15	568	15	14	1
2946	0	0	0	0	838	988	838	693	145
3675	0	0	0	0	109	641	109	92	17
3676	0	0	0	0	108	653	108	92	16
3721	0	0	0	0	63	592	63	55	8
3678	0	0	0	0	106	620	106	87	19
3737	0	0	0	0	47	584	47	39	8
3779	0	0	0	0	5	569	5	5	0
3277	0	0	0	0	507	793	507	408	99
3136	0	0	0	0	648	867	648	540	108
3726	0	0	0	0	58	598	58	45	13
3094	0	0	0	0	690	884	690	572	118
3761	0	0	0	0	23	582	23	18	5
3778	0	0	0	0	6	572	6	6	0
3651	0	0	0	0	133	657	133	104	29
3290	0	0	0	0	494	793	494	406	88
3200	0	0	0	0	584	870	584	460	124
3721	0	0	0	0	63	614	63	53	10
3664	0	0	0	0	120	629	120	103	17
3768	0	0	0	0	16	573	16	14	2
3777	0	0	0	0	7	568	7	7	0
3026	0	0	0	0	758	921	758	614	144
3073	0	0	0	0	711	932	711	572	139
3001	0	0	0	0	783	928	783	624	159
3270	0	0	0	0	514	816	514	419	95
3734	0	0	0	0	50	591	50	40	10
3629	0	0	0	0	155	643	155	127	28
3778	0	0	0	0	6	568	6	6	0
3357	0	0	0	0	427	749	427	343	84
3676	0	0	0	0	108	621	108	85	23
3113	0	0	0	0	671	891	671	563	108
3152	0	0	0	0	632	858	632	516	116
2990	0	0	0	0	794	930	794	656	138
3746	0	0	0	0	38	590	38	35	3
3779	0	0	0	0	5	568	5	5	0
3022	0	0	0	0	762	973	762	611	151
3778	0	0	0	0	6	566	6	6	0
3168	0	0	0	0	616	848	616	517	99
3602	0	0	0	0	182	669	182	155	27
3644	0	0	0	0	140	646	140	119	21
3428	0	0	0	0	356	733	356	292	64
3705	0	0	0	0	79	614	79	62	17
3776	0	0	0	0	8	572	8	8	0
3331	0	0	0	0	453	783	453	373	80
3767	0	0	0	0	17	580	17	16	1
3371	0	0	0	0	413	751	413	329	84
3769	0	0	0	0	15	574	15	14	1
3646	0	0	0	0	138	639	138	112	26
3651	0	0	0	0	133	657	133	113	20
3763	0	0	0	0	21	585	21	15	6
3764	0	0	0	0	20	580	20	16	4
3551	0	0	0	0	233	680	233	197	36
3107	0	0	0	0	677	873	677	553	124
3686	0	0	0	0	98	628	98	77	21
3774	0	0	0	0	10	570	10	9	1
3229	0	0	0	0	555	840	555	459	96
3313	0	0	0	0	471	766	471	399	72
3776	0	0	0	0	8	570	8	7	1
3156	0	0	0	0	628	867	628	517	111
3571	0	0	0	0	213	686	213	170	43
3633	0	0	0	0	151	640	151	122	29
3628	0	0	0	0	156	659	156	110	46
3091	0	0	0	0	693	884	693	574	119
3775	0	0	0	0	9	569	9	8	1
3776	0	0	0	0	8	572	8	8	0
3756	0	0	0	0	28	578	28	25	3
3241	0	0	0	0	543	842	543	435	108
3779	0	0	0	0	5	566	5	5	0
3191	0	0	0	0	593	850	593	482	111
3598	0	0	0	0	186	664	186	144	42
3776	0	0	0	0	8	570	8	7	1
3370	0	0	0	0	414	781	414	337	77
2911	0	0	0	0	873	963	873	724	149
3756	0	0	0	0	28	578	28	24	4
3707	0	0	0	0	77	603	77	62	15
2891	0	0	0	0	893	984	893	727	166
3318	0	0	0	0	466	788	466	379	87
3695	0	0	0	0	89	607	89	75	14
3757	0	0	0	0	27	576	27	25	2
3751	0	0	0	0	33	578	33	30	3
3764	0	0	0	0	20	583	20	19	1
3602	0	0	0	0	182	663	182	147	35
3331	0	0	0	0	453	769	453	366	87
3294	0	0	0	0	490	780	490	428	62
3751	0	0	0	0	33	588	33	23	10
3613	0	0	0	0	171	665	171	134	37
3675	0	0	0	0	109	636	109	88	21
3670	0	0	0	0	114	621	114	102	12
3764	0	0	0	0	20	578	20	18	2
3712	0	0	0	0	72	605	72	58	14
3768	0	0	0	0	16	579	16	14	2
3776	0	0	0	0	8	568	8	8	0
3778	0	0	0	0	6	568	6	6	0
3325	0	0	0	0	459	755	459	377	82
3745	0	0	0	0	39	588	39	31	8
3622	0	0	0	0	162	665	162	135	27
3169	0	0	0	0	615	852	615	509	106
3726	0	0	0	0	58	592	58	51	7
3583	0	0	0	0	201	689	201	159	42
3774	0	0	0	0	10	568	10	10	0
3366	0	0	0	0	418	756	418	332	86
3333	0	0	0	0	451	784	451	366	85
3536	0	0	0	0	248	692	248	197	51
3777	0	0	0	0	7	572	7	7	0
3748	0	0	0	0	36	583	36	32	4
3759	0	0	0	0	25	573	25	24	1
3770	0	0	0	0	14	577	14	10	4
3779	0	0	0	0	5	568	5	5	0
3061	0	0	0	0	723	924	723	578	145
2860	0	0	0	0	924	1043	924	750	174
3063	0	0	0	0	721	898	721	599	122
3672	0	0	0	0	112	634	112	92	20
3349	0	0	0	0	435	769	435	343	92
3776	0	0	0	0	8	570	8	7	1
3073	0	0	0	0	711	903	711	579	132
2966	0	0	0	0	818	952	818	685	133
3779	0	0	0	0	5	569	5	5	0
3212	0	0	0	0	572	836	572	464	108
3653	0	0	0	0	131	633	131	112	19
3737	0	0	0	0	47	584	47	45	2
3741	0	0	0	0	43	588	43	34	9
3774	0	0	0	0	10	576	10	8	2
3774	0	0	0	0	10	574	10	9	1
3420	0	0	0	0	364	737	364	314	50
3759	0	0	0	0	25	577	25	19	6
3698	0	0	0	0	86	622	86	66	20
3742	0	0	0	0	42	588	42	34	8
3767	0	0	0	0	17	572	17	15	2
3777	0	0	0	0	7	568	7	6	1
3776	0	0	0	0	8	566	8	7	1
3536	0	0	0	0	248	708	248	196	52
3778	0	0	0	0	6	567	6	5	1
3779	0	0	0	0	5	569	5	5	0
3538	0	0	0	0	246	685	246	199	47
