3773	0	0	0	0	11	2874	11	5	6
3779	0	0	0	0	5	2855	5	5	0
3779	0	0	0	0	5	2851	5	5	0
3779	0	0	0	0	5	2855	5	5	0
3779	0	0	0	0	5	2840	5	5	0
3778	0	0	0	0	6	2851	6	5	1
3773	0	0	0	0	11	2864	11	5	6
3776	0	0	0	0	8	2863	8	5	3
3778	0	0	0	0	6	2858	6	5	1
3777	0	0	0	0	7	2852	7	5	2
3778	0	0	0	0	6	2856	6	5	1
3776	0	0	0	0	8	2862	8	5	3
3779	0	0	0	0	5	2855	5	5	0
3779	0	0	0	0	5	2838	5	5	0
3779	0	0	0	0	5	2841	5	5	0
3776	0	0	0	0	8	2854	8	5	3
3779	0	0	0	0	5	2838	5	5	0
3775	0	0	0	0	9	2866	9	5	4
3779	0	0	0	0	5	2844	5	5	0
3778	0	0	0	0	6	2846	6	5	1
3778	0	0	0	0	6	2844	6	5	1
3773	0	0	0	0	11	2865	11	6	5
3779	0	0	0	0	5	2850	5	5	0
3778	0	0	0	0	6	2854	6	5	1
3779	0	0	0	0	5	2849	5	5	0
3777	0	0	0	0	7	2861	7	5	2
3778	0	0	0	0	6	2855	6	5	1
3778	0	0	0	0	6	2855	6	5	1
3774	0	0	0	0	10	2875	10	5	5
3779	0	0	0	0	5	2857	5	5	0
3778	0	0	0	0	6	2854	6	5	1
3775	0	0	0	0	9	2861	9	6	3
3779	0	0	0	0	5	2845	5	5	0
3778	0	0	0	0	6	2862	6	5	1
3777	0	0	0	0	7	2858	7	5	2
3779	0	0	0	0	5	2839	5	5	0
3779	0	0	0	0	5	2845	5	5	0
3779	0	0	0	0	5	2851	5	5	0
3779	0	0	0	0	5	2835	5	5	0
3779	0	0	0	0	5	2850	5	5	0
3777	0	0	0	0	7	2847	7	5	2
3779	0	0	0	0	5	2840	5	5	0
3776	0	0	0	0	8	2862	8	5	3
3779	0	0	0	0	5	2844	5	5	0
3776	0	0	0	0	8	2851	8	5	3
3779	0	0	0	0	5	2845	5	5	0
3776	0	0	0	0	8	2863	8	5	3
3772	0	0	0	0	12	2873	12	5	7
3777	0	0	0	0	7	2864	7	5	2
3779	0	0	0	0	5	2842	5	5	0
3776	0	0	0	0	8	2870	8	5	3
3775	0	0	0	0	9	2844	9	5	4
3779	0	0	0	0	5	2846	5	5	0
3778	0	0	0	0	6	2857	6	5	1
3776	0	0	0	0	8	2852	8	5	3
3779	0	0	0	0	5	2840	5	5	0
3777	0	0	0	0	7	2859	7	5	2
3777	0	0	0	0	7	2855	7	5	2
3776	0	0	0	0	8	2872	8	5	3
3779	0	0	0	0	5	2856	5	5	0
3777	0	0	0	0	7	2848	7	5	2
3776	0	0	0	0	8	2856	8	5	3
3776	0	0	0	0	8	2864	8	5	3
3779	0	0	0	0	5	2850	5	5	0
3776	0	0	0	0	8	2863	8	6	2
3779	0	0	0	0	5	2841	5	5	0
3778	0	0	0	0	6	2844	6	5	1
3777	0	0	0	0	7	2869	7	5	2
3779	0	0	0	0	5	2849	5	5	0
3776	0	0	0	0	8	2857	8	5	3
3778	0	0	0	0	6	2846	6	5	1
3773	0	0	0	0	11	2872	11	5	6
3775	0	0	0	0	9	2867	9	5	4
3775	0	0	0	0	9	2872	9	5	4
3772	0	0	0	0	12	2876	12	6	6
3778	0	0	0	0	6	2857	6	5	1
3779	0	0	0	0	5	2843	5	5	0
3778	0	0	0	0	6	2850	6	5	1
3778	0	0	0	0	6	2846	6	5	1
3776	0	0	0	0	8	2872	8	5	3
3779	0	0	0	0	5	2848	5	5	0
3776	0	0	0	0	8	2855	8	5	3
3777	0	0	0	0	7	2857	7	5	2
3777	0	0	0	0	7	2848	7	5	2
3777	0	0	0	0	7	2854	7	5	2
3777	0	0	0	0	7	2858	7	5	2
3779	0	0	0	0	5	2842	5	5	0
3776	0	0	0	0	8	2850	8	5	3
3779	0	0	0	0	5	2854	5	5	0
3777	0	0	0	0	7	2853	7	5	2
3776	0	0	0	0	8	2862	8	5	3
3778	0	0	0	0	6	2857	6	5	1
3779	0	0	0	0	5	2849	5	5	0
3778	0	0	0	0	6	2850	6	5	1
3776	0	0	0	0	8	2869	8	5	3
3778	0	0	0	0	6	2861	6	5	1
3779	0	0	0	0	5	2844	5	5	0
3775	0	0	0	0	9	2887	9	6	3
3776	0	0	0	0	8	2861	8	5	3
3777	0	0	0	0	7	2856	7	5	2
3778	0	0	0	0	6	2850	6	5	1
3778	0	0	0	0	6	2858	6	5	1
3778	0	0	0	0	6	2848	6	5	1
3778	0	0	0	0	6	2859	6	5	1
3779	0	0	0	0	5	2849	5	5	0
3779	0	0	0	0	5	2843	5	5	0
3779	0	0	0	0	5	2841	5	5	0
3775	0	0	0	0	9	2862	9	5	4
3777	0	0	0	0	7	2865	7	5	2
3775	0	0	0	0	9	2864	9	5	4
3779	0	0	0	0	5	2846	5	5	0
3778	0	0	0	0	6	2845	6	5	1
3779	0	0	0	0	5	2857	5	5	0
3776	0	0	0	0	8	2870	8	5	3
3777	0	0	0	0	7	2843	7	5	2
3779	0	0	0	0	5	2844	5	5	0
3778	0	0	0	0	6	2847	6	5	1
3776	0	0	0	0	8	2864	8	5	3
3777	0	0	0	0	7	2855	7	5	2
3776	0	0	0	0	8	2854	8	5	3
3778	0	0	0	0	6	2845	6	5	1
3778	0	0	0	0	6	2845	6	5	1
3777	0	0	0	0	7	2855	7	5	2
3775	0	0	0	0	9	2869	9	5	4
3775	0	0	0	0	9	2861	9	5	4
3778	0	0	0	0	6	2853	6	5	1
3778	0	0	0	0	6	2854	6	5	1
3779	0	0	0	0	5	2840	5	5	0
3779	0	0	0	0	5	2839	5	5	0
3779	0	0	0	0	5	2844	5	5	0
3778	0	0	0	0	6	2849	6	5	1
3779	0	0	0	0	5	2845	5	5	0
3775	0	0	0	0	9	2849	9	5	4
3778	0	0	0	0	6	2860	6	5	1
3779	0	0	0	0	5	2855	5	5	0
3779	0	0	0	0	5	2853	5	5	0
3779	0	0	0	0	5	2843	5	5	0
3775	0	0	0	0	9	2871	9	6	3
3777	0	0	0	0	7	2861	7	5	2
3779	0	0	0	0	5	2854	5	5	0
3779	0	0	0	0	5	2842	5	5	0
3779	0	0	0	0	5	2850	5	5	0
3778	0	0	0	0	6	2854	6	5	1
3779	0	0	0	0	5	2844	5	5	0
3776	0	0	0	0	8	2873	8	5	3
3777	0	0	0	0	7	2858	7	5	2
3777	0	0	0	0	7	2863	7	5	2
3776	0	0	0	0	8	2859	8	5	3
3779	0	0	0	0	5	2837	5	5	0
3779	0	0	0	0	5	2844	5	5	0
3772	0	0	0	0	12	2887	12	7	5
3778	0	0	0	0	6	2859	6	5	1
3778	0	0	0	0	6	2849	6	5	1
3778	0	0	0	0	6	2855	6	5	1
3779	0	0	0	0	5	2854	5	5	0
3777	0	0	0	0	7	2860	7	5	2
3779	0	0	0	0	5	2846	5	5	0
3769	0	0	0	0	15	2896	15	5	10
3779	0	0	0	0	5	2848	5	5	0
3778	0	0	0	0	6	2849	6	5	1
3779	0	0	0	0	5	2857	5	5	0
3776	0	0	0	0	8	2856	8	5	3
3775	0	0	0	0	9	2864	9	5	4
3774	0	0	0	0	10	2881	10	5	5
3775	0	0	0	0	9	2863	9	5	4
3779	0	0	0	0	5	2855	5	5	0
3779	0	0	0	0	5	2853	5	5	0
3776	0	0	0	0	8	2845	8	5	3
3779	0	0	0	0	5	2853	5	5	0
3779	0	0	0	0	5	2844	5	5	0
3779	0	0	0	0	5	2845	5	5	0
3777	0	0	0	0	7	2854	7	5	2
3779	0	0	0	0	5	2845	5	5	0
3779	0	0	0	0	5	2844	5	5	0
3777	0	0	0	0	7	2854	7	5	2
3778	0	0	0	0	6	2865	6	5	1
3778	0	0	0	0	6	2855	6	5	1
3776	0	0	0	0	8	2865	8	5	3
3779	0	0	0	0	5	2846	5	5	0
3779	0	0	0	0	5	2846	5	5	0
3779	0	0	0	0	5	2848	5	5	0
3778	0	0	0	0	6	2851	6	5	1
3772	0	0	0	0	12	2888	12	5	7
3777	0	0	0	0	7	2863	7	5	2
3776	0	0	0	0	8	2878	8	5	3
3775	0	0	0	0	9	2875	9	6	3
3779	0	0	0	0	5	2854	5	5	0
3776	0	0	0	0	8	2864	8	5	3
3779	0	0	0	0	5	2850	5	5	0
3778	0	0	0	0	6	2846	6	5	1
3779	0	0	0	0	5	2850	5	5	0
3779	0	0	0	0	5	2845	5	5	0
3775	0	0	0	0	9	2856	9	5	4
3778	0	0	0	0	6	2858	6	6	0
3778	0	0	0	0	6	2858	6	6	0
3777	0	0	0	0	7	2856	7	5	2
3776	0	0	0	0	8	2876	8	6	2
3779	0	0	0	0	5	2841	5	5	0
3779	0	0	0	0	5	2857	5	5	0
3776	0	0	0	0	8	2874	8	5	3
3776	0	0	0	0	8	2859	8	5	3
3779	0	0	0	0	5	2843	5	5	0
3779	0	0	0	0	5	2855	5	5	0
3776	0	0	0	0	8	2856	8	5	3
3779	0	0	0	0	5	2854	5	5	0
3777	0	0	0	0	7	2859	7	5	2
3775	0	0	0	0	9	2872	9	5	4
3778	0	0	0	0	6	2850	6	5	1
3778	0	0	0	0	6	2859	6	5	1
3778	0	0	0	0	6	2853	6	5	1
3779	0	0	0	0	5	2847	5	5	0
3778	0	0	0	0	6	2846	6	5	1
3778	0	0	0	0	6	2849	6	5	1
3779	0	0	0	0	5	2850	5	5	0
3779	0	0	0	0	5	2843	5	5	0
3779	0	0	0	0	5	2845	5	5	0
3776	0	0	0	0	8	2848	8	5	3
3779	0	0	0	0	5	2845	5	5	0
3777	0	0	0	0	7	2858	7	5	2
3777	0	0	0	0	7	2852	7	5	2
3778	0	0	0	0	6	2849	6	5	1
3776	0	0	0	0	8	2844	8	5	3
3778	0	0	0	0	6	2863	6	5	1
3779	0	0	0	0	5	2849	5	5	0
3778	0	0	0	0	6	2854	6	5	1
3778	0	0	0	0	6	2845	6	5	1
3777	0	0	0	0	7	2864	7	5	2
3778	0	0	0	0	6	2847	6	5	1
3777	0	0	0	0	7	2861	7	5	2
3775	0	0	0	0	9	2866	9	5	4
3778	0	0	0	0	6	2856	6	5	1
3778	0	0	0	0	6	2850	6	5	1
3779	0	0	0	0	5	2849	5	5	0
3776	0	0	0	0	8	2858	8	5	3
3775	0	0	0	0	9	2867	9	5	4
3779	0	0	0	0	5	2846	5	5	0
3777	0	0	0	0	7	2848	7	5	2
3778	0	0	0	0	6	2871	6	5	1
3779	0	0	0	0	5	2845	5	5	0
3777	0	0	0	0	7	2854	7	5	2
3778	0	0	0	0	6	2853	6	5	1
3779	0	0	0	0	5	2850	5	5	0
3776	0	0	0	0	8	2867	8	5	3
3775	0	0	0	0	9	2869	9	5	4
3779	0	0	0	0	5	2847	5	5	0
3778	0	0	0	0	6	2860	6	5	1
3778	0	0	0	0	6	2870	6	5	1
3777	0	0	0	0	7	2862	7	5	2
3777	0	0	0	0	7	2848	7	5	2
3778	0	0	0	0	6	2856	6	5	1
3778	0	0	0	0	6	2856	6	5	1
3778	0	0	0	0	6	2855	6	5	1
3776	0	0	0	0	8	2863	8	6	2
3775	0	0	0	0	9	2869	9	5	4
3777	0	0	0	0	7	2865	7	5	2
3778	0	0	0	0	6	2864	6	5	1
3779	0	0	0	0	5	2842	5	5	0
3779	0	0	0	0	5	2855	5	5	0
3777	0	0	0	0	7	2857	7	5	2
3776	0	0	0	0	8	2857	8	5	3
3777	0	0	0	0	7	2846	7	5	2
3775	0	0	0	0	9	2871	9	5	4
3778	0	0	0	0	6	2853	6	5	1
3776	0	0	0	0	8	2887	8	7	1
3778	0	0	0	0	6	2857	6	5	1
3778	0	0	0	0	6	2859	6	5	1
3778	0	0	0	0	6	2845	6	5	1
3778	0	0	0	0	6	2844	6	5	1
3777	0	0	0	0	7	2860	7	5	2
3779	0	0	0	0	5	2842	5	5	0
3778	0	0	0	0	6	2848	6	5	1
3778	0	0	0	0	6	2854	6	5	1
3778	0	0	0	0	6	2839	6	5	1
3779	0	0	0	0	5	2844	5	5	0
3779	0	0	0	0	5	2857	5	5	0
3776	0	0	0	0	8	2849	8	5	3
3774	0	0	0	0	10	2866	10	5	5
3777	0	0	0	0	7	2854	7	5	2
3779	0	0	0	0	5	2847	5	5	0
3777	0	0	0	0	7	2854	7	5	2
3779	0	0	0	0	5	2842	5	5	0
3777	0	0	0	0	7	2850	7	5	2
3779	0	0	0	0	5	2850	5	5	0
3779	0	0	0	0	5	2848	5	5	0
3776	0	0	0	0	8	2864	8	5	3
3774	0	0	0	0	10	2883	10	5	5
3779	0	0	0	0	5	2839	5	5	0
3774	0	0	0	0	10	2858	10	5	5
3777	0	0	0	0	7	2855	7	5	2
3777	0	0	0	0	7	2847	7	5	2
3779	0	0	0	0	5	2846	5	5	0
3779	0	0	0	0	5	2842	5	5	0
3779	0	0	0	0	5	2855	5	5	0
3779	0	0	0	0	5	2842	5	5	0
3777	0	0	0	0	7	2845	7	5	2
3778	0	0	0	0	6	2859	6	5	1
3778	0	0	0	0	6	2847	6	5	1
3778	0	0	0	0	6	2860	6	5	1
3778	0	0	0	0	6	2841	6	5	1
3778	0	0	0	0	6	2853	6	5	1
3777	0	0	0	0	7	2868	7	6	1
3778	0	0	0	0	6	2857	6	5	1
3779	0	0	0	0	5	2846	5	5	0
3779	0	0	0	0	5	2856	5	5	0
3776	0	0	0	0	8	2867	8	5	3
3776	0	0	0	0	8	2867	8	5	3
3773	0	0	0	0	11	2874	11	5	6
3775	0	0	0	0	9	2848	9	5	4
3777	0	0	0	0	7	2845	7	5	2
3775	0	0	0	0	9	2881	9	7	2
3778	0	0	0	0	6	2861	6	5	1
3778	0	0	0	0	6	2856	6	5	1
3779	0	0	0	0	5	2847	5	5	0
3776	0	0	0	0	8	2872	8	5	3
3777	0	0	0	0	7	2856	7	5	2
3778	0	0	0	0	6	2855	6	5	1
3775	0	0	0	0	9	2854	9	5	4
3779	0	0	0	0	5	2839	5	5	0
3778	0	0	0	0	6	2845	6	5	1
3779	0	0	0	0	5	2852	5	5	0
3778	0	0	0	0	6	2872	6	5	1
3778	0	0	0	0	6	2864	6	6	0
3776	0	0	0	0	8	2855	8	5	3
3778	0	0	0	0	6	2848	6	5	1
3776	0	0	0	0	8	2853	8	5	3
3776	0	0	0	0	8	2860	8	5	3
3776	0	0	0	0	8	2876	8	6	2
3777	0	0	0	0	7	2849	7	5	2
3779	0	0	0	0	5	2841	5	5	0
3779	0	0	0	0	5	2844	5	5	0
3778	0	0	0	0	6	2846	6	5	1
3779	0	0	0	0	5	2853	5	5	0
3777	0	0	0	0	7	2855	7	5	2
3777	0	0	0	0	7	2842	7	5	2
3778	0	0	0	0	6	2857	6	5	1
3778	0	0	0	0	6	2852	6	5	1
3778	0	0	0	0	6	2861	6	5	1
3779	0	0	0	0	5	2839	5	5	0
3778	0	0	0	0	6	2864	6	5	1
3777	0	0	0	0	7	2860	7	5	2
3775	0	0	0	0	9	2875	9	5	4
3778	0	0	0	0	6	2860	6	5	1
3779	0	0	0	0	5	2854	5	5	0
3779	0	0	0	0	5	2849	5	5	0
3777	0	0	0	0	7	2857	7	5	2
3777	0	0	0	0	7	2851	7	5	2
3777	0	0	0	0	7	2847	7	5	2
3777	0	0	0	0	7	2854	7	5	2
3779	0	0	0	0	5	2844	5	5	0
3775	0	0	0	0	9	2877	9	5	4
3779	0	0	0	0	5	2855	5	5	0
3779	0	0	0	0	5	2851	5	5	0
3777	0	0	0	0	7	2853	7	5	2
3779	0	0	0	0	5	2862	5	5	0
3777	0	0	0	0	7	2853	7	5	2
3778	0	0	0	0	6	2855	6	5	1
3778	0	0	0	0	6	2847	6	5	1
3777	0	0	0	0	7	2871	7	5	2
3779	0	0	0	0	5	2849	5	5	0
3778	0	0	0	0	6	2842	6	5	1
3779	0	0	0	0	5	2842	5	5	0
3779	0	0	0	0	5	2847	5	5	0
3779	0	0	0	0	5	2847	5	5	0
3779	0	0	0	0	5	2847	5	5	0
3775	0	0	0	0	9	2863	9	5	4
3776	0	0	0	0	8	2854	8	5	3
3778	0	0	0	0	6	2845	6	5	1
3776	0	0	0	0	8	2863	8	5	3
3778	0	0	0	0	6	2861	6	5	1
3777	0	0	0	0	7	2862	7	5	2
3778	0	0	0	0	6	2857	6	5	1
3776	0	0	0	0	8	2861	8	5	3
3778	0	0	0	0	6	2848	6	5	1
3779	0	0	0	0	5	2843	5	5	0
3775	0	0	0	0	9	2863	9	5	4
3777	0	0	0	0	7	2863	7	5	2
3775	0	0	0	0	9	2863	9	5	4
3778	0	0	0	0	6	2861	6	5	1
3774	0	0	0	0	10	2855	10	5	5
3778	0	0	0	0	6	2857	6	5	1
3779	0	0	0	0	5	2850	5	5	0
3778	0	0	0	0	6	2853	6	5	1
3778	0	0	0	0	6	2864	6	5	1
3775	0	0	0	0	9	2855	9	5	4
3777	0	0	0	0	7	2855	7	5	2
3779	0	0	0	0	5	2847	5	5	0
3779	0	0	0	0	5	2841	5	5	0
3779	0	0	0	0	5	2853	5	5	0
3778	0	0	0	0	6	2859	6	5	1
3779	0	0	0	0	5	2844	5	5	0
3779	0	0	0	0	5	2849	5	5	0
3778	0	0	0	0	6	2849	6	5	1
3776	0	0	0	0	8	2863	8	5	3
3779	0	0	0	0	5	2838	5	5	0
3779	0	0	0	0	5	2850	5	5	0
3778	0	0	0	0	6	2855	6	5	1
3775	0	0	0	0	9	2861	9	5	4
3778	0	0	0	0	6	2871	6	5	1
3779	0	0	0	0	5	2848	5	5	0
3777	0	0	0	0	7	2865	7	5	2
3779	0	0	0	0	5	2848	5	5	0
3778	0	0	0	0	6	2858	6	5	1
3778	0	0	0	0	6	2846	6	5	1
3777	0	0	0	0	7	2851	7	5	2
3777	0	0	0	0	7	2862	7	5	2
3778	0	0	0	0	6	2854	6	5	1
3776	0	0	0	0	8	2870	8	5	3
3779	0	0	0	0	5	2852	5	5	0
3779	0	0	0	0	5	2842	5	5	0
3779	0	0	0	0	5	2855	5	5	0
3779	0	0	0	0	5	2840	5	5	0
3777	0	0	0	0	7	2863	7	5	2
3778	0	0	0	0	6	2852	6	5	1
3778	0	0	0	0	6	2855	6	5	1
3778	0	0	0	0	6	2869	6	6	0
3776	0	0	0	0	8	2853	8	5	3
3778	0	0	0	0	6	2848	6	5	1
3779	0	0	0	0	5	2852	5	5	0
3776	0	0	0	0	8	2868	8	5	3
3779	0	0	0	0	5	2851	5	5	0
3778	0	0	0	0	6	2842	6	5	1
3779	0	0	0	0	5	2861	5	5	0
3777	0	0	0	0	7	2863	7	6	1
3778	0	0	0	0	6	2839	6	5	1
3778	0	0	0	0	6	2863	6	5	1
3776	0	0	0	0	8	2860	8	5	3
3777	0	0	0	0	7	2848	7	5	2
3774	0	0	0	0	10	2853	10	5	5
3777	0	0	0	0	7	2863	7	5	2
3778	0	0	0	0	6	2839	6	5	1
3778	0	0	0	0	6	2864	6	5	1
3777	0	0	0	0	7	2857	7	5	2
3776	0	0	0	0	8	2864	8	5	3
3779	0	0	0	0	5	2839	5	5	0
3777	0	0	0	0	7	2845	7	5	2
3775	0	0	0	0	9	2849	9	5	4
3778	0	0	0	0	6	2843	6	5	1
3777	0	0	0	0	7	2854	7	5	2
3776	0	0	0	0	8	2854	8	5	3
3778	0	0	0	0	6	2854	6	5	1
3778	0	0	0	0	6	2853	6	5	1
3777	0	0	0	0	7	2868	7	5	2
3777	0	0	0	0	7	2869	7	6	1
3778	0	0	0	0	6	2847	6	5	1
3778	0	0	0	0	6	2853	6	5	1
3778	0	0	0	0	6	2845	6	5	1
3777	0	0	0	0	7	2867	7	5	2
3778	0	0	0	0	6	2853	6	5	1
3775	0	0	0	0	9	2859	9	5	4
3778	0	0	0	0	6	2857	6	5	1
3777	0	0	0	0	7	2857	7	5	2
3778	0	0	0	0	6	2856	6	5	1
3777	0	0	0	0	7	2862	7	5	2
3778	0	0	0	0	6	2860	6	5	1
3778	0	0	0	0	6	2848	6	5	1
3778	0	0	0	0	6	2851	6	5	1
3779	0	0	0	0	5	2849	5	5	0
3779	0	0	0	0	5	2843	5	5	0
3778	0	0	0	0	6	2856	6	5	1
3777	0	0	0	0	7	2868	7	5	2
3776	0	0	0	0	8	2849	8	5	3
3778	0	0	0	0	6	2855	6	5	1
3777	0	0	0	0	7	2863	7	5	2
3775	0	0	0	0	9	2853	9	5	4
3776	0	0	0	0	8	2864	8	5	3
3777	0	0	0	0	7	2854	7	5	2
3775	0	0	0	0	9	2890	9	6	3
3775	0	0	0	0	9	2863	9	5	4
3777	0	0	0	0	7	2857	7	5	2
3779	0	0	0	0	5	2846	5	5	0
3779	0	0	0	0	5	2850	5	5	0
3777	0	0	0	0	7	2851	7	5	2
3779	0	0	0	0	5	2851	5	5	0
3779	0	0	0	0	5	2840	5	5	0
3778	0	0	0	0	6	2852	6	5	1
3776	0	0	0	0	8	2860	8	5	3
3778	0	0	0	0	6	2844	6	5	1
3779	0	0	0	0	5	2859	5	5	0
3773	0	0	0	0	11	2859	11	5	6
3777	0	0	0	0	7	2854	7	5	2
3778	0	0	0	0	6	2854	6	6	0
3774	0	0	0	0	10	2864	10	5	5
3779	0	0	0	0	5	2839	5	5	0
3779	0	0	0	0	5	2848	5	5	0
3776	0	0	0	0	8	2858	8	5	3
3778	0	0	0	0	6	2845	6	5	1
3777	0	0	0	0	7	2851	7	5	2
3778	0	0	0	0	6	2850	6	5	1
3776	0	0	0	0	8	2847	8	5	3
3777	0	0	0	0	7	2858	7	5	2
3774	0	0	0	0	10	2846	10	5	5
3778	0	0	0	0	6	2854	6	5	1
3777	0	0	0	0	7	2861	7	5	2
3777	0	0	0	0	7	2842	7	5	2
3778	0	0	0	0	6	2839	6	5	1
3776	0	0	0	0	8	2853	8	5	3
3777	0	0	0	0	7	2851	7	5	2
3778	0	0	0	0	6	2853	6	5	1
3779	0	0	0	0	5	2844	5	5	0
3776	0	0	0	0	8	2854	8	5	3
