3774	0	0	0	0	10	2277	10	9	1
3771	0	0	0	0	13	2284	13	13	0
3778	0	0	0	0	6	2273	6	6	0
3775	0	0	0	0	9	2276	9	9	0
3777	0	0	0	0	7	2277	7	7	0
3778	0	0	0	0	6	2275	6	6	0
3779	0	0	0	0	5	2272	5	5	0
3762	0	0	0	0	22	2284	22	20	2
3758	0	0	0	0	26	2290	26	25	1
3773	0	0	0	0	11	2277	11	11	0
3778	0	0	0	0	6	2273	6	6	0
3775	0	0	0	0	9	2273	9	8	1
3778	0	0	0	0	6	2274	6	6	0
3779	0	0	0	0	5	2272	5	5	0
3776	0	0	0	0	8	2269	8	8	0
3770	0	0	0	0	14	2276	14	13	1
3779	0	0	0	0	5	2269	5	5	0
3766	0	0	0	0	18	2279	18	15	3
3779	0	0	0	0	5	2279	5	5	0
3775	0	0	0	0	9	2280	9	9	0
3778	0	0	0	0	6	2275	6	5	1
3770	0	0	0	0	14	2280	14	14	0
3779	0	0	0	0	5	2277	5	5	0
3777	0	0	0	0	7	2275	7	7	0
3768	0	0	0	0	16	2283	16	16	0
3778	0	0	0	0	6	2280	6	6	0
3779	0	0	0	0	5	2273	5	5	0
3767	0	0	0	0	17	2278	17	17	0
3773	0	0	0	0	11	2282	11	10	1
3775	0	0	0	0	9	2281	9	9	0
3773	0	0	0	0	11	2286	11	11	0
3775	0	0	0	0	9	2275	9	8	1
3779	0	0	0	0	5	2274	5	5	0
3776	0	0	0	0	8	2276	8	8	0
3777	0	0	0	0	7	2275	7	7	0
3778	0	0	0	0	6	2271	6	6	0
3772	0	0	0	0	12	2286	12	12	0
3775	0	0	0	0	9	2278	9	9	0
3779	0	0	0	0	5	2270	5	5	0
3778	0	0	0	0	6	2274	6	6	0
3775	0	0	0	0	9	2278	9	9	0
3776	0	0	0	0	8	2280	8	8	0
3759	0	0	0	0	25	2279	25	25	0
3775	0	0	0	0	9	2279	9	9	0
3779	0	0	0	0	5	2273	5	5	0
3779	0	0	0	0	5	2274	5	5	0
3773	0	0	0	0	11	2288	11	11	0
3779	0	0	0	0	5	2280	5	5	0
3778	0	0	0	0	6	2276	6	6	0
3775	0	0	0	0	9	2271	9	9	0
3777	0	0	0	0	7	2273	7	7	0
3776	0	0	0	0	8	2270	8	7	1
3776	0	0	0	0	8	2276	8	8	0
3779	0	0	0	0	5	2275	5	5	0
3772	0	0	0	0	12	2282	12	9	3
3779	0	0	0	0	5	2272	5	5	0
3775	0	0	0	0	9	2277	9	9	0
3777	0	0	0	0	7	2275	7	7	0
3769	0	0	0	0	15	2286	15	14	1
3768	0	0	0	0	16	2272	16	16	0
3778	0	0	0	0	6	2274	6	6	0
3778	0	0	0	0	6	2272	6	5	1
3775	0	0	0	0	9	2287	9	8	1
3771	0	0	0	0	13	2279	13	13	0
3775	0	0	0	0	9	2277	9	8	1
3779	0	0	0	0	5	2276	5	5	0
3776	0	0	0	0	8	2274	8	8	0
3761	0	0	0	0	23	2290	23	22	1
3778	0	0	0	0	6	2273	6	6	0
3774	0	0	0	0	10	2276	10	9	1
3779	0	0	0	0	5	2266	5	5	0
3778	0	0	0	0	6	2280	6	5	1
3774	0	0	0	0	10	2276	10	9	1
3765	0	0	0	0	19	2277	19	17	2
3767	0	0	0	0	17	2280	17	16	1
3769	0	0	0	0	15	2282	15	14	1
3756	0	0	0	0	28	2277	28	28	0
3775	0	0	0	0	9	2275	9	9	0
3773	0	0	0	0	11	2279	11	11	0
3767	0	0	0	0	17	2295	17	16	1
3773	0	0	0	0	11	2273	11	11	0
3765	0	0	0	0	19	2274	19	18	1
3778	0	0	0	0	6	2276	6	6	0
3774	0	0	0	0	10	2275	10	10	0
3777	0	0	0	0	7	2273	7	7	0
3776	0	0	0	0	8	2278	8	8	0
3777	0	0	0	0	7	2276	7	7	0
3778	0	0	0	0	6	2275	6	6	0
3774	0	0	0	0	10	2275	10	10	0
3779	0	0	0	0	5	2274	5	5	0
3779	0	0	0	0	5	2272	5	5	0
3743	0	0	0	0	41	2296	41	41	0
3771	0	0	0	0	13	2282	13	13	0
3778	0	0	0	0	6	2280	6	6	0
3779	0	0	0	0	5	2280	5	5	0
3778	0	0	0	0	6	2273	6	5	1
3774	0	0	0	0	10	2274	10	10	0
3763	0	0	0	0	21	2285	21	20	1
3771	0	0	0	0	13	2272	13	12	1
3768	0	0	0	0	16	2275	16	16	0
3776	0	0	0	0	8	2276	8	8	0
3764	0	0	0	0	20	2283	20	19	1
3776	0	0	0	0	8	2276	8	8	0
3777	0	0	0	0	7	2273	7	7	0
3779	0	0	0	0	5	2269	5	5	0
3777	0	0	0	0	7	2271	7	7	0
3779	0	0	0	0	5	2268	5	5	0
3764	0	0	0	0	20	2277	20	20	0
3776	0	0	0	0	8	2280	8	8	0
3774	0	0	0	0	10	2275	10	10	0
3777	0	0	0	0	7	2271	7	7	0
3767	0	0	0	0	17	2285	17	16	1
3770	0	0	0	0	14	2273	14	14	0
3777	0	0	0	0	7	2272	7	6	1
3772	0	0	0	0	12	2276	12	11	1
3776	0	0	0	0	8	2277	8	8	0
3779	0	0	0	0	5	2270	5	5	0
3777	0	0	0	0	7	2279	7	6	1
3764	0	0	0	0	20	2285	20	20	0
3778	0	0	0	0	6	2271	6	6	0
3777	0	0	0	0	7	2275	7	7	0
3777	0	0	0	0	7	2272	7	7	0
3773	0	0	0	0	11	2278	11	11	0
3776	0	0	0	0	8	2281	8	8	0
3771	0	0	0	0	13	2277	13	11	2
3779	0	0	0	0	5	2275	5	5	0
3755	0	0	0	0	29	2282	29	29	0
3779	0	0	0	0	5	2270	5	5	0
3779	0	0	0	0	5	2273	5	5	0
3776	0	0	0	0	8	2286	8	8	0
3779	0	0	0	0	5	2272	5	5	0
3778	0	0	0	0	6	2277	6	6	0
3775	0	0	0	0	9	2273	9	7	2
3777	0	0	0	0	7	2272	7	7	0
3777	0	0	0	0	7	2280	7	7	0
3778	0	0	0	0	6	2279	6	6	0
3778	0	0	0	0	6	2277	6	6	0
3775	0	0	0	0	9	2276	9	9	0
3778	0	0	0	0	6	2278	6	5	1
3778	0	0	0	0	6	2275	6	6	0
3779	0	0	0	0	5	2271	5	5	0
3774	0	0	0	0	10	2272	10	10	0
3774	0	0	0	0	10	2279	10	10	0
3774	0	0	0	0	10	2271	10	10	0
3770	0	0	0	0	14	2282	14	14	0
3773	0	0	0	0	11	2273	11	10	1
3774	0	0	0	0	10	2282	10	9	1
3764	0	0	0	0	20	2278	20	18	2
3779	0	0	0	0	5	2268	5	5	0
3778	0	0	0	0	6	2270	6	6	0
3775	0	0	0	0	9	2283	9	9	0
3770	0	0	0	0	14	2279	14	14	0
3771	0	0	0	0	13	2275	13	12	1
3777	0	0	0	0	7	2276	7	7	0
3776	0	0	0	0	8	2277	8	8	0
3778	0	0	0	0	6	2271	6	6	0
3779	0	0	0	0	5	2274	5	5	0
3778	0	0	0	0	6	2286	6	5	1
3778	0	0	0	0	6	2274	6	6	0
3771	0	0	0	0	13	2275	13	13	0
3779	0	0	0	0	5	2280	5	5	0
3773	0	0	0	0	11	2277	11	10	1
3771	0	0	0	0	13	2279	13	12	1
3749	0	0	0	0	35	2279	35	33	2
3779	0	0	0	0	5	2277	5	5	0
3774	0	0	0	0	10	2280	10	10	0
3779	0	0	0	0	5	2278	5	5	0
3777	0	0	0	0	7	2265	7	7	0
3777	0	0	0	0	7	2281	7	7	0
3779	0	0	0	0	5	2269	5	5	0
3778	0	0	0	0	6	2274	6	6	0
3772	0	0	0	0	12	2285	12	11	1
3779	0	0	0	0	5	2275	5	5	0
3777	0	0	0	0	7	2268	7	7	0
3768	0	0	0	0	16	2275	16	16	0
3774	0	0	0	0	10	2277	10	10	0
3776	0	0	0	0	8	2277	8	7	1
3779	0	0	0	0	5	2272	5	5	0
3779	0	0	0	0	5	2274	5	5	0
3762	0	0	0	0	22	2287	22	22	0
3776	0	0	0	0	8	2277	8	8	0
3771	0	0	0	0	13	2274	13	13	0
3772	0	0	0	0	12	2284	12	11	1
3777	0	0	0	0	7	2273	7	7	0
3764	0	0	0	0	20	2283	20	19	1
3769	0	0	0	0	15	2281	15	14	1
3779	0	0	0	0	5	2275	5	5	0
3772	0	0	0	0	12	2286	12	11	1
3771	0	0	0	0	13	2280	13	13	0
3776	0	0	0	0	8	2277	8	8	0
3779	0	0	0	0	5	2271	5	5	0
3779	0	0	0	0	5	2271	5	5	0
3771	0	0	0	0	13	2281	13	10	3
3773	0	0	0	0	11	2282	11	10	1
3770	0	0	0	0	14	2279	14	14	0
3773	0	0	0	0	11	2281	11	11	0
3733	0	0	0	0	51	2304	51	49	2
3779	0	0	0	0	5	2271	5	5	0
3755	0	0	0	0	29	2288	29	29	0
3763	0	0	0	0	21	2281	21	21	0
3746	0	0	0	0	38	2293	38	36	2
3779	0	0	0	0	5	2269	5	5	0
3765	0	0	0	0	19	2284	19	19	0
3773	0	0	0	0	11	2279	11	10	1
3758	0	0	0	0	26	2286	26	26	0
3768	0	0	0	0	16	2275	16	16	0
3775	0	0	0	0	9	2275	9	8	1
3779	0	0	0	0	5	2272	5	5	0
3726	0	0	0	0	58	2299	58	58	0
3777	0	0	0	0	7	2276	7	6	1
3766	0	0	0	0	18	2287	18	18	0
3770	0	0	0	0	14	2284	14	13	1
3775	0	0	0	0	9	2272	9	8	1
3779	0	0	0	0	5	2279	5	5	0
3779	0	0	0	0	5	2272	5	5	0
3778	0	0	0	0	6	2278	6	6	0
3778	0	0	0	0	6	2266	6	6	0
3776	0	0	0	0	8	2268	8	8	0
3760	0	0	0	0	24	2280	24	22	2
3776	0	0	0	0	8	2278	8	7	1
3767	0	0	0	0	17	2277	17	17	0
3779	0	0	0	0	5	2272	5	5	0
3777	0	0	0	0	7	2281	7	7	0
3756	0	0	0	0	28	2282	28	28	0
3775	0	0	0	0	9	2276	9	8	1
3776	0	0	0	0	8	2279	8	7	1
3775	0	0	0	0	9	2272	9	8	1
3778	0	0	0	0	6	2271	6	6	0
3777	0	0	0	0	7	2278	7	6	1
3768	0	0	0	0	16	2285	16	15	1
3778	0	0	0	0	6	2274	6	6	0
3776	0	0	0	0	8	2277	8	8	0
3778	0	0	0	0	6	2278	6	6	0
3777	0	0	0	0	7	2271	7	7	0
3768	0	0	0	0	16	2279	16	15	1
3771	0	0	0	0	13	2274	13	13	0
3774	0	0	0	0	10	2279	10	10	0
3773	0	0	0	0	11	2285	11	11	0
3779	0	0	0	0	5	2271	5	5	0
3772	0	0	0	0	12	2273	12	10	2
3776	0	0	0	0	8	2273	8	8	0
3777	0	0	0	0	7	2276	7	7	0
3773	0	0	0	0	11	2283	11	10	1
3756	0	0	0	0	28	2289	28	28	0
3771	0	0	0	0	13	2279	13	13	0
3769	0	0	0	0	15	2279	15	15	0
3759	0	0	0	0	25	2298	25	25	0
3773	0	0	0	0	11	2274	11	10	1
3775	0	0	0	0	9	2277	9	8	1
3753	0	0	0	0	31	2291	31	31	0
3771	0	0	0	0	13	2280	13	12	1
3772	0	0	0	0	12	2280	12	12	0
3775	0	0	0	0	9	2278	9	9	0
3752	0	0	0	0	32	2288	32	32	0
3767	0	0	0	0	17	2277	17	17	0
3775	0	0	0	0	9	2279	9	9	0
3779	0	0	0	0	5	2268	5	5	0
3776	0	0	0	0	8	2275	8	8	0
3757	0	0	0	0	27	2293	27	27	0
3776	0	0	0	0	8	2272	8	8	0
3775	0	0	0	0	9	2281	9	9	0
3770	0	0	0	0	14	2281	14	13	1
3778	0	0	0	0	6	2275	6	5	1
3758	0	0	0	0	26	2286	26	25	1
3778	0	0	0	0	6	2277	6	6	0
3774	0	0	0	0	10	2273	10	10	0
3761	0	0	0	0	23	2278	23	22	1
3774	0	0	0	0	10	2276	10	9	1
3764	0	0	0	0	20	2281	20	20	0
3773	0	0	0	0	11	2275	11	11	0
3776	0	0	0	0	8	2282	8	8	0
3778	0	0	0	0	6	2279	6	6	0
3772	0	0	0	0	12	2278	12	11	1
3778	0	0	0	0	6	2272	6	6	0
3778	0	0	0	0	6	2274	6	6	0
3774	0	0	0	0	10	2273	10	9	1
3764	0	0	0	0	20	2284	20	19	1
3775	0	0	0	0	9	2275	9	8	1
3777	0	0	0	0	7	2277	7	7	0
3774	0	0	0	0	10	2277	10	10	0
3779	0	0	0	0	5	2270	5	5	0
3771	0	0	0	0	13	2271	13	13	0
3779	0	0	0	0	5	2273	5	5	0
3775	0	0	0	0	9	2277	9	9	0
3773	0	0	0	0	11	2275	11	10	1
3776	0	0	0	0	8	2278	8	8	0
3779	0	0	0	0	5	2270	5	5	0
3773	0	0	0	0	11	2276	11	9	2
3770	0	0	0	0	14	2274	14	14	0
3772	0	0	0	0	12	2274	12	11	1
3777	0	0	0	0	7	2272	7	7	0
3777	0	0	0	0	7	2278	7	7	0
3778	0	0	0	0	6	2275	6	6	0
3779	0	0	0	0	5	2269	5	5	0
3772	0	0	0	0	12	2273	12	12	0
3742	0	0	0	0	42	2288	42	41	1
3772	0	0	0	0	12	2276	12	12	0
3771	0	0	0	0	13	2286	13	12	1
3778	0	0	0	0	6	2271	6	6	0
3778	0	0	0	0	6	2278	6	6	0
3777	0	0	0	0	7	2277	7	7	0
3778	0	0	0	0	6	2275	6	6	0
3775	0	0	0	0	9	2272	9	9	0
3775	0	0	0	0	9	2274	9	9	0
3768	0	0	0	0	16	2280	16	15	1
3771	0	0	0	0	13	2280	13	11	2
3778	0	0	0	0	6	2278	6	5	1
3776	0	0	0	0	8	2272	8	8	0
3772	0	0	0	0	12	2277	12	12	0
3778	0	0	0	0	6	2277	6	6	0
3772	0	0	0	0	12	2281	12	12	0
3774	0	0	0	0	10	2278	10	10	0
3778	0	0	0	0	6	2270	6	6	0
3778	0	0	0	0	6	2278	6	5	1
3776	0	0	0	0	8	2278	8	7	1
3777	0	0	0	0	7	2271	7	7	0
3772	0	0	0	0	12	2292	12	11	1
3779	0	0	0	0	5	2267	5	5	0
3778	0	0	0	0	6	2272	6	6	0
3768	0	0	0	0	16	2281	16	16	0
3735	0	0	0	0	49	2305	49	49	0
3776	0	0	0	0	8	2277	8	8	0
3778	0	0	0	0	6	2275	6	6	0
3778	0	0	0	0	6	2273	6	6	0
3771	0	0	0	0	13	2272	13	12	1
3779	0	0	0	0	5	2276	5	5	0
3763	0	0	0	0	21	2293	21	18	3
3776	0	0	0	0	8	2271	8	7	1
3775	0	0	0	0	9	2272	9	9	0
3774	0	0	0	0	10	2277	10	10	0
3779	0	0	0	0	5	2269	5	5	0
3769	0	0	0	0	15	2284	15	15	0
3770	0	0	0	0	14	2281	14	13	1
3774	0	0	0	0	10	2281	10	9	1
3774	0	0	0	0	10	2274	10	9	1
3778	0	0	0	0	6	2275	6	5	1
3779	0	0	0	0	5	2278	5	5	0
3779	0	0	0	0	5	2271	5	5	0
3774	0	0	0	0	10	2280	10	10	0
3750	0	0	0	0	34	2300	34	34	0
3778	0	0	0	0	6	2277	6	6	0
3778	0	0	0	0	6	2280	6	6	0
3779	0	0	0	0	5	2277	5	5	0
3776	0	0	0	0	8	2280	8	8	0
3764	0	0	0	0	20	2288	20	20	0
3778	0	0	0	0	6	2270	6	6	0
3778	0	0	0	0	6	2270	6	5	1
3776	0	0	0	0	8	2279	8	8	0
3778	0	0	0	0	6	2271	6	6	0
3771	0	0	0	0	13	2283	13	12	1
3777	0	0	0	0	7	2275	7	7	0
3777	0	0	0	0	7	2274	7	7	0
3776	0	0	0	0	8	2275	8	8	0
3777	0	0	0	0	7	2275	7	7	0
3777	0	0	0	0	7	2277	7	7	0
3772	0	0	0	0	12	2272	12	12	0
3773	0	0	0	0	11	2286	11	11	0
3769	0	0	0	0	15	2281	15	15	0
3779	0	0	0	0	5	2271	5	5	0
3774	0	0	0	0	10	2270	10	10	0
3779	0	0	0	0	5	2275	5	5	0
3776	0	0	0	0	8	2275	8	8	0
3778	0	0	0	0	6	2273	6	6	0
3772	0	0	0	0	12	2282	12	12	0
3749	0	0	0	0	35	2288	35	35	0
3778	0	0	0	0	6	2278	6	6	0
3778	0	0	0	0	6	2273	6	5	1
3766	0	0	0	0	18	2282	18	18	0
3776	0	0	0	0	8	2278	8	8	0
3772	0	0	0	0	12	2281	12	12	0
3773	0	0	0	0	11	2270	11	11	0
3771	0	0	0	0	13	2276	13	13	0
3770	0	0	0	0	14	2275	14	14	0
3779	0	0	0	0	5	2269	5	5	0
3764	0	0	0	0	20	2282	20	20	0
3777	0	0	0	0	7	2276	7	7	0
3771	0	0	0	0	13	2279	13	12	1
3760	0	0	0	0	24	2286	24	24	0
3772	0	0	0	0	12	2277	12	11	1
3779	0	0	0	0	5	2274	5	5	0
3773	0	0	0	0	11	2276	11	11	0
3779	0	0	0	0	5	2271	5	5	0
3775	0	0	0	0	9	2278	9	9	0
3773	0	0	0	0	11	2279	11	9	2
3773	0	0	0	0	11	2273	11	11	0
3774	0	0	0	0	10	2277	10	10	0
3777	0	0	0	0	7	2273	7	7	0
3776	0	0	0	0	8	2273	8	8	0
3774	0	0	0	0	10	2279	10	9	1
3775	0	0	0	0	9	2271	9	9	0
3777	0	0	0	0	7	2276	7	7	0
3771	0	0	0	0	13	2276	13	13	0
3771	0	0	0	0	13	2278	13	12	1
3778	0	0	0	0	6	2270	6	6	0
3761	0	0	0	0	23	2287	23	23	0
3766	0	0	0	0	18	2281	18	17	1
3778	0	0	0	0	6	2278	6	6	0
3766	0	0	0	0	18	2292	18	18	0
3775	0	0	0	0	9	2270	9	9	0
3772	0	0	0	0	12	2271	12	12	0
3779	0	0	0	0	5	2273	5	5	0
3767	0	0	0	0	17	2271	17	17	0
3779	0	0	0	0	5	2269	5	5	0
3775	0	0	0	0	9	2274	9	8	1
3765	0	0	0	0	19	2280	19	19	0
3778	0	0	0	0	6	2273	6	6	0
3758	0	0	0	0	26	2284	26	24	2
3772	0	0	0	0	12	2272	12	12	0
3776	0	0	0	0	8	2268	8	8	0
3767	0	0	0	0	17	2279	17	17	0
3772	0	0	0	0	12	2272	12	12	0
3773	0	0	0	0	11	2282	11	10	1
3778	0	0	0	0	6	2276	6	6	0
3774	0	0	0	0	10	2282	10	10	0
3776	0	0	0	0	8	2278	8	8	0
3777	0	0	0	0	7	2278	7	7	0
3778	0	0	0	0	6	2274	6	6	0
3770	0	0	0	0	14	2280	14	14	0
3753	0	0	0	0	31	2295	31	30	1
3774	0	0	0	0	10	2278	10	10	0
3775	0	0	0	0	9	2271	9	9	0
3778	0	0	0	0	6	2288	6	6	0
3778	0	0	0	0	6	2277	6	5	1
3779	0	0	0	0	5	2268	5	5	0
3767	0	0	0	0	17	2287	17	17	0
3777	0	0	0	0	7	2272	7	6	1
3776	0	0	0	0	8	2274	8	8	0
3777	0	0	0	0	7	2277	7	6	1
3776	0	0	0	0	8	2275	8	8	0
3778	0	0	0	0	6	2267	6	6	0
3778	0	0	0	0	6	2272	6	6	0
3774	0	0	0	0	10	2278	10	8	2
3758	0	0	0	0	26	2291	26	26	0
3779	0	0	0	0	5	2269	5	5	0
3777	0	0	0	0	7	2275	7	7	0
3779	0	0	0	0	5	2273	5	5	0
3777	0	0	0	0	7	2273	7	7	0
3776	0	0	0	0	8	2273	8	7	1
3779	0	0	0	0	5	2271	5	5	0
3771	0	0	0	0	13	2271	13	13	0
3776	0	0	0	0	8	2283	8	8	0
3768	0	0	0	0	16	2280	16	15	1
3777	0	0	0	0	7	2272	7	7	0
3777	0	0	0	0	7	2276	7	6	1
3779	0	0	0	0	5	2271	5	5	0
3778	0	0	0	0	6	2269	6	6	0
3776	0	0	0	0	8	2278	8	7	1
3779	0	0	0	0	5	2276	5	5	0
3770	0	0	0	0	14	2288	14	12	2
3778	0	0	0	0	6	2275	6	5	1
3770	0	0	0	0	14	2284	14	13	1
3774	0	0	0	0	10	2274	10	10	0
3768	0	0	0	0	16	2276	16	16	0
3777	0	0	0	0	7	2271	7	7	0
3775	0	0	0	0	9	2275	9	9	0
3779	0	0	0	0	5	2273	5	5	0
3774	0	0	0	0	10	2274	10	10	0
3777	0	0	0	0	7	2274	7	7	0
3779	0	0	0	0	5	2273	5	5	0
3770	0	0	0	0	14	2282	14	14	0
3774	0	0	0	0	10	2276	10	9	1
3776	0	0	0	0	8	2283	8	8	0
3767	0	0	0	0	17	2283	17	17	0
3772	0	0	0	0	12	2271	12	12	0
3771	0	0	0	0	13	2278	13	13	0
3777	0	0	0	0	7	2274	7	6	1
3759	0	0	0	0	25	2290	25	24	1
3775	0	0	0	0	9	2270	9	9	0
3768	0	0	0	0	16	2283	16	14	2
3777	0	0	0	0	7	2277	7	7	0
3773	0	0	0	0	11	2277	11	11	0
3775	0	0	0	0	9	2278	9	9	0
3778	0	0	0	0	6	2279	6	6	0
3779	0	0	0	0	5	2268	5	5	0
3779	0	0	0	0	5	2276	5	5	0
3774	0	0	0	0	10	2276	10	10	0
3775	0	0	0	0	9	2276	9	9	0
3769	0	0	0	0	15	2279	15	15	0
3771	0	0	0	0	13	2285	13	11	2
3778	0	0	0	0	6	2274	6	6	0
3773	0	0	0	0	11	2274	11	11	0
3773	0	0	0	0	11	2277	11	9	2
3779	0	0	0	0	5	2268	5	5	0
3762	0	0	0	0	22	2280	22	22	0
3779	0	0	0	0	5	2281	5	5	0
3779	0	0	0	0	5	2267	5	5	0
3769	0	0	0	0	15	2281	15	14	1
3777	0	0	0	0	7	2271	7	6	1
3778	0	0	0	0	6	2270	6	5	1
3775	0	0	0	0	9	2277	9	9	0
3775	0	0	0	0	9	2274	9	8	1
3766	0	0	0	0	18	2272	18	18	0
3767	0	0	0	0	17	2281	17	16	1
3773	0	0	0	0	11	2273	11	9	2
3778	0	0	0	0	6	2269	6	6	0
3779	0	0	0	0	5	2277	5	5	0
3776	0	0	0	0	8	2273	8	7	1
3778	0	0	0	0	6	2271	6	5	1
3779	0	0	0	0	5	2273	5	5	0
3770	0	0	0	0	14	2276	14	14	0
