3776	0	0	0	0	8	1058	8	5	3
3777	0	0	0	0	7	1072	7	6	1
3776	0	0	0	0	8	1074	8	6	2
3777	0	0	0	0	7	1023	7	6	1
3779	0	0	0	0	5	993	5	5	0
3777	0	0	0	0	7	1050	7	5	2
3777	0	0	0	0	7	1070	7	5	2
3776	0	0	0	0	8	1091	8	5	3
3778	0	0	0	0	6	1039	6	5	1
3775	0	0	0	0	9	1056	9	8	1
3776	0	0	0	0	8	1065	8	5	3
3777	0	0	0	0	7	1050	7	5	2
3777	0	0	0	0	7	1058	7	5	2
3779	0	0	0	0	5	969	5	5	0
3779	0	0	0	0	5	973	5	5	0
3773	0	0	0	0	11	1046	11	8	3
3779	0	0	0	0	5	983	5	5	0
3774	0	0	0	0	10	1093	10	7	3
3779	0	0	0	0	5	998	5	5	0
3779	0	0	0	0	5	1003	5	5	0
3778	0	0	0	0	6	990	6	5	1
3774	0	0	0	0	10	1060	10	7	3
3779	0	0	0	0	5	1031	5	5	0
3777	0	0	0	0	7	1045	7	7	0
3776	0	0	0	0	8	1081	8	7	1
3775	0	0	0	0	9	1136	9	8	1
3776	0	0	0	0	8	1091	8	7	1
3779	0	0	0	0	5	1051	5	5	0
3775	0	0	0	0	9	1107	9	6	3
3777	0	0	0	0	7	1092	7	5	2
3778	0	0	0	0	6	1054	6	5	1
3776	0	0	0	0	8	1100	8	6	2
3778	0	0	0	0	6	1009	6	5	1
3779	0	0	0	0	5	1035	5	5	0
3776	0	0	0	0	8	1097	8	5	3
3779	0	0	0	0	5	972	5	5	0
3779	0	0	0	0	5	1009	5	5	0
3778	0	0	0	0	6	1067	6	5	1
3779	0	0	0	0	5	961	5	5	0
3779	0	0	0	0	5	1041	5	5	0
3778	0	0	0	0	6	1015	6	5	1
3779	0	0	0	0	5	991	5	5	0
3777	0	0	0	0	7	1034	7	6	1
3777	0	0	0	0	7	1031	7	5	2
3776	0	0	0	0	8	1002	8	5	3
3779	0	0	0	0	5	998	5	5	0
3776	0	0	0	0	8	1070	8	6	2
3776	0	0	0	0	8	1082	8	5	3
3776	0	0	0	0	8	1050	8	5	3
3776	0	0	0	0	8	1080	8	6	2
3775	0	0	0	0	9	1096	9	5	4
3779	0	0	0	0	5	979	5	5	0
3778	0	0	0	0	6	1020	6	5	1
3777	0	0	0	0	7	1037	7	5	2
3777	0	0	0	0	7	1055	7	5	2
3779	0	0	0	0	5	966	5	5	0
3776	0	0	0	0	8	1082	8	6	2
3779	0	0	0	0	5	1016	5	5	0
3777	0	0	0	0	7	1085	7	6	1
3777	0	0	0	0	7	1013	7	7	0
3777	0	0	0	0	7	1028	7	6	1
3775	0	0	0	0	9	1073	9	6	3
3778	0	0	0	0	6	1060	6	5	1
3777	0	0	0	0	7	1043	7	5	2
3778	0	0	0	0	6	1055	6	5	1
3779	0	0	0	0	5	1032	5	5	0
3779	0	0	0	0	5	1023	5	5	0
3779	0	0	0	0	5	1069	5	5	0
3779	0	0	0	0	5	1012	5	5	0
3777	0	0	0	0	7	1073	7	5	2
3779	0	0	0	0	5	978	5	5	0
3778	0	0	0	0	6	1098	6	5	1
3776	0	0	0	0	8	1054	8	6	2
3777	0	0	0	0	7	1052	7	6	1
3767	0	0	0	0	17	1169	17	10	7
3778	0	0	0	0	6	1030	6	6	0
3778	0	0	0	0	6	1001	6	5	1
3778	0	0	0	0	6	1036	6	5	1
3777	0	0	0	0	7	1060	7	6	1
3777	0	0	0	0	7	1106	7	5	2
3778	0	0	0	0	6	1027	6	5	1
3776	0	0	0	0	8	1029	8	5	3
3778	0	0	0	0	6	1036	6	5	1
3778	0	0	0	0	6	1050	6	5	1
3775	0	0	0	0	9	1030	9	7	2
3774	0	0	0	0	10	1152	10	6	4
3777	0	0	0	0	7	1028	7	6	1
3778	0	0	0	0	6	1009	6	5	1
3778	0	0	0	0	6	1030	6	5	1
3777	0	0	0	0	7	1029	7	5	2
3779	0	0	0	0	5	1047	5	5	0
3774	0	0	0	0	10	1116	10	7	3
3779	0	0	0	0	5	1032	5	5	0
3776	0	0	0	0	8	1051	8	6	2
3777	0	0	0	0	7	1062	7	5	2
3778	0	0	0	0	6	1059	6	5	1
3777	0	0	0	0	7	1008	7	7	0
3776	0	0	0	0	8	1103	8	5	3
3778	0	0	0	0	6	1042	6	5	1
3779	0	0	0	0	5	1032	5	5	0
3775	0	0	0	0	9	1091	9	6	3
3778	0	0	0	0	6	1046	6	5	1
3777	0	0	0	0	7	1032	7	5	2
3775	0	0	0	0	9	1051	9	6	3
3779	0	0	0	0	5	975	5	5	0
3778	0	0	0	0	6	992	6	5	1
3779	0	0	0	0	5	977	5	5	0
3774	0	0	0	0	10	1063	10	6	4
3779	0	0	0	0	5	1069	5	5	0
3768	0	0	0	0	16	1127	16	8	8
3778	0	0	0	0	6	988	6	5	1
3776	0	0	0	0	8	1104	8	6	2
3777	0	0	0	0	7	1021	7	6	1
3774	0	0	0	0	10	1041	10	6	4
3777	0	0	0	0	7	989	7	5	2
3778	0	0	0	0	6	1023	6	5	1
3778	0	0	0	0	6	1021	6	5	1
3777	0	0	0	0	7	1077	7	5	2
3775	0	0	0	0	9	1068	9	6	3
3775	0	0	0	0	9	1020	9	5	4
3779	0	0	0	0	5	996	5	5	0
3776	0	0	0	0	8	1007	8	6	2
3775	0	0	0	0	9	1123	9	8	1
3775	0	0	0	0	9	1118	9	6	3
3776	0	0	0	0	8	1028	8	5	3
3779	0	0	0	0	5	1034	5	5	0
3774	0	0	0	0	10	1052	10	6	4
3778	0	0	0	0	6	1000	6	5	1
3779	0	0	0	0	5	979	5	5	0
3778	0	0	0	0	6	1113	6	6	0
3779	0	0	0	0	5	1013	5	5	0
3777	0	0	0	0	7	1019	7	5	2
3776	0	0	0	0	8	988	8	5	3
3778	0	0	0	0	6	1052	6	5	1
3779	0	0	0	0	5	1038	5	5	0
3779	0	0	0	0	5	1039	5	5	0
3779	0	0	0	0	5	996	5	5	0
3778	0	0	0	0	6	1046	6	5	1
3777	0	0	0	0	7	1063	7	5	2
3778	0	0	0	0	6	1053	6	6	0
3778	0	0	0	0	6	987	6	5	1
3778	0	0	0	0	6	996	6	5	1
3778	0	0	0	0	6	1021	6	5	1
3778	0	0	0	0	6	1001	6	5	1
3777	0	0	0	0	7	1078	7	5	2
3774	0	0	0	0	10	1062	10	7	3
3779	0	0	0	0	5	1053	5	5	0
3772	0	0	0	0	12	1142	12	9	3
3779	0	0	0	0	5	971	5	5	0
3778	0	0	0	0	6	986	6	5	1
3775	0	0	0	0	9	1133	9	5	4
3776	0	0	0	0	8	1032	8	6	2
3779	0	0	0	0	5	993	5	5	0
3777	0	0	0	0	7	1097	7	7	0
3776	0	0	0	0	8	1066	8	6	2
3778	0	0	0	0	6	1045	6	5	1
3779	0	0	0	0	5	1024	5	5	0
3775	0	0	0	0	9	1125	9	6	3
3775	0	0	0	0	9	1017	9	8	1
3776	0	0	0	0	8	994	8	6	2
3779	0	0	0	0	5	1039	5	5	0
3776	0	0	0	0	8	1036	8	6	2
3778	0	0	0	0	6	1048	6	5	1
3775	0	0	0	0	9	1074	9	5	4
3776	0	0	0	0	8	1058	8	6	2
3778	0	0	0	0	6	1025	6	5	1
3779	0	0	0	0	5	1039	5	5	0
3776	0	0	0	0	8	987	8	6	2
3779	0	0	0	0	5	1048	5	5	0
3779	0	0	0	0	5	1003	5	5	0
3779	0	0	0	0	5	1020	5	5	0
3778	0	0	0	0	6	1033	6	6	0
3779	0	0	0	0	5	1011	5	5	0
3778	0	0	0	0	6	968	6	5	1
3779	0	0	0	0	5	1008	5	5	0
3777	0	0	0	0	7	1051	7	5	2
3777	0	0	0	0	7	1027	7	5	2
3778	0	0	0	0	6	1069	6	5	1
3779	0	0	0	0	5	987	5	5	0
3776	0	0	0	0	8	1046	8	5	3
3777	0	0	0	0	7	1041	7	5	2
3779	0	0	0	0	5	996	5	5	0
3777	0	0	0	0	7	1091	7	6	1
3779	0	0	0	0	5	1069	5	5	0
3778	0	0	0	0	6	1081	6	5	1
3776	0	0	0	0	8	1065	8	5	3
3778	0	0	0	0	6	1057	6	5	1
3776	0	0	0	0	8	1080	8	6	2
3779	0	0	0	0	5	1056	5	5	0
3778	0	0	0	0	6	1083	6	5	1
3779	0	0	0	0	5	1035	5	5	0
3778	0	0	0	0	6	1041	6	5	1
3778	0	0	0	0	6	1014	6	5	1
3777	0	0	0	0	7	1069	7	6	1
3778	0	0	0	0	6	1065	6	5	1
3774	0	0	0	0	10	1092	10	7	3
3775	0	0	0	0	9	1109	9	7	2
3778	0	0	0	0	6	1010	6	5	1
3775	0	0	0	0	9	1143	9	7	2
3775	0	0	0	0	9	1092	9	7	2
3775	0	0	0	0	9	1109	9	6	3
3778	0	0	0	0	6	1002	6	5	1
3778	0	0	0	0	6	1047	6	6	0
3776	0	0	0	0	8	1051	8	6	2
3774	0	0	0	0	10	1104	10	7	3
3777	0	0	0	0	7	1017	7	7	0
3776	0	0	0	0	8	1076	8	5	3
3779	0	0	0	0	5	1012	5	5	0
3777	0	0	0	0	7	1064	7	5	2
3779	0	0	0	0	5	1015	5	5	0
3779	0	0	0	0	5	1018	5	5	0
3777	0	0	0	0	7	989	7	6	1
3776	0	0	0	0	8	1009	8	6	2
3778	0	0	0	0	6	1024	6	5	1
3779	0	0	0	0	5	1002	5	5	0
3779	0	0	0	0	5	1050	5	5	0
3776	0	0	0	0	8	1005	8	6	2
3776	0	0	0	0	8	1027	8	6	2
3779	0	0	0	0	5	1020	5	5	0
3779	0	0	0	0	5	1039	5	5	0
3778	0	0	0	0	6	1010	6	5	1
3776	0	0	0	0	8	1050	8	6	2
3777	0	0	0	0	7	1053	7	5	2
3776	0	0	0	0	8	1063	8	8	0
3777	0	0	0	0	7	1030	7	5	2
3778	0	0	0	0	6	1037	6	5	1
3774	0	0	0	0	10	1081	10	7	3
3778	0	0	0	0	6	1020	6	5	1
3775	0	0	0	0	9	1053	9	5	4
3778	0	0	0	0	6	1063	6	5	1
3776	0	0	0	0	8	1071	8	5	3
3777	0	0	0	0	7	1033	7	5	2
3778	0	0	0	0	6	1059	6	5	1
3776	0	0	0	0	8	1028	8	6	2
3763	0	0	0	0	21	1131	21	12	9
3777	0	0	0	0	7	1041	7	7	0
3777	0	0	0	0	7	1042	7	6	1
3776	0	0	0	0	8	1090	8	6	2
3779	0	0	0	0	5	1015	5	5	0
3777	0	0	0	0	7	1016	7	6	1
3776	0	0	0	0	8	1037	8	6	2
3777	0	0	0	0	7	1024	7	5	2
3775	0	0	0	0	9	1119	9	6	3
3773	0	0	0	0	11	1109	11	7	4
3779	0	0	0	0	5	1005	5	5	0
3776	0	0	0	0	8	1028	8	6	2
3778	0	0	0	0	6	1085	6	5	1
3777	0	0	0	0	7	1047	7	5	2
3778	0	0	0	0	6	1043	6	5	1
3776	0	0	0	0	8	1055	8	6	2
3776	0	0	0	0	8	1094	8	5	3
3773	0	0	0	0	11	1084	11	8	3
3776	0	0	0	0	8	1097	8	5	3
3771	0	0	0	0	13	1105	13	10	3
3779	0	0	0	0	5	1037	5	5	0
3779	0	0	0	0	5	1036	5	5	0
3779	0	0	0	0	5	961	5	5	0
3777	0	0	0	0	7	1083	7	5	2
3777	0	0	0	0	7	1078	7	6	1
3778	0	0	0	0	6	1005	6	5	1
3777	0	0	0	0	7	1030	7	5	2
3767	0	0	0	0	17	1131	17	7	10
3777	0	0	0	0	7	1064	7	5	2
3775	0	0	0	0	9	1168	9	8	1
3778	0	0	0	0	6	1020	6	6	0
3774	0	0	0	0	10	1046	10	7	3
3776	0	0	0	0	8	1013	8	7	1
3778	0	0	0	0	6	1010	6	5	1
3776	0	0	0	0	8	1082	8	5	3
3779	0	0	0	0	5	1003	5	5	0
3777	0	0	0	0	7	1024	7	5	2
3769	0	0	0	0	15	1223	15	8	7
3778	0	0	0	0	6	1010	6	6	0
3779	0	0	0	0	5	981	5	5	0
3779	0	0	0	0	5	1042	5	5	0
3777	0	0	0	0	7	1038	7	5	2
3777	0	0	0	0	7	1052	7	5	2
3773	0	0	0	0	11	1090	11	6	5
3778	0	0	0	0	6	1040	6	6	0
3775	0	0	0	0	9	1016	9	7	2
3779	0	0	0	0	5	997	5	5	0
3775	0	0	0	0	9	1017	9	5	4
3779	0	0	0	0	5	1035	5	5	0
3777	0	0	0	0	7	1037	7	6	1
3779	0	0	0	0	5	1039	5	5	0
3776	0	0	0	0	8	1057	8	6	2
3779	0	0	0	0	5	981	5	5	0
3776	0	0	0	0	8	1026	8	5	3
3776	0	0	0	0	8	1048	8	7	1
3775	0	0	0	0	9	1023	9	5	4
3778	0	0	0	0	6	1004	6	5	1
3779	0	0	0	0	5	1000	5	5	0
3778	0	0	0	0	6	1047	6	5	1
3778	0	0	0	0	6	1008	6	5	1
3775	0	0	0	0	9	1006	9	6	3
3778	0	0	0	0	6	1062	6	5	1
3778	0	0	0	0	6	1008	6	5	1
3776	0	0	0	0	8	1062	8	6	2
3779	0	0	0	0	5	990	5	5	0
3776	0	0	0	0	8	1045	8	6	2
3774	0	0	0	0	10	1212	10	8	2
3778	0	0	0	0	6	1059	6	5	1
3776	0	0	0	0	8	1011	8	8	0
3779	0	0	0	0	5	1042	5	5	0
3777	0	0	0	0	7	1068	7	5	2
3775	0	0	0	0	9	1056	9	6	3
3776	0	0	0	0	8	1042	8	6	2
3776	0	0	0	0	8	1052	8	6	2
3777	0	0	0	0	7	1068	7	7	0
3774	0	0	0	0	10	1128	10	6	4
3773	0	0	0	0	11	1120	11	8	3
3777	0	0	0	0	7	1070	7	5	2
3777	0	0	0	0	7	1017	7	6	1
3779	0	0	0	0	5	1059	5	5	0
3779	0	0	0	0	5	1013	5	5	0
3779	0	0	0	0	5	1034	5	5	0
3777	0	0	0	0	7	1034	7	5	2
3779	0	0	0	0	5	977	5	5	0
3777	0	0	0	0	7	1017	7	5	2
3779	0	0	0	0	5	1030	5	5	0
3776	0	0	0	0	8	1081	8	5	3
3774	0	0	0	0	10	1113	10	7	3
3778	0	0	0	0	6	1037	6	5	1
3778	0	0	0	0	6	1028	6	5	1
3777	0	0	0	0	7	1009	7	5	2
3775	0	0	0	0	9	1060	9	6	3
3770	0	0	0	0	14	1122	14	9	5
3777	0	0	0	0	7	1017	7	5	2
3779	0	0	0	0	5	1001	5	5	0
3774	0	0	0	0	10	1091	10	5	5
3778	0	0	0	0	6	994	6	5	1
3779	0	0	0	0	5	1054	5	5	0
3776	0	0	0	0	8	1071	8	6	2
3778	0	0	0	0	6	1006	6	5	1
3778	0	0	0	0	6	1022	6	5	1
3778	0	0	0	0	6	1034	6	5	1
3779	0	0	0	0	5	1021	5	5	0
3779	0	0	0	0	5	978	5	5	0
3777	0	0	0	0	7	1082	7	5	2
3776	0	0	0	0	8	1076	8	6	2
3774	0	0	0	0	10	1066	10	6	4
3779	0	0	0	0	5	1042	5	5	0
3779	0	0	0	0	5	1044	5	5	0
3779	0	0	0	0	5	1023	5	5	0
3777	0	0	0	0	7	1082	7	5	2
3777	0	0	0	0	7	1007	7	6	1
3777	0	0	0	0	7	1005	7	5	2
3778	0	0	0	0	6	1043	6	5	1
3779	0	0	0	0	5	994	5	5	0
3775	0	0	0	0	9	1085	9	6	3
3778	0	0	0	0	6	1051	6	5	1
3778	0	0	0	0	6	1011	6	6	0
3776	0	0	0	0	8	1047	8	6	2
3779	0	0	0	0	5	1028	5	5	0
3776	0	0	0	0	8	1076	8	6	2
3775	0	0	0	0	9	1026	9	6	3
3776	0	0	0	0	8	1034	8	5	3
3775	0	0	0	0	9	1193	9	7	2
3779	0	0	0	0	5	1013	5	5	0
3778	0	0	0	0	6	997	6	5	1
3779	0	0	0	0	5	988	5	5	0
3776	0	0	0	0	8	1090	8	6	2
3778	0	0	0	0	6	1020	6	5	1
3778	0	0	0	0	6	1028	6	6	0
3775	0	0	0	0	9	1101	9	6	3
3778	0	0	0	0	6	1001	6	5	1
3775	0	0	0	0	9	1010	9	5	4
3777	0	0	0	0	7	1061	7	5	2
3778	0	0	0	0	6	1032	6	5	1
3776	0	0	0	0	8	1048	8	6	2
3778	0	0	0	0	6	1029	6	5	1
3772	0	0	0	0	12	1061	12	8	4
3778	0	0	0	0	6	1005	6	5	1
3779	0	0	0	0	5	1017	5	5	0
3779	0	0	0	0	5	1035	5	5	0
3779	0	0	0	0	5	1043	5	5	0
3776	0	0	0	0	8	1057	8	6	2
3777	0	0	0	0	7	1095	7	5	2
3776	0	0	0	0	8	1009	8	6	2
3779	0	0	0	0	5	1043	5	5	0
3778	0	0	0	0	6	1058	6	5	1
3776	0	0	0	0	8	1149	8	7	1
3777	0	0	0	0	7	1055	7	5	2
3777	0	0	0	0	7	1041	7	5	2
3778	0	0	0	0	6	1035	6	5	1
3777	0	0	0	0	7	1015	7	6	1
3779	0	0	0	0	5	978	5	5	0
3779	0	0	0	0	5	1008	5	5	0
3777	0	0	0	0	7	1097	7	5	2
3777	0	0	0	0	7	1035	7	5	2
3775	0	0	0	0	9	1032	9	7	2
3775	0	0	0	0	9	1076	9	7	2
3775	0	0	0	0	9	1042	9	6	3
3779	0	0	0	0	5	985	5	5	0
3776	0	0	0	0	8	1125	8	5	3
3777	0	0	0	0	7	1056	7	5	2
3775	0	0	0	0	9	1071	9	5	4
3776	0	0	0	0	8	1120	8	6	2
3779	0	0	0	0	5	1008	5	5	0
3778	0	0	0	0	6	1032	6	5	1
3779	0	0	0	0	5	1011	5	5	0
3776	0	0	0	0	8	1024	8	5	3
3779	0	0	0	0	5	997	5	5	0
3774	0	0	0	0	10	1064	10	6	4
3776	0	0	0	0	8	1095	8	6	2
3776	0	0	0	0	8	1019	8	7	1
3776	0	0	0	0	8	1083	8	5	3
3777	0	0	0	0	7	1044	7	6	1
3779	0	0	0	0	5	982	5	5	0
3779	0	0	0	0	5	1062	5	5	0
3779	0	0	0	0	5	978	5	5	0
3777	0	0	0	0	7	1063	7	6	1
3776	0	0	0	0	8	1058	8	6	2
3778	0	0	0	0	6	1064	6	5	1
3778	0	0	0	0	6	1054	6	5	1
3777	0	0	0	0	7	1019	7	6	1
3779	0	0	0	0	5	981	5	5	0
3776	0	0	0	0	8	1081	8	6	2
3773	0	0	0	0	11	1085	11	5	6
3777	0	0	0	0	7	1069	7	5	2
3778	0	0	0	0	6	995	6	6	0
3774	0	0	0	0	10	1192	10	7	3
3778	0	0	0	0	6	1083	6	6	0
3778	0	0	0	0	6	966	6	5	1
3778	0	0	0	0	6	1070	6	5	1
3778	0	0	0	0	6	1027	6	5	1
3776	0	0	0	0	8	1004	8	5	3
3776	0	0	0	0	8	1013	8	5	3
3777	0	0	0	0	7	1063	7	5	2
3776	0	0	0	0	8	987	8	5	3
3779	0	0	0	0	5	1026	5	5	0
3778	0	0	0	0	6	1013	6	5	1
3776	0	0	0	0	8	1077	8	6	2
3779	0	0	0	0	5	976	5	5	0
3776	0	0	0	0	8	1004	8	5	3
3776	0	0	0	0	8	1012	8	5	3
3778	0	0	0	0	6	999	6	6	0
3778	0	0	0	0	6	1012	6	5	1
3776	0	0	0	0	8	1022	8	5	3
3774	0	0	0	0	10	1012	10	8	2
3779	0	0	0	0	5	1030	5	5	0
3774	0	0	0	0	10	1093	10	5	5
3779	0	0	0	0	5	1040	5	5	0
3778	0	0	0	0	6	1031	6	5	1
3777	0	0	0	0	7	1024	7	6	1
3779	0	0	0	0	5	1010	5	5	0
3777	0	0	0	0	7	1057	7	6	1
3778	0	0	0	0	6	1029	6	5	1
3777	0	0	0	0	7	1067	7	5	2
3778	0	0	0	0	6	1060	6	5	1
3778	0	0	0	0	6	1052	6	6	0
3777	0	0	0	0	7	1050	7	5	2
3778	0	0	0	0	6	1049	6	5	1
3777	0	0	0	0	7	1032	7	5	2
3776	0	0	0	0	8	1068	8	5	3
3779	0	0	0	0	5	995	5	5	0
3778	0	0	0	0	6	1012	6	5	1
3778	0	0	0	0	6	986	6	5	1
3779	0	0	0	0	5	1028	5	5	0
3773	0	0	0	0	11	1123	11	7	4
3773	0	0	0	0	11	1109	11	7	4
3778	0	0	0	0	6	1044	6	6	0
3777	0	0	0	0	7	1057	7	6	1
3775	0	0	0	0	9	1018	9	5	4
3772	0	0	0	0	12	1095	12	6	6
3778	0	0	0	0	6	1003	6	5	1
3778	0	0	0	0	6	1078	6	5	1
3772	0	0	0	0	12	1113	12	6	6
3778	0	0	0	0	6	1040	6	5	1
3779	0	0	0	0	5	1003	5	5	0
3777	0	0	0	0	7	1042	7	5	2
3777	0	0	0	0	7	1027	7	6	1
3778	0	0	0	0	6	1023	6	5	1
3779	0	0	0	0	5	975	5	5	0
3778	0	0	0	0	6	1049	6	5	1
3777	0	0	0	0	7	1030	7	5	2
3777	0	0	0	0	7	1038	7	6	1
3775	0	0	0	0	9	1113	9	6	3
3773	0	0	0	0	11	1082	11	5	6
3778	0	0	0	0	6	1026	6	5	1
3776	0	0	0	0	8	1074	8	8	0
3768	0	0	0	0	16	1089	16	6	10
3779	0	0	0	0	5	988	5	5	0
3776	0	0	0	0	8	1101	8	5	3
3776	0	0	0	0	8	1077	8	5	3
3775	0	0	0	0	9	1000	9	6	3
3776	0	0	0	0	8	994	8	5	3
3779	0	0	0	0	5	1014	5	5	0
3777	0	0	0	0	7	994	7	5	2
3777	0	0	0	0	7	1057	7	5	2
3775	0	0	0	0	9	1002	9	5	4
3776	0	0	0	0	8	1054	8	7	1
3778	0	0	0	0	6	1026	6	5	1
3778	0	0	0	0	6	988	6	5	1
3779	0	0	0	0	5	957	5	5	0
3777	0	0	0	0	7	1050	7	5	2
3777	0	0	0	0	7	1039	7	5	2
3779	0	0	0	0	5	1026	5	5	0
3779	0	0	0	0	5	984	5	5	0
3772	0	0	0	0	12	1069	12	6	6
