3735	0	0	0	0	49	968	49	46	3
3746	0	0	0	0	38	963	38	38	0
3731	0	0	0	0	53	973	53	52	1
3688	0	0	0	0	96	1007	96	93	3
3583	0	0	0	0	201	1057	201	198	3
3768	0	0	0	0	16	962	16	16	0
3776	0	0	0	0	8	950	8	8	0
3742	0	0	0	0	42	975	42	41	1
3727	0	0	0	0	57	989	57	55	2
3768	0	0	0	0	16	951	16	15	1
3594	0	0	0	0	190	1044	190	189	1
3750	0	0	0	0	34	973	34	33	1
3776	0	0	0	0	8	953	8	8	0
3779	0	0	0	0	5	948	5	5	0
3776	0	0	0	0	8	944	8	8	0
3719	0	0	0	0	65	977	65	64	1
3778	0	0	0	0	6	944	6	6	0
3736	0	0	0	0	48	986	48	47	1
3778	0	0	0	0	6	948	6	6	0
3773	0	0	0	0	11	951	11	11	0
3778	0	0	0	0	6	949	6	5	1
3704	0	0	0	0	80	978	80	80	0
3779	0	0	0	0	5	951	5	5	0
3776	0	0	0	0	8	953	8	8	0
3695	0	0	0	0	89	980	89	85	4
3751	0	0	0	0	33	975	33	32	1
3759	0	0	0	0	25	965	25	24	1
3735	0	0	0	0	49	975	49	49	0
3576	0	0	0	0	208	1039	208	205	3
3745	0	0	0	0	39	969	39	38	1
3695	0	0	0	0	89	989	89	85	4
3769	0	0	0	0	15	955	15	13	2
3689	0	0	0	0	95	1002	95	93	2
3765	0	0	0	0	19	965	19	19	0
3684	0	0	0	0	100	993	100	96	4
3778	0	0	0	0	6	947	6	6	0
3604	0	0	0	0	180	1032	180	179	1
3734	0	0	0	0	50	961	50	50	0
3779	0	0	0	0	5	946	5	5	0
3778	0	0	0	0	6	948	6	6	0
3775	0	0	0	0	9	950	9	9	0
3698	0	0	0	0	86	999	86	84	2
3743	0	0	0	0	41	973	41	40	1
3769	0	0	0	0	15	959	15	15	0
3777	0	0	0	0	7	948	7	6	1
3779	0	0	0	0	5	947	5	5	0
3761	0	0	0	0	23	967	23	23	0
3763	0	0	0	0	21	965	21	19	2
3540	0	0	0	0	244	1056	244	236	8
3581	0	0	0	0	203	1034	203	201	2
3744	0	0	0	0	40	964	40	39	1
3779	0	0	0	0	5	950	5	5	0
3773	0	0	0	0	11	950	11	11	0
3663	0	0	0	0	121	1014	121	116	5
3775	0	0	0	0	9	953	9	7	2
3779	0	0	0	0	5	945	5	5	0
3762	0	0	0	0	22	953	22	22	0
3774	0	0	0	0	10	953	10	10	0
3739	0	0	0	0	45	975	45	45	0
3753	0	0	0	0	31	959	31	31	0
3775	0	0	0	0	9	950	9	9	0
3773	0	0	0	0	11	956	11	10	1
3772	0	0	0	0	12	958	12	12	0
3763	0	0	0	0	21	958	21	21	0
3765	0	0	0	0	19	957	19	19	0
3693	0	0	0	0	91	989	91	90	1
3745	0	0	0	0	39	961	39	38	1
3714	0	0	0	0	70	988	70	69	1
3777	0	0	0	0	7	951	7	7	0
3749	0	0	0	0	35	962	35	35	0
3779	0	0	0	0	5	946	5	5	0
3747	0	0	0	0	37	979	37	37	0
3765	0	0	0	0	19	953	19	19	0
3761	0	0	0	0	23	961	23	23	0
3640	0	0	0	0	144	1013	144	140	4
3765	0	0	0	0	19	957	19	19	0
3726	0	0	0	0	58	968	58	58	0
3767	0	0	0	0	17	953	17	17	0
3765	0	0	0	0	19	959	19	18	1
3725	0	0	0	0	59	994	59	57	2
3516	0	0	0	0	268	1067	268	260	8
3735	0	0	0	0	49	978	49	48	1
3775	0	0	0	0	9	955	9	9	0
3756	0	0	0	0	28	962	28	28	0
3771	0	0	0	0	13	951	13	13	0
3551	0	0	0	0	233	1067	233	228	5
3761	0	0	0	0	23	959	23	23	0
3776	0	0	0	0	8	949	8	8	0
3758	0	0	0	0	26	958	26	26	0
3779	0	0	0	0	5	949	5	5	0
3774	0	0	0	0	10	959	10	10	0
3555	0	0	0	0	229	1051	229	226	3
3700	0	0	0	0	84	986	84	82	2
3763	0	0	0	0	21	956	21	21	0
3543	0	0	0	0	241	1066	241	236	5
3775	0	0	0	0	9	952	9	8	1
3743	0	0	0	0	41	961	41	41	0
3594	0	0	0	0	190	1036	190	188	2
3753	0	0	0	0	31	957	31	30	1
3725	0	0	0	0	59	969	59	59	0
3771	0	0	0	0	13	950	13	13	0
3658	0	0	0	0	126	1007	126	123	3
3757	0	0	0	0	27	965	27	26	1
3723	0	0	0	0	61	969	61	61	0
3779	0	0	0	0	5	948	5	5	0
3770	0	0	0	0	14	953	14	14	0
3779	0	0	0	0	5	945	5	5	0
3712	0	0	0	0	72	984	72	70	2
3774	0	0	0	0	10	965	10	10	0
3672	0	0	0	0	112	993	112	110	2
3773	0	0	0	0	11	949	11	11	0
3754	0	0	0	0	30	962	30	29	1
3762	0	0	0	0	22	961	22	22	0
3762	0	0	0	0	22	960	22	21	1
3771	0	0	0	0	13	953	13	12	1
3587	0	0	0	0	197	1054	197	193	4
3777	0	0	0	0	7	954	7	6	1
3601	0	0	0	0	183	1042	183	180	3
3737	0	0	0	0	47	971	47	46	1
3741	0	0	0	0	43	974	43	42	1
3775	0	0	0	0	9	951	9	9	0
3771	0	0	0	0	13	951	13	13	0
3748	0	0	0	0	36	974	36	36	0
3609	0	0	0	0	175	1047	175	171	4
3771	0	0	0	0	13	959	13	11	2
3741	0	0	0	0	43	973	43	42	1
3698	0	0	0	0	86	987	86	85	1
3779	0	0	0	0	5	946	5	5	0
3779	0	0	0	0	5	948	5	5	0
3528	0	0	0	0	256	1068	256	248	8
3779	0	0	0	0	5	945	5	5	0
3651	0	0	0	0	133	1003	133	129	4
3775	0	0	0	0	9	953	9	8	1
3776	0	0	0	0	8	952	8	7	1
3777	0	0	0	0	7	951	7	7	0
3772	0	0	0	0	12	956	12	12	0
3756	0	0	0	0	28	963	28	28	0
3767	0	0	0	0	17	960	17	17	0
3778	0	0	0	0	6	950	6	6	0
3777	0	0	0	0	7	953	7	7	0
3779	0	0	0	0	5	950	5	5	0
3767	0	0	0	0	17	955	17	17	0
3728	0	0	0	0	56	976	56	56	0
3762	0	0	0	0	22	957	22	22	0
3592	0	0	0	0	192	1045	192	191	1
3733	0	0	0	0	51	979	51	50	1
3755	0	0	0	0	29	964	29	29	0
3709	0	0	0	0	75	981	75	73	2
3779	0	0	0	0	5	945	5	5	0
3776	0	0	0	0	8	949	8	8	0
3696	0	0	0	0	88	987	88	85	3
3727	0	0	0	0	57	981	57	54	3
3769	0	0	0	0	15	950	15	15	0
3777	0	0	0	0	7	949	7	7	0
3754	0	0	0	0	30	967	30	28	2
3525	0	0	0	0	259	1067	259	255	4
3778	0	0	0	0	6	949	6	6	0
3600	0	0	0	0	184	1047	184	179	5
3778	0	0	0	0	6	950	6	6	0
3768	0	0	0	0	16	953	16	16	0
3731	0	0	0	0	53	979	53	51	2
3770	0	0	0	0	14	955	14	14	0
3761	0	0	0	0	23	960	23	23	0
3713	0	0	0	0	71	978	71	67	4
3768	0	0	0	0	16	960	16	13	3
3773	0	0	0	0	11	948	11	11	0
3778	0	0	0	0	6	950	6	6	0
3775	0	0	0	0	9	948	9	7	2
3776	0	0	0	0	8	950	8	8	0
3779	0	0	0	0	5	948	5	5	0
3718	0	0	0	0	66	984	66	65	1
3598	0	0	0	0	186	1040	186	182	4
3779	0	0	0	0	5	949	5	5	0
3777	0	0	0	0	7	947	7	7	0
3758	0	0	0	0	26	959	26	26	0
3690	0	0	0	0	94	992	94	93	1
3770	0	0	0	0	14	962	14	14	0
3771	0	0	0	0	13	952	13	13	0
3779	0	0	0	0	5	949	5	5	0
3558	0	0	0	0	226	1061	226	223	3
3737	0	0	0	0	47	967	47	45	2
3771	0	0	0	0	13	950	13	13	0
3479	0	0	0	0	305	1093	305	300	5
3777	0	0	0	0	7	954	7	7	0
3543	0	0	0	0	241	1068	241	238	3
3731	0	0	0	0	53	975	53	50	3
3617	0	0	0	0	167	1020	167	163	4
3750	0	0	0	0	34	975	34	33	1
3536	0	0	0	0	248	1056	248	246	2
3568	0	0	0	0	216	1057	216	213	3
3779	0	0	0	0	5	948	5	5	0
3764	0	0	0	0	20	962	20	20	0
3771	0	0	0	0	13	957	13	12	1
3703	0	0	0	0	81	976	81	77	4
3704	0	0	0	0	80	991	80	78	2
3709	0	0	0	0	75	981	75	72	3
3592	0	0	0	0	192	1026	192	191	1
3778	0	0	0	0	6	945	6	6	0
3627	0	0	0	0	157	1037	157	155	2
3746	0	0	0	0	38	985	38	36	2
3662	0	0	0	0	122	1007	122	119	3
3735	0	0	0	0	49	972	49	48	1
3750	0	0	0	0	34	974	34	34	0
3767	0	0	0	0	17	959	17	16	1
3676	0	0	0	0	108	998	108	104	4
3767	0	0	0	0	17	960	17	17	0
3773	0	0	0	0	11	958	11	9	2
3779	0	0	0	0	5	947	5	5	0
3552	0	0	0	0	232	1034	232	227	5
3778	0	0	0	0	6	952	6	6	0
3756	0	0	0	0	28	968	28	28	0
3762	0	0	0	0	22	957	22	22	0
3715	0	0	0	0	69	985	69	67	2
3778	0	0	0	0	6	951	6	6	0
3779	0	0	0	0	5	945	5	5	0
3767	0	0	0	0	17	954	17	17	0
3775	0	0	0	0	9	945	9	8	1
3769	0	0	0	0	15	948	15	15	0
3685	0	0	0	0	99	991	99	97	2
3752	0	0	0	0	32	964	32	32	0
3707	0	0	0	0	77	988	77	75	2
3760	0	0	0	0	24	959	24	23	1
3776	0	0	0	0	8	955	8	8	0
3698	0	0	0	0	86	978	86	86	0
3751	0	0	0	0	33	969	33	32	1
3449	0	0	0	0	335	1113	335	326	9
3758	0	0	0	0	26	956	26	25	1
3765	0	0	0	0	19	954	19	19	0
3744	0	0	0	0	40	966	40	38	2
3687	0	0	0	0	97	997	97	95	2
3768	0	0	0	0	16	960	16	15	1
3775	0	0	0	0	9	951	9	9	0
3773	0	0	0	0	11	959	11	10	1
3773	0	0	0	0	11	955	11	11	0
3711	0	0	0	0	73	978	73	69	4
3761	0	0	0	0	23	969	23	23	0
3732	0	0	0	0	52	968	52	50	2
3732	0	0	0	0	52	977	52	51	1
3775	0	0	0	0	9	946	9	9	0
3760	0	0	0	0	24	952	24	23	1
3741	0	0	0	0	43	966	43	43	0
3754	0	0	0	0	30	970	30	30	0
3567	0	0	0	0	217	1062	217	213	4
3586	0	0	0	0	198	1030	198	194	4
3766	0	0	0	0	18	956	18	17	1
3753	0	0	0	0	31	960	31	30	1
3709	0	0	0	0	75	987	75	75	0
3756	0	0	0	0	28	956	28	27	1
3751	0	0	0	0	33	965	33	32	1
3562	0	0	0	0	222	1042	222	220	2
3707	0	0	0	0	77	983	77	72	5
3674	0	0	0	0	110	992	110	105	5
3698	0	0	0	0	86	1008	86	84	2
3595	0	0	0	0	189	1022	189	183	6
3738	0	0	0	0	46	974	46	45	1
3707	0	0	0	0	77	991	77	77	0
3779	0	0	0	0	5	946	5	5	0
3611	0	0	0	0	173	1038	173	167	6
3536	0	0	0	0	248	1078	248	242	6
3772	0	0	0	0	12	959	12	12	0
3686	0	0	0	0	98	989	98	95	3
3514	0	0	0	0	270	1056	270	264	6
3777	0	0	0	0	7	955	7	7	0
3590	0	0	0	0	194	1052	194	192	2
3777	0	0	0	0	7	952	7	7	0
3683	0	0	0	0	101	982	101	101	0
3749	0	0	0	0	35	958	35	33	2
3767	0	0	0	0	17	952	17	16	1
3725	0	0	0	0	59	975	59	57	2
3737	0	0	0	0	47	972	47	45	2
3730	0	0	0	0	54	982	54	54	0
3500	0	0	0	0	284	1086	284	277	7
3769	0	0	0	0	15	954	15	15	0
3778	0	0	0	0	6	947	6	6	0
3778	0	0	0	0	6	947	6	6	0
3769	0	0	0	0	15	951	15	15	0
3702	0	0	0	0	82	984	82	80	2
3720	0	0	0	0	64	983	64	62	2
3776	0	0	0	0	8	950	8	8	0
3768	0	0	0	0	16	956	16	16	0
3779	0	0	0	0	5	946	5	5	0
3761	0	0	0	0	23	952	23	23	0
3779	0	0	0	0	5	948	5	5	0
3761	0	0	0	0	23	960	23	22	1
3761	0	0	0	0	23	958	23	23	0
3610	0	0	0	0	174	1006	174	172	2
3779	0	0	0	0	5	946	5	5	0
3763	0	0	0	0	21	958	21	19	2
3766	0	0	0	0	18	951	18	18	0
3759	0	0	0	0	25	952	25	24	1
3738	0	0	0	0	46	966	46	44	2
3731	0	0	0	0	53	968	53	52	1
3764	0	0	0	0	20	963	20	19	1
3778	0	0	0	0	6	946	6	6	0
3763	0	0	0	0	21	953	21	20	1
3591	0	0	0	0	193	1045	193	191	2
3770	0	0	0	0	14	956	14	14	0
3612	0	0	0	0	172	1041	172	166	6
3770	0	0	0	0	14	949	14	14	0
3688	0	0	0	0	96	1000	96	93	3
3761	0	0	0	0	23	956	23	23	0
3707	0	0	0	0	77	980	77	75	2
3686	0	0	0	0	98	992	98	97	1
3616	0	0	0	0	168	1018	168	167	1
3761	0	0	0	0	23	957	23	22	1
3735	0	0	0	0	49	971	49	48	1
3773	0	0	0	0	11	955	11	11	0
3774	0	0	0	0	10	951	10	10	0
3771	0	0	0	0	13	945	13	13	0
3764	0	0	0	0	20	958	20	20	0
3755	0	0	0	0	29	969	29	28	1
3724	0	0	0	0	60	977	60	60	0
3778	0	0	0	0	6	949	6	6	0
3766	0	0	0	0	18	956	18	18	0
3778	0	0	0	0	6	952	6	6	0
3746	0	0	0	0	38	954	38	37	1
3741	0	0	0	0	43	972	43	43	0
3779	0	0	0	0	5	944	5	5	0
3775	0	0	0	0	9	949	9	9	0
3738	0	0	0	0	46	971	46	46	0
3651	0	0	0	0	133	1019	133	131	2
3745	0	0	0	0	39	980	39	39	0
3771	0	0	0	0	13	956	13	12	1
3778	0	0	0	0	6	948	6	6	0
3772	0	0	0	0	12	956	12	11	1
3774	0	0	0	0	10	949	10	9	1
3746	0	0	0	0	38	980	38	35	3
3773	0	0	0	0	11	947	11	11	0
3773	0	0	0	0	11	949	11	11	0
3772	0	0	0	0	12	953	12	12	0
3779	0	0	0	0	5	949	5	5	0
3755	0	0	0	0	29	974	29	29	0
3748	0	0	0	0	36	963	36	36	0
3731	0	0	0	0	53	971	53	52	1
3739	0	0	0	0	45	987	45	45	0
3778	0	0	0	0	6	951	6	5	1
3778	0	0	0	0	6	958	6	6	0
3779	0	0	0	0	5	947	5	5	0
3758	0	0	0	0	26	961	26	26	0
3507	0	0	0	0	277	1071	277	274	3
3763	0	0	0	0	21	966	21	21	0
3763	0	0	0	0	21	960	21	21	0
3777	0	0	0	0	7	950	7	7	0
3716	0	0	0	0	68	995	68	67	1
3720	0	0	0	0	64	980	64	62	2
3776	0	0	0	0	8	949	8	7	1
3777	0	0	0	0	7	947	7	5	2
3774	0	0	0	0	10	956	10	9	1
3778	0	0	0	0	6	945	6	6	0
3502	0	0	0	0	282	1070	282	273	9
3763	0	0	0	0	21	956	21	21	0
3776	0	0	0	0	8	950	8	8	0
3775	0	0	0	0	9	953	9	9	0
3679	0	0	0	0	105	1004	105	100	5
3772	0	0	0	0	12	953	12	11	1
3754	0	0	0	0	30	961	30	30	0
3696	0	0	0	0	88	994	88	82	6
3563	0	0	0	0	221	1061	221	217	4
3779	0	0	0	0	5	947	5	5	0
3763	0	0	0	0	21	949	21	21	0
3778	0	0	0	0	6	947	6	6	0
3764	0	0	0	0	20	954	20	20	0
3777	0	0	0	0	7	952	7	7	0
3765	0	0	0	0	19	951	19	19	0
3610	0	0	0	0	174	1027	174	170	4
3772	0	0	0	0	12	957	12	12	0
3775	0	0	0	0	9	946	9	9	0
3746	0	0	0	0	38	964	38	37	1
3773	0	0	0	0	11	962	11	9	2
3730	0	0	0	0	54	982	54	52	2
3757	0	0	0	0	27	955	27	26	1
3762	0	0	0	0	22	956	22	21	1
3761	0	0	0	0	23	956	23	23	0
3779	0	0	0	0	5	946	5	5	0
3587	0	0	0	0	197	1040	197	194	3
3775	0	0	0	0	9	950	9	9	0
3641	0	0	0	0	143	998	143	141	2
3642	0	0	0	0	142	1026	142	140	2
3768	0	0	0	0	16	957	16	15	1
3778	0	0	0	0	6	953	6	6	0
3753	0	0	0	0	31	970	31	31	0
3738	0	0	0	0	46	969	46	45	1
3734	0	0	0	0	50	980	50	49	1
3773	0	0	0	0	11	948	11	10	1
3689	0	0	0	0	95	990	95	93	2
3765	0	0	0	0	19	956	19	19	0
3777	0	0	0	0	7	947	7	7	0
3774	0	0	0	0	10	948	10	10	0
3626	0	0	0	0	158	1035	158	155	3
3729	0	0	0	0	55	961	55	55	0
3777	0	0	0	0	7	949	7	7	0
3748	0	0	0	0	36	958	36	36	0
3700	0	0	0	0	84	989	84	84	0
3778	0	0	0	0	6	945	6	6	0
3617	0	0	0	0	167	1016	167	165	2
3668	0	0	0	0	116	994	116	114	2
3766	0	0	0	0	18	957	18	17	1
3675	0	0	0	0	109	1017	109	108	1
3770	0	0	0	0	14	950	14	14	0
3768	0	0	0	0	16	958	16	15	1
3779	0	0	0	0	5	948	5	5	0
3758	0	0	0	0	26	962	26	26	0
3779	0	0	0	0	5	948	5	5	0
3749	0	0	0	0	35	960	35	35	0
3726	0	0	0	0	58	984	58	57	1
3776	0	0	0	0	8	950	8	8	0
3708	0	0	0	0	76	998	76	73	3
3767	0	0	0	0	17	953	17	17	0
3776	0	0	0	0	8	950	8	8	0
3702	0	0	0	0	82	990	82	81	1
3768	0	0	0	0	16	954	16	16	0
3599	0	0	0	0	185	1066	185	179	6
3767	0	0	0	0	17	951	17	17	0
3747	0	0	0	0	37	966	37	35	2
3741	0	0	0	0	43	976	43	43	0
3769	0	0	0	0	15	953	15	15	0
3765	0	0	0	0	19	951	19	19	0
3761	0	0	0	0	23	958	23	22	1
3554	0	0	0	0	230	1050	230	223	7
3766	0	0	0	0	18	953	18	18	0
3773	0	0	0	0	11	948	11	11	0
3595	0	0	0	0	189	1032	189	184	5
3778	0	0	0	0	6	955	6	6	0
3779	0	0	0	0	5	947	5	5	0
3695	0	0	0	0	89	994	89	88	1
3776	0	0	0	0	8	950	8	7	1
3747	0	0	0	0	37	968	37	34	3
3762	0	0	0	0	22	955	22	20	2
3578	0	0	0	0	206	1043	206	201	5
3717	0	0	0	0	67	969	67	66	1
3778	0	0	0	0	6	951	6	6	0
3756	0	0	0	0	28	969	28	23	5
3600	0	0	0	0	184	1043	184	179	5
3779	0	0	0	0	5	945	5	5	0
3770	0	0	0	0	14	953	14	13	1
3774	0	0	0	0	10	951	10	9	1
3776	0	0	0	0	8	948	8	8	0
3777	0	0	0	0	7	950	7	7	0
3761	0	0	0	0	23	961	23	21	2
3763	0	0	0	0	21	955	21	21	0
3773	0	0	0	0	11	956	11	11	0
3747	0	0	0	0	37	963	37	36	1
3773	0	0	0	0	11	952	11	11	0
3741	0	0	0	0	43	974	43	42	1
3762	0	0	0	0	22	957	22	21	1
3775	0	0	0	0	9	947	9	9	0
3776	0	0	0	0	8	950	8	8	0
3778	0	0	0	0	6	953	6	6	0
3646	0	0	0	0	138	1005	138	133	5
3778	0	0	0	0	6	948	6	6	0
3770	0	0	0	0	14	955	14	14	0
3651	0	0	0	0	133	1020	133	129	4
3763	0	0	0	0	21	957	21	20	1
3722	0	0	0	0	62	983	62	62	0
3757	0	0	0	0	27	967	27	27	0
3778	0	0	0	0	6	948	6	6	0
3768	0	0	0	0	16	956	16	16	0
3777	0	0	0	0	7	947	7	7	0
3779	0	0	0	0	5	949	5	5	0
3509	0	0	0	0	275	1060	275	270	5
3708	0	0	0	0	76	985	76	71	5
3716	0	0	0	0	68	987	68	67	1
3761	0	0	0	0	23	963	23	22	1
3771	0	0	0	0	13	951	13	12	1
3724	0	0	0	0	60	976	60	57	3
3775	0	0	0	0	9	953	9	8	1
3715	0	0	0	0	69	1002	69	68	1
3634	0	0	0	0	150	1015	150	144	6
3651	0	0	0	0	133	1020	133	128	5
3766	0	0	0	0	18	955	18	18	0
3769	0	0	0	0	15	955	15	15	0
3771	0	0	0	0	13	948	13	13	0
3776	0	0	0	0	8	952	8	8	0
3779	0	0	0	0	5	944	5	5	0
3775	0	0	0	0	9	949	9	9	0
3764	0	0	0	0	20	953	20	19	1
3765	0	0	0	0	19	951	19	19	0
3711	0	0	0	0	73	979	73	71	2
3538	0	0	0	0	246	1050	246	237	9
3777	0	0	0	0	7	946	7	7	0
3725	0	0	0	0	59	987	59	57	2
3763	0	0	0	0	21	959	21	19	2
3779	0	0	0	0	5	943	5	5	0
3706	0	0	0	0	78	981	78	78	0
3694	0	0	0	0	90	1002	90	90	0
3769	0	0	0	0	15	951	15	14	1
3753	0	0	0	0	31	960	31	27	4
3777	0	0	0	0	7	953	7	7	0
3733	0	0	0	0	51	980	51	48	3
3611	0	0	0	0	173	1027	173	172	1
3764	0	0	0	0	20	954	20	18	2
3759	0	0	0	0	25	957	25	25	0
3758	0	0	0	0	26	967	26	24	2
3769	0	0	0	0	15	950	15	14	1
3778	0	0	0	0	6	946	6	6	0
3777	0	0	0	0	7	955	7	6	1
3778	0	0	0	0	6	950	6	6	0
3779	0	0	0	0	5	948	5	5	0
3779	0	0	0	0	5	946	5	5	0
3686	0	0	0	0	98	994	98	95	3
