3775	0	0	0	0	9	1743	9	6	3
3773	0	0	0	0	11	1755	11	11	0
3778	0	0	0	0	6	1738	6	6	0
3776	0	0	0	0	8	1739	8	7	1
3778	0	0	0	0	6	1733	6	6	0
3779	0	0	0	0	5	1733	5	5	0
3777	0	0	0	0	7	1750	7	5	2
3773	0	0	0	0	11	1757	11	10	1
3776	0	0	0	0	8	1752	8	8	0
3774	0	0	0	0	10	1742	10	9	1
3776	0	0	0	0	8	1748	8	7	1
3777	0	0	0	0	7	1747	7	7	0
3778	0	0	0	0	6	1739	6	6	0
3779	0	0	0	0	5	1708	5	5	0
3779	0	0	0	0	5	1710	5	5	0
3771	0	0	0	0	13	1735	13	11	2
3779	0	0	0	0	5	1714	5	5	0
3774	0	0	0	0	10	1760	10	9	1
3779	0	0	0	0	5	1721	5	5	0
3775	0	0	0	0	9	1737	9	9	0
3778	0	0	0	0	6	1723	6	5	1
3777	0	0	0	0	7	1752	7	7	0
3779	0	0	0	0	5	1732	5	5	0
3777	0	0	0	0	7	1740	7	7	0
3771	0	0	0	0	13	1754	13	13	0
3777	0	0	0	0	7	1759	7	6	1
3778	0	0	0	0	6	1746	6	5	1
3779	0	0	0	0	5	1745	5	5	0
3771	0	0	0	0	13	1784	13	10	3
3778	0	0	0	0	6	1761	6	6	0
3777	0	0	0	0	7	1757	7	6	1
3774	0	0	0	0	10	1759	10	8	2
3779	0	0	0	0	5	1724	5	5	0
3778	0	0	0	0	6	1749	6	6	0
3774	0	0	0	0	10	1757	10	8	2
3778	0	0	0	0	6	1715	6	6	0
3779	0	0	0	0	5	1719	5	5	0
3776	0	0	0	0	8	1752	8	8	0
3779	0	0	0	0	5	1703	5	5	0
3778	0	0	0	0	6	1737	6	6	0
3774	0	0	0	0	10	1747	10	9	1
3778	0	0	0	0	6	1716	6	6	0
3767	0	0	0	0	17	1762	17	16	1
3775	0	0	0	0	9	1743	9	9	0
3776	0	0	0	0	8	1730	8	6	2
3779	0	0	0	0	5	1719	5	5	0
3774	0	0	0	0	10	1757	10	8	2
3777	0	0	0	0	7	1755	7	5	2
3777	0	0	0	0	7	1760	7	6	1
3776	0	0	0	0	8	1727	8	8	0
3774	0	0	0	0	10	1756	10	8	2
3779	0	0	0	0	5	1713	5	5	0
3778	0	0	0	0	6	1731	6	6	0
3778	0	0	0	0	6	1741	6	5	1
3775	0	0	0	0	9	1744	9	7	2
3779	0	0	0	0	5	1709	5	5	0
3777	0	0	0	0	7	1751	7	7	0
3778	0	0	0	0	6	1731	6	6	0
3772	0	0	0	0	12	1775	12	12	0
3774	0	0	0	0	10	1738	10	10	0
3778	0	0	0	0	6	1724	6	6	0
3777	0	0	0	0	7	1731	7	5	2
3776	0	0	0	0	8	1757	8	8	0
3779	0	0	0	0	5	1737	5	5	0
3776	0	0	0	0	8	1746	8	7	1
3779	0	0	0	0	5	1723	5	5	0
3778	0	0	0	0	6	1722	6	6	0
3775	0	0	0	0	9	1755	9	9	0
3778	0	0	0	0	6	1732	6	6	0
3775	0	0	0	0	9	1755	9	7	2
3779	0	0	0	0	5	1719	5	5	0
3779	0	0	0	0	5	1756	5	5	0
3774	0	0	0	0	10	1748	10	8	2
3778	0	0	0	0	6	1749	6	6	0
3767	0	0	0	0	17	1788	17	14	3
3778	0	0	0	0	6	1739	6	6	0
3772	0	0	0	0	12	1742	12	12	0
3779	0	0	0	0	5	1728	5	5	0
3775	0	0	0	0	9	1740	9	8	1
3771	0	0	0	0	13	1799	13	10	3
3778	0	0	0	0	6	1729	6	6	0
3769	0	0	0	0	15	1751	15	13	2
3777	0	0	0	0	7	1735	7	6	1
3775	0	0	0	0	9	1751	9	8	1
3775	0	0	0	0	9	1737	9	7	2
3777	0	0	0	0	7	1764	7	7	0
3778	0	0	0	0	6	1720	6	6	0
3779	0	0	0	0	5	1726	5	5	0
3779	0	0	0	0	5	1733	5	5	0
3777	0	0	0	0	7	1737	7	5	2
3779	0	0	0	0	5	1742	5	5	0
3763	0	0	0	0	21	1820	21	19	2
3773	0	0	0	0	11	1759	11	11	0
3775	0	0	0	0	9	1753	9	7	2
3777	0	0	0	0	7	1752	7	5	2
3778	0	0	0	0	6	1740	6	5	1
3776	0	0	0	0	8	1718	8	8	0
3777	0	0	0	0	7	1791	7	5	2
3776	0	0	0	0	8	1742	8	7	1
3776	0	0	0	0	8	1746	8	8	0
3775	0	0	0	0	9	1753	9	8	1
3774	0	0	0	0	10	1775	10	10	0
3776	0	0	0	0	8	1738	8	7	1
3777	0	0	0	0	7	1742	7	6	1
3779	0	0	0	0	5	1718	5	5	0
3777	0	0	0	0	7	1717	7	7	0
3779	0	0	0	0	5	1715	5	5	0
3768	0	0	0	0	16	1762	16	13	3
3778	0	0	0	0	6	1761	6	6	0
3772	0	0	0	0	12	1771	12	9	3
3778	0	0	0	0	6	1719	6	6	0
3774	0	0	0	0	10	1754	10	9	1
3772	0	0	0	0	12	1745	12	12	0
3775	0	0	0	0	9	1746	9	7	2
3773	0	0	0	0	11	1719	11	10	1
3779	0	0	0	0	5	1724	5	5	0
3779	0	0	0	0	5	1721	5	5	0
3778	0	0	0	0	6	1750	6	5	1
3775	0	0	0	0	9	1762	9	8	1
3776	0	0	0	0	8	1733	8	6	2
3779	0	0	0	0	5	1721	5	5	0
3775	0	0	0	0	9	1727	9	8	1
3776	0	0	0	0	8	1760	8	8	0
3776	0	0	0	0	8	1773	8	7	1
3777	0	0	0	0	7	1734	7	5	2
3779	0	0	0	0	5	1733	5	5	0
3768	0	0	0	0	16	1783	16	14	2
3778	0	0	0	0	6	1722	6	5	1
3779	0	0	0	0	5	1712	5	5	0
3775	0	0	0	0	9	1750	9	8	1
3779	0	0	0	0	5	1729	5	5	0
3778	0	0	0	0	6	1722	6	6	0
3774	0	0	0	0	10	1731	10	7	3
3778	0	0	0	0	6	1739	6	5	1
3777	0	0	0	0	7	1750	7	7	0
3778	0	0	0	0	6	1745	6	6	0
3779	0	0	0	0	5	1718	5	5	0
3775	0	0	0	0	9	1764	9	8	1
3777	0	0	0	0	7	1754	7	5	2
3778	0	0	0	0	6	1741	6	6	0
3778	0	0	0	0	6	1715	6	5	1
3774	0	0	0	0	10	1724	10	9	1
3779	0	0	0	0	5	1729	5	5	0
3779	0	0	0	0	5	1721	5	5	0
3776	0	0	0	0	8	1760	8	6	2
3770	0	0	0	0	14	1757	14	12	2
3779	0	0	0	0	5	1746	5	5	0
3774	0	0	0	0	10	1743	10	9	1
3779	0	0	0	0	5	1708	5	5	0
3778	0	0	0	0	6	1720	6	6	0
3766	0	0	0	0	18	1807	18	16	2
3778	0	0	0	0	6	1737	6	6	0
3774	0	0	0	0	10	1730	10	10	0
3778	0	0	0	0	6	1733	6	6	0
3776	0	0	0	0	8	1751	8	6	2
3777	0	0	0	0	7	1745	7	6	1
3779	0	0	0	0	5	1727	5	5	0
3776	0	0	0	0	8	1788	8	6	2
3774	0	0	0	0	10	1739	10	9	1
3775	0	0	0	0	9	1721	9	9	0
3779	0	0	0	0	5	1739	5	5	0
3775	0	0	0	0	9	1743	9	7	2
3778	0	0	0	0	6	1753	6	6	0
3774	0	0	0	0	10	1764	10	8	2
3773	0	0	0	0	11	1786	11	9	2
3776	0	0	0	0	8	1741	8	7	1
3779	0	0	0	0	5	1739	5	5	0
3775	0	0	0	0	9	1721	9	7	2
3778	0	0	0	0	6	1744	6	6	0
3779	0	0	0	0	5	1721	5	5	0
3779	0	0	0	0	5	1720	5	5	0
3776	0	0	0	0	8	1743	8	8	0
3779	0	0	0	0	5	1728	5	5	0
3779	0	0	0	0	5	1715	5	5	0
3772	0	0	0	0	12	1757	12	12	0
3771	0	0	0	0	13	1804	13	12	1
3779	0	0	0	0	5	1739	5	5	0
3778	0	0	0	0	6	1756	6	5	1
3779	0	0	0	0	5	1719	5	5	0
3777	0	0	0	0	7	1736	7	7	0
3779	0	0	0	0	5	1730	5	5	0
3776	0	0	0	0	8	1731	8	8	0
3771	0	0	0	0	13	1780	13	12	1
3778	0	0	0	0	6	1758	6	6	0
3777	0	0	0	0	7	1758	7	7	0
3774	0	0	0	0	10	1763	10	8	2
3779	0	0	0	0	5	1739	5	5	0
3773	0	0	0	0	11	1791	11	10	1
3773	0	0	0	0	11	1761	11	11	0
3777	0	0	0	0	7	1748	7	6	1
3779	0	0	0	0	5	1738	5	5	0
3779	0	0	0	0	5	1730	5	5	0
3775	0	0	0	0	9	1741	9	8	1
3778	0	0	0	0	6	1739	6	6	0
3776	0	0	0	0	8	1750	8	7	1
3773	0	0	0	0	11	1769	11	9	2
3775	0	0	0	0	9	1792	9	9	0
3779	0	0	0	0	5	1722	5	5	0
3767	0	0	0	0	17	1801	17	17	0
3776	0	0	0	0	8	1765	8	7	1
3766	0	0	0	0	18	1777	18	17	1
3779	0	0	0	0	5	1722	5	5	0
3775	0	0	0	0	9	1757	9	9	0
3777	0	0	0	0	7	1737	7	6	1
3776	0	0	0	0	8	1741	8	8	0
3773	0	0	0	0	11	1744	11	11	0
3772	0	0	0	0	12	1779	12	9	3
3779	0	0	0	0	5	1730	5	5	0
3778	0	0	0	0	6	1740	6	6	0
3778	0	0	0	0	6	1736	6	6	0
3772	0	0	0	0	12	1749	12	12	0
3766	0	0	0	0	18	1783	18	17	1
3776	0	0	0	0	8	1735	8	7	1
3779	0	0	0	0	5	1729	5	5	0
3779	0	0	0	0	5	1720	5	5	0
3778	0	0	0	0	6	1743	6	6	0
3775	0	0	0	0	9	1728	9	7	2
3778	0	0	0	0	6	1728	6	6	0
3772	0	0	0	0	12	1737	12	11	1
3777	0	0	0	0	7	1747	7	7	0
3778	0	0	0	0	6	1728	6	5	1
3776	0	0	0	0	8	1750	8	7	1
3776	0	0	0	0	8	1762	8	7	1
3775	0	0	0	0	9	1755	9	9	0
3777	0	0	0	0	7	1735	7	6	1
3779	0	0	0	0	5	1720	5	5	0
3773	0	0	0	0	11	1749	11	8	3
3778	0	0	0	0	6	1733	6	6	0
3776	0	0	0	0	8	1752	8	6	2
3775	0	0	0	0	9	1762	9	8	1
3777	0	0	0	0	7	1745	7	6	1
3775	0	0	0	0	9	1752	9	8	1
3779	0	0	0	0	5	1730	5	5	0
3775	0	0	0	0	9	1737	9	7	2
3774	0	0	0	0	10	1767	10	9	1
3776	0	0	0	0	8	1738	8	8	0
3777	0	0	0	0	7	1740	7	7	0
3775	0	0	0	0	9	1763	9	9	0
3779	0	0	0	0	5	1723	5	5	0
3777	0	0	0	0	7	1725	7	7	0
3777	0	0	0	0	7	1745	7	7	0
3775	0	0	0	0	9	1747	9	8	1
3772	0	0	0	0	12	1774	12	9	3
3768	0	0	0	0	16	1784	16	14	2
3775	0	0	0	0	9	1742	9	9	0
3771	0	0	0	0	13	1751	13	12	1
3776	0	0	0	0	8	1779	8	7	1
3775	0	0	0	0	9	1761	9	8	1
3778	0	0	0	0	6	1723	6	6	0
3775	0	0	0	0	9	1740	9	8	1
3777	0	0	0	0	7	1750	7	7	0
3772	0	0	0	0	12	1774	12	10	2
3773	0	0	0	0	11	1771	11	9	2
3763	0	0	0	0	21	1795	21	17	4
3776	0	0	0	0	8	1751	8	8	0
3776	0	0	0	0	8	1743	8	8	0
3779	0	0	0	0	5	1712	5	5	0
3778	0	0	0	0	6	1754	6	6	0
3762	0	0	0	0	22	1852	22	21	1
3778	0	0	0	0	6	1727	6	5	1
3776	0	0	0	0	8	1746	8	7	1
3775	0	0	0	0	9	1754	9	7	2
3779	0	0	0	0	5	1735	5	5	0
3774	0	0	0	0	10	1802	10	9	1
3778	0	0	0	0	6	1735	6	6	0
3771	0	0	0	0	13	1752	13	12	1
3772	0	0	0	0	12	1733	12	11	1
3775	0	0	0	0	9	1724	9	8	1
3772	0	0	0	0	12	1762	12	10	2
3777	0	0	0	0	7	1731	7	7	0
3776	0	0	0	0	8	1739	8	7	1
3776	0	0	0	0	8	1775	8	6	2
3776	0	0	0	0	8	1735	8	8	0
3778	0	0	0	0	6	1722	6	6	0
3778	0	0	0	0	6	1753	6	6	0
3776	0	0	0	0	8	1743	8	6	2
3777	0	0	0	0	7	1747	7	5	2
3776	0	0	0	0	8	1741	8	6	2
3778	0	0	0	0	6	1729	6	6	0
3774	0	0	0	0	10	1735	10	9	1
3779	0	0	0	0	5	1719	5	5	0
3772	0	0	0	0	12	1732	12	10	2
3779	0	0	0	0	5	1723	5	5	0
3775	0	0	0	0	9	1737	9	9	0
3778	0	0	0	0	6	1734	6	6	0
3771	0	0	0	0	13	1763	13	12	1
3779	0	0	0	0	5	1712	5	5	0
3776	0	0	0	0	8	1736	8	6	2
3775	0	0	0	0	9	1737	9	9	0
3773	0	0	0	0	11	1734	11	9	2
3778	0	0	0	0	6	1719	6	6	0
3779	0	0	0	0	5	1716	5	5	0
3779	0	0	0	0	5	1739	5	5	0
3779	0	0	0	0	5	1728	5	5	0
3774	0	0	0	0	10	1725	10	8	2
3777	0	0	0	0	7	1749	7	6	1
3776	0	0	0	0	8	1722	8	8	0
3776	0	0	0	0	8	1769	8	7	1
3778	0	0	0	0	6	1714	6	6	0
3775	0	0	0	0	9	1756	9	7	2
3772	0	0	0	0	12	1800	12	11	1
3779	0	0	0	0	5	1741	5	5	0
3775	0	0	0	0	9	1727	9	9	0
3777	0	0	0	0	7	1756	7	7	0
3778	0	0	0	0	6	1759	6	5	1
3774	0	0	0	0	10	1766	10	8	2
3776	0	0	0	0	8	1750	8	6	2
3776	0	0	0	0	8	1742	8	7	1
3776	0	0	0	0	8	1739	8	8	0
3774	0	0	0	0	10	1784	10	10	0
3777	0	0	0	0	7	1754	7	6	1
3775	0	0	0	0	9	1772	9	9	0
3778	0	0	0	0	6	1729	6	6	0
3779	0	0	0	0	5	1750	5	5	0
3779	0	0	0	0	5	1732	5	5	0
3777	0	0	0	0	7	1742	7	7	0
3774	0	0	0	0	10	1741	10	9	1
3779	0	0	0	0	5	1712	5	5	0
3778	0	0	0	0	6	1726	6	5	1
3779	0	0	0	0	5	1735	5	5	0
3762	0	0	0	0	22	1836	22	21	1
3775	0	0	0	0	9	1752	9	9	0
3778	0	0	0	0	6	1732	6	6	0
3778	0	0	0	0	6	1734	6	5	1
3778	0	0	0	0	6	1727	6	5	1
3775	0	0	0	0	9	1743	9	7	2
3774	0	0	0	0	10	1759	10	8	2
3779	0	0	0	0	5	1722	5	5	0
3779	0	0	0	0	5	1713	5	5	0
3772	0	0	0	0	12	1746	12	10	2
3779	0	0	0	0	5	1718	5	5	0
3778	0	0	0	0	6	1749	6	6	0
3773	0	0	0	0	11	1766	11	11	0
3775	0	0	0	0	9	1747	9	8	1
3776	0	0	0	0	8	1745	8	8	0
3778	0	0	0	0	6	1733	6	5	1
3779	0	0	0	0	5	1742	5	5	0
3779	0	0	0	0	5	1710	5	5	0
3775	0	0	0	0	9	1762	9	8	1
3762	0	0	0	0	22	1855	22	19	3
3774	0	0	0	0	10	1769	10	8	2
3778	0	0	0	0	6	1754	6	6	0
3779	0	0	0	0	5	1739	5	5	0
3778	0	0	0	0	6	1735	6	6	0
3773	0	0	0	0	11	1761	11	10	1
3777	0	0	0	0	7	1726	7	6	1
3777	0	0	0	0	7	1722	7	5	2
3777	0	0	0	0	7	1734	7	6	1
3779	0	0	0	0	5	1722	5	5	0
3777	0	0	0	0	7	1741	7	7	0
3777	0	0	0	0	7	1736	7	7	0
3777	0	0	0	0	7	1727	7	7	0
3776	0	0	0	0	8	1736	8	6	2
3778	0	0	0	0	6	1737	6	6	0
3776	0	0	0	0	8	1739	8	7	1
3773	0	0	0	0	11	1746	11	9	2
3774	0	0	0	0	10	1772	10	9	1
3776	0	0	0	0	8	1769	8	7	1
3779	0	0	0	0	5	1725	5	5	0
3776	0	0	0	0	8	1721	8	7	1
3779	0	0	0	0	5	1717	5	5	0
3776	0	0	0	0	8	1750	8	8	0
3779	0	0	0	0	5	1722	5	5	0
3772	0	0	0	0	12	1739	12	12	0
3758	0	0	0	0	26	1852	26	21	5
3776	0	0	0	0	8	1727	8	7	1
3777	0	0	0	0	7	1721	7	5	2
3772	0	0	0	0	12	1761	12	10	2
3778	0	0	0	0	6	1745	6	5	1
3777	0	0	0	0	7	1743	7	6	1
3776	0	0	0	0	8	1736	8	7	1
3772	0	0	0	0	12	1742	12	11	1
3773	0	0	0	0	11	1729	11	11	0
3779	0	0	0	0	5	1726	5	5	0
3778	0	0	0	0	6	1740	6	6	0
3776	0	0	0	0	8	1749	8	7	1
3773	0	0	0	0	11	1759	11	10	1
3779	0	0	0	0	5	1741	5	5	0
3774	0	0	0	0	10	1729	10	8	2
3779	0	0	0	0	5	1736	5	5	0
3775	0	0	0	0	9	1752	9	8	1
3779	0	0	0	0	5	1738	5	5	0
3775	0	0	0	0	9	1777	9	8	1
3775	0	0	0	0	9	1743	9	7	2
3775	0	0	0	0	9	1751	9	8	1
3777	0	0	0	0	7	1726	7	7	0
3779	0	0	0	0	5	1710	5	5	0
3776	0	0	0	0	8	1737	8	8	0
3775	0	0	0	0	9	1751	9	9	0
3779	0	0	0	0	5	1724	5	5	0
3774	0	0	0	0	10	1741	10	8	2
3777	0	0	0	0	7	1732	7	7	0
3777	0	0	0	0	7	1747	7	7	0
3778	0	0	0	0	6	1712	6	6	0
3771	0	0	0	0	13	1779	13	12	1
3774	0	0	0	0	10	1751	10	9	1
3774	0	0	0	0	10	1761	10	7	3
3777	0	0	0	0	7	1769	7	7	0
3779	0	0	0	0	5	1729	5	5	0
3776	0	0	0	0	8	1742	8	7	1
3779	0	0	0	0	5	1731	5	5	0
3773	0	0	0	0	11	1748	11	10	1
3779	0	0	0	0	5	1724	5	5	0
3774	0	0	0	0	10	1753	10	7	3
3775	0	0	0	0	9	1757	9	8	1
3777	0	0	0	0	7	1731	7	7	0
3776	0	0	0	0	8	1741	8	8	0
3772	0	0	0	0	12	1748	12	11	1
3777	0	0	0	0	7	1720	7	7	0
3771	0	0	0	0	13	1764	13	13	0
3775	0	0	0	0	9	1728	9	9	0
3775	0	0	0	0	9	1767	9	8	1
3777	0	0	0	0	7	1747	7	6	1
3775	0	0	0	0	9	1764	9	9	0
3777	0	0	0	0	7	1763	7	7	0
3776	0	0	0	0	8	1735	8	7	1
3778	0	0	0	0	6	1718	6	6	0
3776	0	0	0	0	8	1748	8	8	0
3773	0	0	0	0	11	1777	11	8	3
3778	0	0	0	0	6	1746	6	6	0
3778	0	0	0	0	6	1714	6	6	0
3779	0	0	0	0	5	1751	5	5	0
3778	0	0	0	0	6	1753	6	6	0
3778	0	0	0	0	6	1708	6	5	1
3777	0	0	0	0	7	1754	7	7	0
3777	0	0	0	0	7	1742	7	6	1
3775	0	0	0	0	9	1727	9	7	2
3773	0	0	0	0	11	1733	11	8	3
3775	0	0	0	0	9	1751	9	8	1
3779	0	0	0	0	5	1709	5	5	0
3778	0	0	0	0	6	1742	6	6	0
3777	0	0	0	0	7	1732	7	6	1
3771	0	0	0	0	13	1793	13	12	1
3779	0	0	0	0	5	1709	5	5	0
3777	0	0	0	0	7	1725	7	6	1
3777	0	0	0	0	7	1730	7	5	2
3777	0	0	0	0	7	1718	7	7	0
3776	0	0	0	0	8	1731	8	7	1
3774	0	0	0	0	10	1733	10	8	2
3772	0	0	0	0	12	1729	12	11	1
3776	0	0	0	0	8	1748	8	8	0
3776	0	0	0	0	8	1763	8	6	2
3777	0	0	0	0	7	1741	7	7	0
3779	0	0	0	0	5	1732	5	5	0
3777	0	0	0	0	7	1731	7	6	1
3778	0	0	0	0	6	1733	6	6	0
3776	0	0	0	0	8	1745	8	7	1
3779	0	0	0	0	5	1734	5	5	0
3772	0	0	0	0	12	1793	12	10	2
3778	0	0	0	0	6	1741	6	5	1
3775	0	0	0	0	9	1760	9	9	0
3778	0	0	0	0	6	1734	6	6	0
3776	0	0	0	0	8	1748	8	7	1
3778	0	0	0	0	6	1731	6	6	0
3779	0	0	0	0	5	1725	5	5	0
3779	0	0	0	0	5	1715	5	5	0
3775	0	0	0	0	9	1739	9	9	0
3778	0	0	0	0	6	1722	6	6	0
3779	0	0	0	0	5	1735	5	5	0
3772	0	0	0	0	12	1786	12	10	2
3773	0	0	0	0	11	1778	11	9	2
3777	0	0	0	0	7	1746	7	7	0
3775	0	0	0	0	9	1752	9	8	1
3774	0	0	0	0	10	1725	10	8	2
3771	0	0	0	0	13	1770	13	9	4
3778	0	0	0	0	6	1729	6	5	1
3770	0	0	0	0	14	1779	14	13	1
3776	0	0	0	0	8	1759	8	6	2
3773	0	0	0	0	11	1764	11	10	1
3778	0	0	0	0	6	1730	6	6	0
3775	0	0	0	0	9	1740	9	8	1
3777	0	0	0	0	7	1732	7	7	0
3778	0	0	0	0	6	1732	6	6	0
3779	0	0	0	0	5	1713	5	5	0
3779	0	0	0	0	5	1733	5	5	0
3773	0	0	0	0	11	1750	11	10	1
3777	0	0	0	0	7	1729	7	7	0
3775	0	0	0	0	9	1750	9	8	1
3773	0	0	0	0	11	1759	11	6	5
3777	0	0	0	0	7	1739	7	6	1
3773	0	0	0	0	11	1764	11	11	0
3773	0	0	0	0	11	1752	11	8	3
3779	0	0	0	0	5	1711	5	5	0
3778	0	0	0	0	6	1731	6	6	0
3775	0	0	0	0	9	1759	9	7	2
3776	0	0	0	0	8	1722	8	6	2
3773	0	0	0	0	11	1734	11	9	2
3779	0	0	0	0	5	1727	5	5	0
3776	0	0	0	0	8	1719	8	6	2
3776	0	0	0	0	8	1745	8	7	1
3773	0	0	0	0	11	1718	11	8	3
3776	0	0	0	0	8	1737	8	7	1
3771	0	0	0	0	13	1776	13	11	2
3777	0	0	0	0	7	1714	7	6	1
3779	0	0	0	0	5	1707	5	5	0
3778	0	0	0	0	6	1740	6	5	1
3778	0	0	0	0	6	1736	6	5	1
3779	0	0	0	0	5	1731	5	5	0
3779	0	0	0	0	5	1720	5	5	0
3773	0	0	0	0	11	1748	11	8	3
