3770	0	0	0	0	14	1044	14	8	6
3772	0	0	0	0	12	1035	12	12	0
3771	0	0	0	0	13	1035	13	12	1
3775	0	0	0	0	9	1003	9	8	1
3776	0	0	0	0	8	1012	8	7	1
3776	0	0	0	0	8	1003	8	5	3
3770	0	0	0	0	14	1053	14	7	7
3763	0	0	0	0	21	1061	21	16	5
3774	0	0	0	0	10	1047	10	8	2
3771	0	0	0	0	13	1022	13	11	2
3776	0	0	0	0	8	1017	8	7	1
3764	0	0	0	0	20	1058	20	15	5
3774	0	0	0	0	10	1024	10	9	1
3779	0	0	0	0	5	961	5	5	0
3774	0	0	0	0	10	971	10	8	2
3768	0	0	0	0	16	1029	16	13	3
3778	0	0	0	0	6	964	6	5	1
3764	0	0	0	0	20	1045	20	14	6
3779	0	0	0	0	5	986	5	5	0
3773	0	0	0	0	11	1002	11	9	2
3778	0	0	0	0	6	979	6	5	1
3750	0	0	0	0	34	1083	34	26	8
3779	0	0	0	0	5	995	5	5	0
3774	0	0	0	0	10	1017	10	9	1
3759	0	0	0	0	25	1048	25	21	4
3758	0	0	0	0	26	1203	26	19	7
3771	0	0	0	0	13	1063	13	10	3
3771	0	0	0	0	13	1038	13	12	1
3765	0	0	0	0	19	1089	19	10	9
3778	0	0	0	0	6	1034	6	6	0
3775	0	0	0	0	9	1026	9	7	2
3768	0	0	0	0	16	1059	16	9	7
3778	0	0	0	0	6	987	6	5	1
3775	0	0	0	0	9	1029	9	8	1
3771	0	0	0	0	13	1038	13	10	3
3778	0	0	0	0	6	966	6	6	0
3778	0	0	0	0	6	983	6	6	0
3773	0	0	0	0	11	1043	11	8	3
3779	0	0	0	0	5	952	5	5	0
3778	0	0	0	0	6	1007	6	6	0
3771	0	0	0	0	13	1029	13	11	2
3777	0	0	0	0	7	974	7	7	0
3754	0	0	0	0	30	1057	30	24	6
3773	0	0	0	0	11	1027	11	10	1
3773	0	0	0	0	11	1000	11	6	5
3779	0	0	0	0	5	978	5	5	0
3770	0	0	0	0	14	1028	14	10	4
3774	0	0	0	0	10	1045	10	6	4
3772	0	0	0	0	12	1072	12	8	4
3771	0	0	0	0	13	1000	13	11	2
3755	0	0	0	0	29	1072	29	19	10
3769	0	0	0	0	15	997	15	11	4
3773	0	0	0	0	11	1009	11	9	2
3776	0	0	0	0	8	1017	8	5	3
3774	0	0	0	0	10	1018	10	7	3
3779	0	0	0	0	5	960	5	5	0
3770	0	0	0	0	14	1055	14	9	5
3769	0	0	0	0	15	1015	15	11	4
3763	0	0	0	0	21	1092	21	15	6
3767	0	0	0	0	17	1036	17	16	1
3775	0	0	0	0	9	991	9	6	3
3771	0	0	0	0	13	1045	13	7	6
3773	0	0	0	0	11	1036	11	8	3
3779	0	0	0	0	5	1016	5	5	0
3772	0	0	0	0	12	1018	12	8	4
3779	0	0	0	0	5	993	5	5	0
3774	0	0	0	0	10	1032	10	8	2
3761	0	0	0	0	23	1059	23	21	2
3778	0	0	0	0	6	995	6	6	0
3766	0	0	0	0	18	1052	18	13	5
3778	0	0	0	0	6	979	6	5	1
3753	0	0	0	0	31	1140	31	21	10
3770	0	0	0	0	14	1016	14	9	5
3765	0	0	0	0	19	1025	19	13	6
3748	0	0	0	0	36	1118	36	22	14
3770	0	0	0	0	14	1010	14	13	1
3761	0	0	0	0	23	1024	23	23	0
3774	0	0	0	0	10	998	10	8	2
3773	0	0	0	0	11	1022	11	10	1
3764	0	0	0	0	20	1108	20	13	7
3773	0	0	0	0	11	1024	11	11	0
3760	0	0	0	0	24	1013	24	17	7
3776	0	0	0	0	8	1016	8	6	2
3774	0	0	0	0	10	1028	10	8	2
3773	0	0	0	0	11	1004	11	7	4
3763	0	0	0	0	21	1096	21	12	9
3778	0	0	0	0	6	986	6	6	0
3774	0	0	0	0	10	983	10	7	3
3777	0	0	0	0	7	1005	7	6	1
3765	0	0	0	0	19	1070	19	13	6
3775	0	0	0	0	9	1027	9	6	3
3745	0	0	0	0	39	1176	39	33	6
3761	0	0	0	0	23	1135	23	18	5
3772	0	0	0	0	12	1042	12	10	2
3766	0	0	0	0	18	1080	18	12	6
3778	0	0	0	0	6	1020	6	5	1
3773	0	0	0	0	11	980	11	10	1
3738	0	0	0	0	46	1195	46	38	8
3774	0	0	0	0	10	1016	10	7	3
3762	0	0	0	0	22	1045	22	20	2
3774	0	0	0	0	10	1034	10	8	2
3764	0	0	0	0	20	1084	20	17	3
3765	0	0	0	0	19	1044	19	12	7
3767	0	0	0	0	17	1033	17	14	3
3779	0	0	0	0	5	966	5	5	0
3774	0	0	0	0	10	990	10	8	2
3779	0	0	0	0	5	969	5	5	0
3753	0	0	0	0	31	1051	31	25	6
3768	0	0	0	0	16	1071	16	13	3
3757	0	0	0	0	27	1092	27	18	9
3777	0	0	0	0	7	971	7	7	0
3760	0	0	0	0	24	1090	24	18	6
3768	0	0	0	0	16	1009	16	14	2
3771	0	0	0	0	13	1017	13	9	4
3770	0	0	0	0	14	983	14	11	3
3776	0	0	0	0	8	1013	8	8	0
3778	0	0	0	0	6	986	6	5	1
3768	0	0	0	0	16	1108	16	10	6
3765	0	0	0	0	19	1053	19	16	3
3773	0	0	0	0	11	1015	11	6	5
3776	0	0	0	0	8	982	8	6	2
3772	0	0	0	0	12	988	12	9	3
3756	0	0	0	0	28	1106	28	20	8
3762	0	0	0	0	22	1091	22	14	8
3768	0	0	0	0	16	1020	16	12	4
3777	0	0	0	0	7	1004	7	5	2
3744	0	0	0	0	40	1151	40	34	6
3777	0	0	0	0	7	983	7	5	2
3779	0	0	0	0	5	966	5	5	0
3772	0	0	0	0	12	1069	12	9	3
3778	0	0	0	0	6	1000	6	5	1
3775	0	0	0	0	9	1001	9	6	3
3768	0	0	0	0	16	997	16	10	6
3778	0	0	0	0	6	1010	6	5	1
3777	0	0	0	0	7	1027	7	7	0
3775	0	0	0	0	9	1019	9	8	1
3777	0	0	0	0	7	980	7	6	1
3772	0	0	0	0	12	1014	12	7	5
3774	0	0	0	0	10	1029	10	6	4
3778	0	0	0	0	6	1015	6	6	0
3778	0	0	0	0	6	969	6	5	1
3773	0	0	0	0	11	982	11	10	1
3771	0	0	0	0	13	1053	13	10	3
3778	0	0	0	0	6	974	6	5	1
3757	0	0	0	0	27	1103	27	20	7
3767	0	0	0	0	17	1032	17	14	3
3772	0	0	0	0	12	1026	12	9	3
3760	0	0	0	0	24	1032	24	18	6
3779	0	0	0	0	5	959	5	5	0
3777	0	0	0	0	7	977	7	6	1
3749	0	0	0	0	35	1139	35	25	10
3768	0	0	0	0	16	1023	16	15	1
3771	0	0	0	0	13	997	13	11	2
3777	0	0	0	0	7	1009	7	6	1
3772	0	0	0	0	12	1028	12	8	4
3774	0	0	0	0	10	1027	10	7	3
3779	0	0	0	0	5	994	5	5	0
3752	0	0	0	0	32	1120	32	20	12
3773	0	0	0	0	11	997	11	10	1
3770	0	0	0	0	14	981	14	12	2
3779	0	0	0	0	5	1007	5	5	0
3771	0	0	0	0	13	1010	13	9	4
3757	0	0	0	0	27	1056	27	15	12
3755	0	0	0	0	29	1055	29	23	6
3767	0	0	0	0	17	1085	17	12	5
3775	0	0	0	0	9	1007	9	8	1
3775	0	0	0	0	9	1022	9	8	1
3774	0	0	0	0	10	971	10	7	3
3773	0	0	0	0	11	1047	11	9	2
3779	0	0	0	0	5	977	5	5	0
3778	0	0	0	0	6	997	6	6	0
3772	0	0	0	0	12	1017	12	10	2
3779	0	0	0	0	5	992	5	5	0
3779	0	0	0	0	5	960	5	5	0
3766	0	0	0	0	18	1030	18	15	3
3761	0	0	0	0	23	1119	23	18	5
3771	0	0	0	0	13	1035	13	6	7
3773	0	0	0	0	11	1034	11	7	4
3779	0	0	0	0	5	971	5	5	0
3760	0	0	0	0	24	1047	24	21	3
3772	0	0	0	0	12	1030	12	11	1
3768	0	0	0	0	16	998	16	14	2
3751	0	0	0	0	33	1103	33	20	13
3775	0	0	0	0	9	1049	9	7	2
3753	0	0	0	0	31	1163	31	26	5
3765	0	0	0	0	19	1065	19	15	4
3773	0	0	0	0	11	1056	11	9	2
3762	0	0	0	0	22	1099	22	15	7
3760	0	0	0	0	24	1072	24	21	3
3771	0	0	0	0	13	1087	13	9	4
3779	0	0	0	0	5	1008	5	5	0
3779	0	0	0	0	5	991	5	5	0
3765	0	0	0	0	19	1025	19	12	7
3772	0	0	0	0	12	1051	12	9	3
3773	0	0	0	0	11	1032	11	9	2
3770	0	0	0	0	14	1041	14	11	3
3756	0	0	0	0	28	1122	28	24	4
3779	0	0	0	0	5	987	5	5	0
3754	0	0	0	0	30	1123	30	28	2
3762	0	0	0	0	22	1101	22	18	4
3751	0	0	0	0	33	1107	33	29	4
3778	0	0	0	0	6	977	6	5	1
3760	0	0	0	0	24	1031	24	21	3
3768	0	0	0	0	16	1063	16	12	4
3766	0	0	0	0	18	1037	18	14	4
3765	0	0	0	0	19	1016	19	17	2
3765	0	0	0	0	19	1109	19	12	7
3773	0	0	0	0	11	1009	11	9	2
3775	0	0	0	0	9	1028	9	7	2
3777	0	0	0	0	7	1001	7	6	1
3769	0	0	0	0	15	1062	15	15	0
3752	0	0	0	0	32	1113	32	21	11
3775	0	0	0	0	9	991	9	7	2
3779	0	0	0	0	5	984	5	5	0
3779	0	0	0	0	5	977	5	5	0
3777	0	0	0	0	7	1015	7	6	1
3773	0	0	0	0	11	987	11	7	4
3777	0	0	0	0	7	991	7	6	1
3751	0	0	0	0	33	1067	33	28	5
3775	0	0	0	0	9	1022	9	7	2
3776	0	0	0	0	8	989	8	6	2
3769	0	0	0	0	15	1011	15	9	6
3776	0	0	0	0	8	1031	8	7	1
3756	0	0	0	0	28	1088	28	26	2
3773	0	0	0	0	11	1008	11	7	4
3773	0	0	0	0	11	1024	11	8	3
3768	0	0	0	0	16	1028	16	11	5
3776	0	0	0	0	8	1000	8	6	2
3770	0	0	0	0	14	1039	14	9	5
3764	0	0	0	0	20	1091	20	15	5
3776	0	0	0	0	8	1022	8	6	2
3768	0	0	0	0	16	1064	16	12	4
3778	0	0	0	0	6	1004	6	6	0
3774	0	0	0	0	10	1003	10	8	2
3756	0	0	0	0	28	1072	28	21	7
3770	0	0	0	0	14	1036	14	13	1
3771	0	0	0	0	13	1028	13	10	3
3772	0	0	0	0	12	1033	12	11	1
3778	0	0	0	0	6	994	6	5	1
3771	0	0	0	0	13	994	13	9	4
3770	0	0	0	0	14	1048	14	9	5
3773	0	0	0	0	11	1027	11	10	1
3768	0	0	0	0	16	1076	16	12	4
3746	0	0	0	0	38	1114	38	29	9
3773	0	0	0	0	11	1008	11	10	1
3768	0	0	0	0	16	1015	16	15	1
3757	0	0	0	0	27	1133	27	26	1
3769	0	0	0	0	15	1041	15	11	4
3774	0	0	0	0	10	1003	10	8	2
3732	0	0	0	0	52	1204	52	45	7
3768	0	0	0	0	16	1055	16	12	4
3762	0	0	0	0	22	1073	22	15	7
3769	0	0	0	0	15	1051	15	9	6
3738	0	0	0	0	46	1119	46	35	11
3763	0	0	0	0	21	1030	21	17	4
3774	0	0	0	0	10	1022	10	9	1
3779	0	0	0	0	5	960	5	5	0
3769	0	0	0	0	15	1064	15	10	5
3749	0	0	0	0	35	1174	35	29	6
3771	0	0	0	0	13	1002	13	10	3
3774	0	0	0	0	10	1027	10	7	3
3753	0	0	0	0	31	1095	31	21	10
3777	0	0	0	0	7	1021	7	5	2
3731	0	0	0	0	53	1163	53	46	7
3773	0	0	0	0	11	1001	11	10	1
3766	0	0	0	0	18	1024	18	15	3
3768	0	0	0	0	16	1022	16	14	2
3773	0	0	0	0	11	988	11	9	2
3761	0	0	0	0	23	1050	23	19	4
3770	0	0	0	0	14	1007	14	11	3
3772	0	0	0	0	12	1011	12	8	4
3746	0	0	0	0	38	1207	38	27	11
3769	0	0	0	0	15	1008	15	12	3
3768	0	0	0	0	16	1011	16	15	1
3778	0	0	0	0	6	1023	6	6	0
3771	0	0	0	0	13	1014	13	9	4
3757	0	0	0	0	27	1077	27	20	7
3769	0	0	0	0	15	1010	15	9	6
3777	0	0	0	0	7	1004	7	7	0
3770	0	0	0	0	14	995	14	10	4
3779	0	0	0	0	5	981	5	5	0
3764	0	0	0	0	20	997	20	13	7
3779	0	0	0	0	5	990	5	5	0
3774	0	0	0	0	10	1005	10	9	1
3770	0	0	0	0	14	1037	14	9	5
3762	0	0	0	0	22	1067	22	19	3
3779	0	0	0	0	5	969	5	5	0
3762	0	0	0	0	22	1022	22	14	8
3770	0	0	0	0	14	1007	14	12	2
3769	0	0	0	0	15	999	15	11	4
3777	0	0	0	0	7	983	7	6	1
3779	0	0	0	0	5	980	5	5	0
3778	0	0	0	0	6	1006	6	6	0
3778	0	0	0	0	6	988	6	5	1
3768	0	0	0	0	16	986	16	12	4
3739	0	0	0	0	45	1137	45	40	5
3771	0	0	0	0	13	999	13	11	2
3768	0	0	0	0	16	1077	16	13	3
3777	0	0	0	0	7	970	7	6	1
3774	0	0	0	0	10	1027	10	7	3
3758	0	0	0	0	26	1111	26	19	7
3777	0	0	0	0	7	1030	7	6	1
3774	0	0	0	0	10	989	10	9	1
3759	0	0	0	0	25	1134	25	23	2
3752	0	0	0	0	32	1093	32	20	12
3765	0	0	0	0	19	1044	19	13	6
3765	0	0	0	0	19	1033	19	11	8
3771	0	0	0	0	13	1022	13	8	5
3769	0	0	0	0	15	1034	15	12	3
3767	0	0	0	0	17	1092	17	11	6
3774	0	0	0	0	10	1053	10	6	4
3762	0	0	0	0	22	1105	22	19	3
3777	0	0	0	0	7	995	7	6	1
3772	0	0	0	0	12	1068	12	8	4
3775	0	0	0	0	9	996	9	7	2
3774	0	0	0	0	10	1023	10	8	2
3769	0	0	0	0	15	1065	15	11	4
3777	0	0	0	0	7	979	7	6	1
3775	0	0	0	0	9	987	9	6	3
3767	0	0	0	0	17	1046	17	16	1
3745	0	0	0	0	39	1164	39	34	5
3764	0	0	0	0	20	1070	20	16	4
3765	0	0	0	0	19	1061	19	15	4
3778	0	0	0	0	6	998	6	5	1
3775	0	0	0	0	9	996	9	6	3
3773	0	0	0	0	11	1025	11	7	4
3771	0	0	0	0	13	1079	13	10	3
3775	0	0	0	0	9	990	9	6	3
3779	0	0	0	0	5	975	5	5	0
3760	0	0	0	0	24	1042	24	17	7
3776	0	0	0	0	8	983	8	5	3
3777	0	0	0	0	7	1021	7	7	0
3769	0	0	0	0	15	1047	15	12	3
3772	0	0	0	0	12	1022	12	9	3
3773	0	0	0	0	11	1012	11	9	2
3778	0	0	0	0	6	1000	6	5	1
3768	0	0	0	0	16	1096	16	11	5
3779	0	0	0	0	5	967	5	5	0
3769	0	0	0	0	15	1061	15	11	4
3727	0	0	0	0	57	1246	57	49	8
3763	0	0	0	0	21	1051	21	12	9
3766	0	0	0	0	18	1056	18	15	3
3779	0	0	0	0	5	1012	5	5	0
3776	0	0	0	0	8	1004	8	8	0
3763	0	0	0	0	21	1057	21	17	4
3772	0	0	0	0	12	1002	12	10	2
3777	0	0	0	0	7	983	7	5	2
3773	0	0	0	0	11	1023	11	8	3
3774	0	0	0	0	10	1025	10	8	2
3762	0	0	0	0	22	1158	22	16	6
3777	0	0	0	0	7	1001	7	7	0
3777	0	0	0	0	7	992	7	7	0
3752	0	0	0	0	32	1103	32	24	8
3775	0	0	0	0	9	1036	9	7	2
3774	0	0	0	0	10	1010	10	7	3
3767	0	0	0	0	17	1006	17	13	4
3767	0	0	0	0	17	1059	17	15	2
3759	0	0	0	0	25	1125	25	20	5
3779	0	0	0	0	5	982	5	5	0
3773	0	0	0	0	11	985	11	9	2
3779	0	0	0	0	5	971	5	5	0
3776	0	0	0	0	8	1024	8	8	0
3779	0	0	0	0	5	980	5	5	0
3768	0	0	0	0	16	1021	16	13	3
3728	0	0	0	0	56	1207	56	42	14
3772	0	0	0	0	12	984	12	9	3
3775	0	0	0	0	9	987	9	5	4
3752	0	0	0	0	32	1129	32	25	7
3774	0	0	0	0	10	1016	10	8	2
3773	0	0	0	0	11	1042	11	9	2
3765	0	0	0	0	19	1005	19	17	2
3750	0	0	0	0	34	1081	34	29	5
3770	0	0	0	0	14	1026	14	13	1
3779	0	0	0	0	5	982	5	5	0
3767	0	0	0	0	17	1069	17	13	4
3764	0	0	0	0	20	1099	20	16	4
3768	0	0	0	0	16	1039	16	11	5
3759	0	0	0	0	25	1072	25	21	4
3768	0	0	0	0	16	995	16	11	5
3778	0	0	0	0	6	1008	6	5	1
3763	0	0	0	0	21	1088	21	13	8
3768	0	0	0	0	16	1060	16	14	2
3757	0	0	0	0	27	1102	27	23	4
3770	0	0	0	0	14	1048	14	9	5
3765	0	0	0	0	19	1064	19	17	2
3773	0	0	0	0	11	1010	11	10	1
3777	0	0	0	0	7	963	7	7	0
3774	0	0	0	0	10	1001	10	8	2
3764	0	0	0	0	20	1085	20	17	3
3777	0	0	0	0	7	994	7	6	1
3772	0	0	0	0	12	1032	12	8	4
3762	0	0	0	0	22	1030	22	19	3
3763	0	0	0	0	21	1035	21	14	7
3778	0	0	0	0	6	967	6	6	0
3760	0	0	0	0	24	1089	24	20	4
3759	0	0	0	0	25	1100	25	21	4
3770	0	0	0	0	14	1052	14	9	5
3765	0	0	0	0	19	1098	19	16	3
3768	0	0	0	0	16	1061	16	14	2
3769	0	0	0	0	15	1021	15	9	6
3779	0	0	0	0	5	986	5	5	0
3763	0	0	0	0	21	1014	21	17	4
3778	0	0	0	0	6	977	6	5	1
3767	0	0	0	0	17	1033	17	11	6
3753	0	0	0	0	31	1143	31	21	10
3775	0	0	0	0	9	1004	9	7	2
3753	0	0	0	0	31	1092	31	25	6
3768	0	0	0	0	16	1008	16	13	3
3777	0	0	0	0	7	974	7	7	0
3756	0	0	0	0	28	1088	28	25	3
3770	0	0	0	0	14	996	14	13	1
3762	0	0	0	0	22	1106	22	18	4
3773	0	0	0	0	11	1023	11	7	4
3767	0	0	0	0	17	1051	17	12	5
3770	0	0	0	0	14	1055	14	13	1
3771	0	0	0	0	13	1012	13	8	5
3773	0	0	0	0	11	980	11	10	1
3776	0	0	0	0	8	1028	8	8	0
3769	0	0	0	0	15	1062	15	10	5
3772	0	0	0	0	12	1040	12	11	1
3776	0	0	0	0	8	980	8	7	1
3765	0	0	0	0	19	1108	19	15	4
3770	0	0	0	0	14	1079	14	12	2
3778	0	0	0	0	6	956	6	5	1
3766	0	0	0	0	18	1086	18	16	2
3776	0	0	0	0	8	1009	8	6	2
3775	0	0	0	0	9	989	9	7	2
3767	0	0	0	0	17	1013	17	11	6
3773	0	0	0	0	11	1048	11	8	3
3777	0	0	0	0	7	969	7	5	2
3776	0	0	0	0	8	1009	8	6	2
3771	0	0	0	0	13	1045	13	8	5
3745	0	0	0	0	39	1138	39	34	5
3779	0	0	0	0	5	959	5	5	0
3774	0	0	0	0	10	987	10	7	3
3769	0	0	0	0	15	1005	15	10	5
3776	0	0	0	0	8	974	8	7	1
3767	0	0	0	0	17	1050	17	12	5
3770	0	0	0	0	14	1009	14	10	4
3765	0	0	0	0	19	994	19	16	3
3773	0	0	0	0	11	1034	11	10	1
3768	0	0	0	0	16	1059	16	10	6
3771	0	0	0	0	13	1049	13	10	3
3778	0	0	0	0	6	998	6	5	1
3772	0	0	0	0	12	999	12	10	2
3775	0	0	0	0	9	998	9	8	1
3775	0	0	0	0	9	1026	9	7	2
3765	0	0	0	0	19	1067	19	16	3
3765	0	0	0	0	19	1086	19	13	6
3772	0	0	0	0	12	1034	12	8	4
3770	0	0	0	0	14	1029	14	10	4
3772	0	0	0	0	12	1036	12	10	2
3760	0	0	0	0	24	1026	24	21	3
3773	0	0	0	0	11	1003	11	9	2
3777	0	0	0	0	7	1004	7	5	2
3777	0	0	0	0	7	998	7	6	1
3775	0	0	0	0	9	997	9	9	0
3776	0	0	0	0	8	976	8	7	1
3778	0	0	0	0	6	1003	6	5	1
3760	0	0	0	0	24	1081	24	16	8
3764	0	0	0	0	20	1080	20	16	4
3774	0	0	0	0	10	1025	10	8	2
3768	0	0	0	0	16	1040	16	14	2
3761	0	0	0	0	23	1021	23	16	7
3745	0	0	0	0	39	1121	39	23	16
3775	0	0	0	0	9	993	9	7	2
3753	0	0	0	0	31	1144	31	24	7
3763	0	0	0	0	21	1073	21	10	11
3769	0	0	0	0	15	1028	15	13	2
3778	0	0	0	0	6	986	6	6	0
3772	0	0	0	0	12	1019	12	9	3
3772	0	0	0	0	12	1010	12	7	5
3774	0	0	0	0	10	1010	10	6	4
3779	0	0	0	0	5	965	5	5	0
3773	0	0	0	0	11	1042	11	9	2
3771	0	0	0	0	13	1018	13	10	3
3769	0	0	0	0	15	1028	15	13	2
3775	0	0	0	0	9	1033	9	8	1
3744	0	0	0	0	40	1165	40	31	9
3776	0	0	0	0	8	1002	8	6	2
3763	0	0	0	0	21	1078	21	16	5
3755	0	0	0	0	29	1067	29	17	12
3779	0	0	0	0	5	974	5	5	0
3769	0	0	0	0	15	1068	15	11	4
3771	0	0	0	0	13	1021	13	8	5
3775	0	0	0	0	9	974	9	7	2
3767	0	0	0	0	17	1005	17	12	5
3776	0	0	0	0	8	990	8	6	2
3774	0	0	0	0	10	979	10	6	4
3772	0	0	0	0	12	1022	12	10	2
3770	0	0	0	0	14	983	14	9	5
3764	0	0	0	0	20	1064	20	18	2
3764	0	0	0	0	20	1076	20	16	4
3773	0	0	0	0	11	974	11	8	3
3778	0	0	0	0	6	951	6	5	1
3776	0	0	0	0	8	1016	8	5	3
3771	0	0	0	0	13	1027	13	8	5
3778	0	0	0	0	6	995	6	5	1
3779	0	0	0	0	5	975	5	5	0
3765	0	0	0	0	19	1035	19	12	7
