3725	0	0	0	0	59	125	59	56	3
3743	0	0	0	0	41	108	41	41	0
3726	0	0	0	0	58	131	58	58	0
3645	0	0	0	0	139	191	139	139	0
3370	0	0	0	0	414	497	414	412	2
3774	0	0	0	0	10	76	10	10	0
3486	0	0	0	0	298	382	298	295	3
3710	0	0	0	0	74	144	74	73	1
3667	0	0	0	0	117	155	117	117	0
3768	0	0	0	0	16	68	16	15	1
3509	0	0	0	0	275	337	275	273	2
3753	0	0	0	0	31	119	31	31	0
3487	0	0	0	0	297	422	297	297	0
3779	0	0	0	0	5	15	5	5	0
3774	0	0	0	0	10	29	10	10	0
3657	0	0	0	0	127	176	127	125	2
3778	0	0	0	0	6	20	6	6	0
3723	0	0	0	0	61	142	61	60	1
3778	0	0	0	0	6	66	6	6	0
3440	0	0	0	0	344	404	344	344	0
3778	0	0	0	0	6	37	6	5	1
3690	0	0	0	0	94	151	94	94	0
3779	0	0	0	0	5	56	5	5	0
3776	0	0	0	0	8	68	8	8	0
3579	0	0	0	0	205	246	205	205	0
3572	0	0	0	0	212	305	212	211	1
3740	0	0	0	0	44	131	44	43	1
3722	0	0	0	0	62	128	62	62	0
3541	0	0	0	0	243	367	243	241	2
3713	0	0	0	0	71	156	71	71	0
3534	0	0	0	0	250	374	250	249	1
3765	0	0	0	0	19	118	19	17	2
3712	0	0	0	0	72	128	72	72	0
3756	0	0	0	0	28	113	28	28	0
3639	0	0	0	0	145	239	145	143	2
3778	0	0	0	0	6	22	6	6	0
3563	0	0	0	0	221	272	221	221	0
3772	0	0	0	0	12	88	12	12	0
3779	0	0	0	0	5	12	5	5	0
3778	0	0	0	0	6	66	6	6	0
3731	0	0	0	0	53	148	53	52	1
3676	0	0	0	0	108	179	108	108	0
3735	0	0	0	0	49	113	49	48	1
3761	0	0	0	0	23	93	23	23	0
3773	0	0	0	0	11	48	11	9	2
3779	0	0	0	0	5	39	5	5	0
3753	0	0	0	0	31	116	31	29	2
3776	0	0	0	0	8	78	8	6	2
3703	0	0	0	0	81	173	81	80	1
3400	0	0	0	0	384	466	384	384	0
3724	0	0	0	0	60	123	60	59	1
3779	0	0	0	0	5	24	5	5	0
3739	0	0	0	0	45	82	45	45	0
3584	0	0	0	0	200	355	200	200	0
3775	0	0	0	0	9	62	9	7	2
3779	0	0	0	0	5	18	5	5	0
3638	0	0	0	0	146	361	146	146	0
3745	0	0	0	0	39	102	39	39	0
3733	0	0	0	0	51	150	51	51	0
3752	0	0	0	0	32	62	32	32	0
3775	0	0	0	0	9	44	9	9	0
3685	0	0	0	0	99	145	99	97	2
3768	0	0	0	0	16	97	16	16	0
3760	0	0	0	0	24	107	24	24	0
3764	0	0	0	0	20	84	20	19	1
3684	0	0	0	0	100	145	100	100	0
3625	0	0	0	0	159	195	159	159	0
3680	0	0	0	0	104	164	104	104	0
3604	0	0	0	0	180	242	180	180	0
3419	0	0	0	0	365	387	365	364	1
3779	0	0	0	0	5	28	5	5	0
3520	0	0	0	0	264	353	264	264	0
3762	0	0	0	0	22	66	22	20	2
3746	0	0	0	0	38	95	38	38	0
3429	0	0	0	0	355	440	355	353	2
3759	0	0	0	0	25	99	25	25	0
3705	0	0	0	0	79	100	79	79	0
3761	0	0	0	0	23	48	23	23	0
3766	0	0	0	0	18	81	18	17	1
3515	0	0	0	0	269	396	269	266	3
3406	0	0	0	0	378	430	378	378	0
3730	0	0	0	0	54	96	54	52	2
3724	0	0	0	0	60	161	60	58	2
3750	0	0	0	0	34	123	34	33	1
3764	0	0	0	0	20	69	20	18	2
3418	0	0	0	0	366	483	366	366	0
3749	0	0	0	0	35	115	35	35	0
3776	0	0	0	0	8	35	8	8	0
3723	0	0	0	0	61	123	61	61	0
3464	0	0	0	0	320	413	320	319	1
3779	0	0	0	0	5	63	5	5	0
3483	0	0	0	0	301	415	301	299	2
3662	0	0	0	0	122	282	122	122	0
3752	0	0	0	0	32	110	32	31	1
3445	0	0	0	0	339	415	339	337	2
3754	0	0	0	0	30	135	30	29	1
3740	0	0	0	0	44	136	44	44	0
3519	0	0	0	0	265	388	265	264	1
3731	0	0	0	0	53	138	53	52	1
3717	0	0	0	0	67	108	67	67	0
3768	0	0	0	0	16	81	16	15	1
3560	0	0	0	0	224	355	224	224	0
3749	0	0	0	0	35	110	35	34	1
3715	0	0	0	0	69	126	69	68	1
3779	0	0	0	0	5	21	5	5	0
3761	0	0	0	0	23	57	23	23	0
3779	0	0	0	0	5	22	5	5	0
3695	0	0	0	0	89	157	89	86	3
3753	0	0	0	0	31	113	31	31	0
3629	0	0	0	0	155	222	155	152	3
3773	0	0	0	0	11	31	11	11	0
3736	0	0	0	0	48	196	48	47	1
3759	0	0	0	0	25	52	25	25	0
3759	0	0	0	0	25	60	25	23	2
3770	0	0	0	0	14	46	14	13	1
3679	0	0	0	0	105	237	105	105	0
3778	0	0	0	0	6	38	6	6	0
3511	0	0	0	0	273	322	273	271	2
3733	0	0	0	0	51	114	51	50	1
3738	0	0	0	0	46	112	46	44	2
3775	0	0	0	0	9	45	9	9	0
3770	0	0	0	0	14	47	14	13	1
3732	0	0	0	0	52	143	52	52	0
3456	0	0	0	0	328	456	328	327	1
3771	0	0	0	0	13	84	13	11	2
3352	0	0	0	0	432	519	432	432	0
3635	0	0	0	0	149	173	149	147	2
3516	0	0	0	0	268	347	268	268	0
3779	0	0	0	0	5	26	5	5	0
3364	0	0	0	0	420	497	420	415	5
3779	0	0	0	0	5	59	5	5	0
3726	0	0	0	0	58	139	58	58	0
3773	0	0	0	0	11	55	11	8	3
3776	0	0	0	0	8	76	8	7	1
3777	0	0	0	0	7	75	7	7	0
3770	0	0	0	0	14	92	14	14	0
3664	0	0	0	0	120	289	120	120	0
3759	0	0	0	0	25	92	25	24	1
3765	0	0	0	0	19	89	19	18	1
3767	0	0	0	0	17	89	17	17	0
3777	0	0	0	0	7	35	7	6	1
3765	0	0	0	0	19	58	19	18	1
3768	0	0	0	0	16	64	16	16	0
3756	0	0	0	0	28	102	28	28	0
3414	0	0	0	0	370	453	370	368	2
3656	0	0	0	0	128	221	128	125	3
3779	0	0	0	0	5	74	5	5	0
3677	0	0	0	0	107	135	107	106	1
3779	0	0	0	0	5	13	5	5	0
3776	0	0	0	0	8	39	8	8	0
3497	0	0	0	0	287	369	287	283	4
3722	0	0	0	0	62	126	62	62	0
3763	0	0	0	0	21	70	21	21	0
3777	0	0	0	0	7	81	7	7	0
3752	0	0	0	0	32	77	32	32	0
3170	0	0	0	0	614	590	614	612	2
3721	0	0	0	0	63	135	63	63	0
3464	0	0	0	0	320	477	320	318	2
3755	0	0	0	0	29	69	29	29	0
3767	0	0	0	0	17	51	17	17	0
3723	0	0	0	0	61	106	61	61	0
3757	0	0	0	0	27	108	27	26	1
3749	0	0	0	0	35	118	35	35	0
3658	0	0	0	0	126	169	126	124	2
3759	0	0	0	0	25	130	25	23	2
3770	0	0	0	0	14	64	14	14	0
3772	0	0	0	0	12	88	12	12	0
3773	0	0	0	0	11	49	11	9	2
3753	0	0	0	0	31	114	31	31	0
3779	0	0	0	0	5	36	5	5	0
3667	0	0	0	0	117	209	117	116	1
3522	0	0	0	0	262	326	262	262	0
3779	0	0	0	0	5	49	5	5	0
3777	0	0	0	0	7	12	7	7	0
3747	0	0	0	0	37	74	37	37	0
3668	0	0	0	0	116	177	116	115	1
3756	0	0	0	0	28	83	28	28	0
3769	0	0	0	0	15	74	15	14	1
3779	0	0	0	0	5	32	5	5	0
3599	0	0	0	0	185	229	185	185	0
3758	0	0	0	0	26	102	26	26	0
3768	0	0	0	0	16	59	16	16	0
3407	0	0	0	0	377	425	377	377	0
3776	0	0	0	0	8	75	8	8	0
3475	0	0	0	0	309	453	309	309	0
3719	0	0	0	0	65	137	65	63	2
3515	0	0	0	0	269	372	269	268	1
3442	0	0	0	0	342	454	342	341	1
3431	0	0	0	0	353	446	353	352	1
3405	0	0	0	0	379	459	379	379	0
3779	0	0	0	0	5	55	5	5	0
3762	0	0	0	0	22	105	22	22	0
3678	0	0	0	0	106	162	106	105	1
3705	0	0	0	0	79	124	79	79	0
3644	0	0	0	0	140	257	140	139	1
3691	0	0	0	0	93	128	93	91	2
3540	0	0	0	0	244	345	244	244	0
3778	0	0	0	0	6	41	6	6	0
3624	0	0	0	0	160	267	160	160	0
3710	0	0	0	0	74	170	74	73	1
3439	0	0	0	0	345	405	345	344	1
3687	0	0	0	0	97	182	97	97	0
3739	0	0	0	0	45	101	45	45	0
3758	0	0	0	0	26	102	26	25	1
3698	0	0	0	0	86	143	86	86	0
3763	0	0	0	0	21	58	21	21	0
3686	0	0	0	0	98	307	98	96	2
3765	0	0	0	0	19	89	19	19	0
3499	0	0	0	0	285	336	285	284	1
3778	0	0	0	0	6	43	6	6	0
3639	0	0	0	0	145	238	145	145	0
3655	0	0	0	0	129	217	129	128	1
3713	0	0	0	0	71	173	71	70	1
3777	0	0	0	0	7	49	7	7	0
3779	0	0	0	0	5	43	5	5	0
3769	0	0	0	0	15	86	15	15	0
3767	0	0	0	0	17	77	17	15	2
3659	0	0	0	0	125	155	125	124	1
3706	0	0	0	0	78	128	78	77	1
3722	0	0	0	0	62	127	62	62	0
3706	0	0	0	0	78	182	78	77	1
3760	0	0	0	0	24	78	24	23	1
3774	0	0	0	0	10	86	10	9	1
3688	0	0	0	0	96	181	96	96	0
3742	0	0	0	0	42	138	42	41	1
3594	0	0	0	0	190	340	190	190	0
3761	0	0	0	0	23	89	23	21	2
3742	0	0	0	0	42	166	42	42	0
3472	0	0	0	0	312	431	312	310	2
3742	0	0	0	0	42	127	42	41	1
3509	0	0	0	0	275	349	275	273	2
3760	0	0	0	0	24	113	24	23	1
3774	0	0	0	0	10	96	10	10	0
3772	0	0	0	0	12	49	12	10	2
3694	0	0	0	0	90	130	90	89	1
3552	0	0	0	0	232	314	232	231	1
3645	0	0	0	0	139	185	139	139	0
3724	0	0	0	0	60	98	60	59	1
3440	0	0	0	0	344	372	344	344	0
3769	0	0	0	0	15	37	15	15	0
3725	0	0	0	0	59	119	59	59	0
3732	0	0	0	0	52	149	52	51	1
3432	0	0	0	0	352	471	352	349	3
3526	0	0	0	0	258	351	258	256	2
3762	0	0	0	0	22	79	22	22	0
3752	0	0	0	0	32	97	32	31	1
3387	0	0	0	0	397	604	397	394	3
3751	0	0	0	0	33	50	33	32	1
3675	0	0	0	0	109	272	109	109	0
3405	0	0	0	0	379	435	379	378	1
3690	0	0	0	0	94	145	94	94	0
3681	0	0	0	0	103	190	103	102	1
3624	0	0	0	0	160	299	160	158	2
3443	0	0	0	0	341	443	341	338	3
3730	0	0	0	0	54	114	54	54	0
3689	0	0	0	0	95	141	95	95	0
3779	0	0	0	0	5	9	5	5	0
3474	0	0	0	0	310	377	310	310	0
3115	0	0	0	0	669	725	669	667	2
3767	0	0	0	0	17	52	17	16	1
3635	0	0	0	0	149	184	149	148	1
3473	0	0	0	0	311	398	311	309	2
3777	0	0	0	0	7	58	7	7	0
3553	0	0	0	0	231	327	231	229	2
3777	0	0	0	0	7	48	7	7	0
3691	0	0	0	0	93	170	93	92	1
3655	0	0	0	0	129	135	129	128	1
3766	0	0	0	0	18	39	18	17	1
3708	0	0	0	0	76	112	76	75	1
3728	0	0	0	0	56	122	56	56	0
3715	0	0	0	0	69	141	69	69	0
3432	0	0	0	0	352	435	352	351	1
3769	0	0	0	0	15	59	15	15	0
3653	0	0	0	0	131	269	131	131	0
3778	0	0	0	0	6	80	6	6	0
3764	0	0	0	0	20	76	20	18	2
3667	0	0	0	0	117	150	117	115	2
3701	0	0	0	0	83	176	83	82	1
3776	0	0	0	0	8	69	8	8	0
3763	0	0	0	0	21	61	21	21	0
3779	0	0	0	0	5	40	5	5	0
3750	0	0	0	0	34	51	34	32	2
3779	0	0	0	0	5	46	5	5	0
3760	0	0	0	0	24	70	24	24	0
3753	0	0	0	0	31	80	31	31	0
3396	0	0	0	0	388	434	388	386	2
3779	0	0	0	0	5	26	5	5	0
3747	0	0	0	0	37	98	37	35	2
3765	0	0	0	0	19	49	19	19	0
3751	0	0	0	0	33	48	33	31	2
3746	0	0	0	0	38	85	38	38	0
3484	0	0	0	0	300	420	300	299	1
3766	0	0	0	0	18	97	18	18	0
3772	0	0	0	0	12	56	12	12	0
3761	0	0	0	0	23	59	23	21	2
3530	0	0	0	0	254	325	254	253	1
3768	0	0	0	0	16	57	16	16	0
3397	0	0	0	0	387	417	387	386	1
3769	0	0	0	0	15	26	15	15	0
3669	0	0	0	0	115	212	115	113	2
3685	0	0	0	0	99	195	99	99	0
3680	0	0	0	0	104	179	104	104	0
3464	0	0	0	0	320	470	320	320	0
3464	0	0	0	0	320	462	320	320	0
3671	0	0	0	0	113	212	113	111	2
3675	0	0	0	0	109	222	109	107	2
3759	0	0	0	0	25	60	25	23	2
3745	0	0	0	0	39	96	39	38	1
3771	0	0	0	0	13	70	13	13	0
3739	0	0	0	0	45	141	45	44	1
3752	0	0	0	0	32	135	32	31	1
3586	0	0	0	0	198	386	198	197	1
3517	0	0	0	0	267	452	267	266	1
3778	0	0	0	0	6	81	6	6	0
3778	0	0	0	0	6	51	6	6	0
3770	0	0	0	0	14	91	14	14	0
3724	0	0	0	0	60	165	60	59	1
3777	0	0	0	0	7	28	7	7	0
3624	0	0	0	0	160	186	160	159	1
3733	0	0	0	0	51	101	51	51	0
3590	0	0	0	0	194	320	194	194	0
3286	0	0	0	0	498	590	498	497	1
3564	0	0	0	0	220	397	220	220	0
3777	0	0	0	0	7	47	7	6	1
3772	0	0	0	0	12	51	12	11	1
3773	0	0	0	0	11	72	11	10	1
3753	0	0	0	0	31	124	31	29	2
3772	0	0	0	0	12	49	12	12	0
3771	0	0	0	0	13	30	13	13	0
3696	0	0	0	0	88	129	88	86	2
3777	0	0	0	0	7	41	7	7	0
3710	0	0	0	0	74	126	74	74	0
3690	0	0	0	0	94	180	94	94	0
3655	0	0	0	0	129	148	129	128	1
3732	0	0	0	0	52	148	52	52	0
3778	0	0	0	0	6	49	6	5	1
3749	0	0	0	0	35	131	35	35	0
3779	0	0	0	0	5	19	5	5	0
3685	0	0	0	0	99	182	99	98	1
3423	0	0	0	0	361	435	361	359	2
3737	0	0	0	0	47	125	47	45	2
3755	0	0	0	0	29	123	29	29	0
3777	0	0	0	0	7	73	7	7	0
3712	0	0	0	0	72	163	72	72	0
3671	0	0	0	0	113	166	113	112	1
3776	0	0	0	0	8	56	8	7	1
3777	0	0	0	0	7	49	7	5	2
3773	0	0	0	0	11	84	11	10	1
3778	0	0	0	0	6	40	6	6	0
3448	0	0	0	0	336	469	336	335	1
3757	0	0	0	0	27	59	27	27	0
3776	0	0	0	0	8	48	8	8	0
3728	0	0	0	0	56	167	56	55	1
3738	0	0	0	0	46	153	46	45	1
3772	0	0	0	0	12	89	12	11	1
3735	0	0	0	0	49	96	49	48	1
3480	0	0	0	0	304	473	304	303	1
3446	0	0	0	0	338	435	338	337	1
3779	0	0	0	0	5	52	5	5	0
3739	0	0	0	0	45	61	45	44	1
3778	0	0	0	0	6	37	6	6	0
3717	0	0	0	0	67	178	67	67	0
3777	0	0	0	0	7	65	7	7	0
3474	0	0	0	0	310	477	310	310	0
3535	0	0	0	0	249	427	249	247	2
3628	0	0	0	0	156	197	156	155	1
3772	0	0	0	0	12	39	12	11	1
3462	0	0	0	0	322	378	322	320	2
3772	0	0	0	0	12	69	12	11	1
3738	0	0	0	0	46	162	46	45	1
3736	0	0	0	0	48	66	48	47	1
3749	0	0	0	0	35	92	35	34	1
3756	0	0	0	0	28	71	28	28	0
3779	0	0	0	0	5	59	5	5	0
3458	0	0	0	0	326	434	326	324	2
3385	0	0	0	0	399	483	399	397	2
3595	0	0	0	0	189	237	189	187	2
3627	0	0	0	0	157	260	157	157	0
3766	0	0	0	0	18	70	18	16	2
3778	0	0	0	0	6	59	6	6	0
3738	0	0	0	0	46	146	46	45	1
3737	0	0	0	0	47	146	47	47	0
3719	0	0	0	0	65	139	65	64	1
3771	0	0	0	0	13	90	13	11	2
3680	0	0	0	0	104	145	104	103	1
3759	0	0	0	0	25	101	25	25	0
3777	0	0	0	0	7	19	7	7	0
3771	0	0	0	0	13	67	13	13	0
3495	0	0	0	0	289	376	289	289	0
3438	0	0	0	0	346	441	346	346	0
3550	0	0	0	0	234	370	234	234	0
3748	0	0	0	0	36	114	36	36	0
3679	0	0	0	0	105	133	105	105	0
3778	0	0	0	0	6	25	6	6	0
3459	0	0	0	0	325	379	325	324	1
3671	0	0	0	0	113	173	113	112	1
3655	0	0	0	0	129	194	129	126	3
3500	0	0	0	0	284	426	284	284	0
3768	0	0	0	0	16	82	16	16	0
3765	0	0	0	0	19	56	19	18	1
3779	0	0	0	0	5	46	5	5	0
3754	0	0	0	0	30	56	30	29	1
3779	0	0	0	0	5	36	5	5	0
3552	0	0	0	0	232	321	232	231	1
3709	0	0	0	0	75	170	75	74	1
3771	0	0	0	0	13	52	13	13	0
3657	0	0	0	0	127	160	127	127	0
3710	0	0	0	0	74	106	74	74	0
3776	0	0	0	0	8	27	8	8	0
3695	0	0	0	0	89	215	89	89	0
3765	0	0	0	0	19	40	19	19	0
3517	0	0	0	0	267	391	267	265	2
3762	0	0	0	0	22	84	22	21	1
3727	0	0	0	0	57	140	57	57	0
3702	0	0	0	0	82	111	82	82	0
3764	0	0	0	0	20	59	20	19	1
3765	0	0	0	0	19	32	19	19	0
3758	0	0	0	0	26	138	26	26	0
3438	0	0	0	0	346	396	346	343	3
3710	0	0	0	0	74	145	74	74	0
3773	0	0	0	0	11	38	11	11	0
3482	0	0	0	0	302	435	302	300	2
3779	0	0	0	0	5	65	5	5	0
3776	0	0	0	0	8	11	8	7	1
3603	0	0	0	0	181	314	181	181	0
3776	0	0	0	0	8	49	8	7	1
3749	0	0	0	0	35	143	35	33	2
3758	0	0	0	0	26	77	26	23	3
3517	0	0	0	0	267	366	267	266	1
3772	0	0	0	0	12	38	12	12	0
3777	0	0	0	0	7	53	7	7	0
3775	0	0	0	0	9	60	9	8	1
3514	0	0	0	0	270	336	270	269	1
3779	0	0	0	0	5	20	5	5	0
3767	0	0	0	0	17	83	17	16	1
3768	0	0	0	0	16	61	16	14	2
3775	0	0	0	0	9	46	9	9	0
3776	0	0	0	0	8	53	8	8	0
3668	0	0	0	0	116	155	116	114	2
3758	0	0	0	0	26	41	26	25	1
3773	0	0	0	0	11	76	11	11	0
3668	0	0	0	0	116	231	116	113	3
3581	0	0	0	0	203	318	203	203	0
3765	0	0	0	0	19	101	19	19	0
3759	0	0	0	0	25	78	25	24	1
3775	0	0	0	0	9	40	9	9	0
3775	0	0	0	0	9	70	9	8	1
3778	0	0	0	0	6	69	6	6	0
3590	0	0	0	0	194	333	194	192	2
3744	0	0	0	0	40	103	40	39	1
3773	0	0	0	0	11	76	11	11	0
3587	0	0	0	0	197	250	197	197	0
3753	0	0	0	0	31	69	31	30	1
3710	0	0	0	0	74	153	74	74	0
3717	0	0	0	0	67	108	67	67	0
3778	0	0	0	0	6	52	6	6	0
3765	0	0	0	0	19	55	19	19	0
3776	0	0	0	0	8	40	8	8	0
3779	0	0	0	0	5	40	5	5	0
3558	0	0	0	0	226	380	226	224	2
3525	0	0	0	0	259	380	259	256	3
3655	0	0	0	0	129	187	129	129	0
3287	0	0	0	0	497	575	497	495	2
3769	0	0	0	0	15	36	15	13	2
3704	0	0	0	0	80	128	80	77	3
3775	0	0	0	0	9	43	9	8	1
3689	0	0	0	0	95	239	95	94	1
3493	0	0	0	0	291	346	291	289	2
3594	0	0	0	0	190	266	190	189	1
3746	0	0	0	0	38	86	38	38	0
3749	0	0	0	0	35	110	35	35	0
3765	0	0	0	0	19	90	19	19	0
3772	0	0	0	0	12	59	12	12	0
3779	0	0	0	0	5	26	5	5	0
3775	0	0	0	0	9	65	9	9	0
3232	0	0	0	0	552	635	552	550	2
3399	0	0	0	0	385	361	385	384	1
3688	0	0	0	0	96	155	96	95	1
3428	0	0	0	0	356	433	356	352	4
3776	0	0	0	0	8	62	8	7	1
3757	0	0	0	0	27	105	27	26	1
3728	0	0	0	0	56	124	56	52	4
3779	0	0	0	0	5	30	5	5	0
3654	0	0	0	0	130	200	130	130	0
3671	0	0	0	0	113	131	113	111	2
3723	0	0	0	0	61	164	61	60	1
3756	0	0	0	0	28	62	28	26	2
3776	0	0	0	0	8	45	8	8	0
3748	0	0	0	0	36	94	36	34	2
3506	0	0	0	0	278	404	278	277	1
3760	0	0	0	0	24	54	24	21	3
3750	0	0	0	0	34	116	34	33	1
3751	0	0	0	0	33	116	33	32	1
3770	0	0	0	0	14	37	14	13	1
3778	0	0	0	0	6	11	6	6	0
3777	0	0	0	0	7	76	7	6	1
3562	0	0	0	0	222	299	222	221	1
3779	0	0	0	0	5	38	5	5	0
3779	0	0	0	0	5	24	5	5	0
3664	0	0	0	0	120	151	120	118	2
