3773	0	0	0	0	11	1536	11	10	1
3763	0	0	0	0	21	1549	21	21	0
3750	0	0	0	0	34	1553	34	34	0
3741	0	0	0	0	43	1559	43	43	0
3777	0	0	0	0	7	1537	7	7	0
3778	0	0	0	0	6	1535	6	6	0
3779	0	0	0	0	5	1532	5	5	0
3755	0	0	0	0	29	1554	29	29	0
3747	0	0	0	0	37	1558	37	37	0
3772	0	0	0	0	12	1543	12	11	1
3764	0	0	0	0	20	1557	20	20	0
3770	0	0	0	0	14	1552	14	14	0
3777	0	0	0	0	7	1546	7	7	0
3779	0	0	0	0	5	1520	5	5	0
3776	0	0	0	0	8	1520	8	8	0
3754	0	0	0	0	30	1560	30	29	1
3779	0	0	0	0	5	1519	5	5	0
3755	0	0	0	0	29	1559	29	28	1
3778	0	0	0	0	6	1539	6	6	0
3775	0	0	0	0	9	1538	9	9	0
3778	0	0	0	0	6	1531	6	5	1
3716	0	0	0	0	68	1565	68	68	0
3779	0	0	0	0	5	1530	5	5	0
3776	0	0	0	0	8	1536	8	8	0
3756	0	0	0	0	28	1547	28	28	0
3778	0	0	0	0	6	1549	6	6	0
3779	0	0	0	0	5	1538	5	5	0
3764	0	0	0	0	20	1545	20	20	0
3772	0	0	0	0	12	1555	12	12	0
3757	0	0	0	0	27	1554	27	27	0
3769	0	0	0	0	15	1554	15	14	1
3776	0	0	0	0	8	1528	8	8	0
3770	0	0	0	0	14	1539	14	14	0
3766	0	0	0	0	18	1543	18	18	0
3712	0	0	0	0	72	1582	72	71	1
3778	0	0	0	0	6	1521	6	6	0
3675	0	0	0	0	109	1593	109	109	0
3774	0	0	0	0	10	1536	10	10	0
3779	0	0	0	0	5	1517	5	5	0
3778	0	0	0	0	6	1542	6	6	0
3775	0	0	0	0	9	1539	9	9	0
3753	0	0	0	0	31	1546	31	31	0
3755	0	0	0	0	29	1552	29	28	1
3769	0	0	0	0	15	1557	15	15	0
3779	0	0	0	0	5	1527	5	5	0
3779	0	0	0	0	5	1530	5	5	0
3771	0	0	0	0	13	1557	13	13	0
3777	0	0	0	0	7	1539	7	6	1
3742	0	0	0	0	42	1572	42	41	1
3706	0	0	0	0	78	1601	78	78	0
3776	0	0	0	0	8	1537	8	8	0
3779	0	0	0	0	5	1521	5	5	0
3773	0	0	0	0	11	1535	11	11	0
3773	0	0	0	0	11	1538	11	11	0
3775	0	0	0	0	9	1542	9	7	2
3779	0	0	0	0	5	1521	5	5	0
3767	0	0	0	0	17	1549	17	17	0
3776	0	0	0	0	8	1537	8	8	0
3757	0	0	0	0	27	1560	27	27	0
3767	0	0	0	0	17	1528	17	17	0
3777	0	0	0	0	7	1530	7	7	0
3779	0	0	0	0	5	1530	5	5	0
3772	0	0	0	0	12	1553	12	12	0
3763	0	0	0	0	21	1543	21	21	0
3769	0	0	0	0	15	1535	15	14	1
3735	0	0	0	0	49	1558	49	49	0
3759	0	0	0	0	25	1568	25	25	0
3753	0	0	0	0	31	1555	31	31	0
3778	0	0	0	0	6	1532	6	6	0
3774	0	0	0	0	10	1537	10	10	0
3779	0	0	0	0	5	1521	5	5	0
3763	0	0	0	0	21	1556	21	21	0
3769	0	0	0	0	15	1536	15	14	1
3768	0	0	0	0	16	1539	16	16	0
3733	0	0	0	0	51	1570	51	49	2
3765	0	0	0	0	19	1549	19	19	0
3732	0	0	0	0	52	1549	52	52	0
3770	0	0	0	0	14	1534	14	14	0
3772	0	0	0	0	12	1545	12	12	0
3758	0	0	0	0	26	1574	26	24	2
3742	0	0	0	0	42	1577	42	42	0
3746	0	0	0	0	38	1552	38	37	1
3775	0	0	0	0	9	1540	9	9	0
3765	0	0	0	0	19	1553	19	19	0
3771	0	0	0	0	13	1533	13	13	0
3765	0	0	0	0	19	1566	19	19	0
3768	0	0	0	0	16	1535	16	16	0
3776	0	0	0	0	8	1527	8	8	0
3770	0	0	0	0	14	1547	14	14	0
3779	0	0	0	0	5	1532	5	5	0
3779	0	0	0	0	5	1531	5	5	0
3654	0	0	0	0	130	1621	130	130	0
3769	0	0	0	0	15	1555	15	15	0
3774	0	0	0	0	10	1534	10	10	0
3778	0	0	0	0	6	1546	6	6	0
3777	0	0	0	0	7	1542	7	6	1
3745	0	0	0	0	39	1565	39	39	0
3672	0	0	0	0	112	1597	112	112	0
3770	0	0	0	0	14	1535	14	14	0
3765	0	0	0	0	19	1539	19	19	0
3773	0	0	0	0	11	1544	11	11	0
3755	0	0	0	0	29	1567	29	29	0
3775	0	0	0	0	9	1536	9	9	0
3743	0	0	0	0	41	1543	41	41	0
3779	0	0	0	0	5	1521	5	5	0
3774	0	0	0	0	10	1529	10	10	0
3779	0	0	0	0	5	1516	5	5	0
3745	0	0	0	0	39	1553	39	38	1
3774	0	0	0	0	10	1548	10	10	0
3753	0	0	0	0	31	1559	31	31	0
3775	0	0	0	0	9	1529	9	9	0
3760	0	0	0	0	24	1564	24	23	1
3765	0	0	0	0	19	1532	19	19	0
3767	0	0	0	0	17	1531	17	16	1
3772	0	0	0	0	12	1536	12	11	1
3767	0	0	0	0	17	1542	17	17	0
3778	0	0	0	0	6	1526	6	6	0
3729	0	0	0	0	55	1583	55	55	0
3753	0	0	0	0	31	1558	31	31	0
3776	0	0	0	0	8	1527	8	7	1
3775	0	0	0	0	9	1537	9	9	0
3774	0	0	0	0	10	1530	10	10	0
3772	0	0	0	0	12	1548	12	12	0
3775	0	0	0	0	9	1563	9	9	0
3773	0	0	0	0	11	1548	11	10	1
3749	0	0	0	0	35	1571	35	35	0
3735	0	0	0	0	49	1551	49	49	0
3779	0	0	0	0	5	1520	5	5	0
3779	0	0	0	0	5	1520	5	5	0
3776	0	0	0	0	8	1560	8	8	0
3779	0	0	0	0	5	1534	5	5	0
3777	0	0	0	0	7	1538	7	7	0
3776	0	0	0	0	8	1534	8	8	0
3776	0	0	0	0	8	1538	8	7	1
3777	0	0	0	0	7	1538	7	7	0
3772	0	0	0	0	12	1549	12	12	0
3770	0	0	0	0	14	1554	14	14	0
3774	0	0	0	0	10	1546	10	10	0
3778	0	0	0	0	6	1544	6	5	1
3778	0	0	0	0	6	1533	6	6	0
3779	0	0	0	0	5	1527	5	5	0
3770	0	0	0	0	14	1537	14	14	0
3772	0	0	0	0	12	1534	12	12	0
3765	0	0	0	0	19	1540	19	19	0
3756	0	0	0	0	28	1559	28	28	0
3768	0	0	0	0	16	1540	16	14	2
3779	0	0	0	0	5	1544	5	5	0
3719	0	0	0	0	65	1553	65	64	1
3779	0	0	0	0	5	1518	5	5	0
3777	0	0	0	0	7	1530	7	7	0
3727	0	0	0	0	57	1580	57	54	3
3750	0	0	0	0	34	1548	34	34	0
3770	0	0	0	0	14	1536	14	14	0
3777	0	0	0	0	7	1538	7	7	0
3761	0	0	0	0	23	1542	23	23	0
3693	0	0	0	0	91	1621	91	91	0
3778	0	0	0	0	6	1526	6	6	0
3743	0	0	0	0	41	1575	41	41	0
3778	0	0	0	0	6	1528	6	6	0
3769	0	0	0	0	15	1529	15	15	0
3779	0	0	0	0	5	1547	5	5	0
3770	0	0	0	0	14	1537	14	14	0
3770	0	0	0	0	14	1547	14	14	0
3730	0	0	0	0	54	1545	54	53	1
3776	0	0	0	0	8	1541	8	7	1
3773	0	0	0	0	11	1538	11	11	0
3778	0	0	0	0	6	1544	6	6	0
3776	0	0	0	0	8	1524	8	7	1
3776	0	0	0	0	8	1543	8	8	0
3779	0	0	0	0	5	1528	5	5	0
3776	0	0	0	0	8	1542	8	8	0
3748	0	0	0	0	36	1573	36	36	0
3779	0	0	0	0	5	1532	5	5	0
3777	0	0	0	0	7	1517	7	7	0
3760	0	0	0	0	24	1530	24	24	0
3754	0	0	0	0	30	1561	30	30	0
3776	0	0	0	0	8	1545	8	8	0
3778	0	0	0	0	6	1534	6	6	0
3779	0	0	0	0	5	1530	5	5	0
3738	0	0	0	0	46	1564	46	46	0
3772	0	0	0	0	12	1542	12	12	0
3771	0	0	0	0	13	1531	13	13	0
3657	0	0	0	0	127	1619	127	127	0
3777	0	0	0	0	7	1535	7	7	0
3727	0	0	0	0	57	1587	57	57	0
3757	0	0	0	0	27	1558	27	26	1
3763	0	0	0	0	21	1560	21	21	0
3770	0	0	0	0	14	1561	14	14	0
3658	0	0	0	0	126	1609	126	126	0
3771	0	0	0	0	13	1543	13	13	0
3779	0	0	0	0	5	1534	5	5	0
3765	0	0	0	0	19	1551	19	19	0
3771	0	0	0	0	13	1540	13	12	1
3761	0	0	0	0	23	1546	23	23	0
3754	0	0	0	0	30	1548	30	30	0
3761	0	0	0	0	23	1546	23	23	0
3681	0	0	0	0	103	1606	103	103	0
3778	0	0	0	0	6	1527	6	6	0
3721	0	0	0	0	63	1585	63	63	0
3757	0	0	0	0	27	1554	27	27	0
3721	0	0	0	0	63	1589	63	63	0
3778	0	0	0	0	6	1527	6	6	0
3754	0	0	0	0	30	1549	30	30	0
3772	0	0	0	0	12	1543	12	12	0
3734	0	0	0	0	50	1562	50	50	0
3767	0	0	0	0	17	1533	17	17	0
3774	0	0	0	0	10	1538	10	9	1
3779	0	0	0	0	5	1527	5	5	0
3668	0	0	0	0	116	1605	116	116	0
3778	0	0	0	0	6	1535	6	6	0
3761	0	0	0	0	23	1563	23	23	0
3766	0	0	0	0	18	1553	18	18	0
3757	0	0	0	0	27	1546	27	26	1
3778	0	0	0	0	6	1530	6	6	0
3779	0	0	0	0	5	1529	5	5	0
3777	0	0	0	0	7	1539	7	7	0
3775	0	0	0	0	9	1523	9	8	1
3769	0	0	0	0	15	1533	15	15	0
3752	0	0	0	0	32	1542	32	31	1
3768	0	0	0	0	16	1543	16	16	0
3761	0	0	0	0	23	1547	23	23	0
3779	0	0	0	0	5	1522	5	5	0
3776	0	0	0	0	8	1550	8	8	0
3731	0	0	0	0	53	1561	53	53	0
3755	0	0	0	0	29	1562	29	28	1
3779	0	0	0	0	5	1531	5	5	0
3768	0	0	0	0	16	1541	16	16	0
3767	0	0	0	0	17	1547	17	17	0
3752	0	0	0	0	32	1550	32	31	1
3756	0	0	0	0	28	1554	28	28	0
3771	0	0	0	0	13	1546	13	13	0
3776	0	0	0	0	8	1545	8	8	0
3774	0	0	0	0	10	1553	10	10	0
3777	0	0	0	0	7	1525	7	7	0
3749	0	0	0	0	35	1547	35	35	0
3767	0	0	0	0	17	1556	17	17	0
3762	0	0	0	0	22	1546	22	22	0
3760	0	0	0	0	24	1553	24	24	0
3775	0	0	0	0	9	1526	9	9	0
3772	0	0	0	0	12	1527	12	12	0
3772	0	0	0	0	12	1532	12	12	0
3773	0	0	0	0	11	1537	11	11	0
3756	0	0	0	0	28	1578	28	27	1
3707	0	0	0	0	77	1591	77	77	0
3769	0	0	0	0	15	1541	15	15	0
3761	0	0	0	0	23	1537	23	23	0
3746	0	0	0	0	38	1591	38	38	0
3765	0	0	0	0	19	1536	19	18	1
3775	0	0	0	0	9	1537	9	9	0
3652	0	0	0	0	132	1635	132	131	1
3771	0	0	0	0	13	1541	13	13	0
3745	0	0	0	0	39	1557	39	39	0
3772	0	0	0	0	12	1550	12	12	0
3661	0	0	0	0	123	1612	123	122	1
3755	0	0	0	0	29	1554	29	29	0
3774	0	0	0	0	10	1546	10	10	0
3779	0	0	0	0	5	1514	5	5	0
3701	0	0	0	0	83	1593	83	83	0
3636	0	0	0	0	148	1645	148	148	0
3772	0	0	0	0	12	1531	12	12	0
3773	0	0	0	0	11	1547	11	11	0
3704	0	0	0	0	80	1583	80	79	1
3778	0	0	0	0	6	1527	6	6	0
3656	0	0	0	0	128	1615	128	128	0
3777	0	0	0	0	7	1532	7	7	0
3749	0	0	0	0	35	1552	35	35	0
3754	0	0	0	0	30	1542	30	29	1
3769	0	0	0	0	15	1528	15	14	1
3755	0	0	0	0	29	1549	29	28	1
3773	0	0	0	0	11	1545	11	11	0
3746	0	0	0	0	38	1558	38	38	0
3685	0	0	0	0	99	1606	99	99	0
3772	0	0	0	0	12	1537	12	12	0
3778	0	0	0	0	6	1523	6	6	0
3778	0	0	0	0	6	1540	6	6	0
3770	0	0	0	0	14	1536	14	14	0
3749	0	0	0	0	35	1554	35	35	0
3759	0	0	0	0	25	1549	25	24	1
3777	0	0	0	0	7	1531	7	7	0
3768	0	0	0	0	16	1534	16	16	0
3779	0	0	0	0	5	1530	5	5	0
3768	0	0	0	0	16	1526	16	16	0
3779	0	0	0	0	5	1530	5	5	0
3764	0	0	0	0	20	1537	20	20	0
3768	0	0	0	0	16	1542	16	16	0
3738	0	0	0	0	46	1557	46	46	0
3779	0	0	0	0	5	1519	5	5	0
3776	0	0	0	0	8	1538	8	8	0
3767	0	0	0	0	17	1532	17	17	0
3764	0	0	0	0	20	1524	20	19	1
3775	0	0	0	0	9	1533	9	9	0
3741	0	0	0	0	43	1563	43	43	0
3775	0	0	0	0	9	1542	9	9	0
3778	0	0	0	0	6	1525	6	6	0
3766	0	0	0	0	18	1531	18	17	1
3681	0	0	0	0	103	1587	103	102	1
3770	0	0	0	0	14	1536	14	14	0
3685	0	0	0	0	99	1608	99	98	1
3773	0	0	0	0	11	1523	11	11	0
3776	0	0	0	0	8	1542	8	7	1
3761	0	0	0	0	23	1550	23	23	0
3769	0	0	0	0	15	1546	15	15	0
3761	0	0	0	0	23	1539	23	23	0
3775	0	0	0	0	9	1540	9	9	0
3766	0	0	0	0	18	1542	18	17	1
3753	0	0	0	0	31	1574	31	30	1
3775	0	0	0	0	9	1529	9	9	0
3775	0	0	0	0	9	1533	9	9	0
3771	0	0	0	0	13	1536	13	13	0
3775	0	0	0	0	9	1543	9	9	0
3766	0	0	0	0	18	1552	18	18	0
3757	0	0	0	0	27	1559	27	27	0
3778	0	0	0	0	6	1524	6	6	0
3779	0	0	0	0	5	1539	5	5	0
3778	0	0	0	0	6	1533	6	6	0
3777	0	0	0	0	7	1539	7	7	0
3764	0	0	0	0	20	1570	20	20	0
3779	0	0	0	0	5	1517	5	5	0
3776	0	0	0	0	8	1532	8	8	0
3757	0	0	0	0	27	1554	27	27	0
3699	0	0	0	0	85	1600	85	85	0
3776	0	0	0	0	8	1540	8	8	0
3774	0	0	0	0	10	1541	10	10	0
3778	0	0	0	0	6	1525	6	6	0
3772	0	0	0	0	12	1534	12	11	1
3776	0	0	0	0	8	1540	8	7	1
3763	0	0	0	0	21	1562	21	19	2
3777	0	0	0	0	7	1531	7	7	0
3773	0	0	0	0	11	1524	11	11	0
3772	0	0	0	0	12	1545	12	12	0
3779	0	0	0	0	5	1532	5	5	0
3761	0	0	0	0	23	1554	23	23	0
3755	0	0	0	0	29	1557	29	29	0
3744	0	0	0	0	40	1569	40	39	1
3750	0	0	0	0	34	1565	34	34	0
3778	0	0	0	0	6	1531	6	5	1
3779	0	0	0	0	5	1542	5	5	0
3779	0	0	0	0	5	1518	5	5	0
3772	0	0	0	0	12	1538	12	12	0
3678	0	0	0	0	106	1618	106	106	0
3765	0	0	0	0	19	1544	19	19	0
3763	0	0	0	0	21	1549	21	21	0
3779	0	0	0	0	5	1541	5	5	0
3776	0	0	0	0	8	1540	8	8	0
3739	0	0	0	0	45	1570	45	44	1
3777	0	0	0	0	7	1534	7	7	0
3778	0	0	0	0	6	1532	6	5	1
3775	0	0	0	0	9	1548	9	9	0
3778	0	0	0	0	6	1527	6	6	0
3714	0	0	0	0	70	1587	70	70	0
3774	0	0	0	0	10	1533	10	10	0
3777	0	0	0	0	7	1529	7	7	0
3776	0	0	0	0	8	1542	8	8	0
3777	0	0	0	0	7	1538	7	7	0
3774	0	0	0	0	10	1548	10	9	1
3756	0	0	0	0	28	1542	28	28	0
3770	0	0	0	0	14	1558	14	14	0
3717	0	0	0	0	67	1601	67	67	0
3779	0	0	0	0	5	1531	5	5	0
3767	0	0	0	0	17	1524	17	17	0
3778	0	0	0	0	6	1528	6	6	0
3775	0	0	0	0	9	1538	9	9	0
3777	0	0	0	0	7	1534	7	7	0
3770	0	0	0	0	14	1550	14	14	0
3734	0	0	0	0	50	1571	50	50	0
3772	0	0	0	0	12	1539	12	12	0
3777	0	0	0	0	7	1531	7	7	0
3757	0	0	0	0	27	1551	27	27	0
3775	0	0	0	0	9	1536	9	9	0
3768	0	0	0	0	16	1548	16	15	1
3759	0	0	0	0	25	1531	25	25	0
3768	0	0	0	0	16	1535	16	15	1
3764	0	0	0	0	20	1545	20	20	0
3779	0	0	0	0	5	1537	5	5	0
3758	0	0	0	0	26	1557	26	26	0
3775	0	0	0	0	9	1539	9	9	0
3768	0	0	0	0	16	1543	16	16	0
3699	0	0	0	0	85	1584	85	85	0
3769	0	0	0	0	15	1542	15	14	1
3778	0	0	0	0	6	1532	6	6	0
3756	0	0	0	0	28	1554	28	28	0
3772	0	0	0	0	12	1557	12	12	0
3774	0	0	0	0	10	1557	10	10	0
3773	0	0	0	0	11	1546	11	10	1
3743	0	0	0	0	41	1557	41	41	0
3768	0	0	0	0	16	1544	16	16	0
3777	0	0	0	0	7	1524	7	7	0
3776	0	0	0	0	8	1524	8	8	0
3755	0	0	0	0	29	1554	29	29	0
3770	0	0	0	0	14	1541	14	14	0
3777	0	0	0	0	7	1537	7	7	0
3771	0	0	0	0	13	1537	13	13	0
3765	0	0	0	0	19	1542	19	19	0
3778	0	0	0	0	6	1519	6	6	0
3716	0	0	0	0	68	1574	68	68	0
3740	0	0	0	0	44	1558	44	43	1
3772	0	0	0	0	12	1551	12	12	0
3734	0	0	0	0	50	1585	50	50	0
3770	0	0	0	0	14	1536	14	14	0
3772	0	0	0	0	12	1529	12	12	0
3779	0	0	0	0	5	1534	5	5	0
3761	0	0	0	0	23	1535	23	23	0
3779	0	0	0	0	5	1525	5	5	0
3756	0	0	0	0	28	1543	28	28	0
3740	0	0	0	0	44	1582	44	44	0
3777	0	0	0	0	7	1525	7	7	0
3767	0	0	0	0	17	1549	17	17	0
3768	0	0	0	0	16	1531	16	16	0
3776	0	0	0	0	8	1524	8	8	0
3733	0	0	0	0	51	1587	51	51	0
3769	0	0	0	0	15	1525	15	15	0
3764	0	0	0	0	20	1554	20	19	1
3772	0	0	0	0	12	1539	12	12	0
3764	0	0	0	0	20	1547	20	20	0
3756	0	0	0	0	28	1547	28	28	0
3777	0	0	0	0	7	1532	7	7	0
3768	0	0	0	0	16	1524	16	16	0
3762	0	0	0	0	22	1561	22	22	0
3736	0	0	0	0	48	1577	48	46	2
3774	0	0	0	0	10	1552	10	10	0
3775	0	0	0	0	9	1528	9	9	0
3767	0	0	0	0	17	1560	17	17	0
3779	0	0	0	0	5	1533	5	5	0
3779	0	0	0	0	5	1515	5	5	0
3757	0	0	0	0	27	1566	27	27	0
3776	0	0	0	0	8	1529	8	7	1
3769	0	0	0	0	15	1548	15	13	2
3776	0	0	0	0	8	1538	8	6	2
3767	0	0	0	0	17	1544	17	17	0
3775	0	0	0	0	9	1526	9	9	0
3778	0	0	0	0	6	1532	6	6	0
3776	0	0	0	0	8	1534	8	7	1
3719	0	0	0	0	65	1580	65	64	1
3779	0	0	0	0	5	1519	5	5	0
3775	0	0	0	0	9	1541	9	9	0
3774	0	0	0	0	10	1538	10	9	1
3776	0	0	0	0	8	1536	8	8	0
3777	0	0	0	0	7	1542	7	7	0
3776	0	0	0	0	8	1528	8	7	1
3767	0	0	0	0	17	1529	17	17	0
3773	0	0	0	0	11	1551	11	11	0
3757	0	0	0	0	27	1560	27	26	1
3776	0	0	0	0	8	1531	8	8	0
3772	0	0	0	0	12	1549	12	12	0
3763	0	0	0	0	21	1539	21	20	1
3777	0	0	0	0	7	1528	7	7	0
3776	0	0	0	0	8	1537	8	8	0
3779	0	0	0	0	5	1533	5	5	0
3759	0	0	0	0	25	1551	25	23	2
3778	0	0	0	0	6	1528	6	6	0
3775	0	0	0	0	9	1540	9	9	0
3703	0	0	0	0	81	1583	81	81	0
3764	0	0	0	0	20	1539	20	19	1
3773	0	0	0	0	11	1538	11	11	0
3773	0	0	0	0	11	1540	11	11	0
3778	0	0	0	0	6	1530	6	6	0
3771	0	0	0	0	13	1530	13	13	0
3777	0	0	0	0	7	1532	7	7	0
3779	0	0	0	0	5	1531	5	5	0
3705	0	0	0	0	79	1593	79	79	0
3756	0	0	0	0	28	1549	28	27	1
3775	0	0	0	0	9	1540	9	9	0
3762	0	0	0	0	22	1540	22	22	0
3771	0	0	0	0	13	1530	13	12	1
3734	0	0	0	0	50	1553	50	50	0
3778	0	0	0	0	6	1531	6	6	0
3760	0	0	0	0	24	1575	24	23	1
3773	0	0	0	0	11	1537	11	10	1
3683	0	0	0	0	101	1587	101	100	1
3768	0	0	0	0	16	1540	16	16	0
3772	0	0	0	0	12	1538	12	12	0
3772	0	0	0	0	12	1541	12	12	0
3777	0	0	0	0	7	1530	7	7	0
3779	0	0	0	0	5	1521	5	5	0
3778	0	0	0	0	6	1533	6	6	0
3772	0	0	0	0	12	1541	12	12	0
3769	0	0	0	0	15	1544	15	15	0
3753	0	0	0	0	31	1551	31	31	0
3710	0	0	0	0	74	1580	74	72	2
3777	0	0	0	0	7	1528	7	7	0
3773	0	0	0	0	11	1543	11	11	0
3772	0	0	0	0	12	1534	12	11	1
3779	0	0	0	0	5	1521	5	5	0
3739	0	0	0	0	45	1565	45	45	0
3751	0	0	0	0	33	1557	33	33	0
3776	0	0	0	0	8	1528	8	8	0
3767	0	0	0	0	17	1543	17	15	2
3778	0	0	0	0	6	1531	6	6	0
3758	0	0	0	0	26	1548	26	24	2
3718	0	0	0	0	66	1586	66	66	0
3774	0	0	0	0	10	1529	10	9	1
3761	0	0	0	0	23	1544	23	23	0
3762	0	0	0	0	22	1557	22	21	1
3772	0	0	0	0	12	1528	12	11	1
3778	0	0	0	0	6	1518	6	6	0
3777	0	0	0	0	7	1545	7	6	1
3778	0	0	0	0	6	1528	6	6	0
3779	0	0	0	0	5	1525	5	5	0
3779	0	0	0	0	5	1521	5	5	0
3764	0	0	0	0	20	1534	20	20	0
