3777	0	0	0	0	7	2880	7	5	2
3778	0	0	0	0	6	2884	6	6	0
3778	0	0	0	0	6	2871	6	6	0
3778	0	0	0	0	6	2881	6	6	0
3779	0	0	0	0	5	2857	5	5	0
3779	0	0	0	0	5	2881	5	5	0
3779	0	0	0	0	5	2880	5	5	0
3778	0	0	0	0	6	2888	6	5	1
3779	0	0	0	0	5	2889	5	5	0
3775	0	0	0	0	9	2884	9	8	1
3778	0	0	0	0	6	2892	6	5	1
3779	0	0	0	0	5	2879	5	5	0
3779	0	0	0	0	5	2882	5	5	0
3779	0	0	0	0	5	2848	5	5	0
3779	0	0	0	0	5	2854	5	5	0
3774	0	0	0	0	10	2884	10	8	2
3779	0	0	0	0	5	2850	5	5	0
3776	0	0	0	0	8	2903	8	7	1
3779	0	0	0	0	5	2871	5	5	0
3779	0	0	0	0	5	2870	5	5	0
3778	0	0	0	0	6	2864	6	5	1
3779	0	0	0	0	5	2870	5	5	0
3779	0	0	0	0	5	2877	5	5	0
3777	0	0	0	0	7	2898	7	7	0
3779	0	0	0	0	5	2874	5	5	0
3777	0	0	0	0	7	2909	7	6	1
3778	0	0	0	0	6	2889	6	5	1
3779	0	0	0	0	5	2889	5	5	0
3778	0	0	0	0	6	2903	6	5	1
3779	0	0	0	0	5	2895	5	5	0
3778	0	0	0	0	6	2898	6	5	1
3776	0	0	0	0	8	2918	8	6	2
3779	0	0	0	0	5	2869	5	5	0
3779	0	0	0	0	5	2887	5	5	0
3778	0	0	0	0	6	2893	6	5	1
3779	0	0	0	0	5	2847	5	5	0
3779	0	0	0	0	5	2866	5	5	0
3779	0	0	0	0	5	2882	5	5	0
3779	0	0	0	0	5	2843	5	5	0
3779	0	0	0	0	5	2877	5	5	0
3778	0	0	0	0	6	2873	6	5	1
3779	0	0	0	0	5	2858	5	5	0
3777	0	0	0	0	7	2885	7	6	1
3779	0	0	0	0	5	2883	5	5	0
3777	0	0	0	0	7	2870	7	5	2
3779	0	0	0	0	5	2866	5	5	0
3778	0	0	0	0	6	2901	6	6	0
3777	0	0	0	0	7	2893	7	5	2
3778	0	0	0	0	6	2886	6	5	1
3779	0	0	0	0	5	2869	5	5	0
3778	0	0	0	0	6	2891	6	5	1
3779	0	0	0	0	5	2854	5	5	0
3779	0	0	0	0	5	2865	5	5	0
3779	0	0	0	0	5	2874	5	5	0
3777	0	0	0	0	7	2884	7	5	2
3779	0	0	0	0	5	2852	5	5	0
3778	0	0	0	0	6	2892	6	6	0
3779	0	0	0	0	5	2871	5	5	0
3778	0	0	0	0	6	2908	6	6	0
3777	0	0	0	0	7	2867	7	7	0
3778	0	0	0	0	6	2865	6	6	0
3778	0	0	0	0	6	2875	6	5	1
3779	0	0	0	0	5	2892	5	5	0
3779	0	0	0	0	5	2877	5	5	0
3778	0	0	0	0	6	2876	6	5	1
3779	0	0	0	0	5	2882	5	5	0
3779	0	0	0	0	5	2872	5	5	0
3779	0	0	0	0	5	2888	5	5	0
3779	0	0	0	0	5	2869	5	5	0
3779	0	0	0	0	5	2873	5	5	0
3779	0	0	0	0	5	2854	5	5	0
3779	0	0	0	0	5	2899	5	5	0
3776	0	0	0	0	8	2881	8	6	2
3779	0	0	0	0	5	2878	5	5	0
3773	0	0	0	0	11	2910	11	9	2
3778	0	0	0	0	6	2880	6	6	0
3779	0	0	0	0	5	2855	5	5	0
3779	0	0	0	0	5	2871	5	5	0
3777	0	0	0	0	7	2893	7	6	1
3778	0	0	0	0	6	2923	6	5	1
3779	0	0	0	0	5	2868	5	5	0
3777	0	0	0	0	7	2878	7	5	2
3778	0	0	0	0	6	2877	6	5	1
3778	0	0	0	0	6	2886	6	5	1
3777	0	0	0	0	7	2872	7	7	0
3778	0	0	0	0	6	2886	6	6	0
3778	0	0	0	0	6	2861	6	6	0
3779	0	0	0	0	5	2860	5	5	0
3779	0	0	0	0	5	2879	5	5	0
3779	0	0	0	0	5	2875	5	5	0
3779	0	0	0	0	5	2881	5	5	0
3776	0	0	0	0	8	2907	8	7	1
3779	0	0	0	0	5	2881	5	5	0
3777	0	0	0	0	7	2876	7	6	1
3778	0	0	0	0	6	2904	6	5	1
3778	0	0	0	0	6	2903	6	5	1
3777	0	0	0	0	7	2867	7	7	0
3779	0	0	0	0	5	2901	5	5	0
3778	0	0	0	0	6	2875	6	5	1
3779	0	0	0	0	5	2878	5	5	0
3779	0	0	0	0	5	2882	5	5	0
3779	0	0	0	0	5	2891	5	5	0
3779	0	0	0	0	5	2869	5	5	0
3778	0	0	0	0	6	2878	6	6	0
3779	0	0	0	0	5	2851	5	5	0
3779	0	0	0	0	5	2863	5	5	0
3779	0	0	0	0	5	2854	5	5	0
3776	0	0	0	0	8	2892	8	6	2
3779	0	0	0	0	5	2896	5	5	0
3776	0	0	0	0	8	2910	8	7	1
3779	0	0	0	0	5	2857	5	5	0
3778	0	0	0	0	6	2890	6	5	1
3778	0	0	0	0	6	2869	6	6	0
3776	0	0	0	0	8	2871	8	6	2
3778	0	0	0	0	6	2865	6	5	1
3779	0	0	0	0	5	2867	5	5	0
3779	0	0	0	0	5	2857	5	5	0
3778	0	0	0	0	6	2899	6	5	1
3778	0	0	0	0	6	2888	6	6	0
3778	0	0	0	0	6	2866	6	5	1
3779	0	0	0	0	5	2865	5	5	0
3778	0	0	0	0	6	2856	6	6	0
3776	0	0	0	0	8	2901	8	8	0
3778	0	0	0	0	6	2908	6	6	0
3777	0	0	0	0	7	2886	7	5	2
3779	0	0	0	0	5	2886	5	5	0
3777	0	0	0	0	7	2874	7	6	1
3779	0	0	0	0	5	2854	5	5	0
3779	0	0	0	0	5	2851	5	5	0
3779	0	0	0	0	5	2881	5	5	0
3779	0	0	0	0	5	2879	5	5	0
3779	0	0	0	0	5	2865	5	5	0
3778	0	0	0	0	6	2864	6	5	1
3778	0	0	0	0	6	2895	6	5	1
3779	0	0	0	0	5	2888	5	5	0
3779	0	0	0	0	5	2887	5	5	0
3779	0	0	0	0	5	2862	5	5	0
3778	0	0	0	0	6	2893	6	5	1
3778	0	0	0	0	6	2887	6	5	1
3778	0	0	0	0	6	2879	6	6	0
3779	0	0	0	0	5	2855	5	5	0
3779	0	0	0	0	5	2868	5	5	0
3779	0	0	0	0	5	2862	5	5	0
3779	0	0	0	0	5	2855	5	5	0
3779	0	0	0	0	5	2890	5	5	0
3776	0	0	0	0	8	2886	8	6	2
3779	0	0	0	0	5	2896	5	5	0
3776	0	0	0	0	8	2871	8	7	1
3779	0	0	0	0	5	2847	5	5	0
3779	0	0	0	0	5	2860	5	5	0
3776	0	0	0	0	8	2920	8	5	3
3778	0	0	0	0	6	2872	6	6	0
3779	0	0	0	0	5	2867	5	5	0
3778	0	0	0	0	6	2866	6	6	0
3779	0	0	0	0	5	2880	5	5	0
3778	0	0	0	0	6	2876	6	5	1
3779	0	0	0	0	5	2864	5	5	0
3778	0	0	0	0	6	2915	6	5	1
3779	0	0	0	0	5	2863	5	5	0
3778	0	0	0	0	6	2863	6	6	0
3779	0	0	0	0	5	2899	5	5	0
3779	0	0	0	0	5	2875	5	5	0
3779	0	0	0	0	5	2882	5	5	0
3777	0	0	0	0	7	2898	7	5	2
3776	0	0	0	0	8	2887	8	6	2
3779	0	0	0	0	5	2872	5	5	0
3779	0	0	0	0	5	2889	5	5	0
3776	0	0	0	0	8	2867	8	6	2
3779	0	0	0	0	5	2890	5	5	0
3779	0	0	0	0	5	2862	5	5	0
3779	0	0	0	0	5	2879	5	5	0
3778	0	0	0	0	6	2879	6	6	0
3779	0	0	0	0	5	2867	5	5	0
3779	0	0	0	0	5	2844	5	5	0
3779	0	0	0	0	5	2858	5	5	0
3779	0	0	0	0	5	2877	5	5	0
3779	0	0	0	0	5	2889	5	5	0
3778	0	0	0	0	6	2886	6	5	1
3779	0	0	0	0	5	2865	5	5	0
3779	0	0	0	0	5	2873	5	5	0
3779	0	0	0	0	5	2880	5	5	0
3779	0	0	0	0	5	2859	5	5	0
3778	0	0	0	0	6	2907	6	6	0
3779	0	0	0	0	5	2883	5	5	0
3779	0	0	0	0	5	2895	5	5	0
3777	0	0	0	0	7	2892	7	5	2
3779	0	0	0	0	5	2902	5	5	0
3778	0	0	0	0	6	2886	6	5	1
3779	0	0	0	0	5	2882	5	5	0
3779	0	0	0	0	5	2884	5	5	0
3779	0	0	0	0	5	2885	5	5	0
3779	0	0	0	0	5	2875	5	5	0
3778	0	0	0	0	6	2873	6	5	1
3778	0	0	0	0	6	2888	6	6	0
3779	0	0	0	0	5	2882	5	5	0
3776	0	0	0	0	8	2896	8	7	1
3778	0	0	0	0	6	2905	6	6	0
3779	0	0	0	0	5	2864	5	5	0
3778	0	0	0	0	6	2915	6	6	0
3776	0	0	0	0	8	2908	8	7	1
3777	0	0	0	0	7	2887	7	6	1
3779	0	0	0	0	5	2862	5	5	0
3778	0	0	0	0	6	2876	6	6	0
3779	0	0	0	0	5	2864	5	5	0
3778	0	0	0	0	6	2886	6	6	0
3777	0	0	0	0	7	2880	7	7	0
3777	0	0	0	0	7	2891	7	5	2
3779	0	0	0	0	5	2866	5	5	0
3779	0	0	0	0	5	2892	5	5	0
3779	0	0	0	0	5	2874	5	5	0
3779	0	0	0	0	5	2876	5	5	0
3778	0	0	0	0	6	2869	6	6	0
3777	0	0	0	0	7	2862	7	6	1
3779	0	0	0	0	5	2865	5	5	0
3779	0	0	0	0	5	2866	5	5	0
3779	0	0	0	0	5	2884	5	5	0
3778	0	0	0	0	6	2865	6	5	1
3778	0	0	0	0	6	2866	6	6	0
3779	0	0	0	0	5	2864	5	5	0
3779	0	0	0	0	5	2873	5	5	0
3778	0	0	0	0	6	2873	6	5	1
3777	0	0	0	0	7	2870	7	6	1
3779	0	0	0	0	5	2901	5	5	0
3776	0	0	0	0	8	2891	8	8	0
3778	0	0	0	0	6	2883	6	5	1
3779	0	0	0	0	5	2872	5	5	0
3778	0	0	0	0	6	2877	6	6	0
3779	0	0	0	0	5	2867	5	5	0
3778	0	0	0	0	6	2883	6	5	1
3779	0	0	0	0	5	2892	5	5	0
3778	0	0	0	0	6	2894	6	5	1
3779	0	0	0	0	5	2882	5	5	0
3779	0	0	0	0	5	2885	5	5	0
3777	0	0	0	0	7	2865	7	6	1
3775	0	0	0	0	9	2899	9	8	1
3777	0	0	0	0	7	2878	7	7	0
3778	0	0	0	0	6	2883	6	6	0
3779	0	0	0	0	5	2888	5	5	0
3779	0	0	0	0	5	2858	5	5	0
3779	0	0	0	0	5	2860	5	5	0
3778	0	0	0	0	6	2871	6	6	0
3779	0	0	0	0	5	2866	5	5	0
3777	0	0	0	0	7	2914	7	5	2
3776	0	0	0	0	8	2901	8	7	1
3779	0	0	0	0	5	2864	5	5	0
3777	0	0	0	0	7	2885	7	6	1
3779	0	0	0	0	5	2912	5	5	0
3778	0	0	0	0	6	2869	6	5	1
3779	0	0	0	0	5	2883	5	5	0
3779	0	0	0	0	5	2889	5	5	0
3779	0	0	0	0	5	2887	5	5	0
3776	0	0	0	0	8	2890	8	8	0
3778	0	0	0	0	6	2910	6	5	1
3776	0	0	0	0	8	2895	8	7	1
3779	0	0	0	0	5	2872	5	5	0
3779	0	0	0	0	5	2881	5	5	0
3779	0	0	0	0	5	2841	5	5	0
3779	0	0	0	0	5	2883	5	5	0
3777	0	0	0	0	7	2907	7	6	1
3779	0	0	0	0	5	2865	5	5	0
3778	0	0	0	0	6	2880	6	5	1
3779	0	0	0	0	5	2894	5	5	0
3779	0	0	0	0	5	2867	5	5	0
3777	0	0	0	0	7	2912	7	7	0
3778	0	0	0	0	6	2868	6	6	0
3778	0	0	0	0	6	2867	6	6	0
3776	0	0	0	0	8	2857	8	7	1
3778	0	0	0	0	6	2859	6	5	1
3778	0	0	0	0	6	2889	6	5	1
3779	0	0	0	0	5	2880	5	5	0
3779	0	0	0	0	5	2872	5	5	0
3778	0	0	0	0	6	2895	6	6	0
3778	0	0	0	0	6	2877	6	6	0
3779	0	0	0	0	5	2856	5	5	0
3779	0	0	0	0	5	2894	5	5	0
3778	0	0	0	0	6	2871	6	5	1
3777	0	0	0	0	7	2890	7	5	2
3778	0	0	0	0	6	2887	6	5	1
3779	0	0	0	0	5	2872	5	5	0
3777	0	0	0	0	7	2869	7	7	0
3779	0	0	0	0	5	2867	5	5	0
3779	0	0	0	0	5	2862	5	5	0
3779	0	0	0	0	5	2869	5	5	0
3778	0	0	0	0	6	2867	6	6	0
3779	0	0	0	0	5	2867	5	5	0
3777	0	0	0	0	7	2883	7	6	1
3779	0	0	0	0	5	2857	5	5	0
3777	0	0	0	0	7	2882	7	5	2
3777	0	0	0	0	7	2872	7	7	0
3778	0	0	0	0	6	2859	6	5	1
3779	0	0	0	0	5	2863	5	5	0
3779	0	0	0	0	5	2864	5	5	0
3779	0	0	0	0	5	2881	5	5	0
3779	0	0	0	0	5	2861	5	5	0
3776	0	0	0	0	8	2873	8	6	2
3778	0	0	0	0	6	2906	6	5	1
3779	0	0	0	0	5	2870	5	5	0
3777	0	0	0	0	7	2896	7	6	1
3779	0	0	0	0	5	2852	5	5	0
3777	0	0	0	0	7	2890	7	6	1
3777	0	0	0	0	7	2902	7	7	0
3779	0	0	0	0	5	2886	5	5	0
3776	0	0	0	0	8	2866	8	8	0
3779	0	0	0	0	5	2889	5	5	0
3778	0	0	0	0	6	2888	6	5	1
3778	0	0	0	0	6	2884	6	5	1
3779	0	0	0	0	5	2870	5	5	0
3777	0	0	0	0	7	2872	7	6	1
3777	0	0	0	0	7	2882	7	7	0
3778	0	0	0	0	6	2906	6	5	1
3779	0	0	0	0	5	2897	5	5	0
3779	0	0	0	0	5	2887	5	5	0
3778	0	0	0	0	6	2872	6	6	0
3779	0	0	0	0	5	2887	5	5	0
3779	0	0	0	0	5	2878	5	5	0
3779	0	0	0	0	5	2898	5	5	0
3778	0	0	0	0	6	2885	6	5	1
3779	0	0	0	0	5	2849	5	5	0
3779	0	0	0	0	5	2861	5	5	0
3779	0	0	0	0	5	2882	5	5	0
3779	0	0	0	0	5	2908	5	5	0
3778	0	0	0	0	6	2884	6	6	0
3779	0	0	0	0	5	2882	5	5	0
3779	0	0	0	0	5	2868	5	5	0
3778	0	0	0	0	6	2863	6	5	1
3778	0	0	0	0	6	2888	6	5	1
3774	0	0	0	0	10	2912	10	8	2
3779	0	0	0	0	5	2864	5	5	0
3779	0	0	0	0	5	2851	5	5	0
3779	0	0	0	0	5	2867	5	5	0
3779	0	0	0	0	5	2866	5	5	0
3779	0	0	0	0	5	2892	5	5	0
3778	0	0	0	0	6	2892	6	6	0
3778	0	0	0	0	6	2867	6	5	1
3779	0	0	0	0	5	2882	5	5	0
3778	0	0	0	0	6	2869	6	5	1
3779	0	0	0	0	5	2896	5	5	0
3779	0	0	0	0	5	2847	5	5	0
3779	0	0	0	0	5	2884	5	5	0
3776	0	0	0	0	8	2906	8	6	2
3778	0	0	0	0	6	2884	6	6	0
3779	0	0	0	0	5	2896	5	5	0
3779	0	0	0	0	5	2887	5	5	0
3779	0	0	0	0	5	2890	5	5	0
3778	0	0	0	0	6	2898	6	5	1
3777	0	0	0	0	7	2876	7	6	1
3777	0	0	0	0	7	2875	7	5	2
3778	0	0	0	0	6	2895	6	5	1
3779	0	0	0	0	5	2866	5	5	0
3778	0	0	0	0	6	2890	6	6	0
3779	0	0	0	0	5	2871	5	5	0
3778	0	0	0	0	6	2872	6	6	0
3778	0	0	0	0	6	2891	6	6	0
3779	0	0	0	0	5	2882	5	5	0
3777	0	0	0	0	7	2889	7	6	1
3777	0	0	0	0	7	2863	7	6	1
3778	0	0	0	0	6	2877	6	5	1
3778	0	0	0	0	6	2892	6	5	1
3779	0	0	0	0	5	2870	5	5	0
3778	0	0	0	0	6	2851	6	5	1
3779	0	0	0	0	5	2864	5	5	0
3778	0	0	0	0	6	2886	6	6	0
3779	0	0	0	0	5	2875	5	5	0
3778	0	0	0	0	6	2882	6	6	0
3778	0	0	0	0	6	2907	6	5	1
3778	0	0	0	0	6	2874	6	5	1
3779	0	0	0	0	5	2867	5	5	0
3779	0	0	0	0	5	2888	5	5	0
3778	0	0	0	0	6	2884	6	5	1
3777	0	0	0	0	7	2891	7	6	1
3778	0	0	0	0	6	2868	6	5	1
3775	0	0	0	0	9	2880	9	8	1
3779	0	0	0	0	5	2860	5	5	0
3779	0	0	0	0	5	2881	5	5	0
3779	0	0	0	0	5	2902	5	5	0
3779	0	0	0	0	5	2888	5	5	0
3777	0	0	0	0	7	2889	7	6	1
3779	0	0	0	0	5	2893	5	5	0
3776	0	0	0	0	8	2888	8	6	2
3779	0	0	0	0	5	2876	5	5	0
3779	0	0	0	0	5	2879	5	5	0
3779	0	0	0	0	5	2876	5	5	0
3779	0	0	0	0	5	2888	5	5	0
3778	0	0	0	0	6	2886	6	5	1
3778	0	0	0	0	6	2875	6	5	1
3778	0	0	0	0	6	2873	6	6	0
3779	0	0	0	0	5	2850	5	5	0
3779	0	0	0	0	5	2868	5	5	0
3779	0	0	0	0	5	2897	5	5	0
3779	0	0	0	0	5	2875	5	5	0
3777	0	0	0	0	7	2877	7	7	0
3779	0	0	0	0	5	2867	5	5	0
3778	0	0	0	0	6	2877	6	6	0
3779	0	0	0	0	5	2851	5	5	0
3779	0	0	0	0	5	2888	5	5	0
3778	0	0	0	0	6	2880	6	5	1
3778	0	0	0	0	6	2893	6	5	1
3778	0	0	0	0	6	2915	6	6	0
3779	0	0	0	0	5	2866	5	5	0
3778	0	0	0	0	6	2871	6	5	1
3779	0	0	0	0	5	2884	5	5	0
3779	0	0	0	0	5	2865	5	5	0
3779	0	0	0	0	5	2856	5	5	0
3777	0	0	0	0	7	2878	7	6	1
3778	0	0	0	0	6	2881	6	5	1
3777	0	0	0	0	7	2866	7	7	0
3779	0	0	0	0	5	2881	5	5	0
3778	0	0	0	0	6	2864	6	6	0
3779	0	0	0	0	5	2852	5	5	0
3779	0	0	0	0	5	2890	5	5	0
3779	0	0	0	0	5	2855	5	5	0
3777	0	0	0	0	7	2893	7	6	1
3778	0	0	0	0	6	2883	6	6	0
3779	0	0	0	0	5	2890	5	5	0
3779	0	0	0	0	5	2891	5	5	0
3777	0	0	0	0	7	2873	7	6	1
3779	0	0	0	0	5	2849	5	5	0
3778	0	0	0	0	6	2900	6	6	0
3776	0	0	0	0	8	2899	8	5	3
3779	0	0	0	0	5	2884	5	5	0
3778	0	0	0	0	6	2866	6	6	0
3779	0	0	0	0	5	2896	5	5	0
3779	0	0	0	0	5	2876	5	5	0
3779	0	0	0	0	5	2840	5	5	0
3779	0	0	0	0	5	2897	5	5	0
3778	0	0	0	0	6	2869	6	5	1
3777	0	0	0	0	7	2874	7	5	2
3777	0	0	0	0	7	2875	7	5	2
3778	0	0	0	0	6	2892	6	5	1
3779	0	0	0	0	5	2858	5	5	0
3779	0	0	0	0	5	2874	5	5	0
3778	0	0	0	0	6	2872	6	5	1
3777	0	0	0	0	7	2907	7	6	1
3779	0	0	0	0	5	2854	5	5	0
3778	0	0	0	0	6	2880	6	5	1
3777	0	0	0	0	7	2869	7	5	2
3778	0	0	0	0	6	2871	6	6	0
3779	0	0	0	0	5	2868	5	5	0
3777	0	0	0	0	7	2868	7	5	2
3775	0	0	0	0	9	2865	9	8	1
3779	0	0	0	0	5	2881	5	5	0
3778	0	0	0	0	6	2889	6	5	1
3779	0	0	0	0	5	2880	5	5	0
3779	0	0	0	0	5	2875	5	5	0
3777	0	0	0	0	7	2871	7	6	1
3779	0	0	0	0	5	2855	5	5	0
3777	0	0	0	0	7	2888	7	6	1
3779	0	0	0	0	5	2883	5	5	0
3777	0	0	0	0	7	2902	7	5	2
3779	0	0	0	0	5	2879	5	5	0
3778	0	0	0	0	6	2877	6	6	0
3779	0	0	0	0	5	2886	5	5	0
3778	0	0	0	0	6	2869	6	5	1
3779	0	0	0	0	5	2867	5	5	0
3779	0	0	0	0	5	2876	5	5	0
3779	0	0	0	0	5	2867	5	5	0
3779	0	0	0	0	5	2863	5	5	0
3779	0	0	0	0	5	2868	5	5	0
3779	0	0	0	0	5	2866	5	5	0
3775	0	0	0	0	9	2914	9	7	2
3775	0	0	0	0	9	2909	9	7	2
3778	0	0	0	0	6	2889	6	6	0
3777	0	0	0	0	7	2895	7	6	1
3778	0	0	0	0	6	2862	6	5	1
3776	0	0	0	0	8	2880	8	6	2
3778	0	0	0	0	6	2870	6	5	1
3778	0	0	0	0	6	2911	6	5	1
3778	0	0	0	0	6	2878	6	5	1
3778	0	0	0	0	6	2877	6	5	1
3779	0	0	0	0	5	2876	5	5	0
3779	0	0	0	0	5	2879	5	5	0
3779	0	0	0	0	5	2873	5	5	0
3779	0	0	0	0	5	2868	5	5	0
3779	0	0	0	0	5	2857	5	5	0
3779	0	0	0	0	5	2878	5	5	0
3778	0	0	0	0	6	2876	6	5	1
3778	0	0	0	0	6	2870	6	6	0
3778	0	0	0	0	6	2885	6	6	0
3776	0	0	0	0	8	2897	8	5	3
3779	0	0	0	0	5	2864	5	5	0
3776	0	0	0	0	8	2887	8	7	1
3777	0	0	0	0	7	2870	7	5	2
3779	0	0	0	0	5	2862	5	5	0
3779	0	0	0	0	5	2872	5	5	0
3778	0	0	0	0	6	2884	6	5	1
3777	0	0	0	0	7	2875	7	6	1
3778	0	0	0	0	6	2871	6	5	1
3779	0	0	0	0	5	2867	5	5	0
3777	0	0	0	0	7	2854	7	5	2
3778	0	0	0	0	6	2879	6	5	1
3776	0	0	0	0	8	2862	8	5	3
3779	0	0	0	0	5	2873	5	5	0
3778	0	0	0	0	6	2881	6	5	1
3778	0	0	0	0	6	2856	6	5	1
3779	0	0	0	0	5	2843	5	5	0
3778	0	0	0	0	6	2898	6	5	1
3778	0	0	0	0	6	2875	6	5	1
3779	0	0	0	0	5	2861	5	5	0
3779	0	0	0	0	5	2857	5	5	0
3776	0	0	0	0	8	2876	8	6	2
