3772	0	0	0	0	12	1156	12	11	1
3746	0	0	0	0	38	1171	38	38	0
3736	0	0	0	0	48	1174	48	48	0
3721	0	0	0	0	63	1180	63	63	0
3601	0	0	0	0	183	1227	183	183	0
3775	0	0	0	0	9	1158	9	9	0
3777	0	0	0	0	7	1152	7	7	0
3743	0	0	0	0	41	1183	41	41	0
3734	0	0	0	0	50	1182	50	50	0
3768	0	0	0	0	16	1159	16	15	1
3598	0	0	0	0	186	1235	186	186	0
3769	0	0	0	0	15	1161	15	15	0
3776	0	0	0	0	8	1163	8	8	0
3779	0	0	0	0	5	1141	5	5	0
3776	0	0	0	0	8	1139	8	8	0
3719	0	0	0	0	65	1191	65	64	1
3778	0	0	0	0	6	1138	6	6	0
3736	0	0	0	0	48	1182	48	47	1
3778	0	0	0	0	6	1157	6	6	0
3773	0	0	0	0	11	1153	11	11	0
3778	0	0	0	0	6	1149	6	5	1
3704	0	0	0	0	80	1185	80	80	0
3779	0	0	0	0	5	1151	5	5	0
3776	0	0	0	0	8	1153	8	8	0
3728	0	0	0	0	56	1169	56	56	0
3778	0	0	0	0	6	1166	6	6	0
3760	0	0	0	0	24	1170	24	24	0
3735	0	0	0	0	49	1175	49	49	0
3765	0	0	0	0	19	1176	19	19	0
3748	0	0	0	0	36	1173	36	36	0
3767	0	0	0	0	17	1172	17	16	1
3774	0	0	0	0	10	1148	10	10	0
3752	0	0	0	0	32	1178	32	32	0
3765	0	0	0	0	19	1157	19	19	0
3689	0	0	0	0	95	1201	95	94	1
3778	0	0	0	0	6	1140	6	6	0
3618	0	0	0	0	166	1216	166	166	0
3774	0	0	0	0	10	1154	10	10	0
3779	0	0	0	0	5	1138	5	5	0
3778	0	0	0	0	6	1161	6	6	0
3775	0	0	0	0	9	1159	9	9	0
3700	0	0	0	0	84	1197	84	84	0
3743	0	0	0	0	41	1171	41	40	1
3769	0	0	0	0	15	1172	15	15	0
3779	0	0	0	0	5	1147	5	5	0
3779	0	0	0	0	5	1150	5	5	0
3761	0	0	0	0	23	1182	23	23	0
3777	0	0	0	0	7	1160	7	6	1
3731	0	0	0	0	53	1189	53	52	1
3584	0	0	0	0	200	1257	200	200	0
3748	0	0	0	0	36	1166	36	36	0
3779	0	0	0	0	5	1142	5	5	0
3773	0	0	0	0	11	1154	11	11	0
3680	0	0	0	0	104	1229	104	104	0
3775	0	0	0	0	9	1161	9	7	2
3779	0	0	0	0	5	1139	5	5	0
3762	0	0	0	0	22	1168	22	22	0
3774	0	0	0	0	10	1152	10	10	0
3742	0	0	0	0	42	1180	42	42	0
3753	0	0	0	0	31	1155	31	31	0
3775	0	0	0	0	9	1149	9	9	0
3775	0	0	0	0	9	1154	9	9	0
3772	0	0	0	0	12	1172	12	12	0
3763	0	0	0	0	21	1163	21	21	0
3765	0	0	0	0	19	1159	19	18	1
3698	0	0	0	0	86	1184	86	86	0
3746	0	0	0	0	38	1184	38	38	0
3715	0	0	0	0	69	1187	69	69	0
3777	0	0	0	0	7	1150	7	7	0
3749	0	0	0	0	35	1162	35	35	0
3779	0	0	0	0	5	1141	5	5	0
3747	0	0	0	0	37	1183	37	37	0
3765	0	0	0	0	19	1156	19	18	1
3762	0	0	0	0	22	1162	22	22	0
3651	0	0	0	0	133	1218	133	131	2
3765	0	0	0	0	19	1167	19	19	0
3726	0	0	0	0	58	1169	58	58	0
3767	0	0	0	0	17	1156	17	17	0
3767	0	0	0	0	17	1164	17	17	0
3732	0	0	0	0	52	1206	52	50	2
3722	0	0	0	0	62	1207	62	62	0
3735	0	0	0	0	49	1172	49	48	1
3775	0	0	0	0	9	1157	9	9	0
3763	0	0	0	0	21	1167	21	21	0
3771	0	0	0	0	13	1149	13	13	0
3678	0	0	0	0	106	1236	106	106	0
3761	0	0	0	0	23	1154	23	23	0
3776	0	0	0	0	8	1146	8	8	0
3758	0	0	0	0	26	1169	26	26	0
3779	0	0	0	0	5	1151	5	5	0
3779	0	0	0	0	5	1151	5	5	0
3575	0	0	0	0	209	1268	209	209	0
3767	0	0	0	0	17	1171	17	17	0
3764	0	0	0	0	20	1156	20	20	0
3777	0	0	0	0	7	1167	7	7	0
3775	0	0	0	0	9	1157	9	8	1
3743	0	0	0	0	41	1180	41	41	0
3607	0	0	0	0	177	1241	177	177	0
3755	0	0	0	0	29	1172	29	29	0
3739	0	0	0	0	45	1162	45	45	0
3771	0	0	0	0	13	1159	13	13	0
3662	0	0	0	0	122	1221	122	122	0
3758	0	0	0	0	26	1170	26	26	0
3723	0	0	0	0	61	1165	61	61	0
3779	0	0	0	0	5	1142	5	5	0
3770	0	0	0	0	14	1149	14	14	0
3779	0	0	0	0	5	1137	5	5	0
3718	0	0	0	0	66	1182	66	65	1
3774	0	0	0	0	10	1169	10	10	0
3696	0	0	0	0	88	1187	88	88	0
3773	0	0	0	0	11	1148	11	11	0
3754	0	0	0	0	30	1178	30	29	1
3762	0	0	0	0	22	1150	22	22	0
3763	0	0	0	0	21	1151	21	20	1
3771	0	0	0	0	13	1155	13	12	1
3724	0	0	0	0	60	1202	60	60	0
3778	0	0	0	0	6	1147	6	6	0
3620	0	0	0	0	164	1232	164	164	0
3738	0	0	0	0	46	1178	46	46	0
3741	0	0	0	0	43	1161	43	42	1
3775	0	0	0	0	9	1153	9	9	0
3771	0	0	0	0	13	1152	13	13	0
3748	0	0	0	0	36	1178	36	36	0
3773	0	0	0	0	11	1177	11	11	0
3773	0	0	0	0	11	1162	11	10	1
3742	0	0	0	0	42	1190	42	42	0
3699	0	0	0	0	85	1178	85	85	0
3779	0	0	0	0	5	1139	5	5	0
3779	0	0	0	0	5	1142	5	5	0
3731	0	0	0	0	53	1197	53	53	0
3779	0	0	0	0	5	1147	5	5	0
3734	0	0	0	0	50	1184	50	50	0
3776	0	0	0	0	8	1152	8	8	0
3776	0	0	0	0	8	1153	8	7	1
3777	0	0	0	0	7	1156	7	7	0
3772	0	0	0	0	12	1167	12	12	0
3756	0	0	0	0	28	1202	28	28	0
3769	0	0	0	0	15	1166	15	15	0
3778	0	0	0	0	6	1163	6	5	1
3777	0	0	0	0	7	1154	7	7	0
3779	0	0	0	0	5	1147	5	5	0
3767	0	0	0	0	17	1156	17	17	0
3771	0	0	0	0	13	1152	13	13	0
3762	0	0	0	0	22	1158	22	22	0
3595	0	0	0	0	189	1245	189	189	0
3733	0	0	0	0	51	1186	51	49	2
3779	0	0	0	0	5	1163	5	5	0
3710	0	0	0	0	74	1180	74	73	1
3779	0	0	0	0	5	1139	5	5	0
3776	0	0	0	0	8	1145	8	8	0
3698	0	0	0	0	86	1204	86	83	3
3736	0	0	0	0	48	1172	48	48	0
3769	0	0	0	0	15	1153	15	15	0
3777	0	0	0	0	7	1159	7	7	0
3757	0	0	0	0	27	1161	27	27	0
3534	0	0	0	0	250	1270	250	250	0
3778	0	0	0	0	6	1145	6	6	0
3614	0	0	0	0	170	1257	170	170	0
3778	0	0	0	0	6	1148	6	6	0
3768	0	0	0	0	16	1149	16	16	0
3741	0	0	0	0	43	1171	43	43	0
3770	0	0	0	0	14	1156	14	14	0
3761	0	0	0	0	23	1167	23	23	0
3717	0	0	0	0	67	1164	67	66	1
3776	0	0	0	0	8	1162	8	7	1
3773	0	0	0	0	11	1159	11	11	0
3778	0	0	0	0	6	1159	6	6	0
3776	0	0	0	0	8	1140	8	7	1
3776	0	0	0	0	8	1161	8	8	0
3779	0	0	0	0	5	1147	5	5	0
3718	0	0	0	0	66	1195	66	65	1
3625	0	0	0	0	159	1246	159	159	0
3779	0	0	0	0	5	1149	5	5	0
3777	0	0	0	0	7	1138	7	7	0
3758	0	0	0	0	26	1153	26	26	0
3692	0	0	0	0	92	1187	92	92	0
3772	0	0	0	0	12	1165	12	12	0
3778	0	0	0	0	6	1154	6	6	0
3779	0	0	0	0	5	1149	5	5	0
3649	0	0	0	0	135	1217	135	135	0
3760	0	0	0	0	24	1169	24	24	0
3771	0	0	0	0	13	1148	13	13	0
3498	0	0	0	0	286	1277	286	286	0
3777	0	0	0	0	7	1154	7	7	0
3579	0	0	0	0	205	1260	205	205	0
3742	0	0	0	0	42	1174	42	41	1
3750	0	0	0	0	34	1198	34	33	1
3755	0	0	0	0	29	1184	29	29	0
3543	0	0	0	0	241	1273	241	241	0
3584	0	0	0	0	200	1247	200	200	0
3779	0	0	0	0	5	1153	5	5	0
3764	0	0	0	0	20	1166	20	20	0
3771	0	0	0	0	13	1160	13	12	1
3715	0	0	0	0	69	1177	69	69	0
3728	0	0	0	0	56	1176	56	56	0
3724	0	0	0	0	60	1174	60	60	0
3612	0	0	0	0	172	1243	172	172	0
3778	0	0	0	0	6	1144	6	6	0
3659	0	0	0	0	125	1218	125	125	0
3753	0	0	0	0	31	1171	31	31	0
3666	0	0	0	0	118	1236	118	118	0
3737	0	0	0	0	47	1178	47	47	0
3752	0	0	0	0	32	1168	32	32	0
3770	0	0	0	0	14	1162	14	14	0
3717	0	0	0	0	67	1183	67	67	0
3767	0	0	0	0	17	1151	17	17	0
3774	0	0	0	0	10	1156	10	9	1
3779	0	0	0	0	5	1144	5	5	0
3602	0	0	0	0	182	1226	182	182	0
3778	0	0	0	0	6	1153	6	6	0
3756	0	0	0	0	28	1179	28	28	0
3762	0	0	0	0	22	1173	22	22	0
3725	0	0	0	0	59	1182	59	58	1
3778	0	0	0	0	6	1151	6	6	0
3779	0	0	0	0	5	1147	5	5	0
3771	0	0	0	0	13	1161	13	13	0
3775	0	0	0	0	9	1142	9	8	1
3769	0	0	0	0	15	1153	15	15	0
3716	0	0	0	0	68	1174	68	67	1
3752	0	0	0	0	32	1169	32	32	0
3715	0	0	0	0	69	1185	69	69	0
3776	0	0	0	0	8	1150	8	8	0
3776	0	0	0	0	8	1165	8	8	0
3698	0	0	0	0	86	1181	86	86	0
3751	0	0	0	0	33	1181	33	32	1
3771	0	0	0	0	13	1159	13	13	0
3768	0	0	0	0	16	1158	16	16	0
3765	0	0	0	0	19	1167	19	19	0
3745	0	0	0	0	39	1172	39	38	1
3748	0	0	0	0	36	1176	36	36	0
3769	0	0	0	0	15	1166	15	15	0
3775	0	0	0	0	9	1162	9	9	0
3774	0	0	0	0	10	1166	10	10	0
3777	0	0	0	0	7	1144	7	7	0
3716	0	0	0	0	68	1171	68	68	0
3761	0	0	0	0	23	1177	23	23	0
3734	0	0	0	0	50	1177	50	50	0
3733	0	0	0	0	51	1171	51	51	0
3775	0	0	0	0	9	1143	9	9	0
3769	0	0	0	0	15	1146	15	15	0
3749	0	0	0	0	35	1161	35	35	0
3754	0	0	0	0	30	1189	30	30	0
3630	0	0	0	0	154	1265	154	153	1
3594	0	0	0	0	190	1229	190	190	0
3767	0	0	0	0	17	1162	17	17	0
3760	0	0	0	0	24	1159	24	24	0
3709	0	0	0	0	75	1217	75	75	0
3756	0	0	0	0	28	1150	28	27	1
3753	0	0	0	0	31	1176	31	31	0
3564	0	0	0	0	220	1260	220	219	1
3712	0	0	0	0	72	1180	72	72	0
3692	0	0	0	0	92	1187	92	92	0
3751	0	0	0	0	33	1211	33	33	0
3600	0	0	0	0	184	1243	184	183	1
3741	0	0	0	0	43	1170	43	43	0
3734	0	0	0	0	50	1177	50	50	0
3779	0	0	0	0	5	1135	5	5	0
3660	0	0	0	0	124	1215	124	124	0
3593	0	0	0	0	191	1266	191	191	0
3772	0	0	0	0	12	1153	12	12	0
3689	0	0	0	0	95	1184	95	95	0
3623	0	0	0	0	161	1219	161	160	1
3777	0	0	0	0	7	1148	7	7	0
3595	0	0	0	0	189	1243	189	189	0
3777	0	0	0	0	7	1153	7	7	0
3721	0	0	0	0	63	1173	63	63	0
3750	0	0	0	0	34	1157	34	33	1
3767	0	0	0	0	17	1148	17	16	1
3726	0	0	0	0	58	1174	58	57	1
3770	0	0	0	0	14	1165	14	14	0
3733	0	0	0	0	51	1175	51	51	0
3520	0	0	0	0	264	1282	264	264	0
3770	0	0	0	0	14	1156	14	14	0
3778	0	0	0	0	6	1142	6	6	0
3778	0	0	0	0	6	1155	6	6	0
3769	0	0	0	0	15	1153	15	15	0
3705	0	0	0	0	79	1183	79	79	0
3722	0	0	0	0	62	1178	62	61	1
3776	0	0	0	0	8	1155	8	8	0
3768	0	0	0	0	16	1153	16	16	0
3779	0	0	0	0	5	1149	5	5	0
3761	0	0	0	0	23	1148	23	23	0
3779	0	0	0	0	5	1149	5	5	0
3762	0	0	0	0	22	1156	22	22	0
3761	0	0	0	0	23	1162	23	23	0
3619	0	0	0	0	165	1218	165	165	0
3779	0	0	0	0	5	1141	5	5	0
3768	0	0	0	0	16	1161	16	16	0
3766	0	0	0	0	18	1152	18	18	0
3759	0	0	0	0	25	1145	25	24	1
3750	0	0	0	0	34	1170	34	34	0
3732	0	0	0	0	52	1181	52	52	0
3766	0	0	0	0	18	1166	18	18	0
3778	0	0	0	0	6	1143	6	6	0
3763	0	0	0	0	21	1149	21	20	1
3604	0	0	0	0	180	1233	180	179	1
3770	0	0	0	0	14	1158	14	14	0
3656	0	0	0	0	128	1228	128	127	1
3770	0	0	0	0	14	1143	14	14	0
3695	0	0	0	0	89	1193	89	88	1
3761	0	0	0	0	23	1167	23	23	0
3710	0	0	0	0	74	1180	74	74	0
3688	0	0	0	0	96	1213	96	96	0
3618	0	0	0	0	166	1229	166	166	0
3761	0	0	0	0	23	1160	23	22	1
3736	0	0	0	0	48	1189	48	47	1
3773	0	0	0	0	11	1151	11	11	0
3774	0	0	0	0	10	1155	10	10	0
3771	0	0	0	0	13	1156	13	13	0
3775	0	0	0	0	9	1159	9	9	0
3763	0	0	0	0	21	1169	21	21	0
3724	0	0	0	0	60	1192	60	60	0
3778	0	0	0	0	6	1145	6	6	0
3778	0	0	0	0	6	1159	6	6	0
3778	0	0	0	0	6	1154	6	6	0
3770	0	0	0	0	14	1162	14	14	0
3763	0	0	0	0	21	1191	21	21	0
3779	0	0	0	0	5	1138	5	5	0
3775	0	0	0	0	9	1149	9	9	0
3738	0	0	0	0	46	1173	46	46	0
3674	0	0	0	0	110	1218	110	110	0
3746	0	0	0	0	38	1204	38	38	0
3772	0	0	0	0	12	1162	12	12	0
3778	0	0	0	0	6	1145	6	6	0
3772	0	0	0	0	12	1154	12	11	1
3774	0	0	0	0	10	1157	10	9	1
3757	0	0	0	0	27	1178	27	25	2
3773	0	0	0	0	11	1148	11	11	0
3773	0	0	0	0	11	1144	11	11	0
3772	0	0	0	0	12	1159	12	12	0
3779	0	0	0	0	5	1149	5	5	0
3757	0	0	0	0	27	1175	27	27	0
3748	0	0	0	0	36	1177	36	36	0
3734	0	0	0	0	50	1192	50	49	1
3739	0	0	0	0	45	1183	45	45	0
3778	0	0	0	0	6	1149	6	5	1
3778	0	0	0	0	6	1162	6	6	0
3779	0	0	0	0	5	1137	5	5	0
3758	0	0	0	0	26	1164	26	26	0
3518	0	0	0	0	266	1264	266	266	0
3763	0	0	0	0	21	1164	21	21	0
3763	0	0	0	0	21	1165	21	21	0
3777	0	0	0	0	7	1163	7	7	0
3719	0	0	0	0	65	1192	65	65	0
3730	0	0	0	0	54	1188	54	53	1
3777	0	0	0	0	7	1155	7	7	0
3778	0	0	0	0	6	1151	6	5	1
3775	0	0	0	0	9	1164	9	9	0
3778	0	0	0	0	6	1144	6	6	0
3606	0	0	0	0	178	1243	178	178	0
3771	0	0	0	0	13	1153	13	13	0
3776	0	0	0	0	8	1148	8	8	0
3775	0	0	0	0	9	1158	9	9	0
3761	0	0	0	0	23	1167	23	23	0
3772	0	0	0	0	12	1171	12	11	1
3754	0	0	0	0	30	1161	30	30	0
3724	0	0	0	0	60	1192	60	60	0
3675	0	0	0	0	109	1233	109	109	0
3779	0	0	0	0	5	1151	5	5	0
3763	0	0	0	0	21	1146	21	21	0
3778	0	0	0	0	6	1148	6	6	0
3764	0	0	0	0	20	1157	20	20	0
3777	0	0	0	0	7	1154	7	7	0
3765	0	0	0	0	19	1165	19	19	0
3680	0	0	0	0	104	1218	104	104	0
3772	0	0	0	0	12	1156	12	12	0
3776	0	0	0	0	8	1149	8	8	0
3749	0	0	0	0	35	1167	35	35	0
3775	0	0	0	0	9	1156	9	9	0
3742	0	0	0	0	42	1188	42	41	1
3758	0	0	0	0	26	1149	26	26	0
3763	0	0	0	0	21	1158	21	20	1
3761	0	0	0	0	23	1162	23	23	0
3779	0	0	0	0	5	1152	5	5	0
3743	0	0	0	0	41	1185	41	41	0
3775	0	0	0	0	9	1157	9	9	0
3711	0	0	0	0	73	1182	73	73	0
3677	0	0	0	0	107	1213	107	107	0
3769	0	0	0	0	15	1160	15	14	1
3778	0	0	0	0	6	1152	6	6	0
3754	0	0	0	0	30	1185	30	30	0
3739	0	0	0	0	45	1179	45	45	0
3769	0	0	0	0	15	1174	15	15	0
3773	0	0	0	0	11	1164	11	10	1
3699	0	0	0	0	85	1176	85	85	0
3765	0	0	0	0	19	1167	19	19	0
3777	0	0	0	0	7	1141	7	7	0
3774	0	0	0	0	10	1146	10	10	0
3657	0	0	0	0	127	1199	127	127	0
3729	0	0	0	0	55	1183	55	55	0
3777	0	0	0	0	7	1156	7	7	0
3748	0	0	0	0	36	1166	36	36	0
3701	0	0	0	0	83	1181	83	83	0
3778	0	0	0	0	6	1139	6	6	0
3621	0	0	0	0	163	1217	163	163	0
3690	0	0	0	0	94	1192	94	93	1
3767	0	0	0	0	17	1172	17	17	0
3690	0	0	0	0	94	1219	94	94	0
3770	0	0	0	0	14	1152	14	14	0
3769	0	0	0	0	15	1149	15	15	0
3779	0	0	0	0	5	1150	5	5	0
3758	0	0	0	0	26	1152	26	26	0
3779	0	0	0	0	5	1144	5	5	0
3756	0	0	0	0	28	1157	28	28	0
3727	0	0	0	0	57	1200	57	57	0
3776	0	0	0	0	8	1145	8	8	0
3750	0	0	0	0	34	1177	34	34	0
3767	0	0	0	0	17	1150	17	17	0
3776	0	0	0	0	8	1142	8	8	0
3719	0	0	0	0	65	1206	65	65	0
3768	0	0	0	0	16	1145	16	16	0
3706	0	0	0	0	78	1214	78	77	1
3767	0	0	0	0	17	1159	17	17	0
3750	0	0	0	0	34	1166	34	34	0
3741	0	0	0	0	43	1168	43	43	0
3769	0	0	0	0	15	1152	15	15	0
3766	0	0	0	0	18	1145	18	18	0
3762	0	0	0	0	22	1180	22	22	0
3609	0	0	0	0	175	1256	175	173	2
3766	0	0	0	0	18	1171	18	18	0
3773	0	0	0	0	11	1145	11	11	0
3639	0	0	0	0	145	1243	145	144	1
3779	0	0	0	0	5	1155	5	5	0
3779	0	0	0	0	5	1137	5	5	0
3754	0	0	0	0	30	1184	30	30	0
3776	0	0	0	0	8	1148	8	7	1
3769	0	0	0	0	15	1165	15	13	2
3762	0	0	0	0	22	1158	22	20	2
3592	0	0	0	0	192	1250	192	192	0
3772	0	0	0	0	12	1142	12	12	0
3778	0	0	0	0	6	1151	6	6	0
3775	0	0	0	0	9	1153	9	8	1
3660	0	0	0	0	124	1205	124	123	1
3779	0	0	0	0	5	1139	5	5	0
3773	0	0	0	0	11	1156	11	11	0
3774	0	0	0	0	10	1155	10	9	1
3776	0	0	0	0	8	1154	8	8	0
3777	0	0	0	0	7	1159	7	7	0
3773	0	0	0	0	11	1145	11	10	1
3763	0	0	0	0	21	1149	21	21	0
3773	0	0	0	0	11	1165	11	11	0
3747	0	0	0	0	37	1176	37	36	1
3773	0	0	0	0	11	1155	11	11	0
3767	0	0	0	0	17	1170	17	17	0
3762	0	0	0	0	22	1159	22	21	1
3775	0	0	0	0	9	1149	9	9	0
3776	0	0	0	0	8	1155	8	8	0
3778	0	0	0	0	6	1153	6	6	0
3702	0	0	0	0	82	1189	82	80	2
3778	0	0	0	0	6	1149	6	6	0
3775	0	0	0	0	9	1155	9	9	0
3687	0	0	0	0	97	1200	97	97	0
3763	0	0	0	0	21	1155	21	20	1
3732	0	0	0	0	52	1176	52	52	0
3757	0	0	0	0	27	1163	27	27	0
3778	0	0	0	0	6	1150	6	6	0
3768	0	0	0	0	16	1151	16	16	0
3777	0	0	0	0	7	1149	7	7	0
3779	0	0	0	0	5	1151	5	5	0
3617	0	0	0	0	167	1248	167	167	0
3716	0	0	0	0	68	1198	68	67	1
3719	0	0	0	0	65	1180	65	65	0
3762	0	0	0	0	22	1161	22	22	0
3771	0	0	0	0	13	1147	13	12	1
3728	0	0	0	0	56	1169	56	56	0
3778	0	0	0	0	6	1152	6	6	0
3719	0	0	0	0	65	1212	65	64	1
3656	0	0	0	0	128	1199	128	127	1
3657	0	0	0	0	127	1218	127	126	1
3766	0	0	0	0	18	1159	18	18	0
3769	0	0	0	0	15	1155	15	15	0
3771	0	0	0	0	13	1161	13	13	0
3776	0	0	0	0	8	1151	8	8	0
3779	0	0	0	0	5	1140	5	5	0
3775	0	0	0	0	9	1152	9	9	0
3768	0	0	0	0	16	1165	16	16	0
3765	0	0	0	0	19	1161	19	19	0
3716	0	0	0	0	68	1174	68	68	0
3552	0	0	0	0	232	1250	232	230	2
3777	0	0	0	0	7	1148	7	7	0
3764	0	0	0	0	20	1168	20	20	0
3764	0	0	0	0	20	1158	20	19	1
3779	0	0	0	0	5	1140	5	5	0
3706	0	0	0	0	78	1192	78	78	0
3725	0	0	0	0	59	1177	59	59	0
3771	0	0	0	0	13	1151	13	13	0
3757	0	0	0	0	27	1161	27	25	2
3777	0	0	0	0	7	1147	7	7	0
3753	0	0	0	0	31	1167	31	29	2
3615	0	0	0	0	169	1245	169	169	0
3770	0	0	0	0	14	1151	14	13	1
3759	0	0	0	0	25	1160	25	25	0
3759	0	0	0	0	25	1173	25	24	1
3771	0	0	0	0	13	1144	13	12	1
3778	0	0	0	0	6	1137	6	6	0
3777	0	0	0	0	7	1159	7	6	1
3778	0	0	0	0	6	1146	6	6	0
3779	0	0	0	0	5	1144	5	5	0
3779	0	0	0	0	5	1140	5	5	0
3698	0	0	0	0	86	1182	86	86	0
