3746	0	0	0	0	38	810	38	30	8
3762	0	0	0	0	22	792	22	21	1
3740	0	0	0	0	44	849	44	39	5
3733	0	0	0	0	51	848	51	49	2
3777	0	0	0	0	7	770	7	7	0
3776	0	0	0	0	8	771	8	6	2
3653	0	0	0	0	131	945	131	117	14
3736	0	0	0	0	48	821	48	43	5
3715	0	0	0	0	69	839	69	60	9
3771	0	0	0	0	13	776	13	11	2
3762	0	0	0	0	22	795	22	21	1
3755	0	0	0	0	29	806	29	25	4
3777	0	0	0	0	7	775	7	7	0
3779	0	0	0	0	5	759	5	5	0
3776	0	0	0	0	8	764	8	8	0
3752	0	0	0	0	32	803	32	29	3
3779	0	0	0	0	5	760	5	5	0
3752	0	0	0	0	32	808	32	28	4
3768	0	0	0	0	16	791	16	15	1
3774	0	0	0	0	10	775	10	9	1
3778	0	0	0	0	6	762	6	5	1
3699	0	0	0	0	85	847	85	75	10
3779	0	0	0	0	5	773	5	5	0
3753	0	0	0	0	31	817	31	28	3
3743	0	0	0	0	41	800	41	39	2
3728	0	0	0	0	56	864	56	49	7
3776	0	0	0	0	8	792	8	7	1
3759	0	0	0	0	25	811	25	23	2
3642	0	0	0	0	142	951	142	125	17
3754	0	0	0	0	30	810	30	29	1
3719	0	0	0	0	65	840	65	57	8
3768	0	0	0	0	16	797	16	11	5
3770	0	0	0	0	14	775	14	14	0
3764	0	0	0	0	20	799	20	19	1
3694	0	0	0	0	90	882	90	78	12
3778	0	0	0	0	6	762	6	6	0
3657	0	0	0	0	127	918	127	123	4
3750	0	0	0	0	34	816	34	34	0
3779	0	0	0	0	5	756	5	5	0
3778	0	0	0	0	6	768	6	6	0
3769	0	0	0	0	15	783	15	13	2
3750	0	0	0	0	34	799	34	32	2
3748	0	0	0	0	36	809	36	29	7
3769	0	0	0	0	15	789	15	15	0
3775	0	0	0	0	9	775	9	6	3
3779	0	0	0	0	5	764	5	5	0
3766	0	0	0	0	18	788	18	14	4
3760	0	0	0	0	24	805	24	17	7
3728	0	0	0	0	56	852	56	48	8
3591	0	0	0	0	193	973	193	176	17
3752	0	0	0	0	32	826	32	26	6
3767	0	0	0	0	17	771	17	13	4
3773	0	0	0	0	11	776	11	11	0
3747	0	0	0	0	37	849	37	32	5
3772	0	0	0	0	12	779	12	9	3
3779	0	0	0	0	5	758	5	5	0
3759	0	0	0	0	25	795	25	20	5
3764	0	0	0	0	20	788	20	17	3
3739	0	0	0	0	45	839	45	38	7
3765	0	0	0	0	19	801	19	18	1
3773	0	0	0	0	11	778	11	8	3
3771	0	0	0	0	13	780	13	9	4
3744	0	0	0	0	40	832	40	35	5
3763	0	0	0	0	21	791	21	21	0
3767	0	0	0	0	17	790	17	15	2
3730	0	0	0	0	54	820	54	51	3
3707	0	0	0	0	77	878	77	68	9
3722	0	0	0	0	62	844	62	60	2
3778	0	0	0	0	6	766	6	6	0
3756	0	0	0	0	28	792	28	25	3
3778	0	0	0	0	6	764	6	5	1
3738	0	0	0	0	46	833	46	36	10
3766	0	0	0	0	18	787	18	15	3
3749	0	0	0	0	35	806	35	30	5
3669	0	0	0	0	115	943	115	101	14
3764	0	0	0	0	20	783	20	19	1
3725	0	0	0	0	59	812	59	57	2
3769	0	0	0	0	15	773	15	14	1
3771	0	0	0	0	13	773	13	12	1
3736	0	0	0	0	48	845	48	40	8
3609	0	0	0	0	175	967	175	156	19
3740	0	0	0	0	44	811	44	37	7
3773	0	0	0	0	11	781	11	9	2
3763	0	0	0	0	21	809	21	19	2
3766	0	0	0	0	18	776	18	14	4
3697	0	0	0	0	87	881	87	75	12
3764	0	0	0	0	20	796	20	19	1
3767	0	0	0	0	17	776	17	14	3
3770	0	0	0	0	14	782	14	14	0
3764	0	0	0	0	20	806	20	15	5
3724	0	0	0	0	60	860	60	50	10
3623	0	0	0	0	161	943	161	146	15
3732	0	0	0	0	52	849	52	45	7
3761	0	0	0	0	23	804	23	19	4
3761	0	0	0	0	23	810	23	18	5
3777	0	0	0	0	7	771	7	6	1
3743	0	0	0	0	41	790	41	39	2
3654	0	0	0	0	130	945	130	118	12
3756	0	0	0	0	28	810	28	24	4
3752	0	0	0	0	32	803	32	30	2
3768	0	0	0	0	16	778	16	13	3
3741	0	0	0	0	43	833	43	38	5
3751	0	0	0	0	33	811	33	25	8
3734	0	0	0	0	50	814	50	46	4
3779	0	0	0	0	5	766	5	5	0
3773	0	0	0	0	11	765	11	10	1
3779	0	0	0	0	5	760	5	5	0
3723	0	0	0	0	61	825	61	54	7
3760	0	0	0	0	24	828	24	20	4
3628	0	0	0	0	156	924	156	136	20
3775	0	0	0	0	9	770	9	9	0
3753	0	0	0	0	31	838	31	27	4
3764	0	0	0	0	20	791	20	19	1
3765	0	0	0	0	19	793	19	16	3
3771	0	0	0	0	13	769	13	11	2
3757	0	0	0	0	27	819	27	23	4
3775	0	0	0	0	9	773	9	7	2
3639	0	0	0	0	145	953	145	134	11
3749	0	0	0	0	35	808	35	31	4
3737	0	0	0	0	47	822	47	37	10
3773	0	0	0	0	11	767	11	9	2
3771	0	0	0	0	13	773	13	11	2
3739	0	0	0	0	45	841	45	38	7
3661	0	0	0	0	123	932	123	110	13
3767	0	0	0	0	17	790	17	13	4
3746	0	0	0	0	38	825	38	35	3
3716	0	0	0	0	68	860	68	60	8
3778	0	0	0	0	6	768	6	5	1
3779	0	0	0	0	5	759	5	5	0
3570	0	0	0	0	214	1018	214	189	25
3778	0	0	0	0	6	767	6	5	1
3777	0	0	0	0	7	770	7	7	0
3643	0	0	0	0	141	941	141	123	18
3776	0	0	0	0	8	778	8	7	1
3777	0	0	0	0	7	777	7	7	0
3772	0	0	0	0	12	786	12	12	0
3770	0	0	0	0	14	784	14	14	0
3756	0	0	0	0	28	813	28	25	3
3777	0	0	0	0	7	776	7	5	2
3778	0	0	0	0	6	779	6	6	0
3777	0	0	0	0	7	766	7	6	1
3769	0	0	0	0	15	773	15	14	1
3732	0	0	0	0	52	825	52	49	3
3762	0	0	0	0	22	787	22	20	2
3750	0	0	0	0	34	814	34	28	6
3768	0	0	0	0	16	789	16	14	2
3761	0	0	0	0	23	795	23	19	4
3687	0	0	0	0	97	842	97	85	12
3779	0	0	0	0	5	757	5	5	0
3777	0	0	0	0	7	766	7	7	0
3714	0	0	0	0	70	854	70	62	8
3748	0	0	0	0	36	820	36	33	3
3768	0	0	0	0	16	772	16	15	1
3776	0	0	0	0	8	787	8	7	1
3761	0	0	0	0	23	796	23	23	0
3668	0	0	0	0	116	902	116	107	9
3778	0	0	0	0	6	766	6	6	0
3708	0	0	0	0	76	896	76	61	15
3778	0	0	0	0	6	765	6	6	0
3768	0	0	0	0	16	774	16	15	1
3779	0	0	0	0	5	778	5	5	0
3763	0	0	0	0	21	786	21	18	3
3752	0	0	0	0	32	817	32	25	7
3718	0	0	0	0	66	830	66	59	7
3764	0	0	0	0	20	808	20	14	6
3773	0	0	0	0	11	781	11	11	0
3778	0	0	0	0	6	778	6	6	0
3774	0	0	0	0	10	767	10	7	3
3776	0	0	0	0	8	773	8	8	0
3779	0	0	0	0	5	761	5	5	0
3776	0	0	0	0	8	773	8	8	0
3697	0	0	0	0	87	900	87	81	6
3779	0	0	0	0	5	770	5	5	0
3777	0	0	0	0	7	766	7	7	0
3755	0	0	0	0	29	801	29	27	2
3735	0	0	0	0	49	860	49	39	10
3769	0	0	0	0	15	790	15	10	5
3770	0	0	0	0	14	791	14	10	4
3779	0	0	0	0	5	764	5	5	0
3694	0	0	0	0	90	854	90	82	8
3772	0	0	0	0	12	779	12	12	0
3769	0	0	0	0	15	774	15	14	1
3641	0	0	0	0	143	929	143	129	14
3770	0	0	0	0	14	807	14	11	3
3702	0	0	0	0	82	896	82	75	7
3741	0	0	0	0	43	837	43	36	7
3759	0	0	0	0	25	817	25	23	2
3740	0	0	0	0	44	870	44	36	8
3594	0	0	0	0	190	998	190	166	24
3618	0	0	0	0	166	973	166	144	22
3779	0	0	0	0	5	765	5	5	0
3765	0	0	0	0	19	802	19	19	0
3757	0	0	0	0	27	792	27	20	7
3753	0	0	0	0	31	808	31	30	1
3753	0	0	0	0	31	806	31	31	0
3737	0	0	0	0	47	821	47	41	6
3650	0	0	0	0	134	932	134	128	6
3778	0	0	0	0	6	762	6	6	0
3690	0	0	0	0	94	918	94	80	14
3731	0	0	0	0	53	858	53	43	10
3697	0	0	0	0	87	884	87	78	9
3778	0	0	0	0	6	760	6	6	0
3746	0	0	0	0	38	809	38	35	3
3757	0	0	0	0	27	805	27	23	4
3695	0	0	0	0	89	870	89	81	8
3650	0	0	0	0	134	909	134	117	17
3769	0	0	0	0	15	804	15	10	5
3773	0	0	0	0	11	777	11	10	1
3604	0	0	0	0	180	975	180	159	21
3777	0	0	0	0	7	774	7	6	1
3760	0	0	0	0	24	811	24	23	1
3740	0	0	0	0	44	829	44	36	8
3728	0	0	0	0	56	840	56	49	7
3772	0	0	0	0	12	783	12	10	2
3779	0	0	0	0	5	763	5	5	0
3777	0	0	0	0	7	764	7	7	0
3772	0	0	0	0	12	769	12	9	3
3699	0	0	0	0	85	852	85	72	13
3728	0	0	0	0	56	837	56	50	6
3766	0	0	0	0	18	785	18	16	2
3757	0	0	0	0	27	801	27	24	3
3768	0	0	0	0	16	781	16	12	4
3775	0	0	0	0	9	785	9	8	1
3713	0	0	0	0	71	854	71	67	4
3746	0	0	0	0	38	822	38	35	3
3769	0	0	0	0	15	776	15	13	2
3756	0	0	0	0	28	793	28	24	4
3752	0	0	0	0	32	814	32	21	11
3745	0	0	0	0	39	807	39	32	7
3745	0	0	0	0	39	827	39	32	7
3771	0	0	0	0	13	787	13	12	1
3755	0	0	0	0	29	823	29	26	3
3771	0	0	0	0	13	791	13	10	3
3769	0	0	0	0	15	782	15	13	2
3736	0	0	0	0	48	814	48	40	8
3767	0	0	0	0	17	801	17	17	0
3760	0	0	0	0	24	790	24	22	2
3758	0	0	0	0	26	807	26	24	2
3775	0	0	0	0	9	769	9	9	0
3768	0	0	0	0	16	773	16	13	3
3755	0	0	0	0	29	826	29	23	6
3747	0	0	0	0	37	824	37	33	4
3662	0	0	0	0	122	958	122	115	7
3687	0	0	0	0	97	889	97	85	12
3767	0	0	0	0	17	791	17	15	2
3754	0	0	0	0	30	793	30	29	1
3735	0	0	0	0	49	850	49	45	4
3759	0	0	0	0	25	797	25	23	2
3747	0	0	0	0	37	813	37	32	5
3609	0	0	0	0	175	977	175	162	13
3769	0	0	0	0	15	786	15	13	2
3705	0	0	0	0	79	846	79	71	8
3672	0	0	0	0	112	946	112	97	15
3645	0	0	0	0	139	927	139	126	13
3741	0	0	0	0	43	818	43	39	4
3773	0	0	0	0	11	784	11	10	1
3779	0	0	0	0	5	763	5	5	0
3662	0	0	0	0	122	951	122	110	12
3578	0	0	0	0	206	1051	206	183	23
3766	0	0	0	0	18	782	18	15	3
3771	0	0	0	0	13	781	13	11	2
3644	0	0	0	0	140	918	140	123	17
3777	0	0	0	0	7	775	7	6	1
3641	0	0	0	0	143	925	143	132	11
3767	0	0	0	0	17	784	17	16	1
3722	0	0	0	0	62	839	62	52	10
3748	0	0	0	0	36	796	36	32	4
3768	0	0	0	0	16	772	16	14	2
3736	0	0	0	0	48	819	48	41	7
3768	0	0	0	0	16	777	16	14	2
3720	0	0	0	0	64	847	64	57	7
3639	0	0	0	0	145	959	145	130	15
3768	0	0	0	0	16	773	16	13	3
3778	0	0	0	0	6	771	6	6	0
3778	0	0	0	0	6	776	6	6	0
3765	0	0	0	0	19	778	19	15	4
3690	0	0	0	0	94	851	94	83	11
3756	0	0	0	0	28	805	28	25	3
3777	0	0	0	0	7	772	7	7	0
3766	0	0	0	0	18	778	18	16	2
3779	0	0	0	0	5	761	5	5	0
3759	0	0	0	0	25	781	25	20	5
3779	0	0	0	0	5	772	5	5	0
3758	0	0	0	0	26	788	26	24	2
3757	0	0	0	0	27	800	27	21	6
3589	0	0	0	0	195	974	195	178	17
3779	0	0	0	0	5	758	5	5	0
3757	0	0	0	0	27	784	27	20	7
3765	0	0	0	0	19	772	19	17	2
3762	0	0	0	0	22	777	22	19	3
3717	0	0	0	0	67	860	67	61	6
3731	0	0	0	0	53	841	53	50	3
3775	0	0	0	0	9	782	9	9	0
3778	0	0	0	0	6	766	6	6	0
3765	0	0	0	0	19	772	19	17	2
3660	0	0	0	0	124	921	124	117	7
3767	0	0	0	0	17	777	17	15	2
3622	0	0	0	0	162	955	162	150	12
3772	0	0	0	0	12	765	12	11	1
3721	0	0	0	0	63	861	63	56	7
3713	0	0	0	0	71	837	71	66	5
3745	0	0	0	0	39	811	39	36	3
3737	0	0	0	0	47	827	47	44	3
3623	0	0	0	0	161	969	161	141	20
3747	0	0	0	0	37	821	37	28	9
3731	0	0	0	0	53	837	53	45	8
3725	0	0	0	0	59	842	59	48	11
3771	0	0	0	0	13	771	13	9	4
3758	0	0	0	0	26	786	26	21	5
3737	0	0	0	0	47	854	47	41	6
3757	0	0	0	0	27	818	27	23	4
3736	0	0	0	0	48	824	48	44	4
3778	0	0	0	0	6	768	6	6	0
3767	0	0	0	0	17	798	17	15	2
3761	0	0	0	0	23	802	23	20	3
3763	0	0	0	0	21	799	21	20	1
3759	0	0	0	0	25	793	25	21	4
3779	0	0	0	0	5	761	5	5	0
3732	0	0	0	0	52	835	52	46	6
3757	0	0	0	0	27	800	27	27	0
3656	0	0	0	0	128	939	128	113	15
3756	0	0	0	0	28	810	28	26	2
3514	0	0	0	0	270	1117	270	242	28
3777	0	0	0	0	7	765	7	6	1
3769	0	0	0	0	15	780	15	12	3
3762	0	0	0	0	22	803	22	18	4
3760	0	0	0	0	24	825	24	21	3
3772	0	0	0	0	12	775	12	8	4
3773	0	0	0	0	11	770	11	11	0
3744	0	0	0	0	40	812	40	34	6
3778	0	0	0	0	6	763	6	5	1
3758	0	0	0	0	26	812	26	24	2
3745	0	0	0	0	39	819	39	33	6
3723	0	0	0	0	61	831	61	55	6
3748	0	0	0	0	36	832	36	35	1
3778	0	0	0	0	6	773	6	5	1
3764	0	0	0	0	20	819	20	17	3
3779	0	0	0	0	5	762	5	5	0
3771	0	0	0	0	13	790	13	12	1
3586	0	0	0	0	198	991	198	181	17
3744	0	0	0	0	40	833	40	32	8
3761	0	0	0	0	23	795	23	21	2
3779	0	0	0	0	5	770	5	5	0
3776	0	0	0	0	8	774	8	8	0
3733	0	0	0	0	51	829	51	48	3
3730	0	0	0	0	54	835	54	52	2
3777	0	0	0	0	7	765	7	5	2
3769	0	0	0	0	15	783	15	12	3
3671	0	0	0	0	113	884	113	98	15
3532	0	0	0	0	252	1076	252	225	27
3772	0	0	0	0	12	780	12	11	1
3777	0	0	0	0	7	770	7	7	0
3745	0	0	0	0	39	826	39	34	5
3752	0	0	0	0	32	832	32	27	5
3772	0	0	0	0	12	783	12	9	3
3754	0	0	0	0	30	805	30	28	2
3714	0	0	0	0	70	873	70	62	8
3669	0	0	0	0	115	945	115	103	12
3779	0	0	0	0	5	767	5	5	0
3760	0	0	0	0	24	782	24	23	1
3778	0	0	0	0	6	765	6	6	0
3775	0	0	0	0	9	775	9	9	0
3777	0	0	0	0	7	768	7	7	0
3768	0	0	0	0	16	782	16	15	1
3691	0	0	0	0	93	890	93	82	11
3768	0	0	0	0	16	778	16	13	3
3775	0	0	0	0	9	768	9	7	2
3566	0	0	0	0	218	1017	218	190	28
3774	0	0	0	0	10	783	10	9	1
3738	0	0	0	0	46	846	46	39	7
3748	0	0	0	0	36	785	36	35	1
3735	0	0	0	0	49	826	49	43	6
3763	0	0	0	0	21	791	21	20	1
3779	0	0	0	0	5	764	5	5	0
3638	0	0	0	0	146	972	146	127	19
3594	0	0	0	0	190	1015	190	172	18
3764	0	0	0	0	20	794	20	16	4
3684	0	0	0	0	100	892	100	92	8
3764	0	0	0	0	20	779	20	15	5
3777	0	0	0	0	7	776	7	6	1
3752	0	0	0	0	32	803	32	29	3
3483	0	0	0	0	301	1071	301	274	27
3727	0	0	0	0	57	858	57	49	8
3769	0	0	0	0	15	774	15	11	4
3731	0	0	0	0	53	837	53	49	4
3768	0	0	0	0	16	779	16	16	0
3777	0	0	0	0	7	763	7	7	0
3776	0	0	0	0	8	773	8	8	0
3695	0	0	0	0	89	895	89	78	11
3768	0	0	0	0	16	792	16	15	1
3775	0	0	0	0	9	771	9	7	2
3761	0	0	0	0	23	790	23	21	2
3704	0	0	0	0	80	852	80	70	10
3778	0	0	0	0	6	758	6	6	0
3561	0	0	0	0	223	1025	223	211	12
3718	0	0	0	0	66	837	66	61	5
3760	0	0	0	0	24	801	24	17	7
3727	0	0	0	0	57	846	57	52	5
3750	0	0	0	0	34	809	34	32	2
3770	0	0	0	0	14	791	14	13	1
3779	0	0	0	0	5	764	5	5	0
3759	0	0	0	0	25	791	25	23	2
3778	0	0	0	0	6	769	6	5	1
3694	0	0	0	0	90	869	90	84	6
3724	0	0	0	0	60	846	60	53	7
3776	0	0	0	0	8	776	8	7	1
3714	0	0	0	0	70	859	70	57	13
3768	0	0	0	0	16	779	16	16	0
3776	0	0	0	0	8	765	8	8	0
3641	0	0	0	0	143	959	143	126	17
3768	0	0	0	0	16	778	16	15	1
3716	0	0	0	0	68	881	68	57	11
3770	0	0	0	0	14	782	14	13	1
3756	0	0	0	0	28	827	28	22	6
3751	0	0	0	0	33	824	33	30	3
3772	0	0	0	0	12	774	12	9	3
3766	0	0	0	0	18	775	18	17	1
3750	0	0	0	0	34	818	34	31	3
3652	0	0	0	0	132	917	132	115	17
3771	0	0	0	0	13	797	13	11	2
3773	0	0	0	0	11	767	11	10	1
3711	0	0	0	0	73	917	73	63	10
3666	0	0	0	0	118	928	118	110	8
3778	0	0	0	0	6	764	6	5	1
3683	0	0	0	0	101	937	101	89	12
3769	0	0	0	0	15	788	15	10	5
3755	0	0	0	0	29	795	29	26	3
3768	0	0	0	0	16	778	16	10	6
3762	0	0	0	0	22	802	22	21	1
3769	0	0	0	0	15	781	15	14	1
3777	0	0	0	0	7	777	7	6	1
3759	0	0	0	0	25	804	25	17	8
3688	0	0	0	0	96	897	96	89	7
3779	0	0	0	0	5	758	5	5	0
3690	0	0	0	0	94	873	94	84	10
3758	0	0	0	0	26	798	26	20	6
3775	0	0	0	0	9	763	9	8	1
3680	0	0	0	0	104	905	104	97	7
3771	0	0	0	0	13	779	13	10	3
3766	0	0	0	0	18	777	18	17	1
3764	0	0	0	0	20	785	20	18	2
3708	0	0	0	0	76	873	76	65	11
3727	0	0	0	0	57	858	57	51	6
3723	0	0	0	0	61	839	61	56	5
3763	0	0	0	0	21	776	21	20	1
3772	0	0	0	0	12	773	12	11	1
3770	0	0	0	0	14	800	14	11	3
3778	0	0	0	0	6	774	6	5	1
3744	0	0	0	0	40	847	40	30	10
3771	0	0	0	0	13	781	13	11	2
3763	0	0	0	0	21	790	21	16	5
3672	0	0	0	0	112	911	112	98	14
3757	0	0	0	0	27	795	27	24	3
3768	0	0	0	0	16	794	16	14	2
3769	0	0	0	0	15	798	15	12	3
3768	0	0	0	0	16	781	16	14	2
3770	0	0	0	0	14	788	14	13	1
3777	0	0	0	0	7	763	7	7	0
3778	0	0	0	0	6	768	6	5	1
3625	0	0	0	0	159	937	159	146	13
3754	0	0	0	0	30	807	30	27	3
3774	0	0	0	0	10	780	10	9	1
3759	0	0	0	0	25	800	25	22	3
3736	0	0	0	0	48	797	48	40	8
3714	0	0	0	0	70	825	70	59	11
3774	0	0	0	0	10	780	10	7	3
3721	0	0	0	0	63	891	63	54	9
3727	0	0	0	0	57	863	57	46	11
3661	0	0	0	0	123	924	123	113	10
3768	0	0	0	0	16	779	16	16	0
3772	0	0	0	0	12	778	12	12	0
3767	0	0	0	0	17	783	17	14	3
3776	0	0	0	0	8	774	8	7	1
3779	0	0	0	0	5	759	5	5	0
3765	0	0	0	0	19	801	19	18	1
3700	0	0	0	0	84	903	84	71	13
3571	0	0	0	0	213	997	213	191	22
3753	0	0	0	0	31	819	31	29	2
3665	0	0	0	0	119	900	119	108	11
3775	0	0	0	0	9	774	9	7	2
3702	0	0	0	0	82	895	82	70	12
3765	0	0	0	0	19	789	19	13	6
3779	0	0	0	0	5	757	5	5	0
3712	0	0	0	0	72	862	72	68	4
3713	0	0	0	0	71	858	71	62	9
3775	0	0	0	0	9	767	9	8	1
3760	0	0	0	0	24	781	24	18	6
3777	0	0	0	0	7	768	7	6	1
3734	0	0	0	0	50	831	50	41	9
3610	0	0	0	0	174	995	174	157	17
3768	0	0	0	0	16	769	16	11	5
3756	0	0	0	0	28	805	28	25	3
3758	0	0	0	0	26	813	26	23	3
3771	0	0	0	0	13	763	13	11	2
3777	0	0	0	0	7	761	7	6	1
3775	0	0	0	0	9	776	9	6	3
3773	0	0	0	0	11	781	11	9	2
3778	0	0	0	0	6	772	6	5	1
3779	0	0	0	0	5	762	5	5	0
3685	0	0	0	0	99	865	99	82	17
