3735	0	0	0	0	49	512	49	43	6
3747	0	0	0	0	37	486	37	37	0
3736	0	0	0	0	48	513	48	48	0
3692	0	0	0	0	92	546	92	91	1
3600	0	0	0	0	184	678	184	183	1
3772	0	0	0	0	12	462	12	10	2
3751	0	0	0	0	33	503	33	27	6
3722	0	0	0	0	62	525	62	58	4
3733	0	0	0	0	51	520	51	50	1
3767	0	0	0	0	17	465	17	15	2
3571	0	0	0	0	213	755	213	210	3
3747	0	0	0	0	37	519	37	33	4
3776	0	0	0	0	8	453	8	8	0
3779	0	0	0	0	5	395	5	5	0
3776	0	0	0	0	8	413	8	8	0
3718	0	0	0	0	66	558	66	63	3
3778	0	0	0	0	6	405	6	6	0
3729	0	0	0	0	55	529	55	51	4
3778	0	0	0	0	6	449	6	6	0
3772	0	0	0	0	12	448	12	11	1
3778	0	0	0	0	6	424	6	5	1
3696	0	0	0	0	88	534	88	81	7
3779	0	0	0	0	5	448	5	5	0
3772	0	0	0	0	12	470	12	11	1
3728	0	0	0	0	56	486	56	56	0
3750	0	0	0	0	34	560	34	32	2
3758	0	0	0	0	26	513	26	24	2
3732	0	0	0	0	52	516	52	51	1
3753	0	0	0	0	31	587	31	24	7
3748	0	0	0	0	36	507	36	36	0
3767	0	0	0	0	17	487	17	16	1
3768	0	0	0	0	16	506	16	13	3
3752	0	0	0	0	32	510	32	32	0
3763	0	0	0	0	21	494	21	20	1
3688	0	0	0	0	96	596	96	93	3
3778	0	0	0	0	6	402	6	6	0
3618	0	0	0	0	166	647	166	166	0
3774	0	0	0	0	10	468	10	10	0
3779	0	0	0	0	5	395	5	5	0
3778	0	0	0	0	6	453	6	6	0
3764	0	0	0	0	20	487	20	18	2
3698	0	0	0	0	86	563	86	85	1
3741	0	0	0	0	43	501	43	40	3
3769	0	0	0	0	15	477	15	15	0
3775	0	0	0	0	9	434	9	6	3
3779	0	0	0	0	5	420	5	5	0
3754	0	0	0	0	30	509	30	26	4
3768	0	0	0	0	16	476	16	12	4
3730	0	0	0	0	54	547	54	52	2
3568	0	0	0	0	216	769	216	215	1
3722	0	0	0	0	62	505	62	56	6
3764	0	0	0	0	20	424	20	16	4
3773	0	0	0	0	11	447	11	11	0
3670	0	0	0	0	114	688	114	113	1
3772	0	0	0	0	12	445	12	9	3
3779	0	0	0	0	5	404	5	5	0
3728	0	0	0	0	56	581	56	52	4
3754	0	0	0	0	30	482	30	28	2
3732	0	0	0	0	52	540	52	46	6
3753	0	0	0	0	31	445	31	31	0
3770	0	0	0	0	14	444	14	11	3
3769	0	0	0	0	15	464	15	11	4
3747	0	0	0	0	37	498	37	34	3
3763	0	0	0	0	21	488	21	21	0
3764	0	0	0	0	20	467	20	18	2
3699	0	0	0	0	85	531	85	85	0
3737	0	0	0	0	47	564	47	45	2
3713	0	0	0	0	71	535	71	69	2
3777	0	0	0	0	7	451	7	7	0
3724	0	0	0	0	60	516	60	56	4
3778	0	0	0	0	6	420	6	5	1
3728	0	0	0	0	56	557	56	48	8
3762	0	0	0	0	22	448	22	18	4
3742	0	0	0	0	42	477	42	36	6
3651	0	0	0	0	133	686	133	124	9
3764	0	0	0	0	20	477	20	19	1
3726	0	0	0	0	58	476	58	58	0
3763	0	0	0	0	21	447	21	20	1
3766	0	0	0	0	18	469	18	17	1
3729	0	0	0	0	55	583	55	50	5
3722	0	0	0	0	62	603	62	62	0
3732	0	0	0	0	52	483	52	48	4
3773	0	0	0	0	11	458	11	9	2
3761	0	0	0	0	23	516	23	21	2
3766	0	0	0	0	18	458	18	14	4
3676	0	0	0	0	108	702	108	106	2
3761	0	0	0	0	23	458	23	23	0
3740	0	0	0	0	44	531	44	40	4
3758	0	0	0	0	26	480	26	26	0
3722	0	0	0	0	62	530	62	58	4
3770	0	0	0	0	14	474	14	11	3
3573	0	0	0	0	211	778	211	209	2
3767	0	0	0	0	17	496	17	17	0
3758	0	0	0	0	26	496	26	25	1
3615	0	0	0	0	169	730	169	165	4
3775	0	0	0	0	9	479	9	8	1
3743	0	0	0	0	41	529	41	41	0
3597	0	0	0	0	187	742	187	180	7
3750	0	0	0	0	34	523	34	31	3
3737	0	0	0	0	47	487	47	45	2
3764	0	0	0	0	20	484	20	17	3
3659	0	0	0	0	125	680	125	122	3
3753	0	0	0	0	31	493	31	27	4
3718	0	0	0	0	66	510	66	64	2
3779	0	0	0	0	5	403	5	5	0
3769	0	0	0	0	15	434	15	14	1
3779	0	0	0	0	5	404	5	5	0
3718	0	0	0	0	66	524	66	62	4
3765	0	0	0	0	19	502	19	17	2
3679	0	0	0	0	105	600	105	96	9
3773	0	0	0	0	11	421	11	11	0
3750	0	0	0	0	34	577	34	31	3
3762	0	0	0	0	22	436	22	22	0
3761	0	0	0	0	23	450	23	20	3
3770	0	0	0	0	14	433	14	12	2
3725	0	0	0	0	59	628	59	59	0
3775	0	0	0	0	9	424	9	7	2
3617	0	0	0	0	167	685	167	164	3
3738	0	0	0	0	46	499	46	44	2
3719	0	0	0	0	65	558	65	61	4
3773	0	0	0	0	11	436	11	9	2
3769	0	0	0	0	15	428	15	13	2
3730	0	0	0	0	54	526	54	52	2
3633	0	0	0	0	151	698	151	146	5
3767	0	0	0	0	17	483	17	13	4
3740	0	0	0	0	44	542	44	42	2
3703	0	0	0	0	81	551	81	78	3
3756	0	0	0	0	28	486	28	27	1
3779	0	0	0	0	5	405	5	5	0
3535	0	0	0	0	249	776	249	240	9
3778	0	0	0	0	6	464	6	5	1
3757	0	0	0	0	27	479	27	27	0
3610	0	0	0	0	174	687	174	164	10
3776	0	0	0	0	8	478	8	7	1
3777	0	0	0	0	7	462	7	7	0
3772	0	0	0	0	12	483	12	12	0
3756	0	0	0	0	28	599	28	28	0
3765	0	0	0	0	19	470	19	17	2
3777	0	0	0	0	7	458	7	5	2
3777	0	0	0	0	7	466	7	7	0
3777	0	0	0	0	7	419	7	6	1
3766	0	0	0	0	18	449	18	17	1
3728	0	0	0	0	56	514	56	55	1
3761	0	0	0	0	23	477	23	22	1
3590	0	0	0	0	194	707	194	189	5
3733	0	0	0	0	51	546	51	49	2
3747	0	0	0	0	37	516	37	34	3
3706	0	0	0	0	78	526	78	74	4
3779	0	0	0	0	5	394	5	5	0
3776	0	0	0	0	8	429	8	8	0
3698	0	0	0	0	86	638	86	80	6
3735	0	0	0	0	49	500	49	47	2
3767	0	0	0	0	17	446	17	16	1
3776	0	0	0	0	8	465	8	7	1
3757	0	0	0	0	27	458	27	27	0
3529	0	0	0	0	255	774	255	251	4
3778	0	0	0	0	6	431	6	6	0
3553	0	0	0	0	231	830	231	220	11
3778	0	0	0	0	6	417	6	6	0
3767	0	0	0	0	17	440	17	16	1
3741	0	0	0	0	43	489	43	43	0
3758	0	0	0	0	26	489	26	23	3
3742	0	0	0	0	42	502	42	36	6
3711	0	0	0	0	73	495	73	68	5
3766	0	0	0	0	18	524	18	13	5
3773	0	0	0	0	11	445	11	11	0
3778	0	0	0	0	6	465	6	6	0
3774	0	0	0	0	10	434	10	7	3
3776	0	0	0	0	8	465	8	8	0
3779	0	0	0	0	5	424	5	5	0
3725	0	0	0	0	59	562	59	57	2
3622	0	0	0	0	162	696	162	160	2
3779	0	0	0	0	5	435	5	5	0
3777	0	0	0	0	7	390	7	7	0
3750	0	0	0	0	34	454	34	32	2
3687	0	0	0	0	97	567	97	93	4
3759	0	0	0	0	25	472	25	22	3
3766	0	0	0	0	18	461	18	14	4
3779	0	0	0	0	5	417	5	5	0
3648	0	0	0	0	136	599	136	135	1
3759	0	0	0	0	25	494	25	24	1
3769	0	0	0	0	15	441	15	14	1
3492	0	0	0	0	292	807	292	286	6
3774	0	0	0	0	10	461	10	8	2
3551	0	0	0	0	233	839	233	227	6
3726	0	0	0	0	58	524	58	54	4
3750	0	0	0	0	34	596	34	33	1
3634	0	0	0	0	150	681	150	145	5
3535	0	0	0	0	249	803	249	245	4
3578	0	0	0	0	206	774	206	203	3
3779	0	0	0	0	5	445	5	5	0
3764	0	0	0	0	20	501	20	20	0
3767	0	0	0	0	17	464	17	12	5
3718	0	0	0	0	66	501	66	65	1
3727	0	0	0	0	57	512	57	56	1
3719	0	0	0	0	65	514	65	61	4
3589	0	0	0	0	195	735	195	190	5
3778	0	0	0	0	6	432	6	6	0
3652	0	0	0	0	132	661	132	130	2
3747	0	0	0	0	37	538	37	34	3
3663	0	0	0	0	121	699	121	118	3
3743	0	0	0	0	41	521	41	41	0
3751	0	0	0	0	33	474	33	32	1
3758	0	0	0	0	26	493	26	23	3
3715	0	0	0	0	69	526	69	67	2
3655	0	0	0	0	129	611	129	126	3
3763	0	0	0	0	21	505	21	16	5
3768	0	0	0	0	16	460	16	15	1
3598	0	0	0	0	186	703	186	184	2
3776	0	0	0	0	8	444	8	7	1
3756	0	0	0	0	28	524	28	28	0
3690	0	0	0	0	94	582	94	88	6
3725	0	0	0	0	59	560	59	58	1
3772	0	0	0	0	12	443	12	11	1
3779	0	0	0	0	5	432	5	5	0
3771	0	0	0	0	13	467	13	13	0
3772	0	0	0	0	12	435	12	9	3
3695	0	0	0	0	89	533	89	85	4
3713	0	0	0	0	71	512	71	68	3
3750	0	0	0	0	34	484	34	32	2
3713	0	0	0	0	71	577	71	69	2
3758	0	0	0	0	26	458	26	22	4
3775	0	0	0	0	9	484	9	8	1
3697	0	0	0	0	87	569	87	86	1
3750	0	0	0	0	34	513	34	32	2
3763	0	0	0	0	21	467	21	20	1
3762	0	0	0	0	22	480	22	18	4
3764	0	0	0	0	20	482	20	19	1
3561	0	0	0	0	223	814	223	217	6
3734	0	0	0	0	50	523	50	45	5
3768	0	0	0	0	16	493	16	15	1
3755	0	0	0	0	29	516	29	27	2
3773	0	0	0	0	11	494	11	10	1
3772	0	0	0	0	12	435	12	10	2
3705	0	0	0	0	79	504	79	71	8
3762	0	0	0	0	22	543	22	22	0
3732	0	0	0	0	52	512	52	50	2
3732	0	0	0	0	52	481	52	51	1
3775	0	0	0	0	9	439	9	9	0
3760	0	0	0	0	24	438	24	21	3
3747	0	0	0	0	37	476	37	35	2
3754	0	0	0	0	30	528	30	29	1
3627	0	0	0	0	157	766	157	153	4
3587	0	0	0	0	197	730	197	191	6
3767	0	0	0	0	17	463	17	17	0
3753	0	0	0	0	31	479	31	30	1
3708	0	0	0	0	76	621	76	75	1
3755	0	0	0	0	29	438	29	27	2
3747	0	0	0	0	37	557	37	35	2
3552	0	0	0	0	232	751	232	228	4
3710	0	0	0	0	74	524	74	72	2
3676	0	0	0	0	108	579	108	104	4
3739	0	0	0	0	45	634	45	39	6
3596	0	0	0	0	188	718	188	183	5
3736	0	0	0	0	48	492	48	45	3
3708	0	0	0	0	76	550	76	74	2
3779	0	0	0	0	5	386	5	5	0
3657	0	0	0	0	127	641	127	124	3
3521	0	0	0	0	263	839	263	259	4
3766	0	0	0	0	18	444	18	15	3
3687	0	0	0	0	97	560	97	95	2
3617	0	0	0	0	167	680	167	160	7
3776	0	0	0	0	8	443	8	7	1
3588	0	0	0	0	196	729	196	190	6
3766	0	0	0	0	18	436	18	17	1
3719	0	0	0	0	65	530	65	62	3
3745	0	0	0	0	39	486	39	37	2
3766	0	0	0	0	18	429	18	16	2
3715	0	0	0	0	69	493	69	64	5
3735	0	0	0	0	49	511	49	47	2
3722	0	0	0	0	62	536	62	58	4
3528	0	0	0	0	256	837	256	250	6
3766	0	0	0	0	18	443	18	15	3
3778	0	0	0	0	6	411	6	6	0
3778	0	0	0	0	6	471	6	6	0
3764	0	0	0	0	20	463	20	16	4
3693	0	0	0	0	91	548	91	85	6
3720	0	0	0	0	64	562	64	62	2
3776	0	0	0	0	8	461	8	8	0
3766	0	0	0	0	18	447	18	16	2
3779	0	0	0	0	5	424	5	5	0
3753	0	0	0	0	31	436	31	26	5
3779	0	0	0	0	5	434	5	5	0
3757	0	0	0	0	27	461	27	26	1
3755	0	0	0	0	29	470	29	25	4
3595	0	0	0	0	189	706	189	182	7
3779	0	0	0	0	5	406	5	5	0
3751	0	0	0	0	33	484	33	27	6
3764	0	0	0	0	20	434	20	18	2
3757	0	0	0	0	27	432	27	24	3
3750	0	0	0	0	34	474	34	34	0
3731	0	0	0	0	53	528	53	52	1
3766	0	0	0	0	18	482	18	18	0
3778	0	0	0	0	6	426	6	6	0
3761	0	0	0	0	23	442	23	20	3
3603	0	0	0	0	181	693	181	179	2
3767	0	0	0	0	17	452	17	15	2
3653	0	0	0	0	131	659	131	128	3
3769	0	0	0	0	15	414	15	14	1
3694	0	0	0	0	90	568	90	88	2
3714	0	0	0	0	70	570	70	66	4
3708	0	0	0	0	76	540	76	74	2
3686	0	0	0	0	98	641	98	97	1
3759	0	0	0	0	25	548	25	25	0
3746	0	0	0	0	38	506	38	31	7
3732	0	0	0	0	52	588	52	47	5
3733	0	0	0	0	51	512	51	46	5
3769	0	0	0	0	15	465	15	11	4
3731	0	0	0	0	53	496	53	50	3
3759	0	0	0	0	25	532	25	21	4
3746	0	0	0	0	38	526	38	35	3
3625	0	0	0	0	159	853	159	152	7
3778	0	0	0	0	6	443	6	6	0
3764	0	0	0	0	20	506	20	17	3
3775	0	0	0	0	9	440	9	7	2
3757	0	0	0	0	27	518	27	26	1
3758	0	0	0	0	26	533	26	22	4
3779	0	0	0	0	5	406	5	5	0
3664	0	0	0	0	120	557	120	117	3
3740	0	0	0	0	44	484	44	44	0
3672	0	0	0	0	112	643	112	111	1
3728	0	0	0	0	56	602	56	54	2
3603	0	0	0	0	181	764	181	178	3
3777	0	0	0	0	7	430	7	6	1
3769	0	0	0	0	15	436	15	12	3
3760	0	0	0	0	24	495	24	21	3
3755	0	0	0	0	29	534	29	26	3
3767	0	0	0	0	17	447	17	13	4
3773	0	0	0	0	11	411	11	11	0
3729	0	0	0	0	55	496	55	52	3
3778	0	0	0	0	6	426	6	5	1
3757	0	0	0	0	27	505	27	27	0
3721	0	0	0	0	63	549	63	60	3
3730	0	0	0	0	54	524	54	51	3
3738	0	0	0	0	46	533	46	45	1
3778	0	0	0	0	6	432	6	5	1
3760	0	0	0	0	24	511	24	22	2
3779	0	0	0	0	5	401	5	5	0
3757	0	0	0	0	27	495	27	26	1
3514	0	0	0	0	270	775	270	265	5
3737	0	0	0	0	47	511	47	39	8
3761	0	0	0	0	23	498	23	21	2
3777	0	0	0	0	7	466	7	7	0
3719	0	0	0	0	65	538	65	65	0
3729	0	0	0	0	55	537	55	53	2
3699	0	0	0	0	85	592	85	83	2
3777	0	0	0	0	7	436	7	5	2
3769	0	0	0	0	15	482	15	12	3
3757	0	0	0	0	27	487	27	26	1
3579	0	0	0	0	205	744	205	200	5
3769	0	0	0	0	15	441	15	14	1
3776	0	0	0	0	8	441	8	8	0
3755	0	0	0	0	29	527	29	26	3
3759	0	0	0	0	25	523	25	23	2
3770	0	0	0	0	14	481	14	11	3
3752	0	0	0	0	32	478	32	30	2
3604	0	0	0	0	180	731	180	175	5
3652	0	0	0	0	132	723	132	130	2
3779	0	0	0	0	5	438	5	5	0
3752	0	0	0	0	32	445	32	31	1
3778	0	0	0	0	6	419	6	6	0
3764	0	0	0	0	20	476	20	20	0
3777	0	0	0	0	7	450	7	7	0
3765	0	0	0	0	19	466	19	19	0
3665	0	0	0	0	119	694	119	113	6
3668	0	0	0	0	116	591	116	113	3
3774	0	0	0	0	10	438	10	8	2
3733	0	0	0	0	51	517	51	47	4
3774	0	0	0	0	10	450	10	9	1
3740	0	0	0	0	44	550	44	42	2
3747	0	0	0	0	37	448	37	36	1
3726	0	0	0	0	58	517	58	55	3
3760	0	0	0	0	24	459	24	23	1
3779	0	0	0	0	5	448	5	5	0
3730	0	0	0	0	54	558	54	50	4
3537	0	0	0	0	247	802	247	242	5
3712	0	0	0	0	72	554	72	68	4
3673	0	0	0	0	111	621	111	107	4
3764	0	0	0	0	20	468	20	15	5
3777	0	0	0	0	7	444	7	6	1
3747	0	0	0	0	37	545	37	31	6
3483	0	0	0	0	301	809	301	299	2
3735	0	0	0	0	49	533	49	46	3
3769	0	0	0	0	15	472	15	11	4
3697	0	0	0	0	87	531	87	85	2
3765	0	0	0	0	19	483	19	19	0
3777	0	0	0	0	7	406	7	7	0
3774	0	0	0	0	10	452	10	10	0
3654	0	0	0	0	130	643	130	127	3
3729	0	0	0	0	55	541	55	54	1
3775	0	0	0	0	9	454	9	7	2
3745	0	0	0	0	39	521	39	37	2
3693	0	0	0	0	91	514	91	86	5
3778	0	0	0	0	6	408	6	6	0
3656	0	0	0	0	128	593	128	126	2
3691	0	0	0	0	93	561	93	91	2
3762	0	0	0	0	22	498	22	17	5
3688	0	0	0	0	96	635	96	93	3
3771	0	0	0	0	13	473	13	13	0
3767	0	0	0	0	17	439	17	15	2
3779	0	0	0	0	5	445	5	5	0
3756	0	0	0	0	28	443	28	26	2
3778	0	0	0	0	6	418	6	5	1
3747	0	0	0	0	37	488	37	35	2
3722	0	0	0	0	62	553	62	58	4
3775	0	0	0	0	9	436	9	8	1
3724	0	0	0	0	60	519	60	55	5
3767	0	0	0	0	17	430	17	17	0
3776	0	0	0	0	8	411	8	8	0
3686	0	0	0	0	98	644	98	96	2
3767	0	0	0	0	17	421	17	16	1
3704	0	0	0	0	80	609	80	77	3
3763	0	0	0	0	21	472	21	19	2
3737	0	0	0	0	47	531	47	43	4
3740	0	0	0	0	44	491	44	43	1
3763	0	0	0	0	21	450	21	18	3
3765	0	0	0	0	19	410	19	18	1
3762	0	0	0	0	22	511	22	22	0
3607	0	0	0	0	177	745	177	173	4
3764	0	0	0	0	20	485	20	19	1
3770	0	0	0	0	14	427	14	13	1
3637	0	0	0	0	147	768	147	144	3
3691	0	0	0	0	93	621	93	91	2
3778	0	0	0	0	6	389	6	5	1
3675	0	0	0	0	109	655	109	107	2
3775	0	0	0	0	9	440	9	7	2
3769	0	0	0	0	15	471	15	13	2
3756	0	0	0	0	28	466	28	23	5
3590	0	0	0	0	194	737	194	192	2
3771	0	0	0	0	13	428	13	12	1
3777	0	0	0	0	7	441	7	6	1
3771	0	0	0	0	13	480	13	9	4
3657	0	0	0	0	127	620	127	124	3
3779	0	0	0	0	5	405	5	5	0
3768	0	0	0	0	16	469	16	14	2
3766	0	0	0	0	18	462	18	14	4
3775	0	0	0	0	9	432	9	8	1
3547	0	0	0	0	237	839	237	233	4
3688	0	0	0	0	96	540	96	93	3
3762	0	0	0	0	22	423	22	21	1
3765	0	0	0	0	19	475	19	18	1
3730	0	0	0	0	54	579	54	47	7
3721	0	0	0	0	63	575	63	60	3
3766	0	0	0	0	18	491	18	17	1
3762	0	0	0	0	22	468	22	21	1
3755	0	0	0	0	29	523	29	28	1
3771	0	0	0	0	13	479	13	11	2
3755	0	0	0	0	29	508	29	27	2
3645	0	0	0	0	139	652	139	134	5
3765	0	0	0	0	19	470	19	16	3
3769	0	0	0	0	15	478	15	13	2
3685	0	0	0	0	99	566	99	97	2
3749	0	0	0	0	35	458	35	32	3
3725	0	0	0	0	59	511	59	58	1
3756	0	0	0	0	28	481	28	27	1
3767	0	0	0	0	17	463	17	16	1
3767	0	0	0	0	17	438	17	16	1
3777	0	0	0	0	7	428	7	7	0
3767	0	0	0	0	17	429	17	16	1
3615	0	0	0	0	169	749	169	165	4
3715	0	0	0	0	69	608	69	66	3
3716	0	0	0	0	68	539	68	67	1
3760	0	0	0	0	24	467	24	22	2
3734	0	0	0	0	50	462	50	43	7
3710	0	0	0	0	74	497	74	66	8
3774	0	0	0	0	10	431	10	8	2
3714	0	0	0	0	70	615	70	66	4
3707	0	0	0	0	77	593	77	72	5
3656	0	0	0	0	128	646	128	126	2
3766	0	0	0	0	18	453	18	18	0
3769	0	0	0	0	15	456	15	15	0
3769	0	0	0	0	15	450	15	13	2
3775	0	0	0	0	9	436	9	8	1
3779	0	0	0	0	5	410	5	5	0
3763	0	0	0	0	21	536	21	20	1
3732	0	0	0	0	52	585	52	48	4
3549	0	0	0	0	235	713	235	231	4
3715	0	0	0	0	69	530	69	68	1
3546	0	0	0	0	238	780	238	231	7
3775	0	0	0	0	9	447	9	7	2
3762	0	0	0	0	22	488	22	21	1
3759	0	0	0	0	25	466	25	19	6
3779	0	0	0	0	5	416	5	5	0
3702	0	0	0	0	82	588	82	81	1
3667	0	0	0	0	117	602	117	109	8
3769	0	0	0	0	15	449	15	14	1
3754	0	0	0	0	30	454	30	25	5
3776	0	0	0	0	8	424	8	7	1
3752	0	0	0	0	32	481	32	29	3
3607	0	0	0	0	177	770	177	173	4
3760	0	0	0	0	24	435	24	19	5
3757	0	0	0	0	27	501	27	25	2
3758	0	0	0	0	26	513	26	24	2
3770	0	0	0	0	14	427	14	12	2
3777	0	0	0	0	7	396	7	6	1
3775	0	0	0	0	9	471	9	6	3
3716	0	0	0	0	68	502	68	66	2
3778	0	0	0	0	6	424	6	5	1
3779	0	0	0	0	5	407	5	5	0
3693	0	0	0	0	91	540	91	87	4
