3765	0	0	0	0	19	1725	19	13	6
3768	0	0	0	0	16	1716	16	15	1
3764	0	0	0	0	20	1726	20	19	1
3773	0	0	0	0	11	1717	11	11	0
3777	0	0	0	0	7	1706	7	7	0
3777	0	0	0	0	7	1711	7	6	1
3777	0	0	0	0	7	1706	7	5	2
3754	0	0	0	0	30	1731	30	26	4
3748	0	0	0	0	36	1735	36	33	3
3772	0	0	0	0	12	1711	12	11	1
3767	0	0	0	0	17	1718	17	16	1
3758	0	0	0	0	26	1727	26	21	5
3778	0	0	0	0	6	1707	6	6	0
3779	0	0	0	0	5	1705	5	5	0
3776	0	0	0	0	8	1702	8	8	0
3766	0	0	0	0	18	1710	18	17	1
3779	0	0	0	0	5	1700	5	5	0
3762	0	0	0	0	22	1724	22	18	4
3779	0	0	0	0	5	1704	5	5	0
3774	0	0	0	0	10	1711	10	9	1
3778	0	0	0	0	6	1706	6	5	1
3746	0	0	0	0	38	1731	38	36	2
3779	0	0	0	0	5	1710	5	5	0
3773	0	0	0	0	11	1716	11	10	1
3754	0	0	0	0	30	1722	30	29	1
3772	0	0	0	0	12	1720	12	11	1
3777	0	0	0	0	7	1716	7	6	1
3762	0	0	0	0	22	1721	22	21	1
3770	0	0	0	0	14	1724	14	11	3
3770	0	0	0	0	14	1723	14	14	0
3748	0	0	0	0	36	1733	36	31	5
3772	0	0	0	0	12	1714	12	9	3
3773	0	0	0	0	11	1711	11	11	0
3773	0	0	0	0	11	1720	11	10	1
3731	0	0	0	0	53	1739	53	47	6
3778	0	0	0	0	6	1706	6	6	0
3763	0	0	0	0	21	1718	21	20	1
3758	0	0	0	0	26	1719	26	26	0
3779	0	0	0	0	5	1702	5	5	0
3778	0	0	0	0	6	1706	6	6	0
3775	0	0	0	0	9	1707	9	9	0
3773	0	0	0	0	11	1712	11	11	0
3754	0	0	0	0	30	1730	30	25	5
3772	0	0	0	0	12	1718	12	12	0
3777	0	0	0	0	7	1708	7	6	1
3779	0	0	0	0	5	1706	5	5	0
3771	0	0	0	0	13	1716	13	12	1
3770	0	0	0	0	14	1725	14	11	3
3747	0	0	0	0	37	1739	37	34	3
3712	0	0	0	0	72	1761	72	71	1
3763	0	0	0	0	21	1724	21	18	3
3772	0	0	0	0	12	1708	12	10	2
3776	0	0	0	0	8	1708	8	8	0
3779	0	0	0	0	5	1706	5	5	0
3772	0	0	0	0	12	1715	12	9	3
3779	0	0	0	0	5	1703	5	5	0
3770	0	0	0	0	14	1712	14	13	1
3768	0	0	0	0	16	1713	16	15	1
3768	0	0	0	0	16	1722	16	14	2
3768	0	0	0	0	16	1712	16	16	0
3777	0	0	0	0	7	1706	7	6	1
3777	0	0	0	0	7	1707	7	5	2
3757	0	0	0	0	27	1730	27	23	4
3771	0	0	0	0	13	1711	13	13	0
3773	0	0	0	0	11	1711	11	11	0
3779	0	0	0	0	5	1703	5	5	0
3772	0	0	0	0	12	1706	12	11	1
3757	0	0	0	0	27	1730	27	25	2
3778	0	0	0	0	6	1709	6	6	0
3772	0	0	0	0	12	1714	12	10	2
3778	0	0	0	0	6	1707	6	5	1
3757	0	0	0	0	27	1735	27	23	4
3774	0	0	0	0	10	1709	10	10	0
3763	0	0	0	0	21	1726	21	17	4
3727	0	0	0	0	57	1753	57	53	4
3765	0	0	0	0	19	1716	19	18	1
3755	0	0	0	0	29	1716	29	29	0
3775	0	0	0	0	9	1708	9	9	0
3771	0	0	0	0	13	1713	13	12	1
3760	0	0	0	0	24	1736	24	19	5
3773	0	0	0	0	11	1708	11	11	0
3751	0	0	0	0	33	1727	33	30	3
3778	0	0	0	0	6	1709	6	6	0
3769	0	0	0	0	15	1719	15	15	0
3774	0	0	0	0	10	1709	10	9	1
3767	0	0	0	0	17	1731	17	13	4
3771	0	0	0	0	13	1712	13	13	0
3775	0	0	0	0	9	1707	9	7	2
3771	0	0	0	0	13	1711	13	13	0
3779	0	0	0	0	5	1707	5	5	0
3773	0	0	0	0	11	1722	11	8	3
3710	0	0	0	0	74	1764	74	67	7
3764	0	0	0	0	20	1723	20	20	0
3774	0	0	0	0	10	1712	10	10	0
3779	0	0	0	0	5	1714	5	5	0
3778	0	0	0	0	6	1705	6	5	1
3769	0	0	0	0	15	1708	15	15	0
3708	0	0	0	0	76	1760	76	73	3
3760	0	0	0	0	24	1720	24	20	4
3757	0	0	0	0	27	1718	27	26	1
3776	0	0	0	0	8	1708	8	8	0
3760	0	0	0	0	24	1719	24	22	2
3773	0	0	0	0	11	1713	11	9	2
3777	0	0	0	0	7	1718	7	7	0
3779	0	0	0	0	5	1704	5	5	0
3777	0	0	0	0	7	1704	7	7	0
3779	0	0	0	0	5	1703	5	5	0
3756	0	0	0	0	28	1722	28	26	2
3773	0	0	0	0	11	1724	11	10	1
3754	0	0	0	0	30	1727	30	24	6
3775	0	0	0	0	9	1709	9	9	0
3767	0	0	0	0	17	1716	17	16	1
3768	0	0	0	0	16	1719	16	16	0
3775	0	0	0	0	9	1714	9	7	2
3771	0	0	0	0	13	1710	13	11	2
3767	0	0	0	0	17	1725	17	15	2
3775	0	0	0	0	9	1709	9	7	2
3773	0	0	0	0	11	1714	11	9	2
3755	0	0	0	0	29	1731	29	27	2
3776	0	0	0	0	8	1712	8	7	1
3775	0	0	0	0	9	1708	9	8	1
3777	0	0	0	0	7	1707	7	7	0
3761	0	0	0	0	23	1732	23	21	2
3769	0	0	0	0	15	1723	15	14	1
3769	0	0	0	0	15	1722	15	12	3
3778	0	0	0	0	6	1707	6	5	1
3738	0	0	0	0	46	1742	46	44	2
3779	0	0	0	0	5	1703	5	5	0
3779	0	0	0	0	5	1705	5	5	0
3776	0	0	0	0	8	1714	8	8	0
3779	0	0	0	0	5	1702	5	5	0
3778	0	0	0	0	6	1705	6	6	0
3770	0	0	0	0	14	1715	14	11	3
3776	0	0	0	0	8	1712	8	7	1
3777	0	0	0	0	7	1712	7	7	0
3778	0	0	0	0	6	1714	6	6	0
3778	0	0	0	0	6	1708	6	6	0
3763	0	0	0	0	21	1731	21	20	1
3778	0	0	0	0	6	1709	6	5	1
3778	0	0	0	0	6	1712	6	6	0
3779	0	0	0	0	5	1706	5	5	0
3772	0	0	0	0	12	1712	12	12	0
3764	0	0	0	0	20	1717	20	17	3
3773	0	0	0	0	11	1711	11	11	0
3765	0	0	0	0	19	1729	19	17	2
3770	0	0	0	0	14	1716	14	12	2
3772	0	0	0	0	12	1717	12	10	2
3758	0	0	0	0	26	1726	26	24	2
3779	0	0	0	0	5	1702	5	5	0
3777	0	0	0	0	7	1707	7	7	0
3743	0	0	0	0	41	1742	41	40	1
3758	0	0	0	0	26	1735	26	26	0
3771	0	0	0	0	13	1711	13	12	1
3776	0	0	0	0	8	1707	8	7	1
3775	0	0	0	0	9	1719	9	9	0
3778	0	0	0	0	6	1709	6	6	0
3779	0	0	0	0	5	1708	5	5	0
3760	0	0	0	0	24	1738	24	19	5
3778	0	0	0	0	6	1707	6	6	0
3770	0	0	0	0	14	1710	14	13	1
3779	0	0	0	0	5	1709	5	5	0
3773	0	0	0	0	11	1714	11	10	1
3768	0	0	0	0	16	1719	16	14	2
3740	0	0	0	0	44	1733	44	40	4
3768	0	0	0	0	16	1722	16	12	4
3773	0	0	0	0	11	1712	11	11	0
3779	0	0	0	0	5	1711	5	5	0
3775	0	0	0	0	9	1704	9	7	2
3777	0	0	0	0	7	1708	7	7	0
3779	0	0	0	0	5	1705	5	5	0
3776	0	0	0	0	8	1709	8	8	0
3765	0	0	0	0	19	1725	19	17	2
3779	0	0	0	0	5	1708	5	5	0
3777	0	0	0	0	7	1706	7	7	0
3765	0	0	0	0	19	1716	19	19	0
3774	0	0	0	0	10	1722	10	10	0
3773	0	0	0	0	11	1719	11	9	2
3778	0	0	0	0	6	1712	6	5	1
3779	0	0	0	0	5	1708	5	5	0
3758	0	0	0	0	26	1718	26	26	0
3775	0	0	0	0	9	1713	9	9	0
3771	0	0	0	0	13	1709	13	13	0
3710	0	0	0	0	74	1782	74	66	8
3775	0	0	0	0	9	1715	9	7	2
3734	0	0	0	0	50	1765	50	47	3
3751	0	0	0	0	33	1736	33	30	3
3779	0	0	0	0	5	1707	5	5	0
3767	0	0	0	0	17	1730	17	13	4
3763	0	0	0	0	21	1724	21	21	0
3775	0	0	0	0	9	1716	9	9	0
3779	0	0	0	0	5	1706	5	5	0
3773	0	0	0	0	11	1721	11	11	0
3762	0	0	0	0	22	1716	22	17	5
3764	0	0	0	0	20	1722	20	19	1
3768	0	0	0	0	16	1721	16	16	0
3751	0	0	0	0	33	1728	33	29	4
3690	0	0	0	0	94	1775	94	93	1
3779	0	0	0	0	5	1702	5	5	0
3729	0	0	0	0	55	1762	55	49	6
3754	0	0	0	0	30	1739	30	27	3
3744	0	0	0	0	40	1736	40	38	2
3778	0	0	0	0	6	1704	6	6	0
3758	0	0	0	0	26	1727	26	26	0
3772	0	0	0	0	12	1716	12	10	2
3737	0	0	0	0	47	1742	47	44	3
3766	0	0	0	0	18	1726	18	16	2
3773	0	0	0	0	11	1720	11	9	2
3779	0	0	0	0	5	1704	5	5	0
3681	0	0	0	0	103	1763	103	92	11
3777	0	0	0	0	7	1712	7	6	1
3763	0	0	0	0	21	1726	21	21	0
3770	0	0	0	0	14	1720	14	13	1
3774	0	0	0	0	10	1707	10	9	1
3779	0	0	0	0	5	1710	5	5	0
3779	0	0	0	0	5	1702	5	5	0
3777	0	0	0	0	7	1704	7	7	0
3776	0	0	0	0	8	1702	8	7	1
3775	0	0	0	0	9	1707	9	9	0
3742	0	0	0	0	42	1733	42	39	3
3776	0	0	0	0	8	1714	8	7	1
3764	0	0	0	0	20	1717	20	18	2
3773	0	0	0	0	11	1714	11	9	2
3777	0	0	0	0	7	1713	7	7	0
3753	0	0	0	0	31	1722	31	31	0
3772	0	0	0	0	12	1717	12	11	1
3776	0	0	0	0	8	1712	8	7	1
3773	0	0	0	0	11	1710	11	10	1
3764	0	0	0	0	20	1717	20	16	4
3765	0	0	0	0	19	1720	19	17	2
3761	0	0	0	0	23	1731	23	20	3
3777	0	0	0	0	7	1713	7	6	1
3776	0	0	0	0	8	1714	8	8	0
3773	0	0	0	0	11	1717	11	9	2
3774	0	0	0	0	10	1714	10	10	0
3755	0	0	0	0	29	1731	29	24	5
3771	0	0	0	0	13	1707	13	13	0
3772	0	0	0	0	12	1713	12	11	1
3764	0	0	0	0	20	1731	20	18	2
3777	0	0	0	0	7	1703	7	7	0
3770	0	0	0	0	14	1711	14	11	3
3772	0	0	0	0	12	1712	12	12	0
3777	0	0	0	0	7	1710	7	7	0
3762	0	0	0	0	22	1726	22	19	3
3716	0	0	0	0	68	1758	68	64	4
3769	0	0	0	0	15	1718	15	13	2
3768	0	0	0	0	16	1713	16	15	1
3758	0	0	0	0	26	1737	26	25	1
3772	0	0	0	0	12	1712	12	11	1
3774	0	0	0	0	10	1710	10	8	2
3696	0	0	0	0	88	1773	88	85	3
3770	0	0	0	0	14	1711	14	13	1
3727	0	0	0	0	57	1728	57	51	6
3774	0	0	0	0	10	1714	10	9	1
3732	0	0	0	0	52	1744	52	46	6
3753	0	0	0	0	31	1735	31	30	1
3773	0	0	0	0	11	1719	11	10	1
3779	0	0	0	0	5	1704	5	5	0
3746	0	0	0	0	38	1740	38	36	2
3716	0	0	0	0	68	1772	68	59	9
3774	0	0	0	0	10	1716	10	9	1
3772	0	0	0	0	12	1713	12	10	2
3737	0	0	0	0	47	1743	47	43	4
3778	0	0	0	0	6	1711	6	5	1
3731	0	0	0	0	53	1748	53	49	4
3773	0	0	0	0	11	1720	11	10	1
3768	0	0	0	0	16	1727	16	15	1
3755	0	0	0	0	29	1714	29	25	4
3770	0	0	0	0	14	1708	14	13	1
3761	0	0	0	0	23	1728	23	21	2
3771	0	0	0	0	13	1709	13	12	1
3776	0	0	0	0	8	1720	8	8	0
3777	0	0	0	0	7	1707	7	6	1
3770	0	0	0	0	14	1713	14	12	2
3778	0	0	0	0	6	1708	6	6	0
3778	0	0	0	0	6	1705	6	6	0
3773	0	0	0	0	11	1713	11	10	1
3749	0	0	0	0	35	1723	35	31	4
3774	0	0	0	0	10	1713	10	8	2
3777	0	0	0	0	7	1709	7	7	0
3771	0	0	0	0	13	1713	13	12	1
3779	0	0	0	0	5	1702	5	5	0
3768	0	0	0	0	16	1709	16	15	1
3779	0	0	0	0	5	1710	5	5	0
3774	0	0	0	0	10	1714	10	10	0
3767	0	0	0	0	17	1717	17	14	3
3754	0	0	0	0	30	1726	30	28	2
3779	0	0	0	0	5	1702	5	5	0
3768	0	0	0	0	16	1714	16	11	5
3770	0	0	0	0	14	1711	14	14	0
3768	0	0	0	0	16	1708	16	15	1
3777	0	0	0	0	7	1704	7	7	0
3777	0	0	0	0	7	1704	7	7	0
3778	0	0	0	0	6	1705	6	6	0
3778	0	0	0	0	6	1706	6	6	0
3771	0	0	0	0	13	1708	13	12	1
3726	0	0	0	0	58	1759	58	57	1
3771	0	0	0	0	13	1713	13	13	0
3751	0	0	0	0	33	1725	33	30	3
3773	0	0	0	0	11	1706	11	10	1
3776	0	0	0	0	8	1712	8	7	1
3768	0	0	0	0	16	1711	16	15	1
3777	0	0	0	0	7	1716	7	6	1
3751	0	0	0	0	33	1726	33	32	1
3775	0	0	0	0	9	1714	9	9	0
3764	0	0	0	0	20	1717	20	18	2
3769	0	0	0	0	15	1720	15	13	2
3774	0	0	0	0	10	1717	10	9	1
3774	0	0	0	0	10	1707	10	9	1
3771	0	0	0	0	13	1704	13	13	0
3764	0	0	0	0	20	1726	20	18	2
3765	0	0	0	0	19	1727	19	18	1
3771	0	0	0	0	13	1712	13	12	1
3778	0	0	0	0	6	1706	6	6	0
3772	0	0	0	0	12	1716	12	11	1
3769	0	0	0	0	15	1717	15	13	2
3777	0	0	0	0	7	1707	7	7	0
3770	0	0	0	0	14	1711	14	13	1
3779	0	0	0	0	5	1702	5	5	0
3777	0	0	0	0	7	1705	7	6	1
3768	0	0	0	0	16	1720	16	16	0
3717	0	0	0	0	67	1767	67	64	3
3776	0	0	0	0	8	1709	8	8	0
3776	0	0	0	0	8	1713	8	6	2
3778	0	0	0	0	6	1706	6	6	0
3769	0	0	0	0	15	1713	15	12	3
3775	0	0	0	0	9	1710	9	7	2
3762	0	0	0	0	22	1737	22	19	3
3776	0	0	0	0	8	1703	8	7	1
3775	0	0	0	0	9	1702	9	9	0
3773	0	0	0	0	11	1711	11	11	0
3779	0	0	0	0	5	1704	5	5	0
3766	0	0	0	0	18	1731	18	17	1
3767	0	0	0	0	17	1717	17	15	2
3758	0	0	0	0	26	1728	26	24	2
3773	0	0	0	0	11	1719	11	10	1
3778	0	0	0	0	6	1710	6	5	1
3767	0	0	0	0	17	1741	17	15	2
3779	0	0	0	0	5	1704	5	5	0
3773	0	0	0	0	11	1714	11	11	0
3741	0	0	0	0	43	1764	43	40	3
3776	0	0	0	0	8	1718	8	7	1
3778	0	0	0	0	6	1711	6	6	0
3779	0	0	0	0	5	1707	5	5	0
3776	0	0	0	0	8	1710	8	8	0
3761	0	0	0	0	23	1725	23	22	1
3777	0	0	0	0	7	1706	7	6	1
3777	0	0	0	0	7	1705	7	5	2
3774	0	0	0	0	10	1712	10	8	2
3778	0	0	0	0	6	1701	6	6	0
3744	0	0	0	0	40	1738	40	36	4
3777	0	0	0	0	7	1708	7	7	0
3777	0	0	0	0	7	1710	7	7	0
3751	0	0	0	0	33	1721	33	32	1
3759	0	0	0	0	25	1739	25	22	3
3776	0	0	0	0	8	1710	8	7	1
3771	0	0	0	0	13	1714	13	13	0
3757	0	0	0	0	27	1728	27	24	3
3744	0	0	0	0	40	1741	40	35	5
3779	0	0	0	0	5	1705	5	5	0
3774	0	0	0	0	10	1705	10	10	0
3778	0	0	0	0	6	1703	6	6	0
3776	0	0	0	0	8	1710	8	8	0
3777	0	0	0	0	7	1709	7	7	0
3771	0	0	0	0	13	1709	13	13	0
3724	0	0	0	0	60	1749	60	54	6
3773	0	0	0	0	11	1715	11	10	1
3777	0	0	0	0	7	1705	7	6	1
3736	0	0	0	0	48	1759	48	42	6
3775	0	0	0	0	9	1720	9	8	1
3769	0	0	0	0	15	1718	15	14	1
3770	0	0	0	0	14	1709	14	14	0
3746	0	0	0	0	38	1734	38	34	4
3768	0	0	0	0	16	1715	16	16	0
3779	0	0	0	0	5	1705	5	5	0
3745	0	0	0	0	39	1741	39	35	4
3734	0	0	0	0	50	1746	50	47	3
3771	0	0	0	0	13	1716	13	12	1
3720	0	0	0	0	64	1758	64	62	2
3769	0	0	0	0	15	1714	15	11	4
3778	0	0	0	0	6	1712	6	5	1
3766	0	0	0	0	18	1718	18	17	1
3779	0	0	0	0	5	1708	5	5	0
3769	0	0	0	0	15	1727	15	14	1
3772	0	0	0	0	12	1706	12	10	2
3766	0	0	0	0	18	1723	18	17	1
3771	0	0	0	0	13	1713	13	13	0
3777	0	0	0	0	7	1704	7	7	0
3776	0	0	0	0	8	1705	8	8	0
3764	0	0	0	0	20	1726	20	19	1
3770	0	0	0	0	14	1713	14	13	1
3777	0	0	0	0	7	1709	7	7	0
3771	0	0	0	0	13	1711	13	13	0
3769	0	0	0	0	15	1724	15	13	2
3778	0	0	0	0	6	1700	6	6	0
3755	0	0	0	0	29	1723	29	29	0
3765	0	0	0	0	19	1718	19	18	1
3770	0	0	0	0	14	1718	14	11	3
3750	0	0	0	0	34	1742	34	33	1
3774	0	0	0	0	10	1704	10	10	0
3771	0	0	0	0	13	1718	13	12	1
3779	0	0	0	0	5	1705	5	5	0
3766	0	0	0	0	18	1719	18	17	1
3779	0	0	0	0	5	1703	5	5	0
3759	0	0	0	0	25	1720	25	24	1
3761	0	0	0	0	23	1726	23	21	2
3776	0	0	0	0	8	1711	8	7	1
3742	0	0	0	0	42	1737	42	36	6
3769	0	0	0	0	15	1712	15	15	0
3776	0	0	0	0	8	1707	8	8	0
3765	0	0	0	0	19	1719	19	18	1
3772	0	0	0	0	12	1707	12	12	0
3766	0	0	0	0	18	1725	18	15	3
3774	0	0	0	0	10	1710	10	10	0
3766	0	0	0	0	18	1721	18	15	3
3774	0	0	0	0	10	1718	10	10	0
3774	0	0	0	0	10	1712	10	8	2
3769	0	0	0	0	15	1711	15	15	0
3765	0	0	0	0	19	1721	19	19	0
3741	0	0	0	0	43	1729	43	40	3
3774	0	0	0	0	10	1713	10	10	0
3775	0	0	0	0	9	1705	9	9	0
3763	0	0	0	0	21	1742	21	17	4
3729	0	0	0	0	55	1760	55	52	3
3779	0	0	0	0	5	1702	5	5	0
3757	0	0	0	0	27	1734	27	24	3
3777	0	0	0	0	7	1708	7	6	1
3766	0	0	0	0	18	1724	18	16	2
3770	0	0	0	0	14	1713	14	10	4
3775	0	0	0	0	9	1707	9	8	1
3778	0	0	0	0	6	1699	6	6	0
3778	0	0	0	0	6	1710	6	6	0
3767	0	0	0	0	17	1716	17	12	5
3745	0	0	0	0	39	1752	39	37	2
3779	0	0	0	0	5	1700	5	5	0
3775	0	0	0	0	9	1709	9	7	2
3778	0	0	0	0	6	1706	6	5	1
3777	0	0	0	0	7	1705	7	7	0
3771	0	0	0	0	13	1714	13	11	2
3772	0	0	0	0	12	1713	12	9	3
3770	0	0	0	0	14	1712	14	14	0
3776	0	0	0	0	8	1715	8	8	0
3767	0	0	0	0	17	1720	17	15	2
3777	0	0	0	0	7	1706	7	7	0
3777	0	0	0	0	7	1710	7	6	1
3765	0	0	0	0	19	1712	19	18	1
3778	0	0	0	0	6	1705	6	6	0
3774	0	0	0	0	10	1717	10	9	1
3779	0	0	0	0	5	1709	5	5	0
3754	0	0	0	0	30	1731	30	24	6
3777	0	0	0	0	7	1707	7	6	1
3765	0	0	0	0	19	1716	19	16	3
3773	0	0	0	0	11	1708	11	11	0
3759	0	0	0	0	25	1716	25	23	2
3772	0	0	0	0	12	1718	12	10	2
3774	0	0	0	0	10	1715	10	9	1
3777	0	0	0	0	7	1709	7	6	1
3772	0	0	0	0	12	1714	12	12	0
3777	0	0	0	0	7	1704	7	7	0
3778	0	0	0	0	6	1709	6	5	1
3743	0	0	0	0	41	1740	41	35	6
3773	0	0	0	0	11	1711	11	9	2
3776	0	0	0	0	8	1714	8	8	0
3761	0	0	0	0	23	1728	23	19	4
3751	0	0	0	0	33	1721	33	29	4
3764	0	0	0	0	20	1725	20	18	2
3774	0	0	0	0	10	1719	10	7	3
3753	0	0	0	0	31	1742	31	28	3
3772	0	0	0	0	12	1711	12	10	2
3761	0	0	0	0	23	1724	23	19	4
3777	0	0	0	0	7	1708	7	7	0
3773	0	0	0	0	11	1714	11	11	0
3773	0	0	0	0	11	1711	11	10	1
3778	0	0	0	0	6	1709	6	6	0
3779	0	0	0	0	5	1701	5	5	0
3771	0	0	0	0	13	1713	13	12	1
3773	0	0	0	0	11	1710	11	11	0
3762	0	0	0	0	22	1713	22	21	1
3757	0	0	0	0	27	1722	27	26	1
3712	0	0	0	0	72	1754	72	66	6
3778	0	0	0	0	6	1702	6	6	0
3735	0	0	0	0	49	1759	49	46	3
3772	0	0	0	0	12	1711	12	9	3
3779	0	0	0	0	5	1700	5	5	0
3750	0	0	0	0	34	1732	34	33	1
3764	0	0	0	0	20	1717	20	17	3
3776	0	0	0	0	8	1706	8	7	1
3762	0	0	0	0	22	1716	22	17	5
3777	0	0	0	0	7	1709	7	6	1
3775	0	0	0	0	9	1707	9	6	3
3758	0	0	0	0	26	1721	26	24	2
3771	0	0	0	0	13	1711	13	9	4
3763	0	0	0	0	21	1715	21	20	1
3765	0	0	0	0	19	1726	19	17	2
3771	0	0	0	0	13	1706	13	11	2
3778	0	0	0	0	6	1703	6	6	0
3776	0	0	0	0	8	1712	8	5	3
3776	0	0	0	0	8	1710	8	7	1
3778	0	0	0	0	6	1706	6	5	1
3779	0	0	0	0	5	1705	5	5	0
3770	0	0	0	0	14	1716	14	14	0
