3750	0	0	0	0	34	1186	34	29	5
3763	0	0	0	0	21	1177	21	21	0
3751	0	0	0	0	33	1197	33	32	1
3739	0	0	0	0	45	1220	45	43	2
3777	0	0	0	0	7	1162	7	7	0
3777	0	0	0	0	7	1165	7	6	1
3776	0	0	0	0	8	1162	8	6	2
3740	0	0	0	0	44	1195	44	40	4
3746	0	0	0	0	38	1203	38	37	1
3772	0	0	0	0	12	1166	12	11	1
3762	0	0	0	0	22	1191	22	21	1
3756	0	0	0	0	28	1184	28	25	3
3777	0	0	0	0	7	1164	7	7	0
3779	0	0	0	0	5	1143	5	5	0
3776	0	0	0	0	8	1140	8	8	0
3753	0	0	0	0	31	1198	31	29	2
3779	0	0	0	0	5	1140	5	5	0
3752	0	0	0	0	32	1193	32	28	4
3778	0	0	0	0	6	1162	6	6	0
3774	0	0	0	0	10	1157	10	9	1
3778	0	0	0	0	6	1153	6	5	1
3709	0	0	0	0	75	1209	75	70	5
3779	0	0	0	0	5	1157	5	5	0
3773	0	0	0	0	11	1174	11	10	1
3756	0	0	0	0	28	1176	28	28	0
3767	0	0	0	0	17	1201	17	15	2
3777	0	0	0	0	7	1175	7	6	1
3760	0	0	0	0	24	1187	24	23	1
3768	0	0	0	0	16	1196	16	13	3
3757	0	0	0	0	27	1193	27	27	0
3769	0	0	0	0	15	1189	15	14	1
3772	0	0	0	0	12	1186	12	9	3
3770	0	0	0	0	14	1173	14	14	0
3764	0	0	0	0	20	1190	20	19	1
3711	0	0	0	0	73	1243	73	71	2
3778	0	0	0	0	6	1145	6	6	0
3692	0	0	0	0	92	1259	92	92	0
3774	0	0	0	0	10	1166	10	10	0
3779	0	0	0	0	5	1138	5	5	0
3778	0	0	0	0	6	1154	6	6	0
3770	0	0	0	0	14	1174	14	13	1
3753	0	0	0	0	31	1178	31	31	0
3753	0	0	0	0	31	1190	31	28	3
3769	0	0	0	0	15	1179	15	15	0
3776	0	0	0	0	8	1150	8	6	2
3779	0	0	0	0	5	1149	5	5	0
3770	0	0	0	0	14	1180	14	13	1
3774	0	0	0	0	10	1180	10	7	3
3741	0	0	0	0	43	1226	43	41	2
3706	0	0	0	0	78	1263	78	77	1
3755	0	0	0	0	29	1196	29	25	4
3770	0	0	0	0	14	1151	14	11	3
3773	0	0	0	0	11	1163	11	11	0
3764	0	0	0	0	20	1185	20	19	1
3772	0	0	0	0	12	1171	12	9	3
3779	0	0	0	0	5	1140	5	5	0
3763	0	0	0	0	21	1181	21	19	2
3765	0	0	0	0	19	1170	19	17	2
3750	0	0	0	0	34	1214	34	29	5
3765	0	0	0	0	19	1177	19	18	1
3776	0	0	0	0	8	1150	8	7	1
3776	0	0	0	0	8	1154	8	6	2
3754	0	0	0	0	30	1206	30	27	3
3763	0	0	0	0	21	1187	21	21	0
3769	0	0	0	0	15	1166	15	14	1
3735	0	0	0	0	49	1202	49	49	0
3755	0	0	0	0	29	1204	29	27	2
3748	0	0	0	0	36	1196	36	34	2
3778	0	0	0	0	6	1158	6	6	0
3772	0	0	0	0	12	1166	12	10	2
3778	0	0	0	0	6	1145	6	5	1
3748	0	0	0	0	36	1204	36	32	4
3766	0	0	0	0	18	1174	18	14	4
3753	0	0	0	0	31	1175	31	27	4
3730	0	0	0	0	54	1220	54	49	5
3764	0	0	0	0	20	1163	20	19	1
3737	0	0	0	0	47	1184	47	47	0
3769	0	0	0	0	15	1159	15	14	1
3771	0	0	0	0	13	1168	13	12	1
3745	0	0	0	0	39	1228	39	35	4
3738	0	0	0	0	46	1218	46	44	2
3743	0	0	0	0	41	1183	41	37	4
3773	0	0	0	0	11	1166	11	9	2
3764	0	0	0	0	20	1194	20	19	1
3770	0	0	0	0	14	1165	14	13	1
3763	0	0	0	0	21	1198	21	19	2
3768	0	0	0	0	16	1161	16	16	0
3774	0	0	0	0	10	1155	10	8	2
3770	0	0	0	0	14	1165	14	14	0
3779	0	0	0	0	5	1151	5	5	0
3772	0	0	0	0	12	1173	12	9	3
3652	0	0	0	0	132	1300	132	129	3
3755	0	0	0	0	29	1221	29	25	4
3773	0	0	0	0	11	1172	11	10	1
3765	0	0	0	0	19	1198	19	17	2
3777	0	0	0	0	7	1172	7	6	1
3745	0	0	0	0	39	1200	39	39	0
3661	0	0	0	0	123	1301	123	116	7
3764	0	0	0	0	20	1176	20	17	3
3752	0	0	0	0	32	1181	32	30	2
3772	0	0	0	0	12	1170	12	11	1
3752	0	0	0	0	32	1214	32	29	3
3773	0	0	0	0	11	1165	11	10	1
3739	0	0	0	0	45	1190	45	44	1
3779	0	0	0	0	5	1146	5	5	0
3774	0	0	0	0	10	1149	10	10	0
3779	0	0	0	0	5	1144	5	5	0
3744	0	0	0	0	40	1194	40	38	2
3773	0	0	0	0	11	1186	11	10	1
3705	0	0	0	0	79	1241	79	74	5
3775	0	0	0	0	9	1146	9	9	0
3758	0	0	0	0	26	1228	26	25	1
3765	0	0	0	0	19	1166	19	19	0
3765	0	0	0	0	19	1167	19	16	3
3771	0	0	0	0	13	1153	13	11	2
3767	0	0	0	0	17	1176	17	17	0
3775	0	0	0	0	9	1158	9	7	2
3725	0	0	0	0	59	1239	59	56	3
3752	0	0	0	0	32	1197	32	31	1
3774	0	0	0	0	10	1165	10	8	2
3774	0	0	0	0	10	1153	10	9	1
3774	0	0	0	0	10	1153	10	10	0
3760	0	0	0	0	24	1199	24	22	2
3751	0	0	0	0	33	1218	33	31	2
3767	0	0	0	0	17	1175	17	13	4
3748	0	0	0	0	36	1215	36	35	1
3735	0	0	0	0	49	1208	49	48	1
3779	0	0	0	0	5	1143	5	5	0
3779	0	0	0	0	5	1146	5	5	0
3771	0	0	0	0	13	1187	13	12	1
3779	0	0	0	0	5	1151	5	5	0
3777	0	0	0	0	7	1155	7	7	0
3769	0	0	0	0	15	1155	15	12	3
3776	0	0	0	0	8	1167	8	7	1
3777	0	0	0	0	7	1172	7	7	0
3772	0	0	0	0	12	1176	12	12	0
3770	0	0	0	0	14	1182	14	14	0
3768	0	0	0	0	16	1180	16	14	2
3778	0	0	0	0	6	1161	6	5	1
3778	0	0	0	0	6	1162	6	6	0
3779	0	0	0	0	5	1145	5	5	0
3770	0	0	0	0	14	1152	14	14	0
3734	0	0	0	0	50	1193	50	48	2
3765	0	0	0	0	19	1177	19	19	0
3753	0	0	0	0	31	1191	31	28	3
3768	0	0	0	0	16	1170	16	14	2
3770	0	0	0	0	14	1182	14	12	2
3721	0	0	0	0	63	1197	63	61	2
3779	0	0	0	0	5	1139	5	5	0
3777	0	0	0	0	7	1147	7	7	0
3725	0	0	0	0	59	1230	59	54	5
3750	0	0	0	0	34	1197	34	33	1
3768	0	0	0	0	16	1160	16	15	1
3776	0	0	0	0	8	1173	8	7	1
3761	0	0	0	0	23	1169	23	23	0
3695	0	0	0	0	89	1299	89	85	4
3778	0	0	0	0	6	1155	6	6	0
3730	0	0	0	0	54	1250	54	47	7
3778	0	0	0	0	6	1151	6	6	0
3768	0	0	0	0	16	1150	16	15	1
3779	0	0	0	0	5	1168	5	5	0
3766	0	0	0	0	18	1174	18	17	1
3760	0	0	0	0	24	1186	24	21	3
3723	0	0	0	0	61	1203	61	58	3
3771	0	0	0	0	13	1193	13	9	4
3773	0	0	0	0	11	1166	11	11	0
3778	0	0	0	0	6	1173	6	6	0
3774	0	0	0	0	10	1146	10	7	3
3776	0	0	0	0	8	1176	8	8	0
3779	0	0	0	0	5	1144	5	5	0
3776	0	0	0	0	8	1166	8	8	0
3747	0	0	0	0	37	1220	37	36	1
3779	0	0	0	0	5	1151	5	5	0
3777	0	0	0	0	7	1143	7	7	0
3755	0	0	0	0	29	1172	29	27	2
3750	0	0	0	0	34	1209	34	30	4
3774	0	0	0	0	10	1169	10	8	2
3774	0	0	0	0	10	1174	10	9	1
3779	0	0	0	0	5	1151	5	5	0
3738	0	0	0	0	46	1198	46	46	0
3772	0	0	0	0	12	1166	12	12	0
3771	0	0	0	0	13	1152	13	13	0
3651	0	0	0	0	133	1297	133	127	6
3775	0	0	0	0	9	1174	9	7	2
3707	0	0	0	0	77	1286	77	74	3
3753	0	0	0	0	31	1191	31	28	3
3762	0	0	0	0	22	1198	22	22	0
3762	0	0	0	0	22	1212	22	18	4
3653	0	0	0	0	131	1278	131	126	5
3769	0	0	0	0	15	1177	15	14	1
3779	0	0	0	0	5	1160	5	5	0
3765	0	0	0	0	19	1189	19	19	0
3767	0	0	0	0	17	1167	17	12	5
3760	0	0	0	0	24	1181	24	23	1
3754	0	0	0	0	30	1193	30	30	0
3740	0	0	0	0	44	1193	44	41	3
3664	0	0	0	0	120	1267	120	116	4
3778	0	0	0	0	6	1151	6	6	0
3719	0	0	0	0	65	1286	65	64	1
3752	0	0	0	0	32	1214	32	29	3
3717	0	0	0	0	67	1239	67	64	3
3778	0	0	0	0	6	1151	6	6	0
3753	0	0	0	0	31	1191	31	30	1
3765	0	0	0	0	19	1172	19	16	3
3731	0	0	0	0	53	1204	53	51	2
3759	0	0	0	0	25	1188	25	24	1
3772	0	0	0	0	12	1181	12	9	3
3773	0	0	0	0	11	1160	11	10	1
3666	0	0	0	0	118	1291	118	117	1
3777	0	0	0	0	7	1158	7	6	1
3761	0	0	0	0	23	1194	23	23	0
3765	0	0	0	0	19	1183	19	18	1
3757	0	0	0	0	27	1179	27	26	1
3773	0	0	0	0	11	1164	11	10	1
3779	0	0	0	0	5	1148	5	5	0
3777	0	0	0	0	7	1164	7	7	0
3773	0	0	0	0	11	1148	11	9	2
3720	0	0	0	0	64	1210	64	60	4
3740	0	0	0	0	44	1186	44	41	3
3766	0	0	0	0	18	1168	18	16	2
3760	0	0	0	0	24	1178	24	23	1
3769	0	0	0	0	15	1163	15	12	3
3776	0	0	0	0	8	1177	8	8	0
3732	0	0	0	0	52	1213	52	52	0
3755	0	0	0	0	29	1206	29	28	1
3772	0	0	0	0	12	1165	12	11	1
3766	0	0	0	0	18	1169	18	17	1
3763	0	0	0	0	21	1183	21	18	3
3754	0	0	0	0	30	1191	30	29	1
3749	0	0	0	0	35	1207	35	32	3
3771	0	0	0	0	13	1177	13	12	1
3776	0	0	0	0	8	1178	8	8	0
3773	0	0	0	0	11	1179	11	10	1
3773	0	0	0	0	11	1159	11	10	1
3737	0	0	0	0	47	1194	47	40	7
3767	0	0	0	0	17	1185	17	17	0
3761	0	0	0	0	23	1178	23	22	1
3759	0	0	0	0	25	1192	25	24	1
3775	0	0	0	0	9	1150	9	9	0
3768	0	0	0	0	16	1155	16	13	3
3772	0	0	0	0	12	1163	12	12	0
3773	0	0	0	0	11	1158	11	11	0
3751	0	0	0	0	33	1232	33	30	3
3698	0	0	0	0	86	1252	86	80	6
3769	0	0	0	0	15	1167	15	15	0
3754	0	0	0	0	30	1187	30	29	1
3746	0	0	0	0	38	1220	38	38	0
3761	0	0	0	0	23	1159	23	21	2
3767	0	0	0	0	17	1187	17	15	2
3637	0	0	0	0	147	1329	147	142	5
3770	0	0	0	0	14	1173	14	13	1
3727	0	0	0	0	57	1223	57	52	5
3768	0	0	0	0	16	1193	16	13	3
3659	0	0	0	0	125	1282	125	122	3
3746	0	0	0	0	38	1197	38	37	1
3773	0	0	0	0	11	1171	11	10	1
3779	0	0	0	0	5	1139	5	5	0
3702	0	0	0	0	82	1257	82	81	1
3630	0	0	0	0	154	1349	154	148	6
3769	0	0	0	0	15	1165	15	13	2
3771	0	0	0	0	13	1171	13	11	2
3694	0	0	0	0	90	1246	90	84	6
3777	0	0	0	0	7	1153	7	6	1
3649	0	0	0	0	135	1294	135	131	4
3767	0	0	0	0	17	1166	17	16	1
3748	0	0	0	0	36	1196	36	35	1
3753	0	0	0	0	31	1164	31	29	2
3769	0	0	0	0	15	1152	15	14	1
3744	0	0	0	0	40	1182	40	38	2
3771	0	0	0	0	13	1160	13	12	1
3738	0	0	0	0	46	1221	46	43	3
3683	0	0	0	0	101	1302	101	100	1
3769	0	0	0	0	15	1167	15	13	2
3778	0	0	0	0	6	1145	6	6	0
3778	0	0	0	0	6	1171	6	6	0
3768	0	0	0	0	16	1161	16	14	2
3704	0	0	0	0	80	1216	80	74	6
3757	0	0	0	0	27	1195	27	25	2
3777	0	0	0	0	7	1161	7	7	0
3767	0	0	0	0	17	1155	17	16	1
3779	0	0	0	0	5	1147	5	5	0
3764	0	0	0	0	20	1154	20	19	1
3779	0	0	0	0	5	1147	5	5	0
3764	0	0	0	0	20	1164	20	20	0
3765	0	0	0	0	19	1165	19	17	2
3736	0	0	0	0	48	1210	48	46	2
3779	0	0	0	0	5	1144	5	5	0
3765	0	0	0	0	19	1171	19	14	5
3766	0	0	0	0	18	1158	18	17	1
3763	0	0	0	0	21	1156	21	19	2
3752	0	0	0	0	32	1185	32	32	0
3741	0	0	0	0	43	1196	43	43	0
3775	0	0	0	0	9	1169	9	9	0
3778	0	0	0	0	6	1148	6	6	0
3765	0	0	0	0	19	1157	19	17	2
3681	0	0	0	0	103	1262	103	102	1
3769	0	0	0	0	15	1156	15	14	1
3737	0	0	0	0	47	1221	47	45	2
3772	0	0	0	0	12	1146	12	11	1
3776	0	0	0	0	8	1170	8	7	1
3730	0	0	0	0	54	1207	54	52	2
3761	0	0	0	0	23	1185	23	22	1
3761	0	0	0	0	23	1174	23	23	0
3665	0	0	0	0	119	1277	119	117	2
3762	0	0	0	0	22	1172	22	20	2
3751	0	0	0	0	33	1229	33	30	3
3767	0	0	0	0	17	1167	17	16	1
3771	0	0	0	0	13	1160	13	9	4
3771	0	0	0	0	13	1167	13	13	0
3747	0	0	0	0	37	1231	37	34	3
3761	0	0	0	0	23	1206	23	22	1
3756	0	0	0	0	28	1198	28	27	1
3778	0	0	0	0	6	1151	6	6	0
3768	0	0	0	0	16	1184	16	13	3
3775	0	0	0	0	9	1160	9	7	2
3766	0	0	0	0	18	1189	18	17	1
3759	0	0	0	0	25	1212	25	21	4
3779	0	0	0	0	5	1138	5	5	0
3775	0	0	0	0	9	1157	9	8	1
3757	0	0	0	0	27	1192	27	27	0
3698	0	0	0	0	86	1272	86	85	1
3776	0	0	0	0	8	1162	8	8	0
3772	0	0	0	0	12	1166	12	10	2
3778	0	0	0	0	6	1157	6	6	0
3769	0	0	0	0	15	1157	15	12	3
3775	0	0	0	0	9	1167	9	7	2
3761	0	0	0	0	23	1217	23	20	3
3775	0	0	0	0	9	1151	9	8	1
3773	0	0	0	0	11	1151	11	11	0
3771	0	0	0	0	13	1177	13	12	1
3779	0	0	0	0	5	1149	5	5	0
3761	0	0	0	0	23	1194	23	23	0
3748	0	0	0	0	36	1201	36	33	3
3738	0	0	0	0	46	1209	46	43	3
3749	0	0	0	0	35	1217	35	34	1
3778	0	0	0	0	6	1155	6	5	1
3767	0	0	0	0	17	1196	17	16	1
3779	0	0	0	0	5	1143	5	5	0
3772	0	0	0	0	12	1175	12	12	0
3672	0	0	0	0	112	1306	112	108	4
3748	0	0	0	0	36	1200	36	32	4
3763	0	0	0	0	21	1185	21	21	0
3779	0	0	0	0	5	1160	5	5	0
3776	0	0	0	0	8	1174	8	8	0
3739	0	0	0	0	45	1208	45	44	1
3731	0	0	0	0	53	1217	53	51	2
3777	0	0	0	0	7	1151	7	5	2
3773	0	0	0	0	11	1165	11	9	2
3758	0	0	0	0	26	1182	26	24	2
3708	0	0	0	0	76	1269	76	74	2
3772	0	0	0	0	12	1166	12	11	1
3777	0	0	0	0	7	1153	7	7	0
3751	0	0	0	0	33	1199	33	31	2
3777	0	0	0	0	7	1171	7	7	0
3773	0	0	0	0	11	1173	11	9	2
3755	0	0	0	0	29	1173	29	28	1
3770	0	0	0	0	14	1179	14	13	1
3701	0	0	0	0	83	1272	83	80	3
3779	0	0	0	0	5	1152	5	5	0
3760	0	0	0	0	24	1157	24	23	1
3778	0	0	0	0	6	1156	6	6	0
3775	0	0	0	0	9	1168	9	9	0
3777	0	0	0	0	7	1160	7	7	0
3770	0	0	0	0	14	1164	14	14	0
3710	0	0	0	0	74	1250	74	67	7
3768	0	0	0	0	16	1157	16	13	3
3776	0	0	0	0	8	1155	8	7	1
3734	0	0	0	0	50	1236	50	48	2
3774	0	0	0	0	10	1168	10	9	1
3753	0	0	0	0	31	1229	31	29	2
3750	0	0	0	0	34	1164	34	33	1
3737	0	0	0	0	47	1200	47	42	5
3763	0	0	0	0	21	1176	21	20	1
3779	0	0	0	0	5	1148	5	5	0
3750	0	0	0	0	34	1214	34	29	5
3694	0	0	0	0	90	1270	90	86	4
3766	0	0	0	0	18	1182	18	16	2
3697	0	0	0	0	87	1241	87	85	2
3766	0	0	0	0	18	1162	18	14	4
3777	0	0	0	0	7	1162	7	6	1
3755	0	0	0	0	29	1186	29	28	1
3747	0	0	0	0	37	1206	37	35	2
3768	0	0	0	0	16	1206	16	15	1
3771	0	0	0	0	13	1174	13	11	2
3743	0	0	0	0	41	1214	41	40	1
3768	0	0	0	0	16	1166	16	16	0
3777	0	0	0	0	7	1147	7	7	0
3776	0	0	0	0	8	1152	8	8	0
3714	0	0	0	0	70	1245	70	69	1
3769	0	0	0	0	15	1180	15	14	1
3777	0	0	0	0	7	1157	7	7	0
3762	0	0	0	0	22	1173	22	21	1
3763	0	0	0	0	21	1177	21	19	2
3778	0	0	0	0	6	1142	6	6	0
3716	0	0	0	0	68	1221	68	68	0
3739	0	0	0	0	45	1189	45	43	2
3770	0	0	0	0	14	1186	14	12	2
3734	0	0	0	0	50	1240	50	50	0
3765	0	0	0	0	19	1180	19	19	0
3770	0	0	0	0	14	1170	14	12	2
3779	0	0	0	0	5	1151	5	5	0
3760	0	0	0	0	24	1164	24	23	1
3779	0	0	0	0	5	1149	5	5	0
3747	0	0	0	0	37	1178	37	35	2
3730	0	0	0	0	54	1224	54	51	3
3776	0	0	0	0	8	1155	8	7	1
3744	0	0	0	0	40	1200	40	37	3
3768	0	0	0	0	16	1155	16	16	0
3776	0	0	0	0	8	1145	8	8	0
3698	0	0	0	0	86	1274	86	82	4
3769	0	0	0	0	15	1157	15	15	0
3762	0	0	0	0	22	1185	22	19	3
3771	0	0	0	0	13	1170	13	12	1
3763	0	0	0	0	21	1191	21	20	1
3756	0	0	0	0	28	1192	28	28	0
3772	0	0	0	0	12	1162	12	9	3
3768	0	0	0	0	16	1147	16	16	0
3762	0	0	0	0	22	1200	22	22	0
3727	0	0	0	0	57	1216	57	53	4
3774	0	0	0	0	10	1176	10	10	0
3773	0	0	0	0	11	1149	11	10	1
3761	0	0	0	0	23	1226	23	19	4
3711	0	0	0	0	73	1252	73	71	2
3779	0	0	0	0	5	1140	5	5	0
3753	0	0	0	0	31	1211	31	29	2
3775	0	0	0	0	9	1164	9	7	2
3763	0	0	0	0	21	1197	21	18	3
3771	0	0	0	0	13	1159	13	10	3
3765	0	0	0	0	19	1181	19	17	2
3769	0	0	0	0	15	1174	15	14	1
3778	0	0	0	0	6	1161	6	6	0
3773	0	0	0	0	11	1169	11	8	3
3718	0	0	0	0	66	1244	66	64	2
3779	0	0	0	0	5	1141	5	5	0
3772	0	0	0	0	12	1166	12	10	2
3772	0	0	0	0	12	1161	12	9	3
3775	0	0	0	0	9	1151	9	8	1
3771	0	0	0	0	13	1157	13	11	2
3771	0	0	0	0	13	1160	13	10	3
3766	0	0	0	0	18	1155	18	17	1
3773	0	0	0	0	11	1182	11	11	0
3754	0	0	0	0	30	1188	30	27	3
3738	0	0	0	0	46	1228	46	45	1
3771	0	0	0	0	13	1170	13	12	1
3763	0	0	0	0	21	1161	21	20	1
3772	0	0	0	0	12	1151	12	11	1
3771	0	0	0	0	13	1181	13	11	2
3778	0	0	0	0	6	1158	6	5	1
3756	0	0	0	0	28	1204	28	24	4
3777	0	0	0	0	7	1159	7	6	1
3769	0	0	0	0	15	1170	15	13	2
3702	0	0	0	0	82	1242	82	81	1
3758	0	0	0	0	26	1173	26	24	2
3771	0	0	0	0	13	1161	13	12	1
3770	0	0	0	0	14	1181	14	12	2
3769	0	0	0	0	15	1168	15	14	1
3771	0	0	0	0	13	1161	13	13	0
3777	0	0	0	0	7	1151	7	7	0
3778	0	0	0	0	6	1157	6	5	1
3697	0	0	0	0	87	1250	87	84	3
3754	0	0	0	0	30	1196	30	27	3
3774	0	0	0	0	10	1174	10	9	1
3760	0	0	0	0	24	1187	24	22	2
3744	0	0	0	0	40	1170	40	37	3
3731	0	0	0	0	53	1183	53	50	3
3775	0	0	0	0	9	1159	9	7	2
3736	0	0	0	0	48	1240	48	45	3
3772	0	0	0	0	12	1169	12	10	2
3680	0	0	0	0	104	1271	104	100	4
3768	0	0	0	0	16	1168	16	16	0
3772	0	0	0	0	12	1175	12	12	0
3771	0	0	0	0	13	1159	13	12	1
3777	0	0	0	0	7	1158	7	7	0
3779	0	0	0	0	5	1145	5	5	0
3765	0	0	0	0	19	1203	19	18	1
3761	0	0	0	0	23	1182	23	20	3
3762	0	0	0	0	22	1174	22	21	1
3758	0	0	0	0	26	1192	26	26	0
3673	0	0	0	0	111	1277	111	106	5
3776	0	0	0	0	8	1154	8	7	1
3767	0	0	0	0	17	1183	17	16	1
3769	0	0	0	0	15	1162	15	11	4
3779	0	0	0	0	5	1144	5	5	0
3734	0	0	0	0	50	1217	50	49	1
3741	0	0	0	0	43	1203	43	40	3
3775	0	0	0	0	9	1149	9	8	1
3763	0	0	0	0	21	1169	21	16	5
3777	0	0	0	0	7	1153	7	6	1
3757	0	0	0	0	27	1185	27	24	3
3717	0	0	0	0	67	1240	67	66	1
3768	0	0	0	0	16	1149	16	11	5
3759	0	0	0	0	25	1170	25	24	1
3761	0	0	0	0	23	1194	23	21	2
3771	0	0	0	0	13	1145	13	11	2
3778	0	0	0	0	6	1136	6	6	0
3775	0	0	0	0	9	1175	9	6	3
3773	0	0	0	0	11	1167	11	9	2
3778	0	0	0	0	6	1151	6	5	1
3779	0	0	0	0	5	1147	5	5	0
3722	0	0	0	0	62	1199	62	59	3
