3766	0	0	0	0	18	644	18	10	8
3762	0	0	0	0	22	632	22	16	6
3771	0	0	0	0	13	606	13	11	2
3753	0	0	0	0	31	655	31	22	9
3733	0	0	0	0	51	748	51	34	17
3774	0	0	0	0	10	594	10	6	4
3532	0	0	0	0	252	1165	252	151	101
3680	0	0	0	0	104	816	104	57	47
3734	0	0	0	0	50	687	50	32	18
3755	0	0	0	0	29	628	29	20	9
3774	0	0	0	0	10	601	10	7	3
3726	0	0	0	0	58	714	58	28	30
3715	0	0	0	0	69	792	69	33	36
3779	0	0	0	0	5	572	5	5	0
3774	0	0	0	0	10	578	10	8	2
3760	0	0	0	0	24	633	24	16	8
3778	0	0	0	0	6	571	6	5	1
3753	0	0	0	0	31	674	31	19	12
3762	0	0	0	0	22	651	22	16	6
3627	0	0	0	0	157	955	157	98	59
3778	0	0	0	0	6	572	6	5	1
3744	0	0	0	0	40	660	40	24	16
3779	0	0	0	0	5	579	5	5	0
3761	0	0	0	0	23	635	23	15	8
3742	0	0	0	0	42	674	42	29	13
3723	0	0	0	0	61	757	61	38	23
3764	0	0	0	0	20	651	20	15	5
3769	0	0	0	0	15	603	15	12	3
3659	0	0	0	0	125	910	125	68	57
3778	0	0	0	0	6	599	6	6	0
3759	0	0	0	0	25	675	25	15	10
3763	0	0	0	0	21	634	21	11	10
3746	0	0	0	0	38	698	38	22	16
3776	0	0	0	0	8	600	8	6	2
3715	0	0	0	0	69	749	69	39	30
3778	0	0	0	0	6	573	6	6	0
3779	0	0	0	0	5	574	5	5	0
3737	0	0	0	0	47	690	47	26	21
3779	0	0	0	0	5	566	5	5	0
3778	0	0	0	0	6	578	6	6	0
3767	0	0	0	0	17	600	17	12	5
3778	0	0	0	0	6	578	6	6	0
3744	0	0	0	0	40	638	40	25	15
3767	0	0	0	0	17	616	17	14	3
3773	0	0	0	0	11	597	11	6	5
3779	0	0	0	0	5	578	5	5	0
3765	0	0	0	0	19	644	19	12	7
3764	0	0	0	0	20	648	20	10	10
3632	0	0	0	0	152	992	152	85	67
3770	0	0	0	0	14	584	14	12	2
3735	0	0	0	0	49	698	49	24	25
3766	0	0	0	0	18	602	18	10	8
3775	0	0	0	0	9	590	9	6	3
3764	0	0	0	0	20	650	20	12	8
3774	0	0	0	0	10	597	10	7	3
3779	0	0	0	0	5	570	5	5	0
3747	0	0	0	0	37	684	37	18	19
3762	0	0	0	0	22	621	22	15	7
3744	0	0	0	0	40	677	40	23	17
3771	0	0	0	0	13	606	13	10	3
3769	0	0	0	0	15	607	15	7	8
3763	0	0	0	0	21	657	21	12	9
3764	0	0	0	0	20	631	20	14	6
3763	0	0	0	0	21	632	21	16	5
3767	0	0	0	0	17	629	17	8	9
3758	0	0	0	0	26	665	26	22	4
3744	0	0	0	0	40	691	40	22	18
3769	0	0	0	0	15	621	15	10	5
3773	0	0	0	0	11	594	11	6	5
3763	0	0	0	0	21	644	21	12	9
3773	0	0	0	0	11	587	11	7	4
3695	0	0	0	0	89	796	89	41	48
3766	0	0	0	0	18	604	18	10	8
3757	0	0	0	0	27	656	27	16	11
3684	0	0	0	0	100	853	100	55	45
3770	0	0	0	0	14	604	14	11	3
3769	0	0	0	0	15	593	15	14	1
3770	0	0	0	0	14	608	14	10	4
3774	0	0	0	0	10	587	10	9	1
3760	0	0	0	0	24	662	24	13	11
3734	0	0	0	0	50	724	50	30	20
3746	0	0	0	0	38	639	38	24	14
3756	0	0	0	0	28	675	28	12	16
3774	0	0	0	0	10	599	10	8	2
3765	0	0	0	0	19	618	19	9	10
3542	0	0	0	0	242	1197	242	125	117
3775	0	0	0	0	9	593	9	7	2
3774	0	0	0	0	10	589	10	6	4
3775	0	0	0	0	9	598	9	6	3
3763	0	0	0	0	21	642	21	12	9
3747	0	0	0	0	37	693	37	21	16
3672	0	0	0	0	112	863	112	60	52
3743	0	0	0	0	41	684	41	25	16
3763	0	0	0	0	21	627	21	14	7
3657	0	0	0	0	127	912	127	70	57
3755	0	0	0	0	29	649	29	20	9
3768	0	0	0	0	16	609	16	12	4
3751	0	0	0	0	33	695	33	19	14
3769	0	0	0	0	15	612	15	9	6
3767	0	0	0	0	17	615	17	14	3
3769	0	0	0	0	15	597	15	10	5
3746	0	0	0	0	38	689	38	21	17
3752	0	0	0	0	32	660	32	19	13
3758	0	0	0	0	26	637	26	15	11
3779	0	0	0	0	5	575	5	5	0
3769	0	0	0	0	15	596	15	9	6
3779	0	0	0	0	5	571	5	5	0
3729	0	0	0	0	55	692	55	31	24
3747	0	0	0	0	37	696	37	19	18
3714	0	0	0	0	70	731	70	31	39
3777	0	0	0	0	7	582	7	6	1
3751	0	0	0	0	33	664	33	23	10
3763	0	0	0	0	21	619	21	15	6
3767	0	0	0	0	17	623	17	11	6
3770	0	0	0	0	14	588	14	11	3
3750	0	0	0	0	34	664	34	19	15
3777	0	0	0	0	7	588	7	5	2
3766	0	0	0	0	18	651	18	10	8
3763	0	0	0	0	21	613	21	13	8
3768	0	0	0	0	16	621	16	7	9
3776	0	0	0	0	8	581	8	6	2
3771	0	0	0	0	13	589	13	9	4
3738	0	0	0	0	46	694	46	23	23
3682	0	0	0	0	102	803	102	61	41
3771	0	0	0	0	13	599	13	9	4
3772	0	0	0	0	12	605	12	6	6
3703	0	0	0	0	81	745	81	50	31
3776	0	0	0	0	8	593	8	5	3
3779	0	0	0	0	5	572	5	5	0
3772	0	0	0	0	12	614	12	11	1
3778	0	0	0	0	6	581	6	5	1
3765	0	0	0	0	19	614	19	8	11
3769	0	0	0	0	15	587	15	8	7
3778	0	0	0	0	6	590	6	5	1
3777	0	0	0	0	7	588	7	7	0
3773	0	0	0	0	11	605	11	8	3
3768	0	0	0	0	16	608	16	10	6
3752	0	0	0	0	32	674	32	17	15
3774	0	0	0	0	10	600	10	7	3
3777	0	0	0	0	7	605	7	6	1
3778	0	0	0	0	6	580	6	5	1
3772	0	0	0	0	12	598	12	10	2
3755	0	0	0	0	29	650	29	20	9
3778	0	0	0	0	6	576	6	5	1
3755	0	0	0	0	29	667	29	18	11
3744	0	0	0	0	40	694	40	21	19
3768	0	0	0	0	16	613	16	11	5
3747	0	0	0	0	37	670	37	23	14
3779	0	0	0	0	5	572	5	5	0
3777	0	0	0	0	7	579	7	6	1
3720	0	0	0	0	64	721	64	37	27
3740	0	0	0	0	44	688	44	25	19
3767	0	0	0	0	17	594	17	13	4
3777	0	0	0	0	7	586	7	6	1
3761	0	0	0	0	23	642	23	14	9
3689	0	0	0	0	95	872	95	47	48
3778	0	0	0	0	6	584	6	5	1
3681	0	0	0	0	103	842	103	57	46
3761	0	0	0	0	23	634	23	15	8
3771	0	0	0	0	13	596	13	10	3
3755	0	0	0	0	29	666	29	16	13
3771	0	0	0	0	13	601	13	7	6
3754	0	0	0	0	30	655	30	16	14
3746	0	0	0	0	38	651	38	20	18
3754	0	0	0	0	30	659	30	18	12
3776	0	0	0	0	8	589	8	7	1
3770	0	0	0	0	14	627	14	11	3
3774	0	0	0	0	10	577	10	7	3
3749	0	0	0	0	35	660	35	15	20
3779	0	0	0	0	5	579	5	5	0
3769	0	0	0	0	15	618	15	11	4
3753	0	0	0	0	31	649	31	17	14
3779	0	0	0	0	5	582	5	5	0
3779	0	0	0	0	5	571	5	5	0
3766	0	0	0	0	18	629	18	15	3
3703	0	0	0	0	81	786	81	44	37
3765	0	0	0	0	19	627	19	10	9
3768	0	0	0	0	16	627	16	11	5
3779	0	0	0	0	5	576	5	5	0
3660	0	0	0	0	124	850	124	74	50
3752	0	0	0	0	32	650	32	18	14
3768	0	0	0	0	16	594	16	14	2
3616	0	0	0	0	168	968	168	103	65
3743	0	0	0	0	41	701	41	24	17
3700	0	0	0	0	84	826	84	56	28
3758	0	0	0	0	26	659	26	17	9
3669	0	0	0	0	115	927	115	65	50
3732	0	0	0	0	52	738	52	28	24
3724	0	0	0	0	60	712	60	38	22
3608	0	0	0	0	176	1065	176	95	81
3779	0	0	0	0	5	582	5	5	0
3779	0	0	0	0	5	570	5	5	0
3746	0	0	0	0	38	662	38	21	17
3750	0	0	0	0	34	669	34	22	12
3769	0	0	0	0	15	618	15	11	4
3740	0	0	0	0	44	699	44	24	20
3707	0	0	0	0	77	871	77	47	30
3778	0	0	0	0	6	581	6	5	1
3680	0	0	0	0	104	865	104	59	45
3759	0	0	0	0	25	648	25	16	9
3699	0	0	0	0	85	785	85	47	38
3777	0	0	0	0	7	573	7	5	2
3753	0	0	0	0	31	654	31	23	8
3765	0	0	0	0	19	635	19	12	7
3760	0	0	0	0	24	639	24	17	7
3763	0	0	0	0	21	613	21	15	6
3761	0	0	0	0	23	660	23	13	10
3775	0	0	0	0	9	593	9	7	2
3681	0	0	0	0	103	848	103	59	44
3768	0	0	0	0	16	617	16	11	5
3742	0	0	0	0	42	728	42	25	17
3743	0	0	0	0	41	667	41	21	20
3775	0	0	0	0	9	587	9	7	2
3763	0	0	0	0	21	632	21	14	7
3779	0	0	0	0	5	576	5	5	0
3777	0	0	0	0	7	585	7	6	1
3772	0	0	0	0	12	599	12	7	5
3725	0	0	0	0	59	710	59	34	25
3738	0	0	0	0	46	667	46	32	14
3767	0	0	0	0	17	635	17	9	8
3774	0	0	0	0	10	589	10	6	4
3768	0	0	0	0	16	604	16	9	7
3775	0	0	0	0	9	607	9	7	2
3745	0	0	0	0	39	734	39	29	10
3772	0	0	0	0	12	602	12	7	5
3772	0	0	0	0	12	605	12	8	4
3765	0	0	0	0	19	611	19	12	7
3776	0	0	0	0	8	588	8	6	2
3755	0	0	0	0	29	657	29	14	15
3751	0	0	0	0	33	681	33	19	14
3772	0	0	0	0	12	620	12	6	6
3766	0	0	0	0	18	620	18	13	5
3779	0	0	0	0	5	581	5	5	0
3774	0	0	0	0	10	600	10	8	2
3728	0	0	0	0	56	693	56	32	24
3768	0	0	0	0	16	614	16	12	4
3750	0	0	0	0	34	643	34	19	15
3770	0	0	0	0	14	625	14	11	3
3778	0	0	0	0	6	588	6	5	1
3770	0	0	0	0	14	599	14	9	5
3742	0	0	0	0	42	689	42	23	19
3770	0	0	0	0	14	620	14	11	3
3695	0	0	0	0	89	845	89	51	38
3664	0	0	0	0	120	891	120	72	48
3733	0	0	0	0	51	714	51	28	23
3756	0	0	0	0	28	628	28	17	11
3737	0	0	0	0	47	732	47	32	15
3762	0	0	0	0	22	663	22	11	11
3744	0	0	0	0	40	665	40	24	16
3742	0	0	0	0	42	682	42	24	18
3761	0	0	0	0	23	637	23	12	11
3727	0	0	0	0	57	726	57	34	23
3622	0	0	0	0	162	963	162	98	64
3666	0	0	0	0	118	845	118	67	51
3760	0	0	0	0	24	647	24	19	5
3773	0	0	0	0	11	611	11	8	3
3779	0	0	0	0	5	575	5	5	0
3744	0	0	0	0	40	723	40	20	20
3608	0	0	0	0	176	1071	176	102	74
3769	0	0	0	0	15	609	15	11	4
3686	0	0	0	0	98	767	98	53	45
3675	0	0	0	0	109	814	109	52	57
3776	0	0	0	0	8	600	8	6	2
3702	0	0	0	0	82	787	82	52	30
3770	0	0	0	0	14	602	14	10	4
3730	0	0	0	0	54	688	54	33	21
3763	0	0	0	0	21	605	21	16	5
3773	0	0	0	0	11	590	11	8	3
3742	0	0	0	0	42	700	42	25	17
3744	0	0	0	0	40	691	40	24	16
3768	0	0	0	0	16	606	16	9	7
3657	0	0	0	0	127	924	127	74	53
3770	0	0	0	0	14	604	14	10	4
3728	0	0	0	0	56	709	56	34	22
3778	0	0	0	0	6	589	6	6	0
3771	0	0	0	0	13	596	13	8	5
3756	0	0	0	0	28	640	28	15	13
3743	0	0	0	0	41	681	41	23	18
3777	0	0	0	0	7	582	7	7	0
3770	0	0	0	0	14	598	14	10	4
3779	0	0	0	0	5	572	5	5	0
3765	0	0	0	0	19	613	19	10	9
3779	0	0	0	0	5	590	5	5	0
3756	0	0	0	0	28	628	28	20	8
3758	0	0	0	0	26	635	26	13	13
3673	0	0	0	0	111	866	111	72	39
3779	0	0	0	0	5	573	5	5	0
3759	0	0	0	0	25	615	25	12	13
3769	0	0	0	0	15	596	15	11	4
3760	0	0	0	0	24	613	24	14	10
3760	0	0	0	0	24	631	24	16	8
3779	0	0	0	0	5	573	5	5	0
3768	0	0	0	0	16	608	16	10	6
3778	0	0	0	0	6	579	6	5	1
3756	0	0	0	0	28	614	28	16	12
3721	0	0	0	0	63	729	63	43	20
3769	0	0	0	0	15	591	15	11	4
3710	0	0	0	0	74	754	74	54	20
3777	0	0	0	0	7	578	7	6	1
3754	0	0	0	0	30	667	30	14	16
3741	0	0	0	0	43	697	43	24	19
3766	0	0	0	0	18	619	18	13	5
3625	0	0	0	0	159	983	159	100	59
3728	0	0	0	0	56	755	56	40	16
3745	0	0	0	0	39	667	39	20	19
3733	0	0	0	0	51	697	51	30	21
3738	0	0	0	0	46	706	46	25	21
3772	0	0	0	0	12	589	12	7	5
3763	0	0	0	0	21	619	21	13	8
3757	0	0	0	0	27	667	27	18	9
3767	0	0	0	0	17	639	17	9	8
3715	0	0	0	0	69	767	69	39	30
3777	0	0	0	0	7	584	7	6	1
3743	0	0	0	0	41	703	41	28	13
3776	0	0	0	0	8	587	8	6	2
3763	0	0	0	0	21	633	21	11	10
3765	0	0	0	0	19	616	19	12	7
3777	0	0	0	0	7	573	7	6	1
3771	0	0	0	0	13	607	13	6	7
3777	0	0	0	0	7	597	7	6	1
3689	0	0	0	0	95	797	95	58	37
3765	0	0	0	0	19	625	19	10	9
3634	0	0	0	0	150	947	150	79	71
3778	0	0	0	0	6	580	6	5	1
3775	0	0	0	0	9	588	9	6	3
3699	0	0	0	0	85	795	85	54	31
3750	0	0	0	0	34	684	34	17	17
3772	0	0	0	0	12	596	12	5	7
3779	0	0	0	0	5	584	5	5	0
3748	0	0	0	0	36	668	36	19	17
3776	0	0	0	0	8	582	8	5	3
3775	0	0	0	0	9	617	9	8	1
3736	0	0	0	0	48	705	48	32	16
3706	0	0	0	0	78	756	78	40	38
3766	0	0	0	0	18	622	18	11	7
3778	0	0	0	0	6	582	6	5	1
3756	0	0	0	0	28	682	28	17	11
3779	0	0	0	0	5	575	5	5	0
3748	0	0	0	0	36	677	36	22	14
3549	0	0	0	0	235	1113	235	133	102
3743	0	0	0	0	41	680	41	23	18
3755	0	0	0	0	29	670	29	19	10
3778	0	0	0	0	6	586	6	5	1
3776	0	0	0	0	8	580	8	8	0
3753	0	0	0	0	31	661	31	20	11
3769	0	0	0	0	15	596	15	10	5
3777	0	0	0	0	7	580	7	5	2
3773	0	0	0	0	11	603	11	8	3
3772	0	0	0	0	12	596	12	9	3
3723	0	0	0	0	61	755	61	36	25
3770	0	0	0	0	14	612	14	11	3
3777	0	0	0	0	7	589	7	7	0
3749	0	0	0	0	35	662	35	21	14
3776	0	0	0	0	8	595	8	6	2
3769	0	0	0	0	15	612	15	9	6
3767	0	0	0	0	17	615	17	12	5
3686	0	0	0	0	98	834	98	64	34
3750	0	0	0	0	34	707	34	22	12
3779	0	0	0	0	5	581	5	5	0
3773	0	0	0	0	11	593	11	9	2
3779	0	0	0	0	5	575	5	5	0
3755	0	0	0	0	29	657	29	20	9
3779	0	0	0	0	5	584	5	5	0
3762	0	0	0	0	22	618	22	14	8
3653	0	0	0	0	131	875	131	80	51
3772	0	0	0	0	12	595	12	9	3
3773	0	0	0	0	11	585	11	6	5
3671	0	0	0	0	113	822	113	61	52
3732	0	0	0	0	52	707	52	32	20
3764	0	0	0	0	20	618	20	14	6
3754	0	0	0	0	30	619	30	21	9
3744	0	0	0	0	40	679	40	25	15
3768	0	0	0	0	16	615	16	14	2
3779	0	0	0	0	5	580	5	5	0
3630	0	0	0	0	154	945	154	86	68
3717	0	0	0	0	67	759	67	36	31
3730	0	0	0	0	54	692	54	29	25
3636	0	0	0	0	148	966	148	94	54
3769	0	0	0	0	15	602	15	10	5
3777	0	0	0	0	7	595	7	5	2
3767	0	0	0	0	17	617	17	10	7
3597	0	0	0	0	187	1067	187	110	77
3718	0	0	0	0	66	732	66	38	28
3769	0	0	0	0	15	595	15	10	5
3756	0	0	0	0	28	672	28	19	9
3767	0	0	0	0	17	610	17	11	6
3779	0	0	0	0	5	573	5	5	0
3773	0	0	0	0	11	598	11	8	3
3719	0	0	0	0	65	758	65	39	26
3776	0	0	0	0	8	591	8	7	1
3698	0	0	0	0	86	805	86	50	36
3762	0	0	0	0	22	621	22	16	6
3763	0	0	0	0	21	617	21	12	9
3778	0	0	0	0	6	571	6	6	0
3685	0	0	0	0	99	859	99	54	45
3716	0	0	0	0	68	735	68	38	30
3764	0	0	0	0	20	607	20	10	10
3724	0	0	0	0	60	722	60	28	32
3777	0	0	0	0	7	577	7	7	0
3769	0	0	0	0	15	617	15	9	6
3779	0	0	0	0	5	579	5	5	0
3762	0	0	0	0	22	614	22	15	7
3778	0	0	0	0	6	584	6	5	1
3766	0	0	0	0	18	613	18	12	6
3743	0	0	0	0	41	693	41	25	16
3763	0	0	0	0	21	647	21	16	5
3709	0	0	0	0	75	760	75	44	31
3762	0	0	0	0	22	640	22	16	6
3777	0	0	0	0	7	575	7	7	0
3733	0	0	0	0	51	694	51	32	19
3766	0	0	0	0	18	600	18	14	4
3745	0	0	0	0	39	678	39	24	15
3770	0	0	0	0	14	607	14	9	5
3749	0	0	0	0	35	681	35	18	17
3775	0	0	0	0	9	614	9	8	1
3771	0	0	0	0	13	606	13	8	5
3770	0	0	0	0	14	590	14	12	2
3716	0	0	0	0	68	734	68	40	28
3677	0	0	0	0	107	843	107	56	51
3764	0	0	0	0	20	609	20	13	7
3775	0	0	0	0	9	582	9	8	1
3665	0	0	0	0	119	888	119	68	51
3731	0	0	0	0	53	721	53	38	15
3778	0	0	0	0	6	573	6	5	1
3758	0	0	0	0	26	646	26	16	10
3770	0	0	0	0	14	614	14	7	7
3764	0	0	0	0	20	604	20	12	8
3758	0	0	0	0	26	621	26	17	9
3670	0	0	0	0	114	879	114	68	46
3772	0	0	0	0	12	607	12	8	4
3776	0	0	0	0	8	601	8	7	1
3764	0	0	0	0	20	620	20	12	8
3704	0	0	0	0	80	765	80	44	36
3779	0	0	0	0	5	572	5	5	0
3764	0	0	0	0	20	601	20	11	9
3773	0	0	0	0	11	591	11	5	6
3775	0	0	0	0	9	585	9	7	2
3754	0	0	0	0	30	631	30	15	15
3767	0	0	0	0	17	618	17	12	5
3761	0	0	0	0	23	605	23	16	7
3770	0	0	0	0	14	605	14	10	4
3692	0	0	0	0	92	811	92	57	35
3743	0	0	0	0	41	735	41	26	15
3769	0	0	0	0	15	615	15	11	4
3769	0	0	0	0	15	599	15	11	4
3760	0	0	0	0	24	615	24	16	8
3774	0	0	0	0	10	599	10	7	3
3757	0	0	0	0	27	652	27	18	9
3706	0	0	0	0	78	836	78	28	50
3770	0	0	0	0	14	606	14	8	6
3765	0	0	0	0	19	612	19	12	7
3771	0	0	0	0	13	596	13	8	5
3753	0	0	0	0	31	650	31	21	10
3759	0	0	0	0	25	644	25	16	9
3769	0	0	0	0	15	618	15	11	4
3739	0	0	0	0	45	666	45	27	18
3768	0	0	0	0	16	612	16	10	6
3777	0	0	0	0	7	577	7	6	1
3778	0	0	0	0	6	582	6	5	1
3704	0	0	0	0	80	783	80	41	39
3737	0	0	0	0	47	691	47	22	25
3736	0	0	0	0	48	719	48	27	21
3773	0	0	0	0	11	591	11	9	2
3761	0	0	0	0	23	619	23	14	9
3740	0	0	0	0	44	698	44	23	21
3774	0	0	0	0	10	593	10	8	2
3719	0	0	0	0	65	766	65	38	27
3693	0	0	0	0	91	810	91	47	44
3705	0	0	0	0	79	774	79	44	35
3777	0	0	0	0	7	585	7	6	1
3772	0	0	0	0	12	597	12	8	4
3770	0	0	0	0	14	597	14	8	6
3772	0	0	0	0	12	599	12	6	6
3779	0	0	0	0	5	571	5	5	0
3767	0	0	0	0	17	610	17	9	8
3647	0	0	0	0	137	919	137	77	60
3617	0	0	0	0	167	1041	167	96	71
3737	0	0	0	0	47	695	47	24	23
3710	0	0	0	0	74	786	74	43	31
3775	0	0	0	0	9	597	9	6	3
3729	0	0	0	0	55	737	55	32	23
3745	0	0	0	0	39	662	39	18	21
3779	0	0	0	0	5	574	5	5	0
3752	0	0	0	0	32	684	32	22	10
3768	0	0	0	0	16	608	16	9	7
3771	0	0	0	0	13	586	13	7	6
3759	0	0	0	0	25	605	25	11	14
3776	0	0	0	0	8	594	8	5	3
3743	0	0	0	0	41	694	41	24	17
3772	0	0	0	0	12	611	12	7	5
3768	0	0	0	0	16	590	16	10	6
3760	0	0	0	0	24	634	24	19	5
3758	0	0	0	0	26	641	26	14	12
3773	0	0	0	0	11	575	11	8	3
3778	0	0	0	0	6	572	6	5	1
3775	0	0	0	0	9	595	9	5	4
3774	0	0	0	0	10	600	10	5	5
3778	0	0	0	0	6	580	6	5	1
3779	0	0	0	0	5	575	5	5	0
3753	0	0	0	0	31	637	31	14	17
